T_CW:
0.2192661567 -0.0609268357 0.9737608912 0.0021297681
-0.2978419033 -0.9545869976 0.0073392600 -0.0435232234
0.9290923276 -0.2916360485 -0.2274551869 0.0092418776
0.0000000000 0.0000000000 0.0000000000 1.0000000000

T_CW_cov:
0.0000009258 0.0000000231 -0.0000001334 -0.0000000476 0.0000021019 -0.0000002090
0.0000000231 0.0000005857 0.0000000210 -0.0000014366 0.0000000417 -0.0000003248
-0.0000001334 0.0000000210 0.0000001027 -0.0000000446 -0.0000002900 0.0000000172
-0.0000000476 -0.0000014366 -0.0000000446 0.0000035845 -0.0000000807 0.0000007761
0.0000021019 0.0000000417 -0.0000002900 -0.0000000807 0.0000048313 -0.0000004625
-0.0000002090 -0.0000003248 0.0000000172 0.0000007761 -0.0000004625 0.0000006436

target_points_pix:
1.9386255175 -0.3329192843 -1.8096530681 40.7689113072 187.6883752285
1.9935738669 -1.4877829304 -1.5690665399 257.3234544125 683.2631934817
2.1471450446 -1.4406520659 -1.0608778431 483.7046704346 644.8815304194
1.8687685884 -1.3169604258 -1.0557104289 427.9131754138 664.6467404466
2.0804284908 -1.4342990342 -0.5591014867 687.2380043833 674.8521333130
2.0202869862 -1.3816786268 -0.6436614308 640.7510364998 666.0605019247
2.1734113672 -1.5304661388 -0.3488565010 791.0492313618 696.2731828376
2.1510524493 -1.3680571994 0.4953890559 1207.3552467935 663.4020296183
2.1646167347 -1.1212737102 -1.9130174607 146.3363264117 499.3091982416
2.1417190529 -1.3373523818 -1.7110508861 229.2838590184 589.3263164313
1.8336712306 -1.1288074433 -1.3115825326 293.8673133795 583.4192638823
2.1758911287 -1.3998298589 -1.1849767330 437.5025364515 619.2659878207
2.1829607998 -1.2976571895 -1.1393445659 451.2278462744 579.6718650057
2.1785724693 -1.3671054240 -0.8981220472 551.1592062418 613.8986949929
1.9298402056 -1.3764245007 -0.3359090599 778.3319522620 700.3205256176
1.8800404546 -1.1561776933 -0.0820716904 906.8956053507 622.0783352840
1.9377411544 -1.1464049791 -0.1445223815 874.5504125100 599.4658427400
2.1125434404 -1.0593333462 0.0697296499 990.0425547913 520.9046065509
2.1461434616 -1.1768735850 0.4029253150 1164.3506966801 575.4375718010
2.1857920555 -0.8874492296 -2.0660135117 78.8228593433 403.3491524046
1.8330203597 -0.9506125522 -1.6966504631 115.3782591009 494.9215260501
2.0685977208 -1.1828960926 -1.6875075128 207.8294806440 545.4171370798
1.9582976991 -0.9784727864 -1.1980075723 362.5017511069 491.6956623181
1.9570759444 -0.8701971078 -0.8886963553 495.0318361520 447.2467744559
2.1950641026 -0.9901943079 -0.7739551749 590.5748307121 458.7555972222
2.0073783830 -0.8101855643 -0.6565373428 611.3655795398 412.0625834806
2.0630315312 -0.9873049000 -0.4166250607 740.6457179996 488.5977218014
1.8489564548 -0.8233021713 0.0499289788 984.2960596288 460.9210834068
2.0506481451 -0.8915399122 0.1756457601 1051.5124156191 454.5330003806
1.8148677571 -0.9831299822 0.5822357699 1324.6419661475 571.5756857218
1.9675984183 -0.6681374839 -1.8991578230 50.7901706346 343.1014096716
1.9263270606 -0.9148012062 -1.9037353806 60.5199829340 457.9251120948
1.9567773808 -0.6855267087 -1.3530006329 272.6686080627 355.2127590264
2.1601176345 -0.5862448586 -1.2289727654 368.1503335588 281.9891333488
2.0655593211 -0.6564244600 -0.8513982554 520.6986997682 327.1061653609
2.1242193271 -0.8479907540 -0.5599553179 673.8648553870 410.3678970699
2.1462577662 -0.8847763794 -0.4525485406 728.1756624330 424.6678678046
2.1605735270 -0.8488577758 -0.3398468232 782.9499406763 406.6475098395
2.1765978586 -0.6839881453 -0.1951020741 853.7902687770 325.7494644820
2.0602891066 -0.7588317401 0.4321516523 1204.5022577978 386.1616599643
1.9534167216 -0.7549891326 0.5780075232 1311.6156593866 406.5414350934
2.1753306282 -0.8351037718 0.6105572110 1292.5710639485 406.0734892518
1.8885494940 -0.3425903546 -1.8054157975 25.1992164286 196.9171748061
1.8908101503 -0.5555868176 -1.5651401600 149.8433189065 301.3600522165
1.9001765489 -0.4824218917 -1.3558220626 237.9765925498 263.0736886883
2.0068793587 -0.6261871060 -1.2771031287 314.1221889151 320.0353428906
1.8714258920 -0.3141366888 -1.0082598803 381.7023699583 172.6970688504
2.0607231527 -0.3568691784 -0.6240690148 616.5766284973 173.7429082970
1.8608577264 -0.6154256622 -0.5318944843 646.7671989480 338.3592807785
1.9673362565 -0.4932213503 -0.4475193608 701.7275503685 255.7337242931
2.1067069339 -0.6795458537 -0.1661413448 865.9173665749 333.9575196478
1.9060279588 -0.5343612355 0.2312919742 1100.9157661935 284.5278515877
2.0455430596 -0.3773170723 -1.9307038423 35.0736289742 201.2303034609
2.0480357724 -0.3184675408 -1.8653327192 55.2444136857 172.5123732104
2.0443564240 -0.3482602204 -1.3012287353 291.6627713068 179.9757531956
2.0798042420 -0.2424843764 -1.1012332417 382.9359641327 120.0495168697
2.0456334554 -0.2221397445 -0.8773607603 480.6417136109 106.6171513966
2.0972347930 -0.3532201075 -0.7509675666 558.9709275380 170.5731968465
2.0636815123 -0.3878123219 -0.4885321114 687.7992458283 188.2478130473
2.1849937664 -0.1076724463 -0.3596361117 760.1680167709 24.0627777191
2.0022793552 -0.3407600927 0.0091227653 962.1141233020 159.4937272618
1.8643482217 -0.2351548738 0.1403036800 1050.5128859542 100.9137312214
1.9661306703 -0.1937462224 0.4290557110 1240.1569466929 59.0268097155
1.8457720871 0.0187633843 -1.6776015658 21.5255118356 2.0159540242
1.9811569292 -0.1196215702 -1.3969824230 211.0126506220 66.6040474816
1.8771705378 -0.1265291682 -0.6141926158 581.4807405686 52.4174097500

gimbalangles:
-0.8792537343 2.9055773519 -2.4383824337 -2.7790913904

end: