T_CW:
-0.3245329357 0.1420849289 0.9351418324 -0.0083838712
0.8190447803 -0.4523062317 0.3529656083 -0.0627674039
0.4731215717 0.8804720017 0.0304143498 -0.0411737721
0.0000000000 0.0000000000 0.0000000000 1.0000000000

T_CW_cov:
0.0000010011 0.0000001105 -0.0000000723 -0.0000003014 0.0000024007 -0.0000003796
0.0000001105 0.0000005137 0.0000000222 -0.0000013283 0.0000002659 -0.0000001465
-0.0000000723 0.0000000222 0.0000000851 -0.0000000450 -0.0000001715 0.0000000214
-0.0000003014 -0.0000013283 -0.0000000450 0.0000034969 -0.0000007246 0.0000003852
0.0000024007 0.0000002659 -0.0000001715 -0.0000007246 0.0000058155 -0.0000009024
-0.0000003796 -0.0000001465 0.0000000214 0.0000003852 -0.0000009024 0.0000005886

target_points_pix:
0.3584381887 2.0127258478 0.3252687757 967.2023953956 0.8942863968
0.6165630709 1.8861184111 -0.3081537565 548.6032806002 27.7074294372
0.5187396521 1.9175698469 -0.0342267122 725.3788226223 27.1040409319
0.4658259500 2.1446281117 0.1786821967 860.0273876904 14.8929691723
0.3919355060 2.1616707571 0.6632135215 1127.6338671543 71.8613167960
0.3855230494 1.8303712533 0.9299290393 1330.3080802958 184.1769438081
0.6224160129 2.1468195859 1.0820508387 1271.8283146622 269.7042957122
0.6768563379 2.1689097534 1.0870847263 1254.7953479796 290.4004656437
0.6149241260 2.1417820874 -0.0629871951 706.8032020932 45.4227231138
0.8744611877 1.9175934359 -0.1030143606 621.6379623153 204.5860553273
0.5774336625 2.1372701750 0.2631028182 878.5577189814 91.0979279042
0.8440934580 2.1902962990 0.6325766983 996.2146705777 275.9953555857
0.8537553440 2.0649362087 0.8229180708 1092.2515974389 342.4824922131
0.5751346934 1.9643899407 1.0068573744 1279.4983426851 272.7144937279
0.8687768218 1.8687932142 1.2139080793 1308.8278108418 477.5853151737
1.0736411964 2.0509470802 -0.7346862221 303.6915544006 154.6977489010
0.9700709065 2.0495125061 -0.3789924060 485.9085671170 172.9260862731
1.1070298076 2.0352606546 -0.4010910561 456.4794365392 234.0111230996
0.9446028517 1.9229887471 0.1001881458 714.8180062662 277.9007967407
0.8794509136 1.9301087444 0.2419634107 800.6219239429 273.5165603293
1.1616785174 2.1777586275 0.6995493964 958.2985616048 418.1871101809
0.8423272991 2.1471504388 0.7368052803 1047.7213147672 303.0617047257
1.0297355581 2.0532547183 1.0164436037 1139.6688806637 453.7392743197
0.8969412305 2.0226041723 1.0853074672 1211.8303491271 420.4190319858
1.2164093231 2.0740255218 -1.1797555361 92.1071681486 135.8213610157
1.3344161846 2.0063298798 -1.0812565365 113.2397515520 216.6321114897
1.3342262769 1.8362976900 -0.8582992898 171.5430927948 290.9216988795
1.2937655825 2.1835571116 -0.3637297557 474.6973875633 290.4864691137
1.3538238077 1.9785164330 -0.2940629520 469.2700095712 370.0613144151
1.2837850472 1.9308362974 0.0489517471 633.2720685353 414.6700341307
1.2067308529 1.8145079988 0.3760143933 798.9778733901 476.0234691397
1.4475675925 2.0053292625 0.6828083204 897.1430250896 565.5796876619
1.2925356877 2.1221237359 0.7482674025 954.4008096970 488.6111124074
1.4208025720 2.1743944872 1.1375060109 1089.1301624213 580.6838060030
1.4005377943 1.9938989209 1.2676893864 1165.2441536119 649.8241636848
1.3882493757 1.8446951888 -1.0503425138 77.6782134597 277.1494928471
1.4025173724 2.1661699239 -1.0708342093 157.2732708574 219.6261194651
1.4991204295 2.1421111058 -0.9414363821 201.8437643143 283.4732429037
1.3012936958 1.8779460917 -0.6268037580 297.8140686885 310.6318529940
1.3172141628 1.9516388669 -0.3603113483 438.2698489416 349.5157450683
1.5338095482 1.8798228867 0.1823071187 652.9210439797 548.9235493790
1.6517568517 2.0532827983 0.1027735693 616.0339164881 528.0178601943
1.3824741782 1.8443921632 0.4398958625 796.9735616141 548.7881249590
1.6861608307 2.1883567292 0.9182671607 946.8755799795 626.8536129952
1.5076132224 2.1773265826 0.9582797617 997.3872396251 580.2908858238
1.5624885151 2.0575456184 1.4011593048 1176.0350584384 702.1867997649
1.3790265207 1.9714149010 1.5399975923 1293.1098461777 694.9637323525
1.7631702608 2.0808056352 -1.2812136364 33.4765670685 340.3517605617
1.8403879572 1.8908816600 -0.9234629898 131.3343479870 469.7304706219
1.5526027690 2.0810396741 -0.7090886073 284.5042680909 354.2501174739
1.8629717589 1.9489552160 -0.3377369029 393.4324645411 557.4264735648
1.7156691905 2.1057429675 -0.3842938436 412.2640312286 459.6104809892
1.6259144061 2.0315266510 -0.0616660815 547.3087844855 498.4535848581
1.8175531116 1.9386485974 0.2399735909 642.0526801624 637.6752198296
1.9248890548 2.0591581315 0.4394950177 716.6453299453 664.9514135853
1.6697997709 2.1160420786 0.7808222228 896.0829756554 622.0144089450
1.8442668460 1.6413290332 -0.3297220468 342.6759763564 647.9294733078
2.0220705762 1.7917713969 -1.0380102918 48.3692096059 541.4952700238
2.0264346805 1.6281954796 -0.7751321253 119.4322009460 637.6676721910
2.1430706410 1.8094588362 -0.6250814690 224.6571987769 643.4607671621
1.8403405299 1.6816472661 -0.4285474942 304.8262014976 615.3578045210
2.0132330313 1.8802037180 -0.8206312277 165.1189164280 549.4069405192
2.1964470952 2.1330003466 -0.9438032293 165.3734631181 524.4671376063
1.8490905711 1.9411383311 -0.3451350033 390.2580165427 553.7682746370
2.1806425045 1.9729155912 -0.1883639695 429.4658602927 672.5823425236
1.8529430787 1.9351196944 0.1818550971 612.3895609494 640.8520372992
1.8483799352 1.8597187954 0.2031048715 615.3344902349 666.6401363136

gimbalangles:
-0.2133185488 -0.5155027418 -1.4062594646 -1.7149213878

end: