T_CW:
0.8805733356 -0.4502979217 -0.1477240070 -0.0821340384
-0.0638193069 0.1961993223 -0.9784850137 -0.0279735107
0.4695931182 0.8710554561 0.1440301904 -0.0057466040
0.0000000000 0.0000000000 0.0000000000 1.0000000000

T_CW_cov:
0.0000007330 0.0000000061 0.0000001206 -0.0000000094 0.0000017117 0.0000000628
0.0000000061 0.0000011950 -0.0000000322 -0.0000030061 0.0000000099 0.0000005835
0.0000001206 -0.0000000322 0.0000001225 0.0000000818 0.0000002611 -0.0000000055
-0.0000000094 -0.0000030061 0.0000000818 0.0000076292 -0.0000000109 -0.0000014502
0.0000017117 0.0000000099 0.0000002611 -0.0000000109 0.0000040663 0.0000001391
0.0000000628 0.0000005835 -0.0000000055 -0.0000014502 0.0000001391 0.0000007884

target_points_pix:
0.1459432429 2.0821321832 0.0768023636 141.2954710559 527.7287243079
0.0637301572 1.9298115973 0.6674237794 57.9726570877 148.5941664840
0.1613635871 2.1800453551 0.7561633745 119.0190400154 150.2132347463
0.1326497219 2.1934063378 0.1317613825 128.2351664588 500.5384584726
0.3584381887 2.0127258478 0.3252687757 266.3085153390 361.4418553881
0.0874333717 2.0552167764 0.3189859915 90.8706852218 381.5092404662
0.1362588165 1.9407112360 0.8236560383 101.7420522384 58.9931192126
0.5187396521 1.9175698469 -0.0342267122 395.5675402916 559.2649044460
0.4658259500 2.1446281117 0.1786821967 325.7550860455 450.1185239454
0.3919355060 2.1616707571 0.6632135215 257.6877674000 196.3760437179
0.6149241260 2.1417820874 -0.0629871951 421.2246398367 571.6573707965
0.8744611877 1.9175934359 -0.1030143606 597.2220259379 568.6774158009
0.5774336625 2.1372701750 0.2631028182 382.2219646108 398.4880038403
0.8440934580 2.1902962990 0.6325766983 485.4467814168 214.1886324701
0.8537553440 2.0649362087 0.8229180708 497.0827955031 103.1036609531
0.9446028517 1.9229887471 0.1001881458 615.6797184514 451.1045670535
0.8794509136 1.9301087444 0.2419634107 571.4595575824 378.2013668323
1.1616785174 2.1777586275 0.6995493964 621.6212342755 181.2346124340
0.8423272991 2.1471504388 0.7368052803 484.6958822394 158.5002764422
1.0297355581 2.0532547183 1.0164436037 567.6262917641 15.0077407997
1.2937655825 2.1835571116 -0.3637297557 746.3844322775 666.4658642894
1.3538238077 1.9785164330 -0.2940629520 817.0561345647 629.5185904083
1.2837850472 1.9308362974 0.0489517471 772.7119409610 459.2305905374
1.2067308529 1.8145079988 0.3760143933 742.8756835399 284.3282656789
1.4475675925 2.0053292625 0.6828083204 772.6293157602 163.3373447205
1.2925356877 2.1221237359 0.7482674025 681.9413696134 151.9106952029
1.4208025720 2.1743944872 1.1375060109 695.9152520491 0.7909158702
1.3172141628 1.9516388669 -0.3603113483 814.7138369436 667.5674961006
1.5338095482 1.8798228867 0.1823071187 877.5124388352 378.1134055392
1.6517568517 2.0532827983 0.1027735693 879.7742464740 423.0160054062
1.3824741782 1.8443921632 0.4398958625 805.6145185089 253.1985020532
1.6861608307 2.1883567292 0.9182671607 801.2492591209 96.3568736387
1.5076132224 2.1773265826 0.9582797617 738.4340118429 75.6541982047
1.8629717589 1.9489552160 -0.3377369029 1020.1585896868 608.2793708986
1.7156691905 2.1057429675 -0.3842938436 925.9757701492 640.8398049560
1.6259144061 2.0315266510 -0.0616660815 889.1377567773 497.9491850435
1.8175531116 1.9386485974 0.2399735909 959.4614551300 347.0729368196
1.9248890548 2.0591581315 0.4394950177 945.7694832403 271.3897201392
1.6697997709 2.1160420786 0.7808222228 821.1944696196 139.9187330396
1.9144294661 1.8857273882 1.0243400758 945.4902734452 5.6033779363
1.9718199071 1.1608418026 0.1337088444 1342.3250869902 311.7342188652
1.8786372721 1.3992617700 0.3556715000 1163.7581899977 225.6432165436
1.9109174039 1.1165246120 0.6323720196 1277.9746987250 17.7473006485
1.9959423886 1.4846583959 -0.4470288691 1257.2655158561 654.8374489844
1.8442668460 1.6413290332 -0.3297220468 1123.1835503208 605.4790364102
2.1265666331 1.5613718496 -0.0476425790 1223.3405202975 440.1039211473
2.1621050722 1.6206868910 0.2900958392 1176.9678972375 283.5680934778
2.0529398181 1.6940371335 0.3906949376 1105.0579473730 248.1828460020
1.9360361756 1.5830980542 0.7712923458 1069.5972203922 55.4242362288
1.8403405299 1.6816472661 -0.4285474942 1115.8263786525 657.1833516355
2.1503249450 1.7195661166 0.1719919587 1147.4655492457 347.9133403056
2.0918025611 1.8737719338 0.2909391949 1065.7237996466 311.6401427122
1.9771846623 1.8336429997 0.6802675694 1008.8533588150 140.9635441112
1.8828069298 1.6701568415 0.7669332967 1021.4159845414 73.2783692515
1.8490905711 1.9411383311 -0.3451350033 1018.5748344082 612.8444545647
2.1806425045 1.9729155912 -0.1883639695 1101.5368137038 520.2007961573
1.8529430787 1.9351196944 0.1818550971 977.3819270013 371.4900959102
1.8483799352 1.8597187954 0.2031048715 997.2060435367 355.7108954995
2.1654789071 1.8911660364 0.5400688451 1062.4911975980 208.0765405946
2.1793564671 2.0487078518 0.6511816064 1011.8493095218 183.9960731261
2.0657604714 2.1119241864 1.0402043210 933.0668508357 44.4042684221

gimbalangles:
1.5832868418 0.4371279635 -1.3050086377 -0.5519539056

end: