T_CW:
0.1183390487 -0.5049189131 -0.8550162342 -0.0662614424
-0.4474249424 0.7415864069 -0.4998605025 -0.0746165689
0.8864574386 0.4417086057 -0.1381546857 0.0037403903
0.0000000000 0.0000000000 0.0000000000 1.0000000000

T_CW_cov:
0.0000008639 0.0000000712 -0.0000000450 -0.0000001709 0.0000020385 -0.0000003151
0.0000000712 0.0000005055 0.0000000148 -0.0000012901 0.0000001543 -0.0000000932
-0.0000000450 0.0000000148 0.0000000773 -0.0000000251 -0.0000001082 0.0000000146
-0.0000001709 -0.0000012901 -0.0000000251 0.0000033524 -0.0000003685 0.0000002311
0.0000020385 0.0000001543 -0.0000001082 -0.0000003685 0.0000048671 -0.0000007286
-0.0000003151 -0.0000000932 0.0000000146 0.0000002311 -0.0000007286 0.0000005308

target_points_pix:
1.5338095482 1.8798228867 0.1823071187 166.4302886158 635.4582769353
1.6517568517 2.0532827983 0.1027735693 205.9022872447 668.7671724409
1.8629717589 1.9489552160 -0.3377369029 445.0294709959 666.4376856414
1.8175531116 1.9386485974 0.2399735909 201.9101651799 550.5484329817
1.9248890548 2.0591581315 0.4394950177 127.8530550249 514.1458007057
2.1374943649 0.0698232034 -1.1778551054 1323.9617338256 127.9996473477
1.8640985772 0.4482088153 -1.1681110844 1215.8434981704 350.4165939083
1.8114395741 0.4329723722 -0.5928847570 953.3701490238 180.2521681628
2.1709836927 0.2997486605 -0.5802434997 974.6047314199 55.0332153397
2.0066888307 0.6813156892 -1.5906695522 1279.3643201973 511.8086925525
1.8102394135 0.4653526895 -1.4241076530 1333.2498652711 445.6984584732
1.9858728767 0.3186794377 -1.0625362128 1200.8316919343 234.6390041617
1.9992997518 0.4851987211 -1.0367096055 1124.5817686941 296.2738580864
1.8991071867 0.6234767567 -0.5807390885 878.0799111936 248.2671131487
2.1354501132 0.6857830925 -0.5689497110 851.4142410106 224.8797179996
2.1728366635 0.3511639663 -0.4284264483 890.5686985349 34.5664490988
1.8003977265 0.8938984855 -1.6869383043 1273.3611869788 672.8623033066
1.8199059012 0.9119807045 -1.4911488719 1184.2640201720 624.9017946376
2.1263971905 0.8643097482 -1.4336555297 1140.8414254019 502.8017101917
1.8540951364 0.9024724960 -0.9291037044 946.6739071340 469.5230834121
1.9280159722 0.5892995954 -0.8408584783 1007.8509833546 301.6225647204
1.8819986643 0.6403023216 -0.5539885803 860.2187477026 251.6192276186
1.8710597108 0.8099321409 -0.1270716099 604.6044656692 204.6959522900
1.8732712174 0.7386851116 0.1801451262 469.7082201889 76.5536567655
2.1830827873 0.8306619622 0.2050011929 483.7454262886 71.0762111402
2.1466583260 0.9021488065 -1.8376978670 1272.0917890517 597.3493187220
1.9294212385 1.0134778323 -1.3523070024 1081.4946003762 589.2599428075
2.0193486403 0.9251526220 -1.2053517240 1044.0088939865 499.1571509882
1.8841264328 0.9616947949 -0.8001790908 871.3677707659 449.6891007245
1.8413549133 1.1156033625 -0.8390002865 843.0136973485 527.3236154551
1.9089759812 0.8085310986 -0.5822388722 820.7519159109 325.6004284375
1.9554318540 0.8479488833 -0.1032449947 592.0326601848 198.8091019127
2.0820885222 0.9153317630 -0.0671913434 572.4664251037 195.0197983803
1.9718199071 1.1608418026 0.1337088444 414.1712778884 261.9171088235
2.0375524064 1.0028006463 0.4849500921 295.8775540861 88.0320862200
1.9247750093 1.1643136331 0.7865250118 94.2940661313 90.6511737412
2.1086544945 1.2399808035 -1.5814687387 1082.6812492722 651.6760590895
1.9038611655 1.1755829434 -1.4194943058 1058.7046557150 663.2185710724
1.8729445368 1.0765853595 -1.4097697702 1089.0264859606 640.9137374470
2.1912169449 1.1472081868 -1.0971950733 930.1761615102 500.5345689806
2.1198372318 1.2923371785 -0.8636543491 807.2807141822 512.7692038889
1.9304306795 1.2228028837 -0.5695244456 702.0307916325 472.9382931983
1.9332082462 1.2240534518 -0.3091263431 590.9798012092 408.6079328866
1.8825418409 1.0879971004 0.1379624357 412.0306169173 248.6425358123
2.0723865450 1.0737661855 0.0934347427 465.6585462682 218.6992215514
1.8786372721 1.3992617700 0.3556715000 249.7359871482 317.4452670411
1.9109174039 1.1165246120 0.6323720196 173.6186723142 115.3696389263
2.0543776964 1.1066270637 0.8183922915 125.8683779728 38.9015299418
2.0997648301 1.3486116044 -1.6412098306 1073.4058567921 695.6184472518
2.0506832390 1.3181927661 -1.3523290782 982.5548440855 643.7999798008
2.1719950041 1.3312834193 -0.8438112511 791.1915420448 507.0027825967
1.9959423886 1.4846583959 -0.4470288691 595.4727442096 513.3251316062
1.8442668460 1.6413290332 -0.3297220468 498.7321127548 579.2662555972
2.1265666331 1.5613718496 -0.0476425790 437.1364271686 416.4437164015
2.1621050722 1.6206868910 0.2900958392 299.9435037945 352.8869330807
2.0529398181 1.6940371335 0.3906949376 226.7105273172 377.4075892724
1.9360361756 1.5830980542 0.7712923458 48.0574766593 269.4382436155
2.0264346805 1.6281954796 -0.7751321253 692.7706833756 618.5339270521
2.1430706410 1.8094588362 -0.6250814690 607.6734344336 605.5678179023
1.8403405299 1.6816472661 -0.4285474942 530.8581849571 615.2868513225
2.1503249450 1.7195661166 0.1719919587 328.6091245282 413.2887498742
2.0918025611 1.8737719338 0.2909391949 248.5242452334 448.6981301973
1.9771846623 1.8336429997 0.6802675694 68.9793344412 374.1724322285
1.8828069298 1.6701568415 0.7669332967 23.2610262390 314.6587105190
2.0132330313 1.8802037180 -0.8206312277 654.9329151457 699.4962356523
1.8490905711 1.9411383311 -0.3451350033 447.5146149814 670.1609003316
2.1806425045 1.9729155912 -0.1883639695 426.5900820944 554.3490132382
1.8529430787 1.9351196944 0.1818550971 234.7211202532 552.5380898076
1.8483799352 1.8597187954 0.2031048715 236.2014546820 525.2780449998
2.1654789071 1.8911660364 0.5400688451 164.6739948406 384.4878501419
2.1793564671 2.0487078518 0.6511816064 106.2755961646 406.6124662670

gimbalangles:
-0.0407931896 2.7713398628 2.2110718328 2.9238650700

end: