T_CW:
0.4604858998 -0.5243235205 -0.7162664183 -0.0575984359
0.6533918168 0.7464059193 -0.1263223548 -0.0356791161
0.6008592762 -0.4098329531 0.6862980990 0.0169403299
0.0000000000 0.0000000000 0.0000000000 1.0000000000

T_CW_cov:
0.0000004074 -0.0000001415 0.0000000645 0.0000003825 0.0000010354 -0.0000000113
-0.0000001415 0.0000006689 -0.0000000633 -0.0000018110 -0.0000003465 0.0000002691
0.0000000645 -0.0000000633 0.0000000959 0.0000001738 0.0000001499 -0.0000000198
0.0000003825 -0.0000018110 0.0000001738 0.0000049610 0.0000009362 -0.0000007165
0.0000010354 -0.0000003465 0.0000001499 0.0000009362 0.0000026891 -0.0000000216
-0.0000000113 0.0000002691 -0.0000000198 -0.0000007165 -0.0000000216 0.0000005773

target_points_pix:
0.4031866249 -0.5294179005 1.9461225793 65.0261424421 81.4257053739
0.6363486300 -0.8666575727 2.0577803033 272.5718676464 63.4057493999
0.7610138966 -0.5863578595 2.1832385320 188.9444339212 213.8202830118
0.7930008343 -0.5324050647 1.8919125609 249.1983244542 257.1306659495
0.7763359883 -0.2958569535 2.1969182204 82.7921267985 331.1578594068
0.7378001739 -0.1822156649 1.8410286414 90.0279999022 396.0106374311
1.1389367900 -1.5929618634 2.1875220716 580.1370383495 37.1940317020
1.0909607439 -1.4381905300 2.1636692033 539.9178744676 62.0710211125
0.8512589234 -0.9072013652 2.0574444091 357.6975261217 136.5467931242
1.0122467305 -0.6994473049 1.8859153395 387.4399023738 275.2961069511
0.8330960274 -0.5055494555 1.8090126784 276.3840847815 288.7063942139
1.1409600203 -0.1229109574 2.0252100581 197.3707277224 542.1146397014
1.0835210948 0.0272853989 1.9877778656 124.7770921461 598.8435093620
1.4131847648 -1.8244843745 1.5922435347 860.6558010033 54.9243122256
1.3650291606 -1.6696125945 1.8584464215 733.9456577152 85.6139300730
1.3738293315 -1.4293394422 2.1485741927 601.5906268029 155.0134001836
1.1229729487 -0.8110878137 1.8428495997 468.3102437799 275.0635722814
1.4315139774 -0.7380786954 1.9219239512 508.2497035851 395.8319123879
1.1936049254 -0.5555232141 2.0910481760 345.1243893926 378.0302554716
1.3787644009 -0.4441601402 2.1073988265 362.8415832036 472.0202983798
1.2620534580 -0.1266368219 1.9610935481 258.3491519150 584.6603193102
1.6616671678 -2.1318986800 1.0588197434 1156.4207678187 44.6403111722
1.6141447504 -1.9728604394 1.3652940412 999.3940543467 78.5603909891
1.4238332369 -1.8620740433 1.3032965687 978.3110603609 41.5475404451
1.3660933274 -1.9542656649 1.8031415616 808.5233952637 9.5199896290
1.4897628315 -1.7811722789 1.8435007957 782.2604318420 95.5075551625
1.3139715709 -1.3896767392 1.8116851497 677.0242981811 148.9385832425
1.3435860298 -1.4276716231 2.0886329916 611.1693581749 146.4673032026
1.6759749340 -1.1181060029 2.0897545395 609.0343647270 330.8151350751
1.3655205069 -0.9014455593 2.0791288152 492.3976929567 311.4905832174
1.4431718155 -0.4384471037 2.0409329789 396.0583998239 498.3798251775
1.6719997507 -0.0680507774 2.1234184010 334.4438677598 687.7082496243
1.7038480056 -1.8301909512 0.6306533232 1325.7940091668 152.5891013629
1.8578249553 -1.8757907193 0.9352734524 1189.7430995610 189.9209348701
1.6532761396 -1.9108613919 1.0592729038 1119.2862244602 107.1696280184
1.6342701287 -2.1429493044 1.4457664628 1000.8751257045 40.8524088694
1.8652020890 -1.9098532581 1.7453847756 890.4284573130 172.9522018197
1.8934778215 -1.8913584845 1.8706266208 853.3862423474 184.1280045308
1.8798181536 -1.5713306257 1.8099769614 813.6666313723 266.0168560962
1.6837713281 -1.6018253818 2.0910971928 708.4856458496 198.5951806783
1.6551097308 -1.3456503096 2.0428611736 665.8054611388 261.1967655623
1.5815230203 -1.1875864164 2.0604304211 613.3080441647 285.8662839001
1.7841808162 -0.7871483769 2.0441923936 569.2166471356 464.1401239008
1.8102352283 -0.4488218768 1.8583406961 543.6232915554 608.4290913805
1.9411031666 -0.4078183317 2.0919227131 502.2630265884 623.5547424883
1.9655835433 -1.8632290172 0.7976405260 1261.5852129140 232.9131268986
2.0273682765 -2.1577992668 0.9862121687 1222.3384855660 159.6387233926
2.1049719466 -1.9664742607 1.0985364536 1154.9835386997 236.4120905666
2.0385633260 -2.0329445641 1.6744717186 953.4663853291 189.5877557231
1.9639217453 -2.0856487896 1.7614674385 926.1051612534 155.8475549098
2.1650280616 -1.8588474750 2.1648484907 803.6538576540 254.1067237779
2.0004682479 -1.7322488842 0.9316387829 1181.7312136974 282.7553821154
2.0700970581 -1.7877601958 0.8939736929 1213.2779746010 287.6008629968
2.1040546643 -1.5953632293 1.1211174053 1088.6471611938 349.0914941736
2.0069406715 -1.8198925121 1.4595034482 987.0084174796 241.2749898882
2.0569375320 -1.8019464282 1.7201656284 904.9766198870 252.8776948846
1.8449604650 -1.7737101452 2.0405805560 778.5131948841 198.6076706840
1.9485776196 -1.5771893034 0.8674528474 1181.8925114178 322.3734251370
1.9779646776 -1.3399022997 1.0300613741 1068.9524157822 406.2130091688
1.8900346047 -1.4854682655 1.2402829686 996.2950285628 316.7321793615
1.9972198124 -1.6732996089 1.5152240815 942.3050289701 278.4651315703
2.1302256782 -1.6304792041 1.5660695067 934.9677134332 323.8515950908
1.8654334617 -1.6730496931 1.9846190823 779.2538160158 230.5302531641
2.1834451726 -1.1209511672 0.9264794814 1100.2769586957 556.5097148570
1.8952865478 -1.3855401085 0.9591116109 1099.5470341689 369.4032434828
2.1283005077 -1.4210392393 1.2035832250 1029.2579422231 407.6774544083
2.1029838312 -1.2588957294 1.6052370699 853.5034478750 425.3357643683
1.9390885728 -1.3040247514 1.6137254344 834.3156206367 368.8133510765
1.9921438719 -1.1889592461 2.1393528990 668.5501067281 386.3199967797
1.8428706516 -0.8046241369 0.6397838225 1144.8356063534 645.8124724034
1.8148677571 -0.9831299822 0.5822357699 1214.3803035490 555.1892960107
2.0214771080 -0.9221998483 1.1038450642 961.5232642600 571.6328725127
1.8665716593 -1.0112063770 1.3274294856 864.3969015180 470.2235902616
2.1155727104 -1.0980989205 1.5815453733 832.8241962661 481.6098005327
1.8543487168 -1.1298283686 1.6148400035 785.1070103667 402.0008666183
2.1129252453 -0.8444941131 1.9310760644 676.7615953277 531.8603590549
1.8886754332 -0.6837366243 1.0537951324 908.2844577604 646.3676361329
2.1053104268 -0.7451242728 1.1317429268 925.7086695279 662.1416093969
2.1601664559 -0.6998389859 1.6744220946 730.2777647112 618.2341166982
1.9956423048 -0.7589808155 1.6409758774 722.8288231916 563.6105847138
1.9436828507 -0.8166289057 1.8604404801 658.9566647818 508.8900181057
2.0062554163 -0.6803187976 0.9331858488 984.1526039161 699.4959949005
2.1786977261 -0.6075529243 1.3382504745 827.4337390574 703.7657800908
1.9920494868 -0.6154168443 1.3575041441 787.2053577160 654.9118615764
1.9338663169 -0.6182371266 1.8525232722 614.4578800583 575.7552622010
2.0978443961 -0.4192146307 2.1300386991 530.2049812172 647.2609850467

gimbalangles:
0.0168292634 -1.8245558495 2.3630664945 2.3880579860

end: