T_CW:
-0.0663123072 -0.4906132093 0.8688505952 0.0257522164
0.8245470197 0.4634141752 0.3246067075 -0.0106029625
-0.5618940204 0.7379335886 0.3738035964 0.0009430262
0.0000000000 0.0000000000 0.0000000000 1.0000000000

T_CW_cov:
0.0000005656 0.0000000633 0.0000001070 -0.0000001701 0.0000014580 0.0000001083
0.0000000633 0.0000005675 -0.0000000082 -0.0000015640 0.0000001623 0.0000003098
0.0000001070 -0.0000000082 0.0000000878 0.0000000234 0.0000002698 0.0000000097
-0.0000001701 -0.0000015640 0.0000000234 0.0000043638 -0.0000004364 -0.0000008436
0.0000014580 0.0000001623 0.0000002698 -0.0000004364 0.0000038108 0.0000002786
0.0000001083 0.0000003098 0.0000000097 -0.0000008436 0.0000002786 0.0000005790

target_points_pix:
-2.0475196698 0.9028012172 1.7598695525 1266.8665138271 11.4396893670
-2.0847917264 1.0005138205 1.8640489352 1257.4367464557 49.9949441981
-1.8916370934 1.3278553278 1.0832120916 893.8629718478 58.4703277227
-2.0602232200 1.1607167034 1.5327087823 1098.1052685053 41.9100697426
-1.9464757663 1.2356842536 1.7716007931 1156.0376768383 141.2966129142
-2.1326831901 1.3262267978 1.8143074517 1127.2859778516 114.7832227714
-1.8756328916 1.4181544575 0.6779339873 707.8579958831 9.3212930965
-2.0616398675 1.6203105521 0.9227851073 758.7061578933 60.9202545083
-2.0295159197 1.3798678963 1.3475086282 969.4012935048 79.9243074133
-2.0033445242 1.4751897852 1.5390159869 1005.1202194619 145.6172950696
-1.8512212537 1.4535403144 1.5709194506 1027.6979516074 193.3621808534
-1.9287303954 1.5159671915 2.0451587026 1147.0194460890 253.8173437784
-1.8687607905 1.6395216927 0.3740385226 529.0012700051 20.7736543710
-1.8980237103 1.9209957642 0.3535455110 474.5185607196 92.2182908485
-1.8992891162 1.6958315500 0.5927369583 611.8393521230 71.6605961906
-2.1280136359 1.9030231084 1.1200182238 765.0871929701 145.4383830950
-2.0767536092 1.5913540197 1.1734617687 853.0487485601 92.4102952759
-1.8253463033 1.5593904134 1.3326244354 918.6360042857 188.9850905600
-2.0897600080 1.5608907528 1.9402508868 1095.6466043394 200.5320948984
-1.8571526780 1.6140211192 1.8935827260 1078.5899411355 275.0705853293
-1.8537363930 2.1767514966 -0.4751485786 72.4736220198 24.6989897168
-1.8007556983 1.9812678047 0.0551784552 329.1149374826 85.3321669036
-2.0021261078 2.0086463683 0.6719158105 588.8113585413 137.3403317703
-1.8671153541 2.1795732671 0.7269835846 573.4984439433 225.4172453570
-1.9047003350 1.8680613442 1.0806603821 756.7646804372 197.2698711343
-1.9973255520 2.0750879804 1.4269123231 823.5087469846 261.2198162285
-1.8124172708 1.9439885406 1.3066086394 814.4200512413 275.0149523179
-2.1776395406 1.8313567705 1.6540360034 941.9283887578 192.5375190387
-2.1574536843 1.9185202340 1.9908007257 1013.2175339424 258.2553521603
-1.8495650391 1.0617639030 2.0863874275 1323.2761447773 181.5838870302
-1.8021190992 1.4082180467 2.1244712248 1212.3901344367 282.7157281432
-1.7954789863 1.4750056998 2.0971414706 1183.1914261380 294.7005146574
-1.6388373202 1.8923465707 1.8345446935 992.9149564584 389.2827877505
-1.7767929336 2.0072491973 -0.1782002063 214.9946003331 55.6058822335
-1.7534698406 2.0793769081 0.4493600074 478.3202775646 195.9981823241
-1.8353667562 2.1089405381 0.3759185790 450.8527577902 165.0585170078
-1.7604356880 2.0656598370 0.6575958443 561.7878703470 223.3144343782
-1.7705647096 1.9172214653 0.8435902795 659.2292316953 214.5306279830
-1.5673731990 2.1856570907 1.4301868938 800.2626804894 413.5314404485
-1.7142549144 1.9451759251 1.5629844682 895.8354894377 340.4158266081
-1.7534890082 1.8724702660 1.9007587812 1013.5533053639 357.0300341543
-1.8610317815 2.0370496921 2.1648895360 1039.6449281477 381.5906673217
-1.5517418931 1.1416636002 1.8717830327 1256.1354348129 271.7660300533
-1.3139267815 1.3994956747 2.0771362008 1242.3320982265 450.6732223227
-1.6104087085 1.3768039598 1.8001201933 1139.6370896418 293.8768484658
-1.4350469427 1.5839969135 2.1799411750 1196.8845067963 449.6188831839
-1.6571184784 1.8321234448 -0.0621704696 273.0141278036 64.1572609908
-1.4726534281 2.0034281786 -0.0936720132 213.0393515851 178.8811345081
-1.5475518711 1.9219229687 0.2115461638 381.1838569650 185.3369390556
-1.4598821192 2.0390700871 0.4072914279 443.9532349671 281.8879995874
-1.6794329719 2.0021970623 0.8621467882 646.1541402856 266.6963629536
-1.4209454531 1.8676090554 1.0841520386 751.2177098006 362.3577913268
-1.3899147558 2.1238306384 1.3530480406 787.6860643675 455.4506238890
-1.3728960194 2.0609641576 1.3938533902 815.7935064358 456.2585734227
-1.3447913358 2.0146216253 1.7208925961 934.1848064766 497.0299155072
-1.4275808434 2.1561639858 1.8618872162 939.6520740053 503.3595162305
-1.2698972302 1.1983706953 1.9982501084 1303.6242098521 418.5570983819
-1.1371817620 1.6228668657 2.0427261059 1164.0262636644 555.3530418321
-1.4369043860 1.6750058855 1.9093585775 1086.3206253513 431.1032553394
-1.4194715783 2.0828748510 -0.3704728398 51.8251907094 168.5309648643
-1.2776452368 1.8694489727 0.0047508315 249.3404255632 237.5339019681
-1.0730605838 2.0018530190 0.3056842560 363.2250794332 415.9871384082
-1.2085726006 2.0127526755 0.3547681015 400.5034412540 366.9920203303
-1.4250652760 2.0144635608 0.6554444686 551.0859134180 328.3458752442
-1.3457046956 1.9663000365 1.0873481235 728.1623207954 410.7056448273
-1.1680323593 2.0223801191 1.2503392272 773.1030036254 511.0200318079
-1.0704080031 2.0702471482 1.3645704063 802.5435528909 571.2059277456
-1.3198734235 2.0046170289 1.6951049529 929.1547508139 501.7441304267
-1.2843110725 2.0259669710 1.8482818942 972.3107686948 534.5091801355
-0.9395644337 1.3853985044 1.8213352112 1197.0374462632 579.9006349621
-1.0105355762 1.8741634237 2.1143726098 1110.1509664455 648.2449925689
-1.0393066434 1.9475716529 -0.2178789547 69.7348925934 324.4735510306
-0.9593756649 2.0777024999 -0.1501370496 87.2653427674 410.4508939242
-0.8521590024 1.9558607454 0.3663922634 375.8957683597 522.4150752803
-1.1747783765 1.9710647288 0.4070187887 428.7592079201 380.3923388329
-0.9249999966 1.8887475075 0.8621447902 640.0563493730 545.3105835447
-0.9069592067 2.1009950598 1.1466473560 710.2638793787 621.2430411274
-1.1549661397 2.1099652787 1.3731370306 796.3954824941 543.8389564555
-0.8297485976 1.9743105077 1.4365170950 854.7680514880 671.2812081688
-1.1682775108 1.8285797251 1.6366843949 962.3614379011 526.6427362363
-1.1635535457 2.0657929403 1.8425232613 963.2611829318 584.3215182265
-0.8626657361 1.6190092067 2.0849122789 1200.5477764121 679.7415143973
-0.9462284214 1.5636847961 1.8885499176 1148.9992190174 612.4647370066
-0.6547912955 2.0870834084 0.0211341981 130.0651616437 601.7287358661
-0.8817151466 2.0931652498 0.1051209762 219.0467248412 494.7771903549
-0.8630691661 1.9261983014 0.5737511127 490.1323514479 541.9864469706
-0.7731890428 2.0682027516 0.6651492623 500.1344023486 623.2771141149
-0.6987685676 1.8456276545 1.1680146625 781.6774095894 690.4050844372
-0.8565034793 2.1796840996 1.0994869736 672.1526545429 648.9924425334
-0.9162177262 1.9912729978 1.6027493351 909.8478658722 651.5799072226
-0.6412038263 2.0387083890 -0.1132956810 43.9201045567 579.4949372286
-0.6231705820 2.1520952738 0.5384759296 408.4201814339 697.6401835402

gimbalangles:
2.8017162319 -0.9903777642 2.1738683325 -1.2420871426

end: