T_CW:
0.3200620712 -0.9269110453 0.1959494440 0.0024354259
-0.5758192401 -0.0260819796 0.8171608979 0.0108716983
-0.7523247127 -0.3743736695 -0.5420810662 -0.0030548273
0.0000000000 0.0000000000 0.0000000000 1.0000000000

T_CW_cov:
0.0000005075 0.0000000954 0.0000000572 -0.0000002697 0.0000013256 0.0000001482
0.0000000954 0.0000006015 -0.0000000243 -0.0000016827 0.0000002529 0.0000002531
0.0000000572 -0.0000000243 0.0000000750 0.0000000640 0.0000001431 0.0000000031
-0.0000002697 -0.0000016827 0.0000000640 0.0000047634 -0.0000007148 -0.0000006991
0.0000013256 0.0000002529 0.0000001431 -0.0000007148 0.0000035175 0.0000003851
0.0000001482 0.0000002531 0.0000000031 -0.0000006991 0.0000003851 0.0000005381

target_points_pix:
-1.9221166002 -1.9663354306 -2.1468861812 958.3320479656 141.7316863916
-1.9802765316 -1.8045886900 -1.7091154059 949.6947117940 271.3373051338
-2.0367121883 -2.1929650405 -1.4116115292 1095.3794331853 378.9247943008
-2.1338844780 -1.9512781232 -1.1561328228 1036.9785282747 482.5823767728
-2.1084470842 -2.1437595431 -0.8462827436 1151.0177949439 587.5873197712
-2.1505036008 -1.8785447290 -0.6108959777 1092.4942112372 697.3574038311
-2.1201637352 -2.1673998295 -0.5899136888 1200.2065531510 690.6036388921
-1.8813091829 -1.6492230086 -2.0987515410 874.6472358627 133.2810474757
-1.9952865137 -1.5586000442 -1.6116522055 878.2496813309 300.3720027273
-1.9585876503 -1.7206606709 -1.6496159000 934.0171532200 282.5376428908
-2.1809173402 -1.7582249058 -1.1945200920 960.0435082293 479.7101470433
-2.0318098922 -1.9024736379 -0.8205725347 1095.8483799139 589.4995600800
-1.8643409561 -1.7298116612 -0.6347722235 1111.9253161991 643.7584081264
-2.0979104363 -1.5458682890 -2.0934762486 810.1655140967 186.1174465622
-2.0340556057 -1.5717316181 -1.5723282968 880.3065835827 322.1316198840
-2.1899931001 -1.4689067442 -1.4424310350 833.3800516831 398.0129011098
-2.0123749693 -1.3051194687 -1.2605724813 824.0133794685 421.9417748552
-1.9479517706 -1.5926219219 -0.8849578553 995.3960429219 553.4757454217
-1.9430668285 -1.4687702399 -0.9467022846 940.2260938498 528.7884398009
-1.9987360977 -1.5831478012 -0.6409907786 1018.3613891745 670.4798638457
-2.1330431348 -1.1238264740 -2.1749385310 663.2153049740 160.9600972477
-1.8931619140 -1.4242961790 -1.8619772805 823.0405375763 195.3615895190
-1.8156937678 -1.2788976583 -1.4720111433 825.1028991033 296.4101180195
-2.1048315546 -1.4420218644 -1.3322701860 849.9915714616 416.9655799447
-2.1794605583 -1.2973912472 -1.0600853036 814.1842050205 533.8178765924
-2.1560010034 -1.2844100836 -0.7490828701 849.8569294018 659.5857548420
-2.0275988338 -1.0451784956 -1.8548879915 670.1951950810 222.5148089267
-2.0740832194 -1.1457875937 -1.8085477659 704.3258629627 250.9506897924
-1.8048856477 -0.8113928394 -1.5416979154 628.7088174483 258.3157650488
-2.0263796769 -1.1692429330 -1.4253872039 753.0155309722 365.0208781586
-2.0394518501 -0.8909256961 -0.9693699009 679.5421631251 549.3985658010
-2.0420969507 -0.8909787896 -0.6562326980 710.4994339119 699.2250007710
-1.8072466993 -0.9142648409 -2.0509648423 633.2098745036 97.0688529915
-1.8873716097 -0.8301472013 -1.9077868950 600.7841585680 160.7294658010
-2.0424561488 -0.9183195632 -1.6014494401 638.7278096732 304.9536634045
-2.0168946479 -0.8103344008 -1.0952591686 635.6816003499 490.6519431327
-1.9792499143 -0.6263073313 -0.9225304137 567.0572003332 562.9827417549
-1.9320490032 -0.6699029896 -0.8540167730 600.4889957790 584.7492049077
-2.0752258472 -0.3109300675 -2.1110600714 366.5289038969 135.1530009402
-2.1493942445 -0.4797543549 -1.7357695462 442.7893015971 279.3467001872
-1.8641180002 -0.5218672308 -1.4602447271 495.7066389627 299.8432696839
-2.0215212723 -0.3406231631 -1.0954173160 408.4647749566 496.2903944538
-2.1605347700 -0.4990530025 -1.1397686372 474.0441540433 507.7901840154
-1.9147247312 -0.2548115522 -2.0326057316 350.6615514462 107.2383022783
-2.0556831739 -0.2172783453 -1.6982966545 332.4072526161 260.5282038075
-2.1323124597 -0.0853491397 -1.4956774616 267.9918189854 355.0808845211
-1.9399115812 -0.1485383567 -1.0760889372 308.9036583932 486.2286981277
-2.0648976669 -0.0956304944 -0.9549973675 275.4898537046 578.9702157680
-1.9180268305 -0.1096057180 -2.0836827944 284.0675775984 85.6860569506
-2.0489798470 0.0967352262 -1.5659864992 176.3695826760 300.8582741309
-1.8167122418 0.1568885131 -1.5440816022 139.1242891621 232.7750170514
-1.9581490399 0.0886200913 -1.2052964765 171.6519315369 429.9349123950
-2.0318886577 -0.0355871548 -0.8882548857 240.8014862591 607.8500289226
-2.0547946455 0.0862210311 -0.8260042083 164.7094488501 651.5580982686
-2.0752253339 0.4044434237 -2.0040710625 33.6532677536 140.1977547428
-2.1825678826 0.3116185314 -1.5813675429 66.3349973555 329.8804365157
-2.0098296911 0.1005257098 -1.4875995864 172.2285407287 320.5101471956
-1.9188018807 0.0506425308 -1.1352139082 192.5238426278 452.4671423182
-1.9169883940 0.1195774110 -1.1625619137 151.1503169184 438.5518808269
-2.0916418165 0.3164314712 -1.8431441868 71.9314996064 204.3587252926
-1.6528525047 -1.8988645247 -1.9727573103 1009.4366962957 114.2190777735
-1.9130254349 -1.8860765796 -1.6464160941 995.9192641662 275.5861202508
-1.6971427193 -1.9147061648 -1.5994332875 1057.4659681552 236.2990311284
-1.7576145065 -2.1605108836 -1.2885426793 1171.1763591026 356.9624131639
-1.7565167600 -2.0307767892 -1.1690698993 1150.5555928747 397.7357495325
-1.7809738419 -1.8342199357 -0.8692251670 1130.2695789730 520.9641990529
-1.8882251437 -1.7216178320 -1.9143727145 916.2529384036 187.6051437426
-1.6982756279 -1.3603867850 -1.9128438210 827.2603930989 123.2940578739
-1.8876670961 -1.4066149089 -1.9187156197 812.2048380055 176.8093254506
-1.8462753154 -1.0571684346 -2.1965330153 671.4898930505 74.1571234160
-1.9317673488 -0.6338474593 -2.1627174347 505.1180064165 90.5543021336
-1.7579705380 -0.5772389801 -2.1935923520 495.0318404629 23.6056104313
-1.9483527284 -0.0672251213 -2.1691429618 264.0522843371 67.5847442125
-1.5636460166 -2.1015147070 -1.7670923026 1122.1568032202 154.7897132299
-1.4260408633 -1.8229054887 -1.5300131216 1104.0412900457 178.4132389933
-1.3399871004 -2.0056671780 -1.2549875334 1247.3773548074 254.5350370345
-1.5718650262 -1.8348688483 -0.8367522059 1200.3766242596 486.8312881835
-1.5219180490 -1.8699384584 -1.8978367480 1038.2932598252 95.9845809504
-1.4682522470 -1.5686725384 -2.0065486827 932.6702755009 33.9000213966
-1.5548618276 -1.2661538459 -2.0485354989 802.4662550420 34.4638910133
-1.5594104961 -0.9227059103 -1.8929279979 681.0099363433 64.4619510009
-1.5268858466 -0.9034280657 -1.9429658399 673.2225266716 36.2954158748
-1.1045450740 -2.0836019116 -1.7259294662 1248.8488864619 20.4241420656
-1.1903101363 -1.9710198513 -1.5405061849 1222.1457470200 103.8455095634
-1.2890348075 -1.9994550703 -1.3783793257 1235.1179574684 193.7052340456
-1.2364419598 -1.9084281885 -0.8859257635 1338.2711014579 372.5051822767
-1.4358768580 -2.0111886180 -0.8261469596 1315.2595074515 455.8461132165
-1.4317858123 -1.0551176296 -1.9035718307 755.2509697150 22.9866242635
-1.1970903097 -2.0119519131 -1.8409716733 1175.1161488144 14.5563340455
-0.9479648369 -1.9014220938 -1.5210612308 1282.7835011268 15.0923456359

gimbalangles:
-2.7542620543 2.7693528407 3.1123025056 -0.5510573725

end: