T_CW:
-0.6793989639 0.1487480254 -0.7185339747 -0.0487506361
0.7188477422 -0.0615496636 -0.6924374068 -0.0019287040
-0.1472242215 -0.9869577822 -0.0651104046 0.0178871192
0.0000000000 0.0000000000 0.0000000000 1.0000000000

T_CW_cov:
0.0000020195 -0.0000002270 0.0000001979 0.0000005183 0.0000042182 -0.0000000751
-0.0000002270 0.0000010954 -0.0000000228 -0.0000024862 -0.0000004745 0.0000003484
0.0000001979 -0.0000000228 0.0000001242 0.0000000529 0.0000004010 -0.0000000075
0.0000005183 -0.0000024862 0.0000000529 0.0000057103 0.0000010832 -0.0000007809
0.0000042182 -0.0000004745 0.0000004010 0.0000010832 0.0000088775 -0.0000001565
-0.0000000751 0.0000003484 -0.0000000075 -0.0000007809 -0.0000001565 0.0000005572

target_points_pix:
-1.5796895824 -2.1471275155 -0.5889229412 1226.1857749414 56.1749085194
-1.2364419598 -1.9084281885 -0.8859257635 1301.5430782349 258.7248077574
-1.4358768580 -2.0111886180 -0.8261469596 1306.4103684110 171.7535101347
-1.4013295484 -1.8286690344 -0.4892912054 1235.7804316293 29.8414136459
-1.2231305079 -1.8176706409 -0.3259783931 1113.4876594922 30.6759284180
-0.9575045136 -1.9115817110 -1.1792712318 1317.7204519592 479.7916704057
-0.8443794031 -1.8071398690 -1.0955409877 1287.3734356967 498.1416074484
-0.9644520576 -1.8324325372 -0.7568478830 1187.3847518237 312.2793382106
-0.8996479791 -2.0374637846 -0.5070061223 1013.7395065256 254.6409635738
-1.0352279963 -1.9014060949 -0.2873643345 1008.9358892510 102.9854536646
-0.8524976807 -2.0244151995 0.1476430308 753.1320805360 21.9207838286
-0.9432146670 -2.0560567738 -1.2161047290 1275.5931564615 494.4448921109
-0.7223513166 -2.0494162625 -1.0749999326 1158.5237362586 529.8464508944
-0.5659483010 -2.1386425040 -0.8683584697 1011.8244547033 512.9918140739
-0.9005062453 -1.9343387993 -0.4449024492 1014.5171988728 222.0396449269
-0.9123079585 -2.1284580629 -0.2558047657 908.7810545312 166.4247580765
-0.6883316207 -1.8469608032 -0.1589367572 838.7348257464 183.1172324838
-0.8632153327 -2.1951362328 0.0753490344 764.8951219114 73.2741159531
-0.5530260388 -2.0939750219 -1.1044124804 1102.2817185056 603.5478651871
-0.3947811777 -1.9984441214 -1.0106780799 1039.1423386676 642.2910991765
-0.5097935959 -2.1148276580 -0.5873151168 896.4272509778 435.0164636161
-0.4729021202 -2.0583920602 -0.5698937838 886.9066350300 443.5184144544
-0.5877027471 -2.1220845631 -0.1952625424 777.5044027361 262.7533080611
-0.6397658702 -1.9962388135 0.1742825485 666.4268054764 87.3808586150
-0.6116385735 -1.9244833139 0.2116265258 645.3399214176 71.4597525421
-0.2098812585 -2.0260061083 -0.8694235679 914.3275339704 663.9943497658
-0.2850391173 -1.8672154483 -0.9145653236 993.6839223464 667.7129941927
-0.1300626629 -2.1529462385 -0.6921622961 799.3460521078 619.0351958540
-0.1742632593 -2.0133338748 -0.0902612282 593.3715659915 380.3648003644
-0.0635647412 -2.0690742069 -0.0068415662 515.4464663916 393.9712527471
-0.0944812710 -2.1207718532 0.3757183913 375.4795269812 235.7410711388
-0.2052529308 -1.8765071645 0.6709729072 273.4121709890 33.7747966000
-0.0640343529 -1.8636812979 0.6053195840 237.5498628185 121.9066816919
-0.1709999155 -1.9968155702 -0.8413978501 894.8681023526 673.3477207924
-0.0662106627 -1.9797613538 -0.6179389584 769.3664732113 634.6246521228
-0.1169270298 -2.1924969758 -0.1057671843 572.2126607061 411.0151265274
0.1530304316 -1.8975286955 -0.1486459519 486.2318955949 549.5088886319
0.1031985642 -2.0237017061 0.3770378668 286.2657930897 308.3783663528
-0.0867096381 -2.0599473734 0.6438311679 257.1527128599 125.6901936186
-0.0082648627 -1.8464519956 0.7489576395 141.6028055254 78.6339233794
0.1798051282 -2.1376171259 -0.2101951836 503.4413415192 568.9194439527
0.1105084575 -1.8324156555 -0.0292469899 449.0511231292 481.5945283614
0.2272400275 -2.1411056604 0.1748769749 331.3508154011 442.1802814349
0.4405851561 -2.0683433711 0.4238748486 129.5243097533 433.5308211350
0.3632319295 -1.8211024113 0.3728792086 138.5815901392 421.4300103217
0.5355660298 -2.0704793787 0.5698046772 25.4034396586 414.6856861612
0.5521447994 -2.0609144530 0.1825896689 184.7723169207 580.0085478353
0.7303731863 -2.0822931857 0.3409704371 43.1438190681 592.6674156107

gimbalangles:
2.2497729553 1.6159304075 -1.7601430133 -3.0808984102

end: