T_CW:
-0.2703912042 -0.0292099662 -0.9623073182 -0.0453856695
0.7718683093 0.5908308173 -0.2348153709 0.0193971867
0.5754197683 -0.8062665336 -0.1372092089 -0.0413462224
0.0000000000 0.0000000000 0.0000000000 1.0000000000

T_CW_cov:
0.0000007811 0.0000001346 0.0000000411 -0.0000003508 0.0000019682 -0.0000002545
0.0000001346 0.0000004162 0.0000000320 -0.0000011394 0.0000003261 0.0000000306
0.0000000411 0.0000000320 0.0000000744 -0.0000000797 0.0000000941 -0.0000000079
-0.0000003508 -0.0000011394 -0.0000000797 0.0000031797 -0.0000008484 -0.0000000773
0.0000019682 0.0000003261 0.0000000941 -0.0000008484 0.0000050186 -0.0000006295
-0.0000002545 0.0000000306 -0.0000000079 -0.0000000773 -0.0000006295 0.0000005332

target_points_pix:
0.6278400558 -2.0763393604 -0.9710114291 1108.8778912517 74.4133308599
0.7702598618 -2.1020624400 -1.1419530733 1149.9511522681 159.5368650999
0.8716978941 -1.8258617162 -0.9924107934 1091.3432741348 259.5147835660
0.5574486502 -2.0322558777 -0.7031584427 995.3010370721 6.4067370256
0.6760474197 -1.9397994560 -0.6523280362 949.0676762367 82.5926423005
1.0345126857 -1.8546994919 -1.3746466354 1227.5560668335 369.3876532391
0.9500477222 -1.9913988195 -1.4115719724 1243.1534455510 299.1466872066
1.1100875946 -1.8342238030 -0.8506871293 962.8250453373 342.2389192681
1.1317356309 -2.0884930166 -0.7438131423 890.7552547598 265.3222265502
1.1412416106 -1.8295073638 -0.6345165439 850.2122615701 329.4661653080
0.9861579955 -1.8556052624 -0.1516633468 623.5215630739 186.4680002657
0.9744884137 -2.0744573202 -0.0279052589 570.7111000515 108.6814082503
1.0497963986 -2.1500163623 0.1130776453 497.7084697004 107.5921246909
1.1645815082 -1.9323382726 0.3340032188 351.9052251879 182.1650388255
1.1083908032 -1.8865298023 0.8955791254 29.1702432259 84.4296226761
1.3633144213 -1.9058175939 -1.8359840971 1326.1699936210 519.1674580849
1.1850730598 -1.9429122452 -1.5874276585 1264.7566029140 422.3641339408
1.1108721872 -1.8917124848 -1.6494058011 1321.4683582768 418.4807434850
1.2995741576 -2.1101608759 -1.3471534802 1113.2662072650 387.6335259017
1.1606328789 -2.0272679930 -0.9586497824 985.9438099373 318.3034824516
1.0563890159 -2.0877781419 -0.8747438649 964.1833254370 251.0528963241
1.4392129643 -1.8700391144 -0.5937131543 779.0089598826 427.3848878918
1.0957124707 -1.9729375961 -0.3804741473 728.7051094481 236.0296129732
1.1414929988 -1.8889137699 0.0034042731 524.2105547210 228.4566456374
1.0945837433 -2.0389881176 0.3006338205 387.7998539340 127.8421506336
1.4393964913 -1.9257707133 0.4658256223 270.8524299424 286.5240734650
1.1115116241 -1.8679214198 0.5875554318 202.6382750123 136.9076077270
1.3600971057 -2.1394947090 -1.9308683015 1321.3447590783 456.1281322322
1.5999598486 -1.9341720935 -1.5824400126 1163.4770883165 558.1797662147
1.4599674712 -1.8730458234 -1.4548000087 1151.7919585650 523.3553537503
1.5798023544 -1.8746761661 -1.3568949353 1084.6631483823 550.6734713048
1.3351159698 -1.8509936034 -1.1426382576 1048.3593246027 456.5764026462
1.5652340844 -2.0355103116 -0.8807376614 878.7591081588 449.5596394364
1.4552108980 -2.1534895360 -0.3988016236 689.8467908002 330.2124173218
1.4738540436 -2.1896147329 -0.4198177334 696.8873592485 329.5802954287
1.6178416807 -2.1438940522 -0.1704101383 575.0274883563 364.7698350905
1.4202388581 -1.9292284751 0.1519875394 428.7262409038 316.1749018199
1.4540855342 -1.8634546581 0.3616523237 313.6252458808 323.4012667953
1.6515776837 -1.9582625309 0.6261781571 193.0380629108 341.3040969500
1.6616671678 -2.1318986800 1.0588197434 22.4287396839 249.7470440803
1.6696960735 -2.1335143978 -1.8174720010 1209.8672872340 537.4476833124
1.7663122043 -1.8342091207 -1.7349238641 1199.0056306099 651.6269825758
1.7984505393 -2.0074320268 -1.3755868466 1035.8361437888 572.9551405015
1.6677061205 -2.0403325325 -1.2331624542 1002.1902993625 513.1102177736
1.6820347564 -1.9920003807 -0.9201346647 878.2164677217 502.9509570698
1.5500197577 -1.8331921533 -0.5554902840 745.4781708203 474.0627797378
1.5846467715 -1.9336166739 -0.6639477059 787.4418709462 464.9173398498
1.9321190477 -2.1599753080 -0.0702477115 508.7453334146 450.0388101916
1.6246449477 -1.8284173664 -0.1805362603 562.9050505554 461.1263046599
1.8287333310 -2.1096127800 0.4298580792 301.7118205581 382.8543897789
1.8189521181 -1.8687795054 0.3772446023 293.3111839451 455.1616493810
1.7038480056 -1.8301909512 0.6306533232 166.8870074204 398.4083417233
1.8578249553 -1.8757907193 0.9352734524 29.0557820566 405.9533038509
1.6699498579 -1.6756908929 -1.8676287179 1299.7688841649 694.1719708377
1.8517101813 -1.8158071205 -1.9202430645 1252.1843900854 695.4882454011
2.0612107624 -2.0207807403 -1.5899707244 1065.5209922159 653.7463944977
2.1079238686 -1.9359357685 -1.5871010164 1063.8736850474 691.7419837079
2.0096760173 -2.1288364080 -1.1688124664 916.3507012340 575.2334999328
2.0471600104 -1.9719186906 -0.9509305647 836.8571155776 614.7010945864
1.9274821332 -1.8498540672 -0.8353092798 811.6989621257 612.4118887447
2.0374027157 -2.1244149509 -0.3365820874 602.9390229454 514.0768596682
2.1491235341 -1.9917465812 -0.1360297587 508.7328854256 566.5140815670
2.1669461480 -2.0348379959 0.1746042754 386.3800568579 531.1782214854
1.9176417327 -2.0436961438 0.4066997927 300.4043989509 432.3134516590
2.0354595881 -2.0156551074 0.4343671524 281.3929386095 474.4538816082
1.9655835433 -1.8632290172 0.7976405260 94.2885909445 461.7897268648
2.0273682765 -2.1577992668 0.9862121687 68.8334414959 378.8318501018
1.8596756203 -1.9310635161 -1.8207909020 1197.4701618302 650.5352308126
2.1282697156 -1.9395770402 -1.2939864247 954.1845122936 672.9570006388
1.9530555861 -1.9476085270 -1.1788937501 938.8892485922 616.7742307954
1.9957364715 -1.7797589391 -0.6344362442 720.4287869321 637.5878646139
1.9042748829 -1.9042753353 -0.4328866630 648.3227806072 551.2775955550
1.8846077334 -1.9057062088 -0.2031318719 552.8244869636 523.1907252085
2.0334372040 -1.7098496250 -0.1674277110 512.6694366898 630.4688570944
2.1236293352 -1.8015306133 0.1567353075 372.1330080490 594.2435797244
1.9732330312 -1.8708953160 0.5405975112 214.6577162078 488.4523456605
2.0700970581 -1.7877601958 0.8939736929 35.2484000496 510.2097076554
2.0360158626 -1.6413631920 -0.1266119045 489.1536442283 652.6190024231

gimbalangles:
2.6330747900 -0.2011918786 -1.1526472143 0.8902152218

end: