T_CW:
0.1695321329 -0.5722153966 0.8023891798 0.0130577864
0.7856954904 -0.4130163337 -0.4605432710 0.0086778129
0.5949297877 0.7085104431 0.3795675166 0.0236855685
0.0000000000 0.0000000000 0.0000000000 1.0000000000

T_CW_cov:
0.0000004912 -0.0000000800 0.0000000674 0.0000002114 0.0000012738 -0.0000000545
-0.0000000800 0.0000007270 -0.0000000172 -0.0000020036 -0.0000001922 0.0000003233
0.0000000674 -0.0000000172 0.0000000851 0.0000000468 0.0000001664 -0.0000000107
0.0000002114 -0.0000020036 0.0000000468 0.0000055791 0.0000005065 -0.0000008755
0.0000012738 -0.0000001922 0.0000001664 0.0000005065 0.0000033598 -0.0000001326
-0.0000000545 0.0000003233 -0.0000000107 -0.0000008755 -0.0000001326 0.0000005909

target_points_pix:
0.8744611877 1.9175934359 -0.1030143606 63.5337764055 315.4543603579
0.5774336625 2.1372701750 0.2631028182 167.4664155784 28.6033686454
0.8440934580 2.1902962990 0.6325766983 395.0056853175 82.9328091332
0.8537553440 2.0649362087 0.8229180708 505.7546550310 67.2124927204
0.8687768218 1.8687932142 1.2139080793 718.7965080054 25.2618496744
1.0766328152 1.6725882784 1.8335977763 1007.7708243518 33.7750160733
1.1798237717 1.5625050101 1.8353955933 1047.0725476230 89.8549778924
0.9446028517 1.9229887471 0.1001881458 199.2389130795 293.7189838539
0.8794509136 1.9301087444 0.2419634107 259.8436679728 225.0656376914
1.1616785174 2.1777586275 0.6995493964 470.5527397665 207.7348223900
0.8423272991 2.1471504388 0.7368052803 449.1000076469 67.9192332268
1.0297355581 2.0532547183 1.0164436037 606.8860743462 111.6546731423
0.8969412305 2.0226041723 1.0853074672 628.5445133489 44.3647072929
1.0884916309 1.9479067826 1.6879586386 873.6320097229 34.7862080948
1.1003649404 1.0289837267 1.9544988784 1318.0502713270 100.4258815416
1.1005378713 1.0977499604 2.1075597860 1330.6366530447 60.9965719080
1.4122528803 1.5472003003 2.1994087049 1153.0282117513 123.0333928430
1.2628970027 1.9452820031 1.8482628480 927.3648514325 78.8018754371
1.3538238077 1.9785164330 -0.2940629520 81.9331864200 559.1296598903
1.2837850472 1.9308362974 0.0489517471 247.5272403355 451.5595192802
1.2067308529 1.8145079988 0.3760143933 412.3250925777 364.7040319542
1.4475675925 2.0053292625 0.6828083204 533.7486908449 347.9534378138
1.2925356877 2.1221237359 0.7482674025 516.6131007495 257.4915923137
1.4208025720 2.1743944872 1.1375060109 655.0409210629 224.5276904293
1.4005377943 1.9938989209 1.2676893864 739.4002822048 219.8892122187
1.0852953998 1.9879399424 1.5407603585 814.4349595716 52.8209786051
1.1631331511 2.1377228017 1.7274495698 835.3948379799 40.4167455885
1.5602193105 1.0467546504 1.8196520914 1236.3107874200 328.4316138339
1.4661404774 1.3205935414 1.8507961391 1136.8753842096 236.8066766399
1.3099943921 1.5264810494 1.8222220147 1054.8070962417 150.4245354569
1.3624849977 1.9349430705 1.8311557177 927.1459247942 119.4264781515
1.3172141628 1.9516388669 -0.3603113483 38.8977187367 572.8836085694
1.5338095482 1.8798228867 0.1823071187 365.1206627967 522.0705276085
1.6517568517 2.0532827983 0.1027735693 320.8410519200 537.2552688124
1.3824741782 1.8443921632 0.4398958625 461.5535510108 411.9028926079
1.6861608307 2.1883567292 0.9182671607 601.4128568390 349.1614744782
1.5076132224 2.1773265826 0.9582797617 601.7450040666 285.6599791082
1.5624885151 2.0575456184 1.4011593048 774.2918403823 243.8019345479
1.3790265207 1.9714149010 1.5399975923 830.8249906607 168.1422730512
1.3367742031 2.1344557890 1.7595186274 851.6041678482 99.8759230887
1.4801326887 1.8578433881 1.8369762282 952.7905728986 169.4781772560
1.7746820258 0.9168885307 1.9254323364 1310.5214113186 411.0458609663
1.5863098775 1.3838899715 1.9836312313 1147.7486619866 246.6160686765
1.5880013680 1.5641580795 1.9179131392 1066.7635716731 232.5422877368
1.9082353689 1.6659236866 1.8584625204 1017.0875446593 332.4923988030
1.7156691905 2.1057429675 -0.3842938436 110.9611308518 667.0784856343
1.6259144061 2.0315266510 -0.0616660815 248.4836200299 575.3483268719
1.8175531116 1.9386485974 0.2399735909 421.2016807708 584.0877804660
1.9248890548 2.0591581315 0.4394950177 487.0875612463 541.3410590781
1.6697997709 2.1160420786 0.7808222228 568.7860376563 382.5351762265
1.9144294661 1.8857273882 1.0243400758 718.4338147432 452.3799542429
1.6978781971 2.1856867385 1.4345623163 760.4295648451 264.0726884238
1.7630507516 1.8737736220 1.4937019654 856.3363113226 319.7079629665
1.7960015251 2.0753818810 1.7398890784 874.2385846320 259.9353509716
1.7210312884 2.1511378921 2.0235530760 926.9312582141 185.6372502763
1.8345331810 0.6948403929 1.6262438884 1322.7515994579 562.5620756515
1.8097589249 0.6890264770 1.6273724229 1328.0896691630 555.0848359832
1.9247750093 1.1643136331 0.7865250118 839.0674530651 690.7573720857
1.9377263360 1.1336231468 1.0899161381 959.0819288749 619.5223963586
2.1894593296 1.0485451219 1.5888336297 1142.3339858116 592.1787105682
1.9651657521 1.0343987576 1.5701567213 1149.1951214263 532.1788419994
1.9918365198 1.0487066332 1.9303398893 1243.5412676170 455.2311673258
1.8407930289 1.3120486898 1.2792625271 959.1914865743 495.4872160796
1.8322735064 1.0842943727 1.6395546217 1154.6636360561 460.4245118324
2.0970830452 1.3599723344 1.6771898828 1061.6109364729 477.1824771835
1.9339762070 1.2594068500 1.8072875464 1134.0925073698 420.6415578913
2.0529398181 1.6940371335 0.3906949376 556.4612998345 679.1362225491
1.9360361756 1.5830980542 0.7712923458 710.5827733879 580.7114414375
2.0191717670 1.4489867495 0.9295887964 806.5720088818 600.8297510362
1.8327977077 1.5817081382 1.3363174112 892.3714051308 423.0178200122
1.9394779084 1.6219278332 1.3698894550 893.6823282251 441.4023681793
2.1699231633 1.3353826204 1.9108560024 1129.7212725909 456.3474360598
2.1383922671 1.3276850337 1.8241082025 1110.6262798802 465.8357329436
2.0918025611 1.8737719338 0.2909391949 487.3474651319 666.0810168075
1.9771846623 1.8336429997 0.6802675694 621.9290078580 554.0717707498
1.8828069298 1.6701568415 0.7669332967 682.9464759539 544.4904165076
1.8621534244 1.5897216240 1.1868119541 844.0866937863 462.1349128513
2.0916889411 1.6903513042 1.1147404128 803.7656789282 524.2703853851
1.9193735868 1.8956623311 1.3001632644 800.1255965929 398.9280996722
2.0259884325 1.9021410279 1.8948657486 961.7883248129 325.8744440708
2.0221645160 1.9421915467 1.9278226013 959.6017632991 313.9512002277
1.8529430787 1.9351196944 0.1818550971 403.7627318528 609.6709116168
1.8483799352 1.8597187954 0.2031048715 425.3411040660 622.9434898593
2.1654789071 1.8911660364 0.5400688451 578.7817808552 623.5258607752
2.1793564671 2.0487078518 0.6511816064 584.9674773477 568.1707525567
2.0657604714 2.1119241864 1.0402043210 682.5476249664 450.4688431921
2.0242875941 1.8931095134 1.1312505166 755.6539616816 461.6934156473
1.8628939740 1.8094285857 1.5734714481 898.8721686371 346.5475594726
2.0786566366 2.0356975105 1.6106889704 857.5180831563 367.3179743300
1.9648972505 1.8620456242 1.9321257092 981.1937754153 308.0445536248

gimbalangles:
2.1598532634 2.7703227312 -0.0478761232 2.1194516986

end: