T_CW:
0.4792039610 -0.4024869366 -0.7799793777 -0.0563717563
-0.6386750043 0.4496566002 -0.6244222775 -0.0842171942
0.6020446849 0.7973789612 -0.0415811221 0.0077317082
0.0000000000 0.0000000000 0.0000000000 1.0000000000

T_CW_cov:
0.0000008336 0.0000003397 0.0000000932 -0.0000008722 0.0000020268 0.0000001674
0.0000003397 0.0000006682 0.0000000217 -0.0000017349 0.0000008234 0.0000002557
0.0000000932 0.0000000217 0.0000000959 -0.0000000496 0.0000002188 0.0000000132
-0.0000008722 -0.0000017349 -0.0000000496 0.0000045670 -0.0000021146 -0.0000006622
0.0000020268 0.0000008234 0.0000002188 -0.0000021146 0.0000049884 0.0000004042
0.0000001674 0.0000002557 0.0000000132 -0.0000006622 0.0000004042 0.0000005739

target_points_pix:
0.3584381887 2.0127258478 0.3252687757 91.7183269952 593.6986232842
0.6165630709 1.8861184111 -0.3081537565 517.7440873062 691.3165334191
0.5187396521 1.9175698469 -0.0342267122 345.0738145126 639.9371909180
0.4658259500 2.1446281117 0.1786821967 207.7315290410 620.3044359283
0.6149241260 2.1417820874 -0.0629871951 371.9644760728 638.4888110517
0.8744611877 1.9175934359 -0.1030143606 504.1409631635 506.2408952375
0.5774336625 2.1372701750 0.2631028182 215.5427162791 540.7339273464
0.8440934580 2.1902962990 0.6325766983 162.0824983035 328.6526132128
0.8537553440 2.0649362087 0.8229180708 87.8801300050 229.1287647455
1.0736411964 2.0509470802 -0.7346862221 788.4095523890 653.1901288338
0.9700709065 2.0495125061 -0.3789924060 624.6997539111 582.5083018433
1.1070298076 2.0352606546 -0.4010910561 670.4919540140 534.9910403564
0.9446028517 1.9229887471 0.1001881458 438.2742576405 409.7396382121
0.8794509136 1.9301087444 0.2419634107 353.6056685772 386.2076407680
1.1616785174 2.1777586275 0.6995493964 249.7518859418 209.5274291099
0.8423272991 2.1471504388 0.7368052803 119.3313747665 284.2381708907
1.0297355581 2.0532547183 1.0164436037 80.2410585658 109.3475663060
1.3344161846 2.0063298798 -1.0812565365 976.2422534585 650.3667887472
1.3342262769 1.8362976900 -0.8582992898 941.9302771024 560.9584033376
1.2937655825 2.1835571116 -0.3637297557 672.1793618512 483.2771452857
1.3538238077 1.9785164330 -0.2940629520 698.4925699113 406.6142177691
1.2837850472 1.9308362974 0.0489517471 559.3643626523 313.0152548758
1.2067308529 1.8145079988 0.3760143933 420.8056821518 199.0532660562
1.4475675925 2.0053292625 0.6828083204 358.0927799209 92.7616010882
1.2925356877 2.1221237359 0.7482674025 277.4162046227 145.2225886383
1.4208025720 2.1743944872 1.1375060109 176.9957785911 16.1163697139
1.3882493757 1.8446951888 -1.0503425138 1020.8754988232 600.6106497105
1.4025173724 2.1661699239 -1.0708342093 940.2241522327 640.6618036762
1.4991204295 2.1421111058 -0.9414363821 917.5793937971 569.8715298637
1.3012936958 1.8779460917 -0.6268037580 835.5656159227 507.9174920163
1.3172141628 1.9516388669 -0.3603113483 720.4856797541 433.5341869496
1.5338095482 1.8798228867 0.1823071187 582.0630519131 186.4057794416
1.6517568517 2.0532827983 0.1027735693 611.6853201016 222.4854211313
1.3824741782 1.8443921632 0.4398958625 446.6765319814 136.6714391778
1.6861608307 2.1883567292 0.9182671607 332.0219373473 26.1948629143
1.5076132224 2.1773265826 0.9582797617 267.1215812317 49.3772721663
1.8907629288 2.1738643441 -1.5539227425 1150.0782365172 605.7739161722
1.7631702608 2.0808056352 -1.2812136364 1079.4787851788 566.4253754157
1.8403879572 1.8908816600 -0.9234629898 1025.7461401475 419.6272603169
1.5526027690 2.0810396741 -0.7090886073 862.5916358506 480.6174076148
1.8629717589 1.9489552160 -0.3377369029 820.9069617644 265.5879597109
1.7156691905 2.1057429675 -0.3842938436 778.0064514176 349.3889624947
1.6259144061 2.0315266510 -0.0616660815 665.7813533935 270.1624851281
1.8175531116 1.9386485974 0.2399735909 619.9394929886 115.0186487678
1.9248890548 2.0591581315 0.4394950177 560.8334453190 69.6193802480
1.6697997709 2.1160420786 0.7808222228 378.6978686802 46.4924195785
1.8841264328 0.9616947949 -0.8001790908 1328.7248274392 132.1933467338
1.8413549133 1.1156033625 -0.8390002865 1268.4391378399 211.6333045909
2.1198372318 1.2923371785 -0.8636543491 1231.8247211422 188.1212111292
1.9304306795 1.2228028837 -0.5695244456 1122.4663094066 124.3608744881
1.9332082462 1.2240534518 -0.3091263431 1016.3055563956 35.0133107574
1.9202230750 1.6161276385 -1.1194604044 1186.9421657029 399.8099345858
2.1719950041 1.3312834193 -0.8438112511 1214.9828558732 178.5185486981
1.9959423886 1.4846583959 -0.4470288691 997.4488698444 146.5774515850
1.8442668460 1.6413290332 -0.3297220468 886.4077196995 194.1103484568
2.1265666331 1.5613718496 -0.0476425790 855.2777229854 18.9256781047
2.0565221317 1.8238578311 -1.3085013062 1194.3830986424 447.4809774327
2.0220705762 1.7917713969 -1.0380102918 1113.7706563061 380.0108175135
2.0264346805 1.6281954796 -0.7751321253 1075.3537259755 272.1129273752
2.1430706410 1.8094588362 -0.6250814690 990.1808293926 241.1906016832
1.8403405299 1.6816472661 -0.4285474942 911.0889730105 235.0623980198
2.0918025611 1.8737719338 0.2909391949 671.9861704014 24.0118781328
2.1947495420 1.8759180499 -1.5502552975 1263.6480648276 477.2995913478
1.9938454775 1.9484953059 -1.6158373748 1245.5154612739 563.2138989512
2.0985304997 1.9546498073 -1.3409694483 1168.4497608454 464.0484697177
2.0132330313 1.8802037180 -0.8206312277 1017.4655159422 341.1403044030
2.1964470952 2.1330003466 -0.9438032293 1014.0429575485 369.6556380454
1.8490905711 1.9411383311 -0.3451350033 822.5926673966 269.4963536225
2.1806425045 1.9729155912 -0.1883639695 821.8841351123 156.3632253959
1.8529430787 1.9351196944 0.1818550971 647.9775949714 122.1200166332
1.8483799352 1.8597187954 0.2031048715 652.1926876444 96.6837144309

gimbalangles:
-0.2425639209 3.1230602050 1.7901377113 2.3019763638

end: