T_CW:
-0.2285633974 -0.9032400918 0.3632025743 -0.0214882939
-0.2783511781 0.4181360826 0.8646865548 0.0359950892
-0.9328876647 0.0965378322 -0.3469885472 -0.0008342977
0.0000000000 0.0000000000 0.0000000000 1.0000000000

T_CW_cov:
0.0000009160 0.0000000007 -0.0000001837 0.0000000143 0.0000020403 0.0000001878
0.0000000007 0.0000005300 -0.0000000234 -0.0000012831 0.0000000002 -0.0000003883
-0.0000001837 -0.0000000234 0.0000001142 0.0000000468 -0.0000003974 -0.0000000206
0.0000000143 -0.0000012831 0.0000000468 0.0000031658 0.0000000346 0.0000009265
0.0000020403 0.0000000002 -0.0000003974 0.0000000346 0.0000046016 0.0000004132
0.0000001878 -0.0000003883 -0.0000000206 0.0000009265 0.0000004132 0.0000007119

target_points_pix:
-2.0394518501 -0.8909256961 -0.9693699009 1166.8232821234 16.5750360982
-2.0420969507 -0.8909787896 -0.6562326980 1255.9515739813 154.4115305841
-1.9792499143 -0.6263073313 -0.9225304137 1048.4945828481 83.8865285301
-1.9320490032 -0.6699029896 -0.8540167730 1091.6225330205 90.5757949948
-1.8855696832 -0.5597975338 -0.3500282611 1183.3966840011 361.4778095961
-2.0366653240 -0.5797354377 -0.1590398876 1237.9556157220 482.9303522766
-2.0215212723 -0.3406231631 -1.0954173160 867.2122334050 89.4638017752
-2.1605347700 -0.4990530025 -1.1397686372 934.7572579481 70.8908507709
-1.8230665739 -0.3324337885 -0.5518839596 992.9367387569 300.6142097671
-1.8149502794 -0.3269151280 -0.6100474934 973.5992619814 269.6051625340
-2.0899565708 -0.6540210319 -0.0673717668 1302.3953983641 520.3967778847
-1.8622674728 -0.4048797174 -0.1332856099 1162.5240097298 526.5460402889
-2.1323124597 -0.0853491397 -1.4956774616 686.5345434426 19.6948812873
-1.9399115812 -0.1485383567 -1.0760889372 774.1858132350 122.0203821107
-2.0648976669 -0.0956304944 -0.9549973675 783.6614870709 213.9850515219
-1.9908447012 -0.3801654029 -0.5518766256 1016.4253388550 319.5771604504
-1.9508663012 -0.4204201028 -0.3158605866 1106.7418200426 426.6072799784
-1.9282228052 -0.3422863927 -0.1986349192 1098.2207168317 510.1981879967
-1.8307278366 -0.3649187074 -0.1020312630 1151.0876402459 554.2482261952
-2.0489798470 0.0967352262 -1.5659864992 589.0765083978 11.4114444990
-1.9581490399 0.0886200913 -1.2052964765 639.7030020357 126.7464104027
-2.0318886577 -0.0355871548 -0.8882548857 766.1212202668 250.1996146445
-2.0547946455 0.0862210311 -0.8260042083 722.9203132098 309.4098072460
-2.1850709518 0.1766330917 -0.3112378666 795.6064903681 588.3641595788
-2.1302348748 0.1741631005 -0.1246265184 834.1330493694 684.4222031378
-2.1825678826 0.3116185314 -1.5813675429 520.3770440590 81.6122375878
-2.0098296911 0.1005257098 -1.4875995864 594.1636937887 30.9853479404
-1.9188018807 0.0506425308 -1.1352139082 664.9639886100 138.2395274327
-1.9169883940 0.1195774110 -1.1625619137 627.2255185131 142.1245119278
-1.9661344430 0.3035449742 -0.9097239979 593.2338667440 305.5500723188
-2.0454334636 0.3772148178 -0.5915859606 627.9032202006 482.8591032979
-2.0180561632 0.5574448090 -1.3903307919 416.8103959818 167.4171208908
-1.8339332329 0.6816269267 -1.3275965161 327.9402297113 181.5630664804
-1.8840413096 0.5647228005 -1.1197764381 421.8411327478 255.4462082033
-1.9473455670 0.4126422685 -0.7818783690 560.6064147607 387.2738238254
-2.0066460326 0.6115724411 -0.6800587517 494.7210464003 487.3384256733
-2.0791652291 0.3295714681 -0.3363269805 705.1903967356 604.1068254032
-2.1835710067 0.7113300082 -1.9318055951 329.0856421791 40.3961294897
-2.0143150859 0.8005527293 -1.8945758840 261.0297749135 31.5713536854
-1.9231742053 0.8110639259 -1.5432094472 270.5655983899 141.3164157823
-1.8807234739 0.5757652317 -1.3228588133 387.2733120075 169.8925442081
-2.0155037014 0.8010569651 -0.8696889358 382.0560166549 439.0091097219
-2.1673274956 0.7457347923 -0.9069004719 434.5768213822 427.0580140352
-1.9276225520 0.5546474071 -0.3245354469 570.0442443475 656.7607411621
-1.8713581895 0.5522859957 -0.2850187113 568.2117803009 678.2922683862
-1.8227064158 1.0494738780 -1.8443991983 115.2073906119 54.6800088803
-1.8509328536 1.0386621013 -1.7974766609 132.5171791289 76.4855059601
-1.8015030399 1.1161808712 -1.5534731021 106.8526536281 176.8049718036
-2.1081355453 1.0398044225 -1.3625749935 247.8187751101 290.9283288541
-2.1409529270 1.1389351377 -0.8455270628 273.1236628565 528.6079657259
-2.0448295142 0.8634092785 -0.7908746612 372.4080453951 491.2793763620
-2.1695389388 1.1810225265 -0.6431337417 286.9032296580 630.1227703021
-2.0488126483 1.4380370230 -1.8834289392 39.1591747664 165.2968424833
-2.0567037251 1.1028909532 -1.7309193584 174.6126145240 157.0523996845
-1.9389057584 1.4372610854 -1.5758196013 24.8683749616 259.3756839194
-2.0399436914 1.3696646788 -1.0918728226 124.6519011718 457.5505001079
-1.9984313436 1.4414017589 -1.0534970561 85.5194029937 484.7320815916
-1.8286879200 1.4165005558 -0.8183910290 55.0567699396 579.4651443066
-2.0911182403 1.3804638920 -2.1341007448 54.9971005937 78.9984776505
-2.1122188602 1.5154501049 -1.5816655415 52.8252434419 297.9408215304
-2.0342884793 1.4538768698 -1.5469457062 52.8043395730 288.4143064165
-2.0866935364 1.6184103766 -1.2425579830 31.6196260143 445.8185680595
-2.0193434510 1.3647482125 -1.0727880773 121.6980872884 462.9947420063
-1.9009715403 1.5663851847 -0.7367942106 25.1642218364 654.5051622770
-2.1801184842 1.6380492749 -1.2162635370 57.0885397649 468.0781281165

gimbalangles:
1.6592908404 -2.7495860684 1.0331790052 -0.5749664728

end: