T_CW:
-0.2882269091 0.9564582154 0.0459666292 -0.0165179904
-0.9524495081 -0.2814035767 -0.1168416089 -0.0434407071
-0.0988189429 -0.0774577892 0.9920862399 0.0126301615
0.0000000000 0.0000000000 0.0000000000 1.0000000000

T_CW_cov:
0.0000020696 -0.0000000784 -0.0000000756 0.0000001476 0.0000042711 -0.0000001625
-0.0000000784 0.0000011550 0.0000000318 -0.0000025418 -0.0000001471 -0.0000002558
-0.0000000756 0.0000000318 0.0000001275 -0.0000000616 -0.0000001463 -0.0000000011
0.0000001476 -0.0000025418 -0.0000000616 0.0000056660 0.0000002729 0.0000005467
0.0000042711 -0.0000001471 -0.0000001463 0.0000002729 0.0000088836 -0.0000003376
-0.0000001625 -0.0000002558 -0.0000000011 0.0000005467 -0.0000003376 0.0000005927

target_points_pix:
-0.9422387511 0.1356610273 2.1544627646 935.6401541270 640.7626952140
-0.8033163271 0.4225086170 2.0312063772 1081.5961722978 551.6516359870
-0.6537527615 -1.0800348545 1.9713680955 271.3577145182 703.6257656972
-0.8247840780 -0.0667259926 1.8860381639 828.8872064406 665.9267416686
-0.7464614021 0.0543583861 1.8492698281 887.7722063271 611.5874820970
-0.7187543456 0.1484450310 1.8139250072 942.0434183595 587.6644425508
-0.9219890196 0.3661581054 2.0910089091 1058.5693237186 610.4634682956
-0.4538797609 -1.3953934417 2.0348132402 99.5237743899 633.8068165299
-0.5912305803 -1.1763455786 2.1451924369 251.7900117641 649.8947094217
-0.5255609888 -0.9098059889 1.9541070354 330.8103578169 617.6967479484
-0.5908605550 -0.7098567897 1.9984922096 451.3036640194 614.0707129025
-0.4990515587 -0.3377939333 1.9581783395 626.6869679891 517.4971831022
-0.5510951216 -0.1488794278 1.8609892699 737.4685897454 531.7003244384
-0.4422031306 -0.1277309666 2.1911526990 732.3031095890 428.5642916117
-0.6944475902 0.4389739042 2.1621328316 1055.3992795716 474.9635536756
-0.4379927200 0.5741546556 2.0765310646 1105.7303153403 329.0064583197
-0.5345389786 0.8431484224 1.9429247255 1303.3944538935 346.6825438215
-0.3039230666 -1.1821441928 1.8524613974 123.4740646160 558.6539753632
-0.1512404828 -1.1721262486 2.1677136737 186.0235647413 436.6607981950
-0.3430276184 -0.7280270371 1.9307200202 388.5065733796 497.5995100616
-0.3749660211 -0.6955749309 1.9735878393 418.1048493060 503.6817556643
-0.0771641855 -0.2677552512 1.8928098971 588.6154511559 276.1099481369
-0.2141776790 0.0583486682 1.8244665464 802.0063680444 302.6383397158
-0.2747389544 0.0730802433 1.9948622906 814.5163926904 325.9185865083
-0.1479277014 0.6766296699 2.0708742393 1122.6989580018 153.3307772523
-0.2187601896 0.7185022973 1.9423338491 1183.9620290611 184.1007709150
0.0599309368 -1.2858245269 1.9338857515 26.0477149368 365.9341179561
-0.1317398019 -0.8625940140 1.9592129642 285.5657313601 400.9198061612
0.1660211308 -0.6568996674 2.0002943460 347.7366047874 202.7850356734
0.0659715226 -0.5703287950 1.9232029644 398.0868700211 244.9486796435
0.0447136718 -0.3228128833 2.0158740260 547.7915855073 214.1102159141
-0.1803860305 -0.1054215835 1.8343167758 698.1056390584 311.1388404954
-0.1756227747 0.1237290828 1.9857400813 827.2784109296 262.5524053619
0.0535883957 0.6373352825 1.8278105860 1116.8528468267 24.6630899350
-0.0591153008 0.7563378614 1.8853533485 1196.6373352891 77.8334436158
0.1049981300 -1.0600499664 1.9460646537 136.3160917991 304.1950884486
0.3599815365 -0.7992498359 2.1206717374 266.1982821599 124.0771133562
0.2879071250 -0.4861743307 2.1962146367 444.9337549861 114.7082217352
0.3040168298 -0.2846498942 2.1388255025 536.4477801341 70.6520020492
0.0899386351 0.2501816108 1.9041083580 861.2731191797 83.2524189650
0.1183230045 0.6368087690 2.1865000073 1044.4932831695 20.7165280417
0.5687984322 -1.1046110102 2.0070035998 45.4247431265 55.7878356136
0.3876085347 -0.9347076144 1.8825567482 128.7255810023 121.8938954712
0.4031866249 -0.5294179005 1.9461225793 362.8015832304 43.3455373446

gimbalangles:
-1.7732463821 -1.8050403628 3.0998664515 -2.2030935948

end: