T_CW:
0.1919878184 0.2502388968 -0.9489579401 -0.0271614104
-0.4410357096 -0.8418048714 -0.3112106381 -0.0292988388
-0.8767144235 0.4782729900 -0.0512519914 0.0123958844
0.0000000000 0.0000000000 0.0000000000 1.0000000000

T_CW_cov:
0.0000008869 -0.0000000100 0.0000001528 0.0000000232 0.0000020751 0.0000002505
-0.0000000100 0.0000004506 -0.0000000311 -0.0000011371 -0.0000000261 0.0000002367
0.0000001528 -0.0000000311 0.0000001113 0.0000000741 0.0000003487 0.0000000281
0.0000000232 -0.0000011371 0.0000000741 0.0000029309 0.0000000616 -0.0000005912
0.0000020751 -0.0000000261 0.0000003487 0.0000000616 0.0000049157 0.0000005744
0.0000002505 0.0000002367 0.0000000281 -0.0000005912 0.0000005744 0.0000006566

target_points_pix:
-1.9675215332 0.3735704689 0.1902147838 391.3940648320 629.5490900593
-1.8339332329 0.6816269267 -1.3275965161 1285.8763373489 703.1902560266
-2.0066460326 0.6115724411 -0.6800587517 897.8760883622 653.0583005311
-1.8402832734 0.4158654489 -0.1641496241 611.1726611484 653.2536561564
-1.9344931987 0.4325288222 0.0665921622 474.8001245546 613.4197751164
-1.9133212325 0.3814166405 0.4228418836 254.3131375666 573.0516988239
-2.1177301546 0.5344848835 0.8821806181 63.6549402586 446.1524431863
-1.8701820746 0.5244063918 0.8043567602 63.3531490104 410.3482417743
-2.0155037014 0.8010569651 -0.8696889358 1005.1869054199 587.1361314035
-2.1673274956 0.7457347923 -0.9069004719 986.3727847033 638.7112344332
-1.9276225520 0.5546474071 -0.3245354469 715.2116965476 613.4983732408
-1.8713581895 0.5522859957 -0.2850187113 699.7559741483 599.5881810129
-1.8224931774 0.7448238787 0.1113938527 513.0054865732 413.4529291814
-2.1551667523 0.8701160953 0.2237557347 469.8993057731 406.5285713843
-1.8270632441 0.8325440399 0.3756327394 383.9897860919 322.2396891473
-1.9080112085 0.6435965993 0.5817299777 229.7321892893 398.9996004381
-2.1081355453 1.0398044225 -1.3625749935 1217.7181539944 561.6395797224
-2.1409529270 1.1389351377 -0.8455270628 987.9418457169 449.6358700814
-2.0448295142 0.8634092785 -0.7908746612 964.9120788411 548.6695072836
-2.1695389388 1.1810225265 -0.6431337417 898.0345856755 408.4275868516
-1.9948059239 1.0655745301 -0.1236212339 673.1663345051 342.3561545540
-2.1700906082 1.1508405723 -0.0162742313 621.0062676710 329.4834526056
-1.8367116007 0.8470277910 0.1536552899 508.2444617250 357.9081664972
-1.9986951364 1.1030106421 0.5814468094 338.8354777818 213.9123426024
-2.1424050024 0.9973981655 0.7258467959 255.6439244666 271.3705922681
-1.9724816085 0.8915645896 0.8103530575 175.2088203753 257.5229777513
-2.1613012954 1.0039976244 1.1786722693 45.4708491525 202.3317831857
-2.0399436914 1.3696646788 -1.0918728226 1126.4895306054 372.7380707769
-1.9984313436 1.4414017589 -1.0534970561 1122.4415666956 330.5881758405
-1.8286879200 1.4165005558 -0.8183910290 1057.7156041785 265.9512142519
-2.0290123060 1.2616487263 -0.4540971774 843.3646771056 319.7985487212
-2.0326420221 1.4386671003 -0.3715805411 822.1925984425 239.8889671579
-1.9996192975 1.1557197899 -0.0691214088 658.5373028234 296.8485429042
-1.8508449086 1.2533294366 0.1209409021 591.7837513986 186.4146949160
-1.8275087156 1.2445718864 0.4833325022 410.9355729546 121.6586841774
-2.0172029321 1.2486872717 0.8703872773 231.8356242791 116.1161416003
-1.9405160173 1.1789700837 0.9741703808 159.0121343747 101.4577741019
-1.8916370934 1.3278553278 1.0832120916 136.0674653205 10.7579343812
-2.1122188602 1.5154501049 -1.5816655415 1310.2563318031 397.6991220814
-2.0342884793 1.4538768698 -1.5469457062 1319.4181908718 402.7024801496
-2.0866935364 1.6184103766 -1.2425579830 1183.3808915343 309.1620620806
-2.0193434510 1.3647482125 -1.0727880773 1123.1624085547 367.8690169184
-1.9009715403 1.5663851847 -0.7367942106 1012.8993732448 213.5446024739
-2.1088004373 1.4267765867 -0.4272348695 834.5901810450 270.2732644155
-2.1735839590 1.4343336267 -0.3174998151 781.1028413209 266.5820132893
-2.1721225624 1.4984821487 -0.1178589294 704.9937198966 215.5470155233
-2.1038104307 1.5453454380 0.3154965260 533.5365472168 120.1615588169
-1.8756328916 1.4181544575 0.6779339873 350.1673825583 39.1004226884
-1.8274701935 1.3188779672 0.6038785279 365.2611256966 72.0465691860
-2.1801184842 1.6380492749 -1.2162635370 1151.4465177271 317.3620500046
-1.9639243003 1.5608595716 -1.1649375478 1181.3894168725 293.4185784963
-2.0007657291 1.7629935701 -0.6819514061 981.2821986503 161.3143064442
-1.8246755636 1.8365637605 -0.4718921123 929.2162735601 56.5365087613
-2.1978652673 1.5512577920 -0.0820733873 693.6872094351 198.5728998570
-1.8147805824 1.7005286935 -0.0912446736 751.4788833997 41.6186613716
-1.8687607905 1.6395216927 0.3740385226 529.5817537557 7.6538753697
-2.1470381419 2.1145932488 -1.6135478239 1310.8558244597 205.1290970614
-1.9105360566 1.9809712425 -1.4134013561 1300.1689698584 167.1700468081
-1.9677202375 1.9539953751 -0.8044858142 1046.2783794850 106.8057162843
-1.9339633712 2.1588428389 -0.7672586114 1047.0360541716 28.9046169869
-2.0009461426 1.8884255044 -0.3091342856 838.5262223365 67.9046121174
-2.0839185599 2.1121327543 -0.1787392208 795.7001942852 6.2348066877
-1.8550348308 1.9371888628 -1.2800201119 1262.5963453540 149.0681473465
-1.6410654609 2.1004963161 -1.1101007541 1253.3646835675 7.5417167534
-1.7817101151 1.8511826209 -0.8074481766 1082.7143382305 89.0004329506
-1.9389521875 2.1841326748 -0.6648628523 1007.7007750746 8.8858995276
-1.8042215426 1.8813328659 -0.2818446438 853.9962727597 6.6056755649

gimbalangles:
2.4433019649 2.9179567901 -1.9025503468 0.6144333458

end: