T_CW:
-0.4887836027 0.3855191682 0.7826017894 0.0174647183
0.3663475662 -0.7234329672 0.5851787784 0.0062256757
0.7917575705 0.5727300523 0.2123681630 -0.0134268996
0.0000000000 0.0000000000 0.0000000000 1.0000000000

T_CW_cov:
0.0000007418 0.0000002484 0.0000001709 -0.0000006508 0.0000018425 0.0000001794
0.0000002484 0.0000006301 0.0000000613 -0.0000016856 0.0000006008 0.0000004372
0.0000001709 0.0000000613 0.0000001183 -0.0000001621 0.0000004136 0.0000000447
-0.0000006508 -0.0000016856 -0.0000001621 0.0000045715 -0.0000015728 -0.0000011538
0.0000018425 0.0000006008 0.0000004136 -0.0000015728 0.0000046376 0.0000004320
0.0000001794 0.0000004372 0.0000000447 -0.0000011538 0.0000004320 0.0000007601

target_points_pix:
1.0297355581 2.0532547183 1.0164436037 1264.5676538393 76.0018103890
1.4475675925 2.0053292625 0.6828083204 979.5786212423 98.4663074329
1.2925356877 2.1221237359 0.7482674025 1067.9558829599 43.5340066762
1.4208025720 2.1743944872 1.1375060109 1152.5989072157 174.9741894760
1.4005377943 1.9938989209 1.2676893864 1188.9409408463 261.5792016336
1.4661404774 1.3205935414 1.8507961391 1315.7330186135 685.5486016607
1.5338095482 1.8798228867 0.1823071187 753.7913596372 1.0154883390
1.3824741782 1.8443921632 0.4398958625 891.4795158528 50.9043903470
1.6861608307 2.1883567292 0.9182671607 1000.6186087872 168.3672701600
1.5076132224 2.1773265826 0.9582797617 1067.3800228383 143.7598893498
1.5624885151 2.0575456184 1.4011593048 1174.2157683525 307.1811342917
1.3790265207 1.9714149010 1.5399975923 1280.7913826789 339.6276549029
1.4801326887 1.8578433881 1.8369762282 1323.8697502394 470.4252018226
1.5863098775 1.3838899715 1.9836312313 1307.3646631648 699.4178242574
1.5880013680 1.5641580795 1.9179131392 1293.5528070197 610.3907433075
1.9082353689 1.6659236866 1.8584625204 1163.8963845998 586.7263453352
1.8175531116 1.9386485974 0.2399735909 715.1272487398 80.1707694655
1.9248890548 2.0591581315 0.4394950177 775.1188310221 127.8111137252
1.6697997709 2.1160420786 0.7808222228 955.7317718684 148.0399401903
1.9144294661 1.8857273882 1.0243400758 937.3067768233 322.5160064535
1.6978781971 2.1856867385 1.4345623163 1146.2585215338 300.2229537750
1.7630507516 1.8737736220 1.4937019654 1121.1169151403 417.9904921378
1.7960015251 2.0753818810 1.7398890784 1191.3746075226 417.2159133621
1.7210312884 2.1511378921 2.0235530760 1293.7113731412 448.3378504093
2.0411823258 0.4248620549 -0.1403165224 105.7496531588 578.2043689372
2.1946764291 0.4631732279 0.0532115749 210.5738231881 639.3190889214
2.0632829037 0.5445962566 0.1285032323 289.7827116234 608.7708080162
1.8710597108 0.8099321409 -0.1270716099 275.4981585523 365.3464566499
1.8732712174 0.7386851116 0.1801451262 406.3145631251 505.0553757094
2.1830827873 0.8306619622 0.2050011929 394.9364235132 515.4858207198
1.9089759812 0.8085310986 -0.5822388722 29.8084817919 207.0164517848
1.9554318540 0.8479488833 -0.1032449947 290.1337679088 374.5639549723
2.0820885222 0.9153317630 -0.0671913434 312.9759051224 382.8280276963
1.9718199071 1.1608418026 0.1337088444 484.6337042344 329.2811025638
2.0375524064 1.0028006463 0.4849500921 579.4633705534 505.5256645649
1.9247750093 1.1643136331 0.7865250118 755.5804058658 510.2308662871
2.0910844355 0.9079189113 0.8042084707 674.1950824425 638.9186903062
1.9377263360 1.1336231468 1.0899161381 858.9598102088 605.4654732381
2.1198372318 1.2923371785 -0.8636543491 73.2087311213 2.7983136764
1.9304306795 1.2228028837 -0.5695244456 195.3880704553 66.1984797896
1.9332082462 1.2240534518 -0.3091263431 315.4914217000 155.9562662186
1.8825418409 1.0879971004 0.1379624357 484.2489118239 340.6832164241
2.0723865450 1.0737661855 0.0934347427 428.7972046072 368.6607074799
1.8786372721 1.3992617700 0.3556715000 645.8248622535 292.0532175292
1.9109174039 1.1165246120 0.6323720196 690.8600910814 484.2060945026
2.0543776964 1.1066270637 0.8183922915 724.6424613420 556.9124178617
1.8407930289 1.3120486898 1.2792625271 977.6667534402 573.1842153398
2.0970830452 1.3599723344 1.6771898828 1029.2181807847 669.5666467055
2.1719950041 1.3312834193 -0.8438112511 93.5470605356 14.1340101817
1.9959423886 1.4846583959 -0.4470288691 323.9301009939 46.4048280950
2.1265666331 1.5613718496 -0.0476425790 481.0470220535 176.5885590873
2.1621050722 1.6206868910 0.2900958392 606.2817642686 257.7838162551
2.0529398181 1.6940371335 0.3906949376 674.7023559223 242.0157937515
1.9360361756 1.5830980542 0.7712923458 812.9829984609 356.1724674595
2.0191717670 1.4489867495 0.9295887964 825.7602633745 454.3601319264
1.8327977077 1.5817081382 1.3363174112 1026.8108209977 486.3413126071
1.9394779084 1.6219278332 1.3698894550 1008.2075601617 493.1079858371
2.1503249450 1.7195661166 0.1719919587 586.4101213372 196.1099356808
2.0918025611 1.8737719338 0.2909391949 663.7343122744 173.0491724019
1.9771846623 1.8336429997 0.6802675694 807.9993208633 262.3372201446
1.8828069298 1.6701568415 0.7669332967 837.5745436249 317.9079512071
1.8621534244 1.5897216240 1.1868119541 971.0388539623 449.9272981266
2.0916889411 1.6903513042 1.1147404128 896.1267861501 429.1813284342
1.9193735868 1.8956623311 1.3001632644 1018.5766741247 386.5224744997
2.0259884325 1.9021410279 1.8948657486 1150.5799862049 528.1622751068
2.0221645160 1.9421915467 1.9278226013 1162.5200550854 522.4098492649
2.1806425045 1.9729155912 -0.1883639695 508.4287440022 41.7204050432
1.8529430787 1.9351196944 0.1818550971 686.6254383654 73.3055362396
1.8483799352 1.8597187954 0.2031048715 682.0048065901 98.6117607976
2.1654789071 1.8911660364 0.5400688451 730.3332763447 244.7829589648
2.1793564671 2.0487078518 0.6511816064 782.1493438470 232.0020325223
2.0657604714 2.1119241864 1.0402043210 926.2227792331 286.6531440797
2.0242875941 1.8931095134 1.1312505166 940.4311030969 362.5049076184
1.8628939740 1.8094285857 1.5734714481 1107.4082263297 469.9690414733
2.0786566366 2.0356975105 1.6106889704 1070.0975722133 434.5329294505
1.9648972505 1.8620456242 1.9321257092 1176.8822193420 542.8806420275

gimbalangles:
2.0206532928 -0.9216871041 1.8924936816 0.1679155427

end: