T_CW:
0.7846818375 0.1834594878 -0.5921292344 -0.0702555378
0.6177448766 -0.3109774409 0.7222771619 -0.0237942950
-0.0516302358 -0.9325425715 -0.3573495084 -0.0397507558
0.0000000000 0.0000000000 0.0000000000 1.0000000000

T_CW_cov:
0.0000014763 -0.0000001357 0.0000001683 0.0000003386 0.0000032708 0.0000000958
-0.0000001357 0.0000007934 -0.0000000748 -0.0000018853 -0.0000002858 0.0000003305
0.0000001683 -0.0000000748 0.0000001255 0.0000001832 0.0000003517 -0.0000000159
0.0000003386 -0.0000018853 0.0000001832 0.0000045437 0.0000007146 -0.0000007616
0.0000032708 -0.0000002858 0.0000003517 0.0000007146 0.0000073112 0.0000002252
0.0000000958 0.0000003305 -0.0000000159 -0.0000007616 0.0000002252 0.0000006211

target_points_pix:
-0.8996479791 -2.0374637846 -0.5070061223 221.1646402912 172.3391120234
-1.0352279963 -1.9014060949 -0.2873643345 46.6619104926 174.3320445541
-0.7223513166 -2.0494162625 -1.0749999326 498.1896448378 36.6253517348
-0.5659483010 -2.1386425040 -0.8683584697 490.1288288448 175.9158503715
-0.9005062453 -1.9343387993 -0.4449024492 182.8082688950 169.1705149240
-0.9123079585 -2.1284580629 -0.2558047657 125.0033863704 284.5603863401
-0.6883316207 -1.8469608032 -0.1589367572 136.6458369425 352.8600305663
-0.4142942321 -2.0953978622 -1.3107196396 684.8346277606 67.3251466173
-0.5530260388 -2.0939750219 -1.1044124804 571.3132594932 90.7980814757
-0.3947811777 -1.9984441214 -1.0106780799 609.2722081094 147.4357128449
-0.5097935959 -2.1148276580 -0.5873151168 416.5519419452 289.8322565675
-0.4729021202 -2.0583920602 -0.5698937838 424.5149683460 298.0549534915
-0.5877027471 -2.1220845631 -0.1952625424 235.2184901667 421.3275559617
-0.6397658702 -1.9962388135 0.1742825485 25.8693269520 556.9712356241
-0.3223157237 -2.0889569064 -1.5800920492 792.5878747234 11.1804595046
-0.1811950139 -1.9637254206 -1.1985033871 757.1614274204 141.7886891785
-0.2098812585 -2.0260061083 -0.8694235679 637.8006726132 265.1392010295
-0.2850391173 -1.8672154483 -0.9145653236 633.0478830898 186.6735348972
-0.1300626629 -2.1529462385 -0.6921622961 605.0233064740 380.8045202553
-0.1742632593 -2.0133338748 -0.0902612282 368.2756507749 611.7795600866
-0.0635647412 -2.0690742069 -0.0068415662 387.7649939298 698.7010026027
0.1715342562 -1.8377072737 -1.7077555890 1060.3787846626 48.4624062567
-0.1848550685 -2.1502072710 -1.5052238707 815.4584560968 87.7354286460
-0.0221415043 -2.1156067050 -1.0512833639 759.4425045893 276.2876334673
0.1240992140 -1.9843450146 -1.0759655747 844.1867582277 289.2563114107
-0.1709999155 -1.9968155702 -0.8413978501 647.2831047718 282.8979727749
-0.0662106627 -1.9797613538 -0.6179389584 618.8072070515 406.5416521133
-0.1169270298 -2.1924969758 -0.1057671843 406.4707621842 635.2060371048
0.4152243284 -1.8347950724 -1.8048647437 1182.2800208719 91.3713909709
0.0848713846 -1.9450227874 -1.7652455950 1015.1464339120 33.9934217432
0.2709930666 -2.0229951985 -1.3936351784 981.0965194697 229.1085769354
0.3935839552 -2.0181614624 -1.1510837010 969.8286293411 354.4700130857
0.2146649190 -1.8495797719 -1.0119872249 888.8229054837 319.4837406846
0.2140233409 -2.0485084606 -0.7707041703 782.3636908678 449.6113159601
0.3132888607 -1.9172675775 -0.3784857863 716.0908178805 653.6028800487
0.1798051282 -2.1376171259 -0.2101951836 574.9995317581 692.0418462359
0.6613401754 -1.8611822663 -1.9317589166 1298.9192612129 131.5841831997
0.4035577717 -1.8051025498 -1.6202255344 1144.0852825088 142.6774555172
0.4569104633 -1.8505142371 -1.3525835505 1088.8134893525 268.3515380721
0.3786794710 -2.0383437217 -1.1978401556 971.5474807030 335.4551596284
0.6278400558 -2.0763393604 -0.9710114291 1007.1892978432 509.0186750428
0.3227284739 -1.9644121863 -0.7667976864 841.6166123336 478.8293813784
0.4815465084 -1.8793705061 -0.5230342546 853.5702469840 644.8877242039
0.3990427333 -1.9565363562 -0.4157579215 764.7212810018 669.5991759902
0.6051791213 -2.1125326224 -1.8346550447 1183.9557263102 200.6071307980
0.8885854279 -2.0502117149 -1.9125103482 1320.9469472162 244.1312047843
0.6754756322 -1.9665131575 -1.5812143502 1199.4002239805 277.1789392156
0.7702598618 -2.1020624400 -1.1419530733 1101.0864813885 489.3776075622
0.8716978941 -1.8258617162 -0.9924107934 1191.7056549338 562.1411343414
0.5574486502 -2.0322558777 -0.7031584427 913.7165918331 595.8376599187
0.6760474197 -1.9397994560 -0.6523280362 973.1941372316 657.7620850370
0.8384879369 -2.0700739021 -1.8890727619 1291.9140079108 241.0507257824
1.0345126857 -1.8546994919 -1.3746466354 1343.3589066410 454.8326018816
0.9500477222 -1.9913988195 -1.4115719724 1266.5957527639 429.4712701550
1.1606328789 -2.0272679930 -0.9586497824 1244.5707147661 690.2133030340
1.0563890159 -2.0877781419 -0.8747438649 1160.8624011939 693.5425621882

gimbalangles:
0.5465649448 0.6285003578 1.9278483870 1.0026490154

end: