T_CW:
0.4071754564 0.4977591260 -0.7657963177 -0.0256876214
-0.5139429597 0.8179768835 0.2584114011 -0.0279594633
0.7550303185 0.2883568459 0.5888799094 0.0013297443
0.0000000000 0.0000000000 0.0000000000 1.0000000000

T_CW_cov:
0.0000005973 0.0000002729 0.0000000181 -0.0000007023 0.0000014781 -0.0000001208
0.0000002729 0.0000009332 0.0000000638 -0.0000024530 0.0000006523 -0.0000000056
0.0000000181 0.0000000638 0.0000000870 -0.0000001617 0.0000000426 0.0000000002
-0.0000007023 -0.0000024530 -0.0000001617 0.0000065075 -0.0000016772 0.0000000097
0.0000014781 0.0000006523 0.0000000426 -0.0000016772 0.0000037151 -0.0000002975
-0.0000001208 -0.0000000056 0.0000000002 0.0000000097 -0.0000002975 0.0000004755

target_points_pix:
1.1409600203 -0.1229109574 2.0252100581 25.1493663483 235.9042805184
1.0835210948 0.0272853989 1.9877778656 62.9365843977 317.4795884378
1.1695717177 0.3959977000 1.8806286311 256.2572962104 445.8984143430
1.0650541928 0.4154334110 2.1408923596 151.8390967526 514.4470028524
1.1278475239 0.5737825913 1.9515425846 277.7076110826 542.2470031936
1.2620534580 -0.1266368219 1.9610935481 94.0300857982 192.8755860347
1.4264128803 0.1551775978 1.8062280024 293.4292607963 257.1847760475
1.4477290793 0.6912229424 1.8635029759 437.6449027966 480.1686159120
1.2024121633 0.8709967826 1.9699081195 385.3708892070 634.4295087455
1.4431718155 -0.4384471037 2.0409329789 45.8397392470 24.4260730055
1.6719997507 -0.0680507774 2.1234184010 225.9079602239 162.4137549248
1.6735731948 0.1395489525 1.9763126689 320.8760945330 222.1841455576
1.3684963728 0.3827667847 2.0436720490 275.8692562696 400.5828183570
1.3271092385 0.4454360014 1.8531972491 334.8666206984 415.9557610712
1.3933039452 0.8562655072 2.0231521761 419.3362272972 569.9352699913
1.5602193105 1.0467546504 1.8196520914 568.4358926505 572.9011127857
1.4661404774 1.3205935414 1.8507961391 602.8465699449 696.8396130727
1.5986427604 0.1658442785 1.9288836483 318.1810082961 241.4363861942
1.8432379564 0.4033543608 1.8812109824 460.6986281343 275.5138934940
1.5890191009 0.3895242500 1.8603545940 396.4834380687 324.4612772919
1.7029033867 0.6906859707 2.0119358689 459.2645067609 425.5960524117
1.7746820258 0.9168885307 1.9254323364 551.9310397865 477.1804512309
1.5863098775 1.3838899715 1.9836312313 599.6701901579 683.3991715335
1.9082353689 1.6659236866 1.8584625204 746.4960249910 668.4085220301
1.9144294661 1.8857273882 1.0243400758 1088.9125591885 703.2143163667
1.8401371066 -0.1664017488 1.6884135138 366.9456416278 10.6859834602
2.1632725140 -0.0635971363 1.8174766386 444.0385833145 33.1043851315
2.1995996079 0.1237290537 1.6647735110 539.3802314380 73.3478160790
1.8644870582 0.1256969102 1.8552098343 404.3119721128 160.9118855796
1.8685058867 0.0604099251 2.0646282257 333.2425209771 167.9127143122
2.0594297914 0.3178684312 0.8304379352 867.1702508240 11.9154542126
2.0243919137 0.0790895821 1.3332698976 596.7175323367 17.4301567028
1.8781474195 0.1168459717 1.6588370422 463.1551572217 121.4268684386
1.8330064324 0.2591269844 1.6513090440 490.7164946908 187.6216860183
2.0910801737 0.1329497628 2.1601457501 384.2279348778 170.7748965663
1.9960923880 0.5722306000 0.7822565630 941.6218870711 136.3257054138
2.0540377542 0.4992234204 1.0039734638 832.5589909481 134.0784266500
1.8228346180 0.4695964369 1.3045654705 661.8523320681 221.8873925228
1.8345331810 0.6948403929 1.6262438884 605.9467630692 354.6253581816
1.8769267334 0.4766272557 1.8666865168 490.3520507566 293.5964067724
1.8959664168 0.6148831190 1.9670205609 498.2754603155 350.1584024200
1.8732712174 0.7386851116 0.1801451262 1328.0161156315 117.1188052185
2.1830827873 0.8306619622 0.2050011929 1327.7825773737 103.3803910996
2.0240914080 0.6092170477 0.6903022229 999.0456736726 129.6633253871
2.1094725331 0.6303567883 0.5897954870 1063.7738601442 101.8169082926
2.1382943156 0.7007350108 1.1690553675 823.4569468306 229.1958535977
1.9910756588 0.6830361682 1.0515137670 844.9647786238 235.3124029598
1.8097589249 0.6890264770 1.6273724229 599.0282906434 358.5046741397
1.9299380514 0.7949078195 1.8994889497 564.1770872674 396.7967713394
1.8839200217 0.7524499160 2.1114532855 487.1915539025 413.0061178508
2.0375524064 1.0028006463 0.4849500921 1193.9042972461 274.4937635901
1.9247750093 1.1643136331 0.7865250118 1061.9884033562 417.9530211993
2.0910844355 0.9079189113 0.8042084707 1015.5312739200 269.5244627969
1.9377263360 1.1336231468 1.0899161381 919.4797581370 435.1624307604
2.1894593296 1.0485451219 1.5888336297 754.3456030708 392.8742992463
1.9651657521 1.0343987576 1.5701567213 723.2893460144 438.5991805454
1.9918365198 1.0487066332 1.9303398893 619.7834723621 467.1772579652
1.9109174039 1.1165246120 0.6323720196 1129.9875576180 382.5264351224
2.0543776964 1.1066270637 0.8183922915 1045.9152071371 362.5767440131
1.8407930289 1.3120486898 1.2792625271 867.4932174224 545.0534790452
1.8322735064 1.0842943727 1.6395546217 688.3846648191 495.7156820670
2.0970830452 1.3599723344 1.6771898828 772.0133773561 519.5341381902
1.9339762070 1.2594068500 1.8072875464 688.3195488546 538.1667303215
1.9360361756 1.5830980542 0.7712923458 1151.6386863176 577.5314335442
2.0191717670 1.4489867495 0.9295887964 1058.6481226662 514.7060232080
1.8327977077 1.5817081382 1.3363174112 898.4310750272 643.0662790740
1.9394779084 1.6219278332 1.3698894550 905.6178937167 625.3594781201
2.1699231633 1.3353826204 1.9108560024 708.0403198603 510.3635115123
2.1383922671 1.3276850337 1.8241082025 727.1863769785 509.7461200374
1.9771846623 1.8336429997 0.6802675694 1241.9298143914 649.3350028149
1.8828069298 1.6701568415 0.7669332967 1167.1854723165 627.2899359121
1.8621534244 1.5897216240 1.1868119541 962.1968080394 629.0037359240
2.0916889411 1.6903513042 1.1147404128 1029.9823688853 589.2218039033
2.0259884325 1.9021410279 1.8948657486 792.6549779710 702.1384338559
2.1654789071 1.8911660364 0.5400688451 1322.6899924997 599.8574210458
2.1793564671 2.0487078518 0.6511816064 1292.6684002941 654.8648153539
2.0242875941 1.8931095134 1.1312505166 1053.2162868573 674.4375130425

gimbalangles:
2.7825261892 -2.3383909926 -2.5387422055 -2.8036056366

end: