T_CW:
0.1732629785 0.9847627103 -0.0149112242 -0.0118795503
0.8373033326 -0.1552562870 -0.5242314513 -0.0921074807
-0.5185586462 0.0783446849 -0.8514452659 -0.0327683160
0.0000000000 0.0000000000 0.0000000000 1.0000000000

T_CW_cov:
0.0000007723 0.0000000517 -0.0000000191 -0.0000001347 0.0000018671 0.0000001764
0.0000000517 0.0000004396 -0.0000000397 -0.0000011567 0.0000001234 0.0000000124
-0.0000000191 -0.0000000397 0.0000000841 0.0000001077 -0.0000000458 -0.0000000043
-0.0000001347 -0.0000011567 0.0000001077 0.0000031071 -0.0000003216 -0.0000000331
0.0000018671 0.0000001234 -0.0000000458 -0.0000003216 0.0000045753 0.0000004227
0.0000001764 0.0000000124 -0.0000000043 -0.0000000331 0.0000004227 0.0000004917

target_points_pix:
-2.1330431348 -1.1238264740 -2.1749385310 101.3331486081 115.5002548152
-2.0275988338 -1.0451784956 -1.8548879915 68.6017380213 43.9879088476
-1.8072466993 -0.9142648409 -2.0509648423 157.4698244434 171.2179311121
-1.8873716097 -0.8301472013 -1.9077868950 172.3295509922 94.0864077467
-2.0752258472 -0.3109300675 -2.1110600714 423.5356884188 67.1937948706
-1.9147247312 -0.2548115522 -2.0326057316 444.2563521123 88.8314451380
-1.9180268305 -0.1096057180 -2.0836827944 509.3516320093 94.7083367304
-1.8462753154 -1.0571684346 -2.1965330153 122.5909303110 207.9953869203
-1.9317673488 -0.6338474593 -2.1627174347 297.3615131806 145.0068131798
-1.7579705380 -0.5772389801 -2.1935923520 325.1896271065 206.4581804337
-1.6050720677 -0.1570880062 -2.1723311699 506.9869007337 225.8017965549
-1.9483527284 -0.0672251213 -2.1691429618 530.4397998240 108.1897666490
-1.7025217749 0.2005152844 -2.1416149571 653.3583203857 161.5680678786
-1.7632616332 0.4374488688 -2.0163576747 749.2256842758 89.4582078030
-1.9167180805 0.6502726713 -2.0705326719 822.3146869909 46.4919643889
-1.6238184307 1.0130904683 -2.1368105390 999.6310019173 135.3718803625
-1.8572581003 1.1555460819 -2.1060237815 1028.6269820557 46.2123842503
-1.7938627340 1.8660562055 -2.0782733968 1319.0430125253 16.3321116960
-1.5594104961 -0.9227059103 -1.8929279979 113.6072562321 214.5158600498
-1.5268858466 -0.9034280657 -1.9429658399 132.4049529881 241.0502470389
-1.4357686636 -0.5273511537 -2.0349748541 329.2251193549 275.7582467581
-1.3346818081 -0.4072892248 -1.9128016578 373.7284634706 272.1855363766
-1.5322625065 0.0726475877 -2.0453616294 606.1595468031 200.4100283516
-1.5002121632 0.1470386231 -2.1716073200 644.6741692424 242.3046791900
-1.5791355639 0.5374848681 -1.9457535413 812.8427735151 121.8720826923
-1.6501355010 0.7157043292 -2.1087474774 875.2015273481 136.9914731384
-1.3592904140 1.0909658465 -2.1851856090 1064.5461145760 232.8619153781
-1.5590499261 1.1874940771 -2.1526605445 1078.5297833658 150.1269198674
-1.5757745729 1.6288697621 -1.9103398014 1297.6982533115 41.0383632597
-1.4317858123 -1.0551176296 -1.9035718307 42.5794822954 279.1711932947
-1.0697359937 -0.8988463701 -2.1613215268 163.6392957192 490.0981593710
-1.3989814388 -0.5673341385 -2.1783087477 329.3916917785 330.7110785273
-1.0935209420 -0.2851008651 -2.1257090529 464.0153340602 422.0680858333
-1.2372617489 0.0363480423 -2.1678719484 612.4800256695 347.7774971075
-1.3390051896 0.2640417268 -2.1356634694 708.4447314148 283.6313373170
-1.2803984165 0.4564333986 -1.8119563847 812.8468440314 195.7330086621
-1.3917419720 0.5734831894 -1.8785099623 854.0424843948 165.3573299949
-1.3356328486 0.9193998904 -1.8476235929 1031.0871187784 151.3083327452
-1.1329537274 1.0838303633 -2.1376926140 1103.5667332241 304.2326855929
-1.2190813476 1.3798719968 -1.9537120089 1252.2597780644 196.7792679584
-1.0321968910 -0.8729605601 -2.1287663411 169.1125962944 498.3477865848
-1.1280067953 -0.8565214532 -2.0582172524 166.0673284517 436.9354317528
-0.8450867383 -0.6142765335 -1.9706636513 274.4229005853 533.7280807694
-1.0861999588 -0.0724070378 -2.0085048335 562.3930606434 379.0858901792
-1.0935183022 -0.1864478285 -1.9655495041 500.3797234742 373.8480733350
-1.1577294112 0.1871402594 -2.0430681388 687.5059656357 336.6868746419
-0.9213923119 0.6936566719 -1.8158918035 989.5443546836 335.2840475037
-0.8537358509 0.8313946700 -2.0701052063 1041.2313150139 424.0902639509
-0.9197688999 1.1763899925 -2.0413765988 1201.5796243906 359.0036072028
-0.8764536400 1.4059935960 -1.9572111547 1340.7757916893 336.0863021196
-0.9414224818 1.3385083174 -2.0996017911 1262.2427145140 352.1312583949
-0.8690239338 -0.5462702463 -2.0546615520 325.9206197928 533.3777569375
-0.8678678142 -0.1876486862 -1.9304275451 508.0787286325 472.9438073677
-0.6059505876 0.0021046849 -2.1397186428 641.3975638596 635.2666282120
-0.7139063026 0.1884068236 -2.0970261339 730.1292979566 553.7343823815
-0.7638126571 0.6804874394 -1.8599272787 1004.9542312686 426.6794357566
-0.8706004692 0.7609955734 -2.0348282237 1007.6234651580 413.6279461230
-0.7257215869 1.1637273095 -1.9809265724 1249.5185350370 432.8358741991
-0.7639138346 1.1025790106 -2.0546763088 1195.2543131688 438.4641254875
-0.6464942885 -0.6169893022 -1.8797235077 253.5846407773 626.1542427827
-0.5449677676 -0.4256999261 -1.8409050742 367.4456293704 660.4673074493
-0.5182162399 0.0584582647 -2.1374499208 679.8572929421 677.1234402574
-0.6001629434 0.3259827887 -2.0581514561 818.2919000440 592.2327003132
-0.4989809361 0.9160976353 -2.1709690747 1134.5510856060 610.0010399161
-0.5995646106 1.0924402375 -2.1580213671 1205.0180345740 540.6921523261
-0.4015102129 1.1785525036 -2.0463174815 1320.8604354822 612.9935976608

gimbalangles:
-1.9256677477 -1.5605811085 0.4292875118 -0.9744639456

end: