T_CW:
-0.6855986640 -0.2268370220 0.6917365375 -0.0302158178
-0.6133977577 0.6917302244 -0.3811200433 -0.0836389303
-0.3920429347 -0.6856050336 -0.6133906384 -0.0552143899
0.0000000000 0.0000000000 0.0000000000 1.0000000000

T_CW_cov:
0.0000004920 0.0000001670 0.0000000298 -0.0000004547 0.0000012893 -0.0000000780
0.0000001670 0.0000008061 0.0000000496 -0.0000022342 0.0000004212 0.0000001521
0.0000000298 0.0000000496 0.0000000812 -0.0000001264 0.0000000673 0.0000000053
-0.0000004547 -0.0000022342 -0.0000001264 0.0000062502 -0.0000011467 -0.0000004071
0.0000012893 0.0000004212 0.0000000673 -0.0000011467 0.0000034346 -0.0000002031
-0.0000000780 0.0000001521 0.0000000053 -0.0000004071 -0.0000002031 0.0000004926

target_points_pix:
-1.9221166002 -1.9663354306 -2.1468861812 771.3722995650 538.2705534396
-1.9802765316 -1.8045886900 -1.7091154059 898.5267870941 553.5428606982
-2.0367121883 -2.1929650405 -1.4116115292 1014.4457142499 416.3243238398
-2.1338844780 -1.9512781232 -1.1561328228 1124.1325674727 476.5692273384
-2.1084470842 -2.1437595431 -0.8462827436 1235.3903416141 366.8170020410
-1.8813091829 -1.6492230086 -2.0987515410 753.9446802469 620.4985528948
-1.9952865137 -1.5586000442 -1.6116522055 924.5242903463 629.4697658927
-1.9585876503 -1.7206606709 -1.6496159000 908.8900216010 569.6876991414
-2.1809173402 -1.7582249058 -1.1945200920 1122.4170575750 556.1765481324
-2.0318098922 -1.9024736379 -0.8205725347 1240.3489357496 418.9158626954
-1.8643409561 -1.7298116612 -0.6347722235 1300.5504821971 400.3986921614
-2.0979104363 -1.5458682890 -2.0934762486 801.2978059884 695.1012079595
-2.0340556057 -1.5717316181 -1.5723282968 947.9701515220 629.3299510449
-2.1899931001 -1.4689067442 -1.4424310350 1030.5670612845 689.0911808809
-2.0123749693 -1.3051194687 -1.2605724813 1056.7334716879 699.3934856727
-1.9479517706 -1.5926219219 -0.8849578553 1204.1781178023 518.6145342787
-1.9430668285 -1.4687702399 -0.9467022846 1177.9200036141 576.2293848052
-1.9987360977 -1.5831478012 -0.6409907786 1340.7753217246 499.6561116142
-1.8931619140 -1.4242961790 -1.8619772805 810.5794136124 679.3121412564
-1.8156937678 -1.2788976583 -1.4720111433 916.0288946142 684.0988623319
-2.1048315546 -1.4420218644 -1.3322701860 1051.7748464879 670.8195998068
-1.6528525047 -1.8988645247 -1.9727573103 749.0024968747 484.8893359720
-1.9130254349 -1.8860765796 -1.6464160941 905.2221926398 506.9521987935
-1.6971427193 -1.9147061648 -1.5994332875 869.0994671766 443.8600535445
-1.7576145065 -2.1605108836 -1.2885426793 992.8906205526 342.7349972763
-1.7565167600 -2.0307767892 -1.1690698993 1033.1118614848 361.0110554664
-1.7809738419 -1.8342199357 -0.8692251670 1162.1511710046 380.2948616442
-1.8882251437 -1.7216178320 -1.9143727145 811.4891508908 581.5984720400
-1.6982756279 -1.3603867850 -1.9128438210 737.1356986376 666.2062312168
-1.8876670961 -1.4066149089 -1.9187156197 790.5723684243 689.4019038237
-1.4411075920 -2.0047310802 -2.1884385161 650.3532794288 435.9539428719
-1.5636460166 -2.1015147070 -1.7670923026 796.8606085179 382.5333520105
-1.4260408633 -1.8229054887 -1.5300131216 815.6512102655 395.5415842225
-1.3399871004 -2.0056671780 -1.2549875334 895.6037572279 270.1357300331
-1.5718650262 -1.8348688483 -0.8367522059 1123.3306366681 311.2107787853
-1.5796895824 -2.1471275155 -0.5889229412 1230.5310801606 163.0918915713
-1.6623309028 -2.0764444490 -0.4483026474 1323.6780645074 178.2784210435
-1.5219180490 -1.8699384584 -1.8978367480 734.3216265907 455.6525869680
-1.4682522470 -1.5686725384 -2.0065486827 663.8459107957 551.1399081203
-1.5548618276 -1.2661538459 -2.0485354989 646.4255392555 683.0466869391
-1.0892432491 -2.1781532013 -2.1928852506 576.8505484762 315.0659063756
-1.1045450740 -2.0836019116 -1.7259294662 688.7220171052 269.2475434620
-1.1903101363 -1.9710198513 -1.5405061849 757.4510089948 290.5172341060
-1.2890348075 -1.9994550703 -1.3783793257 838.9785538822 280.4468597089
-1.2364419598 -1.9084281885 -0.8859257635 1008.3018926368 188.7230313344
-1.4358768580 -2.0111886180 -0.8261469596 1090.2034640310 209.9060275894
-1.4013295484 -1.8286690344 -0.4892912054 1252.6545744814 173.4528649665
-1.2231305079 -1.8176706409 -0.3259783931 1299.0620267133 54.7590759932
-1.2316108156 -1.6002939991 -2.0136714895 596.7209309211 486.7301980760
-1.1236390632 -1.6723554829 -1.9513804356 589.5078488821 428.6661287467
-1.1364814913 -1.1054498984 -1.9291642293 522.1134032363 637.7393402043
-0.9278648461 -2.1623143671 -1.9122754340 598.6859836068 235.7159475815
-1.1970903097 -2.0119519131 -1.8409716733 675.9287691752 330.7376495195
-1.0262459419 -2.1327927978 -1.4283592435 758.8861922440 179.0304231918
-0.9575045136 -1.9115817110 -1.1792712318 805.7803905821 163.2973964155
-0.8443794031 -1.8071398690 -1.0955409877 792.1341124851 133.7661275490
-0.9644520576 -1.8324325372 -0.7568478830 981.3821412676 76.8924406837
-1.0920435109 -1.8769257744 -1.8507553072 630.4900433651 343.6598622406
-0.8217986006 -1.4231447447 -2.0815741753 420.9168283528 452.2814538780
-1.0911494608 -1.1818016687 -1.9649873378 507.4395422808 598.2817541184
-0.6316084140 -2.0274981562 -1.8786262742 503.1561622585 183.2709009829
-0.9035524778 -1.8286837590 -1.7451155714 597.4718639198 289.0015230726
-0.9479648369 -1.9014220938 -1.5210612308 685.8878855458 237.8108690111
-0.9432146670 -2.0560567738 -1.2161047290 799.0444361093 127.1307505250
-0.7223513166 -2.0494162625 -1.0749999326 780.1435736339 16.0336844181
-0.6319736503 -1.7177400197 -2.0925003425 403.6293442376 308.3017220060
-0.8635723492 -1.6173579517 -1.8943794162 514.9405539255 368.9118341193
-0.7482452858 -1.2476348032 -2.1539879505 343.3059736334 506.6663186081
-0.9203595300 -1.1508216233 -2.0333945953 420.2218397210 574.6157695926
-0.5661656735 -0.8955550283 -2.1500965413 183.4833283277 601.9035859402
-0.5144810341 -2.0414948860 -1.8602799657 472.4980659513 141.9882186051
-0.6620010583 -2.1660087974 -1.6901725747 579.4250283799 118.9043416728
-0.6599330818 -1.6619423208 -2.0552645162 412.3708598316 326.1610840091
-0.4940653931 -1.4320781224 -1.9938969174 322.0275971959 340.6549506768
-0.6363881488 -1.3993371856 -1.9196929323 389.3757861423 381.4684984187
-0.3824353557 -0.9165060577 -2.1160848033 109.2747723842 531.2368193121
-0.1465099906 -1.8328272246 -1.8981954512 295.8926081906 87.7945402775
-0.3223157237 -2.0889569064 -1.5800920492 487.9031974540 2.7739449469
-0.3090886800 -1.9464609966 -1.6565812355 438.5679457340 52.6171391692
-0.3426600909 -1.6986843663 -2.0131679466 315.7171214471 214.2164908766
-0.1400668675 -1.5443412508 -1.8055001948 246.7356293927 143.2850557917
-0.2770033012 -1.3320833847 -1.9451609895 218.7315760450 295.6293307737
-0.3325738895 -0.8965445115 -1.9779077857 107.4025819207 500.5064382172
0.1335359145 -1.8428479847 -1.9814673882 169.3591204056 10.4813216484
-0.0493717641 -1.9211444237 -1.8066152366 298.5970749692 8.3899526140
-0.0107507729 -1.4624962367 -2.1410767009 96.2398865108 206.2416383070
-0.0377600212 -1.2511955147 -2.1143219560 48.9913425713 279.9382911683

gimbalangles:
-0.4899658680 -0.6943135777 -0.2002091239 1.7836128826

end: