T_CW:
-0.7718286608 0.0520029880 0.6337004084 0.0136302401
0.2844185160 -0.8631412242 0.4172449339 -0.0124521629
0.5686709295 0.5022777283 0.6514065225 0.0223954426
0.0000000000 0.0000000000 0.0000000000 1.0000000000

T_CW_cov:
0.0000003291 -0.0000000185 -0.0000000080 0.0000000465 0.0000008486 0.0000000798
-0.0000000185 0.0000006442 -0.0000000469 -0.0000017493 -0.0000000382 -0.0000000294
-0.0000000080 -0.0000000469 0.0000000763 0.0000001243 -0.0000000208 -0.0000000005
0.0000000465 -0.0000017493 0.0000001243 0.0000048029 0.0000000942 0.0000000828
0.0000008486 -0.0000000382 -0.0000000208 0.0000000942 0.0000022389 0.0000002001
0.0000000798 -0.0000000294 -0.0000000005 0.0000000828 0.0000002001 0.0000004214

target_points_pix:
0.2640081146 1.1005353216 1.9648801523 1324.8429080454 306.5524945766
0.3949572469 1.0670770007 1.9147366276 1240.8573041657 333.1719287984
0.2763092018 1.5382054090 1.9627849215 1266.8379072934 114.2513793933
0.1877241416 1.5873172415 2.0327746347 1320.4828311172 96.3955050998
0.3007655364 1.9834011246 2.1577229407 1242.0910568593 13.6590436374
0.5755441334 0.7530855536 2.0548580109 1193.4485883734 548.3381562905
0.3904685589 0.9633327722 2.1042547527 1287.1848750058 426.4835037033
0.5966055878 1.3534045060 1.8781412977 1100.2490644372 228.9486866887
0.6261309517 1.5968752304 1.8851066854 1072.9233329640 139.4781820316
0.4214696301 1.7091300519 2.0390859748 1189.5262866532 99.4295425136
0.3063075941 1.9520349064 2.0747272312 1230.1204104302 2.1390705957
0.6483390137 0.5725908468 2.1248849567 1182.2021002549 664.6038333311
0.6006489094 0.5869845126 1.8577221857 1152.7817611930 612.2487943229
0.7691103331 0.9163414237 1.8106731026 1023.5858696956 441.2678954924
0.6782502068 1.2882467353 2.0705306218 1102.8113262687 313.3622542862
0.8913993728 1.4451374281 1.8200075446 947.8098451143 228.1945737188
0.7622628903 1.7500004508 1.8926594703 1007.5271104791 111.2687564325
0.9106452850 2.0084018711 2.0795471772 977.2587588403 97.0944559854
1.1278475239 0.5737825913 1.9515425846 898.3103522544 675.0610138689
0.8651558030 1.0032966655 1.9022499528 994.0740104616 429.7337822713
1.0429228527 1.3898906455 2.1583222209 960.9542556611 339.9342635390
1.0766328152 1.6725882784 1.8335977763 872.5656127384 177.9831904737
1.1798237717 1.5625050101 1.8353955933 835.9024846835 232.9893916707
1.0884916309 1.9479067826 1.6879586386 832.3698814403 54.3423462779
1.0493891142 2.0124752204 1.7989470479 870.7804109315 54.3224410696
0.9820310386 2.0781716827 1.9799075687 930.8946920816 65.3852144296
1.4477290793 0.6912229424 1.8635029759 740.5195027492 627.2436451951
1.2024121633 0.8709967826 1.9699081195 866.0936258550 538.4570699855
1.1003649404 1.0289837267 1.9544988784 901.7388630412 455.4471735012
1.1005378713 1.0977499604 2.1075597860 935.4471701428 451.8034415567
1.4122528803 1.5472003003 2.1994087049 837.1606589153 335.4652446002
1.2628970027 1.9452820031 1.8482628480 809.1086367034 122.1038048492
1.0852953998 1.9879399424 1.5407603585 798.0526493102 2.9680231603
1.1631331511 2.1377228017 1.7274495698 815.0716727917 19.8162601133
1.0716917601 1.8484986679 2.0727724106 922.2668938363 170.4387682345
1.3933039452 0.8562655072 2.0231521761 805.2406327039 568.8085091494
1.5602193105 1.0467546504 1.8196520914 693.8507236234 474.1608239752
1.4661404774 1.3205935414 1.8507961391 738.4934690458 362.2843882660
1.3099943921 1.5264810494 1.8222220147 786.4386947834 261.8854488696
1.3624849977 1.9349430705 1.8311557177 773.1215258611 137.0799647384
1.5624885151 2.0575456184 1.4011593048 607.2450180952 36.2915156897
1.3790265207 1.9714149010 1.5399975923 697.9497667864 63.2077502169
1.3367742031 2.1344557890 1.7595186274 766.2777936905 58.2697679580
1.4801326887 1.8578433881 1.8369762282 737.1261634299 179.3296633697
1.7029033867 0.6906859707 2.0119358689 691.0387444048 660.8223812536
1.7746820258 0.9168885307 1.9254323364 649.6013196243 560.3358902202
1.5863098775 1.3838899715 1.9836312313 733.0650427479 375.2816244985
1.5880013680 1.5641580795 1.9179131392 719.2672920528 302.8639373555
1.9082353689 1.6659236866 1.8584625204 615.4400650752 297.5975511895
1.9144294661 1.8857273882 1.0243400758 385.2016560849 60.7474989731
1.6978781971 2.1856867385 1.4345623163 582.4055628634 30.6150896325
1.7630507516 1.8737736220 1.4937019654 568.0363028927 145.9844432075
1.7960015251 2.0753818810 1.7398890784 628.6397835064 140.9388127354
1.7210312884 2.1511378921 2.0235530760 713.3463806859 162.6231704768
1.9960923880 0.5722306000 0.7822565630 102.9901861192 575.5036051202
2.0540377542 0.4992234204 1.0039734638 191.7467891395 655.4854467517
1.8228346180 0.4695964369 1.3045654705 397.6649438127 695.4657156661
1.8345331810 0.6948403929 1.6262438884 531.1261169365 622.9467498618
1.8959664168 0.6148831190 1.9670205609 613.7612394404 699.5032931920
2.0240914080 0.6092170477 0.6903022229 49.8541356766 540.8730912627
2.1382943156 0.7007350108 1.1690553675 269.0728136021 582.3601414969
1.9910756588 0.6830361682 1.0515137670 256.7092138382 560.4414629957
1.8097589249 0.6890264770 1.6273724229 539.1946705367 624.0593920465
1.9299380514 0.7949078195 1.8994889497 590.5226068556 617.8763004704
1.8839200217 0.7524499160 2.1114532855 661.1353636134 655.0678999357
1.9247750093 1.1643136331 0.7865250118 215.0772592928 271.6827666202
2.0910844355 0.9079189113 0.8042084707 143.1208806190 416.9832991877
1.9377263360 1.1336231468 1.0899161381 337.5697736309 353.5111619276
2.1894593296 1.0485451219 1.5888336297 437.4528508575 497.7731142527
1.9651657521 1.0343987576 1.5701567213 492.2398762202 480.4279014447
1.9918365198 1.0487066332 1.9303398893 590.4684517165 526.4665200417
1.8786372721 1.3992617700 0.3556715000 46.6533169689 38.2845203646
1.9109174039 1.1165246120 0.6323720196 136.7870653643 251.8479305210
2.0543776964 1.1066270637 0.8183922915 187.3774142130 324.7316473024
1.8407930289 1.3120486898 1.2792625271 449.9142283505 306.5436680813
1.8322735064 1.0842943727 1.6395546217 555.6097473884 458.2266534364
2.0970830452 1.3599723344 1.6771898828 505.5742485941 389.2518133967
1.9339762070 1.2594068500 1.8072875464 581.3708982742 427.7919970447
1.9360361756 1.5830980542 0.7712923458 256.7733255362 102.8782915212
2.0191717670 1.4489867495 0.9295887964 284.0695016806 206.3830608067
1.8327977077 1.5817081382 1.3363174112 488.0610506464 218.8039840796
1.9394779084 1.6219278332 1.3698894550 471.4035147993 227.4056140996
2.1699231633 1.3353826204 1.9108560024 548.6474931550 438.0406337596
2.1383922671 1.3276850337 1.8241082025 533.6595966241 425.8437371897
1.8828069298 1.6701568415 0.7669332967 278.7492726280 59.8341788590
1.8621534244 1.5897216240 1.1868119541 431.9102752015 188.3568274756
2.0916889411 1.6903513042 1.1147404128 354.9650657706 174.4194224702
1.9193735868 1.8956623311 1.3001632644 471.7450226924 122.1859067778
2.0259884325 1.9021410279 1.8948657486 600.9150031645 246.8158757362
2.0221645160 1.9421915467 1.9278226013 610.6471686671 240.4561104645
2.0657604714 2.1119241864 1.0402043210 369.8292429194 23.4500493347
2.0242875941 1.8931095134 1.1312505166 392.7372139626 102.5850666957
1.8628939740 1.8094285857 1.5734714481 559.6378119823 196.4353923631
2.0786566366 2.0356975105 1.6106889704 523.8260781460 166.2302320168
1.9648972505 1.8620456242 1.9321257092 623.7764100259 257.3667451550

gimbalangles:
2.9724208068 -2.3673254458 2.4895988258 1.6823274036

end: