T_CW:
-0.3237172591 0.9454990089 0.0351960280 -0.0116642795
-0.0861550675 -0.0665012215 0.9940598030 -0.0139831191
0.9422231373 0.3187619986 0.1029871241 0.0098387520
0.0000000000 0.0000000000 0.0000000000 1.0000000000

T_CW_cov:
0.0000010667 0.0000001498 0.0000002554 -0.0000003365 0.0000023568 0.0000000086
0.0000001498 0.0000007897 0.0000000319 -0.0000018810 0.0000003492 0.0000006295
0.0000002554 0.0000000319 0.0000001551 -0.0000000626 0.0000005460 -0.0000000027
-0.0000003365 -0.0000018810 -0.0000000626 0.0000045457 -0.0000007877 -0.0000014779
0.0000023568 0.0000003492 0.0000005460 -0.0000007877 0.0000052725 0.0000000485
0.0000000086 0.0000006295 -0.0000000027 -0.0000014779 0.0000000485 0.0000009860

target_points_pix:
1.8629717589 1.9489552160 -0.3377369029 1281.9327866833 28.2835055237
1.8175531116 1.9386485974 0.2399735909 1290.6749811914 315.7904983618
1.9248890548 2.0591581315 0.4394950177 1291.4885804013 401.3432126488
1.9144294661 1.8857273882 1.0243400758 1228.0504780326 675.6985407474
2.1849937664 -0.1076724463 -0.3596361117 209.7871324900 24.5576112565
2.0022793552 -0.3407600927 0.0091227653 61.0170844703 245.5341695611
1.8643482217 -0.2351548738 0.1403036800 129.5207181712 332.6865866819
1.9661306703 -0.1937462224 0.4290557110 181.5403843688 506.9845935582
1.9644439287 -0.1031903077 0.6363600281 250.8366142625 625.5654747656
2.0149956616 -0.0249350183 -0.0543509498 270.1445203908 198.9015221817
1.9958726695 0.0686412089 -0.1886466928 323.8529258170 113.7896668376
1.9211683822 0.1359918091 0.3523883176 389.4355443969 445.3812126692
2.1786073514 0.1163252008 0.3660038469 368.1593710498 430.3394413844
1.8301410415 0.1063793643 0.6727950514 387.9743917059 656.0476506722
2.0411823258 0.4248620549 -0.1403165224 532.4198012098 143.4170407728
1.9438511651 0.1053696058 0.3538797141 369.6296226752 445.6827206890
2.0492906402 0.1592700833 0.4628330884 401.0656214994 494.0356312870
1.9615436432 0.1575010996 0.8011155563 416.9733027203 697.9924319857
2.0594297914 0.3178684312 0.8304379352 499.9284687442 679.7595492722
2.1946764291 0.4631732279 0.0532115749 541.1271837921 251.8603979834
2.0632829037 0.5445962566 0.1285032323 600.4678657059 291.8695503920
1.8979720761 0.3684671733 0.3103802266 529.2501804680 410.1604759883
1.9960923880 0.5722306000 0.7822565630 639.0782216294 645.6423076420
1.8710597108 0.8099321409 -0.1270716099 768.5530846863 140.7987673981
1.8732712174 0.7386851116 0.1801451262 735.5019628412 320.3503507751
2.1830827873 0.8306619622 0.2050011929 722.6527069631 319.9317631026
2.0240914080 0.6092170477 0.6903022229 651.5209242274 590.5006230755
2.1094725331 0.6303567883 0.5897954870 646.9428867063 526.2714662879
1.9554318540 0.8479488833 -0.1032449947 770.0386614953 157.6452978735
2.0820885222 0.9153317630 -0.0671913434 776.8910282108 180.3248137536
1.9718199071 1.1608418026 0.1337088444 917.6307039137 279.9162450388
2.0375524064 1.0028006463 0.4849500921 833.4146983985 461.0312186716
1.9247750093 1.1643136331 0.7865250118 935.9787134752 615.0640663594
2.0910844355 0.9079189113 0.8042084707 783.3065800802 616.3225810699
1.9332082462 1.2240534518 -0.3091263431 954.2652375666 42.5681280536
1.8825418409 1.0879971004 0.1379624357 907.7662324959 285.7427220371
2.0723865450 1.0737661855 0.0934347427 853.4630484134 260.1197132040
1.8786372721 1.3992617700 0.3556715000 1050.5539492082 389.9437156692
1.9109174039 1.1165246120 0.6323720196 917.1622947174 542.7578640622
2.0543776964 1.1066270637 0.8183922915 878.7150139292 614.9195537531
1.8442668460 1.6413290332 -0.3297220468 1166.2957090586 27.6145648700
2.1265666331 1.5613718496 -0.0476425790 1042.3879729521 183.8485790000
2.1621050722 1.6206868910 0.2900958392 1055.3317155734 337.3955443725
2.0529398181 1.6940371335 0.3906949376 1114.7729038519 385.4151063815
1.9360361756 1.5830980542 0.7712923458 1107.7376769248 577.9069715320
2.0191717670 1.4489867495 0.9295887964 1029.7792485670 648.0695982558
2.1503249450 1.7195661166 0.1719919587 1095.4866848329 282.1667346759
2.0918025611 1.8737719338 0.2909391949 1169.0420952645 332.8345968447
1.9771846623 1.8336429997 0.6802675694 1189.9355562914 516.7445826181
1.8828069298 1.6701568415 0.7669332967 1159.4748526183 577.3085378919
2.0916889411 1.6903513042 1.1147404128 1100.4602189502 700.4444381017
1.8490905711 1.9411383311 -0.3451350033 1284.5254507506 23.2504848942
2.1806425045 1.9729155912 -0.1883639695 1178.0996429009 118.7637330519
1.8529430787 1.9351196944 0.1818550971 1276.0279804417 286.5722884857
1.8483799352 1.8597187954 0.2031048715 1248.9647513958 299.0554034148
2.1654789071 1.8911660364 0.5400688451 1151.5249451217 436.8207659751
2.1793564671 2.0487078518 0.6511816064 1200.2870732578 475.6580046666
2.0657604714 2.1119241864 1.0402043210 1254.7718199541 644.4020776030
2.0242875941 1.8931095134 1.1312505166 1193.2062869864 703.6152455169

gimbalangles:
-2.5681270494 -2.9592653642 -2.6207108109 2.8001284263

end: