T_CW:
0.9918913876 -0.1134802655 0.0572162954 -0.0238228249
0.0686482550 0.8572897982 0.5102368264 -0.0038288313
-0.1069527569 -0.5021717149 0.8581285897 0.0093081321
0.0000000000 0.0000000000 0.0000000000 1.0000000000

T_CW_cov:
0.0000007817 0.0000000501 -0.0000000808 -0.0000001092 0.0000019066 0.0000002906
0.0000000501 0.0000004004 -0.0000000447 -0.0000010438 0.0000001207 -0.0000000370
-0.0000000808 -0.0000000447 0.0000000925 0.0000001088 -0.0000002009 -0.0000000252
-0.0000001092 -0.0000010438 0.0000001088 0.0000027850 -0.0000002623 0.0000001168
0.0000019066 0.0000001207 -0.0000002009 -0.0000002623 0.0000047110 0.0000007018
0.0000002906 -0.0000000370 -0.0000000252 0.0000001168 0.0000007018 0.0000005901

target_points_pix:
-2.1577169249 -2.0900886607 2.1560159398 32.8015277793 34.5236081085
-1.8205513716 -1.8539815623 2.1708675190 117.5848835608 109.5949584416
-1.4345630110 -1.9480497647 2.1067913521 257.9048060864 71.1168765500
-1.6418744551 -1.6491881372 1.9199144122 105.4936639672 105.7416588590
-1.3034271601 -1.5161158684 1.9596908684 230.9386494155 169.7786502929
-1.4903796230 -1.3162535663 2.0031783783 131.9817091055 249.2132427560
-1.3162488186 -1.9748889999 1.9107765478 277.0519548116 6.4795988714
-1.2004403891 -1.6231256426 2.0650813680 303.2544186643 165.1479120137
-1.2792353699 -1.4813006667 1.8386399254 214.2985090182 146.6825779047
-1.1328242362 -1.1343903193 2.1417891856 282.4589779168 363.9363422656
-1.1783442775 -1.0439553505 2.0833989006 240.3713354931 385.6945990007
-1.2923319893 -0.9081134618 1.9543458735 140.7063074615 410.1010363947
-1.1887777022 -0.4019114252 2.1158237999 139.0593089630 694.7540151766
-0.9253921880 -1.9868740323 1.8985060744 431.9787252875 4.6679616833
-0.9221783874 -1.5563922385 1.9731576785 398.4290128325 168.3567350035
-1.0195856035 -1.5838213121 1.9736400961 360.2256763755 156.6835834609
-0.8843979190 -1.2203804914 2.0859794157 392.3784894332 324.7771271275
-0.9555390861 -1.0998187137 2.1559255424 356.8585667919 386.8992146495
-1.1012581378 -0.8421878402 2.1605573023 260.0374476917 491.5402277277
-0.5777925256 -2.0217770675 2.0243122535 584.2466449863 39.0519256810
-0.8781739375 -1.7072436207 1.9385342933 428.6119035168 107.1845525234
-0.6329874209 -1.6385831808 2.0241614124 534.1240012269 161.0303122811
-0.8232053384 -1.2564898236 2.0378835975 417.4563578784 300.4206063137
-0.6537527615 -1.0800348545 1.9713680955 469.7937356250 362.1366304077
-0.9385164706 -0.9290011284 1.9361995988 308.7755889582 410.2620754021
-0.8842031688 -0.4041610984 2.0415485524 277.5175414448 701.2606181640
-0.5541200959 -1.9944215893 1.8912793312 584.7936851028 5.6160061047
-0.4820215062 -1.9401449792 2.1493120862 623.1704957559 101.8654159070
-0.4538797609 -1.3953934417 2.0348132402 595.0336755652 256.5900547760
-0.5912305803 -1.1763455786 2.1451924369 524.1657432336 365.8260188050
-0.5255609888 -0.9098059889 1.9541070354 514.2712015958 440.2561596414
-0.5908605550 -0.7098567897 1.9984922096 464.7264679838 545.3980708557
-0.2846960918 -1.9095267334 2.1364424355 699.8055899168 111.3609405919
-0.3466850609 -1.9388110532 2.0141571380 673.0164545849 65.2522101414
-0.1671538080 -1.6350583740 1.8445969229 734.5113291859 117.9181486253
-0.3039230666 -1.1821441928 1.8524613974 642.4218063181 297.7546094638
-0.1512404828 -1.1721262486 2.1677136737 725.0299772534 387.4876790801
-0.3430276184 -0.7280270371 1.9307200202 591.6341198516 534.2936062185
-0.3749660211 -0.6955749309 1.9735878393 574.7331352963 558.5154671439
0.0252751456 -2.0702943452 2.1686651459 829.1721359328 77.0458088904
-0.1629753246 -1.7762060335 2.0678103606 743.8873128523 137.1892363582
0.0688482902 -1.5617987966 1.8133640994 846.3986020568 140.5721580763
0.0599309368 -1.2858245269 1.9338857515 832.0327298875 288.1187516269
-0.1317398019 -0.8625940140 1.9592129642 716.2427212531 481.3356558579
0.1660211308 -0.6568996674 2.0002943460 872.5389883314 612.3412880282
0.0659715226 -0.5703287950 1.9232029644 814.7571247242 642.6412066216
0.2179794437 -1.9398591482 2.1565211865 906.0252957686 117.1123575172
0.2907976099 -1.5650827477 1.8241737765 956.6708036624 148.3085460646
0.1585983603 -1.4648580778 2.1580459787 875.1745169274 279.5910105228
0.3931512022 -1.4382088570 2.0172788426 993.1296852609 259.2071252844
0.1049981300 -1.0600499664 1.9460646537 849.4650422726 392.8787895369
0.3599815365 -0.7992498359 2.1206717374 972.5576849230 568.5509446457
0.4292165778 -1.7298993246 1.9293665519 1014.5713694706 124.1359947503
0.3420871897 -1.4181051207 1.9712343830 971.8868849182 252.8102294151
0.6070656634 -1.3748162021 2.0098884883 1100.9673685324 289.1388696819
0.5687984322 -1.1046110102 2.0070035998 1090.1855866581 405.1061741342
0.3876085347 -0.9347076144 1.8825567482 1008.4522935800 449.7864050341
0.4031866249 -0.5294179005 1.9461225793 1017.4160386849 690.9920585983
0.8468972016 -2.0333479478 2.0341852177 1185.5293783276 62.8997073090
0.6943586012 -1.7388966392 1.9658456916 1136.4737552790 138.3084113774
0.8343122492 -1.3175767899 1.8793878877 1243.0491142061 283.6261141314
0.6776575727 -1.3207495947 1.8357758053 1164.6440309735 264.0093388818
0.6363486300 -0.8666575727 2.0577803033 1128.7002235406 534.9481537507
0.7930008343 -0.5324050647 1.8919125609 1275.8361327792 704.3476653408
1.0564921857 -1.8685667988 1.8189290756 1330.4637666876 51.0372405195
1.1389367900 -1.5929618634 2.1875220716 1320.1270289510 266.1279674607
0.8626199290 -1.4301497781 2.1696933899 1202.0937263310 316.2911297938
1.0909607439 -1.4381905300 2.1636692033 1312.9508193860 318.4849174726
0.8512589234 -0.9072013652 2.0574444091 1246.3117530396 523.9279945103
1.1365359641 -1.7302769809 2.1098419598 1323.4843611285 194.5864504594

gimbalangles:
1.2547426365 -1.2446062796 2.6408823556 2.7814957275

end: