T_CW:
-0.4600565485 0.8864675779 0.0502315188 -0.0309707951
-0.4543604913 -0.1864426980 -0.8710887810 -0.1105088383
-0.7628266619 -0.4235733156 0.4885500283 -0.0122247188
0.0000000000 0.0000000000 0.0000000000 1.0000000000

T_CW_cov:
0.0000003849 -0.0000000075 -0.0000000844 0.0000000177 0.0000009595 0.0000000676
-0.0000000075 0.0000004801 -0.0000000395 -0.0000012833 -0.0000000195 -0.0000002563
-0.0000000844 -0.0000000395 0.0000000913 0.0000001104 -0.0000002091 0.0000000066
0.0000000177 -0.0000012833 0.0000001104 0.0000034831 0.0000000461 0.0000006895
0.0000009595 -0.0000000195 -0.0000002091 0.0000000461 0.0000024428 0.0000001658
0.0000000676 -0.0000002563 0.0000000066 0.0000006895 0.0000001658 0.0000005236

target_points_pix:
-2.1512036865 -2.0910517822 0.6218258585 336.3358936623 640.8008792255
-2.1224839718 -1.9960204719 0.7841597400 369.9475436517 568.8094369635
-2.0413765948 -2.0406984330 1.0719464675 355.8514380426 450.8501018121
-1.9095943467 -2.1981756236 1.1398826170 279.3140308663 415.1618239951
-2.0504007290 -2.1484637370 1.3847927001 349.7445777888 351.9954123996
-2.0858872891 -1.8326289081 1.8243882376 472.9051410523 199.1061704914
-2.1577169249 -2.0900886607 2.1560159398 435.2003690392 144.6118908930
-1.8466322311 -1.7286678988 0.3992838197 345.6036379179 697.2771360461
-2.1872221107 -1.7737223126 0.6733064363 450.9058739590 612.9354996343
-1.9082486202 -1.6826813384 1.0812761450 434.3254427340 402.0351473418
-2.0845885632 -1.5763585853 1.2476485262 522.9612589684 364.2827692121
-1.9576634857 -1.6891037703 1.6868890421 480.2202857509 201.5039301539
-1.8910940085 -1.8831185972 1.5706132785 398.8934750316 242.0163118795
-1.8205513716 -1.8539815623 2.1708675190 427.6264429583 46.6873999198
-1.8981907482 -1.3803410260 0.4931111575 506.0178955246 644.5151699762
-2.1515454672 -1.3696679846 0.5936939434 583.1547179074 628.2547203079
-1.9307807712 -1.5504385109 1.0265756852 482.5595664682 418.2604193918
-1.8608954641 -1.5833594029 1.1891741207 462.6769917274 343.9150225741
-2.0871529532 -1.5501750890 1.6292375785 548.9432884062 234.0194064105
-1.8940084995 -1.3053080587 1.7403363851 593.6067720960 131.4498813774
-2.0091242071 -1.5266788741 2.1918412747 562.5088007842 50.1684738831
-1.9976942520 -1.1816657871 0.4636784555 616.9284616203 665.3313124611
-1.8217791191 -1.1265258298 0.8101272096 609.5019203729 461.1995619534
-1.8395378398 -1.0530488176 0.9953930873 652.6723273396 373.8646697488
-2.0331256180 -1.1181555896 1.4248006616 679.9249276377 251.9507457929
-2.0181276559 -1.3670615946 1.6597350510 595.4796943987 192.7204383341
-2.0715417951 -1.0999155389 1.8140378232 701.5163303819 128.8183755109
-2.1601976832 -1.3969820484 2.1325527845 627.3579168007 87.2225824513
-1.9391714603 -1.1528304928 0.6438297627 621.5754757075 564.3388162973
-1.9513059150 -0.8941187468 0.7728669519 744.5594894039 487.2426988269
-1.9165474694 -0.9352670540 1.1869769548 724.9069751956 298.7095740521
-2.0987759865 -0.8562025145 1.4213935771 793.7902807383 242.5613761991
-2.0038707907 -0.8262139126 1.4646467194 789.8415910216 200.9013738088
-2.0712680862 -1.0120674284 1.5801333760 729.6912995296 195.8620383231
-2.1452367339 -0.9267502190 0.5820317656 768.2350462870 614.7645268204
-2.1952372272 -0.7046575153 0.5517900690 883.3811355854 627.2889372387
-2.1855105770 -0.6178990214 1.1340632223 911.6828049876 351.0415850904
-2.0588638247 -0.7122483844 1.2986722978 847.8825327360 265.2101628085
-1.8785464325 -0.8061624151 1.4177780056 775.4053096711 183.9331633935
-2.0257617105 -0.5611056999 1.7731772856 901.6564870837 67.2119087477
-2.1423256151 -0.8447893208 1.8445201516 805.6994750345 108.7114994116
-1.8483290310 -0.4352708366 0.3157310814 983.9965603694 705.3958366570
-1.9499979981 -0.3936762340 0.4339978451 1020.7361763124 642.1962124497
-2.0153473087 -0.6477465008 0.7552951249 877.3026421310 490.5924869685
-1.9229062442 -0.3082140199 0.9843758897 1037.4399960301 325.4531528509
-2.0743365237 -0.4312935493 1.3144054706 978.2787773891 232.8930591038
-1.9936163080 -0.3491900121 1.3506891132 1006.8958023264 186.8292776119
-2.0619503844 -0.6783529375 1.7674777068 858.4953889674 93.5891560824
-1.9776289429 -0.5034520321 1.8529660041 918.0729724833 19.1848684083
-1.9953435832 -0.1856712384 0.4673006755 1158.5944833159 617.7950541602
-1.9613071819 -0.2579350469 0.9130657844 1075.1629619735 365.3254574605
-1.9042070367 -0.3653525365 0.8507424860 1009.2272974089 393.7580198590
-2.1302852152 -0.1175477064 1.4438084129 1132.7544025660 159.4641646708
-1.9789144432 -0.3616366164 1.3896858685 997.2727876141 168.5046064930
-2.1494438675 -0.1759117361 0.4480410634 1179.9412010587 654.4393839663
-2.0283383872 -0.1246051895 0.8113888460 1169.3871694309 421.0882563054
-1.8046124774 -0.0495427518 1.1526732136 1167.2223973815 174.9807813756
-1.9809671291 0.0274699197 1.3761547701 1205.9121670671 121.9398741596
-1.9971031810 0.0676128431 1.5393206880 1214.8732362780 55.0959365103
-2.0769750567 0.0640115888 0.5667352894 1323.6262180799 555.1751019188
-2.0626335454 0.1726966725 0.9732564367 1342.8169848121 314.0773598288
-1.8845372814 0.1778926800 1.1541791776 1319.0875838593 167.2541072296
-1.8934342542 0.1422119809 1.4707015038 1259.4562212898 34.3609526707
-1.8966016870 -2.0532493118 0.5599591477 265.6557950927 636.9301517745
-1.8146990289 -1.8231430320 1.1178491278 364.5434573559 380.9781634098
-1.9136592149 -2.1374174314 1.1705580242 300.4925240412 401.0061601674
-1.5850425722 -1.8735385509 1.4945914012 312.9593841777 199.5605071865
-1.6857597907 -1.9201982601 1.7472558660 347.6555438797 144.9324904205
-1.7163969981 -1.9424204537 1.8241035593 354.8886239956 130.7222271587
-1.7144486529 -1.9494999168 1.8001749558 350.5783830934 138.2549376722
-1.8376208028 -1.3986412426 1.9843047112 559.8695478222 52.6396870328
-1.9181548710 -1.1397635821 1.9002174330 661.1084834769 68.4172167280
-1.5361605155 -2.1257179523 0.3896727763 85.8353363136 676.7332498762
-1.6094412696 -1.8973613024 0.6184070836 223.5248678948 563.8797777073
-1.4521909499 -1.8210311860 0.8016191597 212.5706993970 444.0300776972
-1.3567665209 -1.9725211915 1.2454807166 180.3362645698 246.5956148485
-1.3407767359 -2.1683204375 1.4922529620 144.7278411848 172.6099549349
-1.4593006800 -2.1753781330 1.6609447842 200.7123134223 145.6793453604
-1.6418744551 -1.6491881372 1.9199144122 431.0599852122 50.8732670438
-1.2693598577 -1.8461362786 1.0844070332 168.1852122181 277.3222958667
-1.0668611335 -1.9127166941 1.2687865416 87.6814920601 151.3021189560
-1.1990013864 -1.8697163463 1.6795631153 208.4305702207 31.7742535805
-1.3162488186 -1.9748889999 1.9107765478 239.5692391281 5.6991060640
-1.1842472968 -1.9135240722 0.7839039684 61.8420980818 402.1812410486
-1.1143227571 -1.9545714292 1.3813425227 110.6183627444 126.2746298556
-1.0147221994 -2.1055364987 1.6236802365 58.6708671029 27.8866281491

gimbalangles:
-0.6886710313 0.6871984354 0.8626318172 2.1844112379

end: