T_CW:
-0.2867103492 -0.0455960621 -0.9569316458 -0.0814238104
-0.9309190172 0.2491521215 0.2670449472 0.0107772083
0.2262453517 0.9673904173 -0.1138807331 -0.0325578716
0.0000000000 0.0000000000 0.0000000000 1.0000000000

T_CW_cov:
0.0000020744 -0.0000002620 0.0000000281 0.0000005970 0.0000045079 0.0000003467
-0.0000002620 0.0000008055 -0.0000000449 -0.0000018608 -0.0000005587 0.0000000345
0.0000000281 -0.0000000449 0.0000001198 0.0000001011 0.0000000464 0.0000000001
0.0000005970 -0.0000018608 0.0000001011 0.0000043693 0.0000012729 -0.0000000701
0.0000045079 -0.0000005587 0.0000000464 0.0000012729 0.0000098660 0.0000007552
0.0000003467 0.0000000345 0.0000000001 -0.0000000701 0.0000007552 0.0000005946

target_points_pix:
-0.3573603580 1.9284946584 -1.0399192768 1256.6361354369 685.6855189649
-0.1470818764 2.0278346330 -0.3590369503 812.2523248363 681.3526583380
-0.1320941456 1.8887090879 -0.2943923727 783.7292366106 686.8129452103
0.0781686940 2.0424144230 -1.4188405458 1315.7633046075 383.1631012910
0.0202740849 2.0286689315 -1.1369204904 1192.8757163849 455.5510726946
0.1684447460 2.0863360526 -0.6863863826 922.8261428247 452.1313270196
-0.1733428557 2.0220748053 -0.3567373217 816.3696327712 697.6360505095
0.1853169703 1.9556145586 -0.2926013520 719.8504124686 495.5390451357
0.1459432429 2.0821321832 0.0768023636 519.8774475025 586.6599751044
0.1613635871 2.1800453551 0.7561633745 152.6032484715 691.6946589218
0.4034252920 1.8647997388 -1.1615968393 1165.3337930042 222.9283024344
0.0772792683 2.0876626451 -0.8678561815 1032.0399781006 472.3356381578
0.1825358325 1.8096035881 -0.9249628995 1099.4009859122 374.1861067260
0.0606416587 1.9370533156 -0.6051155074 920.7222278959 513.3199390842
0.1622540602 1.9938421750 -0.2072898762 674.4354600819 525.8189852525
0.1326497219 2.1934063378 0.1317613825 498.4330180007 605.6126534361
0.3584381887 2.0127258478 0.3252687757 343.3973042472 503.7935416062
0.0874333717 2.0552167764 0.3189859915 388.5559244228 661.6918200603
0.4402235346 2.1324318888 -1.5393273289 1269.9861886034 204.7067046608
0.5082307072 1.8258267294 -1.3142278063 1232.4153786849 136.5307157045
0.4263787641 2.0360262969 -0.9802595292 1030.8005163807 269.6956676125
0.4966650149 2.0206560720 -0.6076416902 831.5948767650 285.1747893858
0.4776390888 2.1635637503 -0.5185001840 778.8657766636 329.0328958251
0.6165630709 1.8861184111 -0.3081537565 657.5870736997 242.3181213491
0.5187396521 1.9175698469 -0.0342267122 518.2416474900 344.3337368263
0.4658259500 2.1446281117 0.1786821967 425.8234165323 433.4559797328
0.3919355060 2.1616707571 0.6632135215 176.0707086840 548.3609709192
0.9073355203 2.1983192295 -1.6524884766 1214.1360798867 4.4862758965
0.5964458937 2.0839945609 -1.3115970185 1147.5236653255 152.6801322704
0.8853459750 2.1074644930 -1.3019009516 1085.0103830133 30.6025330994
0.6604095905 2.0829714722 -0.9379156950 959.9856195040 171.2499688527
0.6471853462 2.0880566141 -0.6773740498 835.2843653989 213.1419096250
0.6892817683 2.0844330099 -0.6493308926 814.9569106664 196.1242371656
0.6149241260 2.1417820874 -0.0629871951 531.4270032648 322.5192244168
0.8744611877 1.9175934359 -0.1030143606 505.1923523468 143.8680964043
0.5774336625 2.1372701750 0.2631028182 366.6930376700 387.7064122812
0.8440934580 2.1902962990 0.6325766983 153.8797792796 314.2227386390
0.8192282989 1.9702689997 -1.0886141990 1021.9573817680 50.9317914472
1.0736411964 2.0509470802 -0.7346862221 797.9328439106 0.8932463543
0.9700709065 2.0495125061 -0.3789924060 639.6320937229 91.7793710955
1.1070298076 2.0352606546 -0.4010910561 631.1654629250 22.4229000746
0.9446028517 1.9229887471 0.1001881458 384.0084131345 138.2256515286
0.8794509136 1.9301087444 0.2419634107 313.6866788810 194.0172205253
1.1616785174 2.1777586275 0.6995493964 88.7848803948 170.5422044995
0.8423272991 2.1471504388 0.7368052803 89.6955042354 323.4289441413
1.2067308529 1.8145079988 0.3760143933 177.9695629543 12.9244059177
1.2925356877 2.1221237359 0.7482674025 39.9256043402 104.4742785686

gimbalangles:
1.0952808515 0.0085266893 0.7449773244 -1.2934553822

end: