T_CW:
-0.2562242584 -0.0884340944 -0.9625635253 -0.0828117813
-0.8881522293 0.4145486019 0.1983307191 -0.0056855225
0.3814901662 0.9057200824 -0.1847603462 -0.0299076569
0.0000000000 0.0000000000 0.0000000000 1.0000000000

T_CW_cov:
0.0000009504 -0.0000000583 0.0000000418 0.0000001691 0.0000021985 0.0000001188
-0.0000000583 0.0000006494 -0.0000000512 -0.0000016173 -0.0000001371 0.0000001769
0.0000000418 -0.0000000512 0.0000000899 0.0000001275 0.0000000804 -0.0000000091
0.0000001691 -0.0000016173 0.0000001275 0.0000040908 0.0000003972 -0.0000004170
0.0000021985 -0.0000001371 0.0000000804 0.0000003972 0.0000051476 0.0000002749
0.0000001188 0.0000001769 -0.0000000091 -0.0000004170 0.0000002749 0.0000004881

target_points_pix:
0.0496567715 2.1804640802 -1.6243674711 1333.6250651962 619.1719571589
0.0781686940 2.0424144230 -1.4188405458 1275.5407414209 616.1270530203
0.1446138243 1.8968936248 -1.4479249870 1318.8542150795 557.2290862823
0.0202740849 2.0286689315 -1.1369204904 1155.8368867090 686.3133588701
0.1684447460 2.0863360526 -0.6863863826 882.7966338118 672.1018277892
0.2727735389 1.9261418884 -1.5732305862 1335.9705877479 477.5178492243
0.1087447546 2.0311814710 -1.5708012065 1342.1128052556 578.5163589040
0.4034252920 1.8647997388 -1.1615968393 1121.8479805312 448.9948060642
0.0772792683 2.0876626451 -0.8678561815 993.7547992758 697.8187792494
0.1825358325 1.8096035881 -0.9249628995 1060.0198566738 597.6494413855
0.3584381887 2.0127258478 0.3252687757 280.3514456525 702.5738078228
0.4402235346 2.1324318888 -1.5393273289 1223.0894654715 436.2087639579
0.5082307072 1.8258267294 -1.3142278063 1184.0357860096 368.2511401673
0.4263787641 2.0360262969 -0.9802595292 991.1062087605 489.7289714445
0.4966650149 2.0206560720 -0.6076416902 793.6750395669 496.4379292158
0.4776390888 2.1635637503 -0.5185001840 739.8343720611 538.7233307462
0.6165630709 1.8861184111 -0.3081537565 621.7492241378 445.5300663394
0.5187396521 1.9175698469 -0.0342267122 475.2217471673 542.2655497076
0.4658259500 2.1446281117 0.1786821967 373.1627445964 631.4444760043
0.9073355203 2.1983192295 -1.6524884766 1162.9673117096 244.1812991113
0.5964458937 2.0839945609 -1.3115970185 1103.2017737066 380.4789950936
0.8853459750 2.1074644930 -1.3019009516 1041.2679906956 262.3246445108
0.6604095905 2.0829714722 -0.9379156950 921.6670443416 389.9946481446
0.6471853462 2.0880566141 -0.6773740498 798.9947330955 425.2195040340
0.6892817683 2.0844330099 -0.6493308926 779.3819447737 407.6097215293
0.6149241260 2.1417820874 -0.0629871951 490.2340789331 521.0438173083
0.8744611877 1.9175934359 -0.1030143606 476.2767027876 341.9735095539
0.5774336625 2.1372701750 0.2631028182 316.1981009170 580.7907953415
0.8440934580 2.1902962990 0.6325766983 104.9809082128 495.0812524220
0.8460622909 2.0547894297 -1.8492642470 1285.6648215182 218.6130682696
1.0564090808 2.1003346994 -1.5296410924 1106.6674131364 174.1605567026
1.1110084514 1.9235336780 -1.2463510526 1008.7516722543 127.9267655481
0.8192282989 1.9702689997 -1.0886141990 981.2703239967 278.1434594363
1.0736411964 2.0509470802 -0.7346862221 767.8017436697 221.1297818002
0.9700709065 2.0495125061 -0.3789924060 611.4771857075 298.7186420973
1.1070298076 2.0352606546 -0.4010910561 606.6588917555 232.9762005549
0.9446028517 1.9229887471 0.1001881458 356.6041103119 330.6586328744
0.8794509136 1.9301087444 0.2419634107 281.1556469174 381.6879670516
1.1616785174 2.1777586275 0.6995493964 57.1417271402 347.8972836836
0.8423272991 2.1471504388 0.7368052803 37.5706517800 501.3060962984
1.0969822034 1.9415982477 -1.5650981868 1145.5801569143 113.3007472529
1.1040556031 2.0115566509 -1.5430429039 1120.7010962757 131.7730579047
1.2164093231 2.0740255218 -1.1797555361 940.2496705600 133.8586566927
1.3344161846 2.0063298798 -1.0812565365 888.8529825975 77.9118815242
1.3342262769 1.8362976900 -0.8582992898 806.1877994176 41.9821599174
1.2937655825 2.1835571116 -0.3637297557 568.6520122418 196.8802132266
1.3538238077 1.9785164330 -0.2940629520 528.2507022746 123.3643742123
1.2837850472 1.9308362974 0.0489517471 358.5317064912 168.5706434835
1.2067308529 1.8145079988 0.3760143933 165.4263004678 200.7848882041
1.4475675925 2.0053292625 0.6828083204 23.5220283409 175.7915552385
1.3670437746 2.1085656360 -1.9470678720 1209.8926025203 36.4267271431
1.3882493757 1.8446951888 -1.0503425138 885.9535348839 9.2594053541
1.4025173724 2.1661699239 -1.0708342093 858.0068184113 98.4064582356
1.4991204295 2.1421111058 -0.9414363821 794.8005900064 66.8201684143
1.3012936958 1.8779460917 -0.6268037580 697.1414764060 87.0849393480
1.3172141628 1.9516388669 -0.3603113483 564.0003717312 124.9653901577
1.5338095482 1.8798228867 0.1823071187 266.1074078317 57.2318684430
1.6517568517 2.0532827983 0.1027735693 317.6759405272 59.6047499187
1.3824741782 1.8443921632 0.4398958625 126.7432336724 133.6444842323
1.5526027690 2.0810396741 -0.7090886073 694.5853433626 46.4154225731
1.7156691905 2.1057429675 -0.3842938436 537.2660182741 18.0634305636
1.6259144061 2.0315266510 -0.0616660815 395.7221357956 50.6247359355

gimbalangles:
0.6820182917 -0.4287972986 1.2765565639 -0.7768082436

end: