T_CW:
0.0062495112 0.0261095884 -0.9996395515 -0.0801934324
-0.3575630986 -0.9335095749 -0.0266177397 -0.0573976956
-0.9338680710 0.3576005634 0.0035018467 0.0103877416
0.0000000000 0.0000000000 0.0000000000 1.0000000000

T_CW_cov:
0.0000011508 -0.0000001098 0.0000000473 0.0000002533 0.0000025582 0.0000003060
-0.0000001098 0.0000005737 -0.0000000312 -0.0000013707 -0.0000002447 -0.0000000361
0.0000000473 -0.0000000312 0.0000000991 0.0000000698 0.0000001044 0.0000000138
0.0000002533 -0.0000013707 0.0000000698 0.0000033409 0.0000005653 0.0000000677
0.0000025582 -0.0000002447 0.0000001044 0.0000005653 0.0000057507 0.0000006622
0.0000003060 -0.0000000361 0.0000000138 0.0000000677 0.0000006622 0.0000005601

target_points_pix:
-2.1850709518 0.1766330917 -0.3112378666 807.2058871316 659.1232216648
-2.1302348748 0.1741631005 -0.1246265184 706.4520484055 654.2479421725
-1.9661344430 0.3035449742 -0.9097239979 1172.5483043500 576.8605225237
-2.0454334636 0.3772148178 -0.5915859606 971.1500139005 538.0849466951
-2.1816244200 0.2296391180 -0.0710292623 677.5139654496 625.4047496683
-1.9675215332 0.3735704689 0.1902147838 528.5918784941 518.1289210440
-1.9941609900 0.2033970308 0.8960104621 112.1192542691 608.3516186598
-2.0626335454 0.1726966725 0.9732564367 83.3399608058 630.6048686654
-1.8840413096 0.5647228005 -1.1197764381 1295.8448762575 416.3103138662
-1.9473455670 0.4126422685 -0.7818783690 1094.5397809170 508.4318054610
-2.0066460326 0.6115724411 -0.6800587517 1016.8384580418 405.9223947404
-2.0791652291 0.3295714681 -0.3363269805 826.2699328698 564.6909990872
-1.8402832734 0.4158654489 -0.1641496241 737.3826812382 481.1210875107
-1.9344931987 0.4325288222 0.0665921622 600.5435474104 481.6272066698
-1.9133212325 0.3814166405 0.4228418836 387.7323256783 502.2221416110
-2.1177301546 0.5344848835 0.8821806181 183.4788266723 440.3678801578
-1.8701820746 0.5244063918 0.8043567602 169.1704639632 405.8242919261
-2.0155037014 0.8010569651 -0.8696889358 1108.4662958926 313.2402939271
-2.1673274956 0.7457347923 -0.9069004719 1103.4458586109 369.3281865793
-1.9276225520 0.5546474071 -0.3245354469 827.6726900999 417.7664845244
-1.8713581895 0.5522859957 -0.2850187113 808.4360769855 408.3947845888
-1.8224931774 0.7448238787 0.1113938527 579.9249475489 285.1796297153
-2.1551667523 0.8701160953 0.2237557347 541.5551709242 294.0195505946
-1.8270632441 0.8325440399 0.3756327394 433.0571584667 235.8101273680
-1.9080112085 0.6435965993 0.5817299777 315.0277743642 351.1552362730
-2.0781406045 0.7120699937 1.1639855175 48.2349466762 340.5135395219
-1.9848264743 0.8316703432 1.1949187813 21.2159942436 262.3686886979
-2.1081355453 1.0398044225 -1.3625749935 1322.2768956298 227.4210630177
-2.1409529270 1.1389351377 -0.8455270628 1059.2749677095 185.2785360024
-2.0448295142 0.8634092785 -0.7908746612 1058.9799584756 287.8996225435
-2.1695389388 1.1810225265 -0.6431337417 958.3285765910 171.7823300499
-1.9948059239 1.0655745301 -0.1236212339 716.4215172942 172.6603232156
-2.1700906082 1.1508405723 -0.0162742313 664.1820106018 177.0913375348
-1.8367116007 0.8470277910 0.1536552899 560.1322158615 234.1184488161
-1.9986951364 1.1030106421 0.5814468094 361.3680436478 147.6242838680
-2.1424050024 0.9973981655 0.7258467959 303.3983614722 227.5680323156
-1.9724816085 0.8915645896 0.8103530575 224.0329825445 236.0098991188
-2.1613012954 1.0039976244 1.1786722693 92.5135109113 223.1009864187
-2.0399436914 1.3696646788 -1.0918728226 1182.6524636795 65.1262739548
-1.9984313436 1.4414017589 -1.0534970561 1167.9018570033 23.1040951589
-2.0290123060 1.2616487263 -0.4540971774 879.1389294290 99.5313005304
-2.0326420221 1.4386671003 -0.3715805411 836.8545829724 26.2445599222
-1.9996192975 1.1557197899 -0.0691214088 689.7987740254 132.7223264099
-1.8508449086 1.2533294366 0.1209409021 592.1327205090 43.0254573833
-1.8275087156 1.2445718864 0.4833325022 399.3890742617 34.7985160970
-2.0172029321 1.2486872717 0.8703872773 232.7349136287 85.7268869630
-1.9405160173 1.1789700837 0.9741703808 160.5443637219 92.8009151731
-1.8916370934 1.3278553278 1.0832120916 110.2441515331 11.9027905524
-2.0193434510 1.3647482125 -1.0727880773 1177.7898841065 61.0468717554
-2.1088004373 1.4267765867 -0.4272348695 858.1769370212 53.4892669442
-2.1735839590 1.4343336267 -0.3174998151 804.2800666292 66.9043465647
-2.1721225624 1.4984821487 -0.1178589294 714.8395102203 39.6347216341
-1.8274701935 1.3188779672 0.6038785279 341.2628152979 0.2011030265
-2.0295159197 1.3798678963 1.3475086282 22.0756366226 29.8743721125
-2.1801184842 1.6380492749 -1.2162635370 1197.0728235360 1.7497433928
-2.1978652673 1.5512577920 -0.0820733873 699.2145653789 26.4059706042

gimbalangles:
0.2630874880 3.0691055886 1.7431504652 0.2921404559

end: