T_CW:
-0.5611915017 0.0116202946 -0.8276044147 -0.0016793126
-0.8013035945 0.2428146924 0.5467664717 0.0027403271
0.2073080989 0.9700030896 -0.1269541581 0.0177880557
0.0000000000 0.0000000000 0.0000000000 1.0000000000

T_CW_cov:
0.0000022486 -0.0000006111 0.0000000106 0.0000013560 0.0000048359 0.0000003581
-0.0000006111 0.0000008657 -0.0000000199 -0.0000020008 -0.0000012886 -0.0000000529
0.0000000106 -0.0000000199 0.0000001004 0.0000000409 0.0000000165 -0.0000000003
0.0000013560 -0.0000020008 0.0000000409 0.0000046950 0.0000028565 0.0000001265
0.0000048359 -0.0000012886 0.0000000165 0.0000028565 0.0000104678 0.0000007633
0.0000003581 -0.0000000529 -0.0000000003 0.0000001265 0.0000007633 0.0000005238

target_points_pix:
-0.3573603580 1.9284946584 -1.0399192768 1325.8436637821 458.8232893115
-0.3761262826 1.9359798530 -0.5684987763 1113.8665199660 631.8534548364
-0.1470818764 2.0278346330 -0.3590369503 917.3427190333 589.2619043115
-0.1320941456 1.8887090879 -0.2943923727 895.4360297954 600.9828408519
0.0496567715 2.1804640802 -1.6243674711 1343.0482429218 149.2076588086
0.0781686940 2.0424144230 -1.4188405458 1290.9283847002 165.2036152401
0.1446138243 1.8968936248 -1.4479249870 1318.6264290348 95.5479075740
0.0202740849 2.0286689315 -1.1369204904 1199.8666242629 268.0383869474
0.1684447460 2.0863360526 -0.6863863826 950.3041088715 345.8579191893
-0.1733428557 2.0220748053 -0.3567373217 926.0413882630 602.8640398530
0.1853169703 1.9556145586 -0.2926013520 778.3501049348 445.5736415954
0.1459432429 2.0821321832 0.0768023636 618.0040337505 591.6248551930
0.2727735389 1.9261418884 -1.5732305862 1314.9332434292 14.4824573662
0.1087447546 2.0311814710 -1.5708012065 1343.1802843530 108.1460277585
0.4034252920 1.8647997388 -1.1615968393 1109.1657386485 60.6385682608
0.0772792683 2.0876626451 -0.8678561815 1056.6513981459 331.8279579165
0.1825358325 1.8096035881 -0.9249628995 1094.0455895672 219.0550733258
0.0606416587 1.9370533156 -0.6051155074 968.9354414522 401.3797198592
0.1622540602 1.9938421750 -0.2072898762 744.6767285804 487.6061322476
0.1326497219 2.1934063378 0.1317613825 601.6463789864 616.9322373093
0.3584381887 2.0127258478 0.3252687757 430.0669085991 568.1455187103
0.0874333717 2.0552167764 0.3189859915 519.2707601019 700.5909127165
0.4402235346 2.1324318888 -1.5393273289 1196.2092466646 14.3455547023
0.4263787641 2.0360262969 -0.9802595292 996.6352074241 144.7181036897
0.4966650149 2.0206560720 -0.6076416902 817.5662927620 218.2806806804
0.4776390888 2.1635637503 -0.5185001840 779.4240285307 275.7709640156
0.6165630709 1.8861184111 -0.3081537565 646.0546141711 229.5631801673
0.5187396521 1.9175698469 -0.0342267122 546.6925398932 366.3453133413
0.4658259500 2.1446281117 0.1786821967 482.6766821455 479.2759099445
0.3919355060 2.1616707571 0.6632135215 283.6123556499 662.6396808471
0.6224160129 2.1468195859 1.0820508387 23.8129453966 685.9739014408
0.5964458937 2.0839945609 -1.3115970185 1068.9965327440 1.9550105979
0.6604095905 2.0829714722 -0.9379156950 901.4009311578 74.6861052815
0.6471853462 2.0880566141 -0.6773740498 798.3037697816 150.7740582187
0.6892817683 2.0844330099 -0.6493308926 774.4080913065 140.9986478988
0.6149241260 2.1417820874 -0.0629871951 547.5918434302 344.1575579044
0.8744611877 1.9175934359 -0.1030143606 473.3661186951 184.0311322075
0.5774336625 2.1372701750 0.2631028182 413.5365674251 454.7577686998
0.8440934580 2.1902962990 0.6325766983 189.5916966900 451.9077230418
0.8537553440 2.0649362087 0.8229180708 67.5543077412 495.0884106676
0.9700709065 2.0495125061 -0.3789924060 580.2932976691 95.9639806487
1.1070298076 2.0352606546 -0.4010910561 551.5549452091 33.5856126216
0.9446028517 1.9229887471 0.1001881458 358.0015030482 215.3147586895
0.8794509136 1.9301087444 0.2419634107 309.0410939313 288.6827471199
1.1616785174 2.1777586275 0.6995493964 83.4161790398 337.3017679788
0.8423272991 2.1471504388 0.7368052803 132.7899980434 479.8327289933
1.2937655825 2.1835571116 -0.3637297557 498.7191602620 12.0308532521
1.2837850472 1.9308362974 0.0489517471 292.6953111486 59.2695007377
1.2067308529 1.8145079988 0.3760143933 128.0548404297 159.5476618307
1.3824741782 1.8443921632 0.4398958625 60.1673089733 108.7783140934

gimbalangles:
-2.6009030413 1.9640106222 -1.8001858720 0.3527135098

end: