T_CW:
-0.6922299458 -0.5771086517 -0.4333166351 -0.0283906895
0.6515596111 -0.7579467977 -0.0314121792 -0.0414894826
-0.3103027156 -0.3040760693 0.9006941594 0.0007210360
0.0000000000 0.0000000000 0.0000000000 1.0000000000

T_CW_cov:
0.0000007618 -0.0000000873 0.0000002456 0.0000002388 0.0000017517 -0.0000001552
-0.0000000873 0.0000006029 -0.0000000370 -0.0000015213 -0.0000001859 0.0000006748
0.0000002456 -0.0000000370 0.0000001627 0.0000001067 0.0000005428 -0.0000000611
0.0000002388 -0.0000015213 0.0000001067 0.0000039051 0.0000005103 -0.0000016778
0.0000017517 -0.0000001859 0.0000005428 0.0000005103 0.0000040957 -0.0000003321
-0.0000001552 0.0000006748 -0.0000000611 -0.0000016778 -0.0000003321 0.0000012244

target_points_pix:
-2.1577169249 -2.0900886607 2.1560159398 1302.0531608529 370.6477965878
-1.8205513716 -1.8539815623 2.1708675190 1194.4239326072 387.4126302851
-1.8940084995 -1.3053080587 1.7403363851 1264.7096479905 190.0233608872
-2.0091242071 -1.5266788741 2.1918412747 1172.9638423808 246.0627456524
-2.0181276559 -1.3670615946 1.6597350510 1338.9318835009 174.5268160332
-2.0715417951 -1.0999155389 1.8140378232 1239.5940974705 71.2035739938
-2.1601976832 -1.3969820484 2.1325527845 1201.5974842716 169.0305711492
-2.0712680862 -1.0120674284 1.5801333760 1319.0304772409 14.7876363896
-1.9410901464 -0.8704431763 2.1886828746 1039.2305720620 51.8657769415
-1.6857597907 -1.9201982601 1.7472558660 1325.4452452502 459.0857187984
-1.7163969981 -1.9424204537 1.8241035593 1306.1024591406 453.3202228567
-1.7144486529 -1.9494999168 1.8001749558 1316.0536726548 457.2036382062
-1.8376208028 -1.3986412426 1.9843047112 1179.2540040588 244.9295463098
-1.7406374193 -1.0936757889 2.1155215076 1055.7866334831 172.5375155663
-1.9181548710 -1.1397635821 1.9002174330 1178.5767376344 131.6738944095
-1.9201860327 -0.7365601944 2.1138446954 1029.0294799284 2.8250135077
-1.4345630110 -1.9480497647 2.1067913521 1147.3578159587 518.5861067323
-1.6418744551 -1.6491881372 1.9199144122 1202.2235046517 379.4213974630
-1.3034271601 -1.5161158684 1.9596908684 1079.9849529615 433.5231718530
-1.4903796230 -1.3162535663 2.0031783783 1072.7068502191 312.1517715069
-1.6945808444 -0.9491395063 1.9547338343 1064.5566987187 125.0239521371
-1.6008702808 -0.9271942868 1.9227041576 1045.0548842732 140.4992223095
-1.1990013864 -1.8697163463 1.6795631153 1226.6429204470 603.1091318524
-1.1080738629 -2.1555537896 1.8203275307 1206.2326437139 704.5055811940
-1.3162488186 -1.9748889999 1.9107765478 1189.6101043641 575.5582116853
-1.2004403891 -1.6231256426 2.0650813680 1042.7975793305 492.4786199306
-1.2792353699 -1.4813006667 1.8386399254 1107.1556473039 434.7333014483
-1.1328242362 -1.1343903193 2.1417891856 897.7391899020 352.1560802592
-1.1783442775 -1.0439553505 2.0833989006 905.3036802338 308.3459477636
-1.2923319893 -0.9081134618 1.9543458735 943.0423457132 223.4152792380
-1.1887777022 -0.4019114252 2.1158237999 739.1782467404 64.9803733528
-0.9253921880 -1.9868740323 1.8985060744 1100.0657976254 704.9814841972
-0.9221783874 -1.5563922385 1.9731576785 982.5340136711 564.7717147626
-1.0195856035 -1.5838213121 1.9736400961 1015.1795087406 542.1472318637
-0.8843979190 -1.2203804914 2.0859794157 861.3989456605 458.1163577472
-0.9555390861 -1.0998187137 2.1559255424 835.4690390232 392.6079629852
-1.1012581378 -0.8421878402 2.1605573023 814.6961814475 259.9248441847
-1.1457455828 -0.3113252397 1.9805820995 730.9903325363 25.4829926357
-0.8781739375 -1.7072436207 1.9385342933 1014.8100260072 630.6737376823
-0.6329874209 -1.6385831808 2.0241614124 904.8126653348 681.4098429858
-0.8232053384 -1.2564898236 2.0378835975 864.7097674075 492.8234018583
-0.6537527615 -1.0800348545 1.9713680955 782.6660855869 492.6209068110
-0.9385164706 -0.9290011284 1.9361995988 844.3898594167 341.5663266806
-0.8842031688 -0.4041610984 2.0415485524 651.6863988508 150.5971729614
-0.4538797609 -1.3953934417 2.0348132402 786.8516960009 665.1698123671
-0.5912305803 -1.1763455786 2.1451924369 746.9248203713 533.7457243403
-0.5255609888 -0.9098059889 1.9541070354 693.5857699963 475.8857120279
-0.5908605550 -0.7098567897 1.9984922096 646.8553812002 372.3380824349
-0.4990515587 -0.3377939333 1.9581783395 495.4545637784 247.1961021813
-0.5510951216 -0.1488794278 1.8609892699 463.8844474082 133.2581559128
-0.4422031306 -0.1277309666 2.1911526990 367.7985568245 182.9745486042
-0.3039230666 -1.1821441928 1.8524613974 719.9062190341 674.5134491314
-0.1512404828 -1.1721262486 2.1677136737 595.9415156075 682.2197608924
-0.3430276184 -0.7280270371 1.9307200202 571.3230256526 473.8802853383
-0.3749660211 -0.6955749309 1.9735878393 565.1318030661 445.6954423624
-0.0771641855 -0.2677552512 1.8928098971 281.7304004888 379.3968094193
-0.2141776790 0.0583486682 1.8244665464 210.8442350981 152.0805850523
-0.2747389544 0.0730802433 1.9948622906 228.7889684843 134.5791218410
-0.1317398019 -0.8625940140 1.9592129642 526.8182892251 607.8977259739
0.1660211308 -0.6568996674 2.0002943460 317.0217829980 644.7400552714
0.0659715226 -0.5703287950 1.9232029644 335.8823233058 576.2134971559
0.0447136718 -0.3228128833 2.0158740260 237.5801477512 449.3791309730
-0.1803860305 -0.1054215835 1.8343167758 267.4643670494 254.8473067886
-0.1756227747 0.1237290828 1.9857400813 156.2665505255 145.3577835627
0.2879071250 -0.4861743307 2.1962146367 183.4554660269 599.4895083849
0.3040168298 -0.2846498942 2.1388255025 92.2868560811 529.9265469452

gimbalangles:
-1.1250672803 -1.1745749155 3.1080097103 2.6124046737

end: