T_CW:
-0.5948734152 -0.8038000084 0.0055826871 -0.0542789154
-0.0012786751 0.0078914636 0.9999680444 0.0280210078
-0.8038183781 0.5948472672 -0.0057222209 0.0101258298
0.0000000000 0.0000000000 0.0000000000 1.0000000000

T_CW_cov:
0.0000005321 -0.0000000064 -0.0000000966 0.0000000147 0.0000012351 0.0000000238
-0.0000000064 0.0000012467 -0.0000000422 -0.0000030490 -0.0000000299 -0.0000005973
-0.0000000966 -0.0000000422 0.0000001300 0.0000001043 -0.0000002152 0.0000000175
0.0000000147 -0.0000030490 0.0000001043 0.0000075205 0.0000000709 0.0000014443
0.0000012351 -0.0000000299 -0.0000002152 0.0000000709 0.0000029287 0.0000000712
0.0000000238 -0.0000005973 0.0000000175 0.0000014443 0.0000000712 0.0000008073

target_points_pix:
-2.1816244200 0.2296391180 -0.0710292623 1327.3728992818 322.2154075433
-1.9675215332 0.3735704689 0.1902147838 1205.0146249909 489.9366012505
-2.0791652291 0.3295714681 -0.3363269805 1247.6613116208 157.6601115855
-1.8402832734 0.4158654489 -0.1641496241 1153.8863255471 258.4041327812
-1.9344931987 0.4325288222 0.0665921622 1159.7946965210 410.4751886156
-1.9133212325 0.3814166405 0.4228418836 1192.1861115194 645.8489004118
-1.9276225520 0.5546474071 -0.3245354469 1079.1475582734 167.2728364308
-1.8713581895 0.5522859957 -0.2850187113 1069.5164620092 187.7193437174
-1.8224931774 0.7448238787 0.1113938527 945.5121153265 436.2134405310
-2.1551667523 0.8701160953 0.2237557347 956.1679899975 481.3739897945
-1.8270632441 0.8325440399 0.3756327394 899.5767422617 590.2780195829
-2.1695389388 1.1810225265 -0.6431337417 819.1536898511 60.1170624720
-1.9948059239 1.0655745301 -0.1236212339 827.2004335320 302.4935156386
-2.1700906082 1.1508405723 -0.0162742313 833.2867670886 357.7395441578
-1.8367116007 0.8470277910 0.1536552899 893.5905170835 458.2499987859
-1.9986951364 1.1030106421 0.5814468094 813.8007324512 664.9593872448
-2.0290123060 1.2616487263 -0.4540971774 751.8562757979 144.7796528285
-2.0326420221 1.4386671003 -0.3715805411 684.7888732241 192.7117481265
-1.9996192975 1.1557197899 -0.0691214088 789.0895092660 331.5670492677
-1.8508449086 1.2533294366 0.1209409021 706.8809669276 430.3055226395
-1.8275087156 1.2445718864 0.4833325022 704.7839174136 621.4867445248
-1.9009715403 1.5663851847 -0.7367942106 600.0148128075 19.1475564388
-2.1088004373 1.4267765867 -0.4272348695 709.3787429888 170.5436617225
-2.1735839590 1.4343336267 -0.3174998151 723.4060900906 223.4247304326
-2.1721225624 1.4984821487 -0.1178589294 700.5810623739 313.3328131247
-2.1038104307 1.5453454380 0.3154965260 667.5165663375 505.9655523485
-1.8756328916 1.4181544575 0.6779339873 650.4095585515 701.5031971331
-1.8274701935 1.3188779672 0.6038785279 674.5339222810 678.3732926048
-2.0007657291 1.7629935701 -0.6819514061 564.0568357242 68.0300376209
-1.8246755636 1.8365637605 -0.4718921123 486.7490484582 152.8558337323
-2.1978652673 1.5512577920 -0.0820733873 688.8512822033 329.6305595834
-1.8147805824 1.7005286935 -0.0912446736 528.1354191934 324.1332177669
-1.8687607905 1.6395216927 0.3740385226 567.2539258435 541.9711410440
-1.8980237103 1.9209957642 0.3535455110 486.3466393745 519.9581876689
-1.8992891162 1.6958315500 0.5927369583 558.4582129359 637.7234119562
-1.9677202375 1.9539953751 -0.8044858142 495.7927012222 25.8167996743
-1.9339633712 2.1588428389 -0.7672586114 428.0566919743 52.4218411850
-1.8537363930 2.1767514966 -0.4751485786 398.0903341318 168.3257446505
-2.0009461426 1.8884255044 -0.3091342856 525.9253441887 234.4036811315
-2.0839185599 2.1121327543 -0.1787392208 486.2626069136 294.3875277555
-1.8007556983 1.9812678047 0.0551784552 436.2266273872 391.0429279479
-2.0021261078 2.0086463683 0.6719158105 493.4360404085 643.5598936330
-1.8671153541 2.1795732671 0.7269835846 404.5309096087 667.2254485716
-1.9389521875 2.1841326748 -0.6648628523 422.9595645612 95.9619005273
-1.8042215426 1.8813328659 -0.2818446438 466.5235775888 239.5516818594
-1.7767929336 2.0072491973 -0.1782002063 420.0969778031 287.9552532464
-1.7534698406 2.0793769081 0.4493600074 393.2191235896 563.5702790390
-1.8353667562 2.1089405381 0.3759185790 412.2893043414 525.9899910190
-1.7604356880 2.0656598370 0.6575958443 400.1580648841 654.9265742670
-1.4983317879 2.0936842145 -0.5888533520 292.0178095858 90.0190048878
-1.6571184784 1.8321234448 -0.0621704696 431.1767258351 337.9576161330
-1.4726534281 2.0034281786 -0.0936720132 307.8803834690 322.8602801853
-1.5475518711 1.9219229687 0.2115461638 362.8357598702 470.8748041410
-1.4598821192 2.0390700871 0.4072914279 293.8529438671 566.0065821980
-1.1860357705 2.0705200626 -0.6054671996 158.8051261076 50.4546990270
-1.4194715783 2.0828748510 -0.3704728398 262.6677908376 188.5712721803
-1.2776452368 1.8694489727 0.0047508315 262.3666579512 372.7534581274
-1.0730605838 2.0018530190 0.3056842560 120.8921344632 543.0232042390
-1.2085726006 2.0127526755 0.3547681015 187.9733636614 559.1879795648
-1.4250652760 2.0144635608 0.6554444686 287.3816318965 692.1023564686
-1.1448503223 1.9295688788 -0.5001948033 177.7252610081 91.7940140012
-1.0393066434 1.9475716529 -0.2178789547 115.9283280896 245.7410826921
-0.9593756649 2.0777024999 -0.1501370496 34.9580116702 285.7799282517
-1.1747783765 1.9710647288 0.4070187887 183.2879079271 592.6305037484

gimbalangles:
1.2273773172 3.1398165008 1.4379336919 0.5872316474

end: