T_CW:
-0.8520328495 -0.5090968330 0.1219033963 -0.0060829984
0.2237841732 -0.1437019586 0.9639867172 -0.0293284263
-0.4732448279 0.8486284003 0.2363666031 -0.0382351382
0.0000000000 0.0000000000 0.0000000000 1.0000000000

T_CW_cov:
0.0000006208 0.0000001441 0.0000001329 -0.0000003515 0.0000014558 -0.0000000726
0.0000001441 0.0000009480 0.0000000603 -0.0000023852 0.0000003438 0.0000004861
0.0000001329 0.0000000603 0.0000001242 -0.0000001394 0.0000002993 -0.0000000001
-0.0000003515 -0.0000023852 -0.0000001394 0.0000060646 -0.0000008399 -0.0000012117
0.0000014558 0.0000003438 0.0000002993 -0.0000008399 0.0000034756 -0.0000001556
-0.0000000726 0.0000004861 -0.0000000001 -0.0000012117 -0.0000001556 0.0000007348

target_points_pix:
-1.8508449086 1.2533294366 0.1209409021 1251.9600175336 39.1653780012
-1.8275087156 1.2445718864 0.4833325022 1249.4100497867 257.5430320870
-2.0172029321 1.2486872717 0.8703872773 1310.2767001640 441.3907846599
-1.9405160173 1.1789700837 0.9741703808 1321.5755470516 514.7268663622
-1.8916370934 1.3278553278 1.0832120916 1231.6601640011 554.4865203521
-2.1038104307 1.5453454380 0.3154965260 1196.7818942832 137.6521356072
-1.8756328916 1.4181544575 0.6779339873 1182.0867429278 346.4134428836
-1.8274701935 1.3188779672 0.6038785279 1211.9273655143 320.4784107757
-2.0616398675 1.6203105521 0.9227851073 1158.6507797484 422.6652280948
-2.0295159197 1.3798678963 1.3475086282 1251.2012281027 643.8665421965
-1.8687607905 1.6395216927 0.3740385226 1081.1987197230 184.1799819529
-1.8980237103 1.9209957642 0.3535455110 989.0372439267 169.5808258163
-1.8992891162 1.6958315500 0.5927369583 1073.9766492290 285.5877329393
-2.1280136359 1.9030231084 1.1200182238 1080.2593549723 469.3825942369
-2.0767536092 1.5913540197 1.1734617687 1176.7690223177 531.2111278937
-1.8253463033 1.5593904134 1.3326244354 1114.7849680879 640.6225430897
-1.8007556983 1.9812678047 0.0551784552 928.1885675134 37.1216994475
-2.0021261078 2.0086463683 0.6719158105 1001.6323470600 296.4777038981
-1.8671153541 2.1795732671 0.7269835846 912.7131836527 322.1319836229
-1.9047003350 1.8680613442 1.0806603821 1025.8189682452 483.3915502355
-1.9973255520 2.0750879804 1.4269123231 997.6915798078 579.4885931107
-1.8124172708 1.9439885406 1.3066086394 979.4686712698 575.1848917351
-2.1776395406 1.8313567705 1.6540360034 1124.3129511183 669.1525442730
-1.7534698406 2.0793769081 0.4493600074 895.7249053146 220.3281778446
-1.8353667562 2.1089405381 0.3759185790 911.6429483902 182.1918226726
-1.7604356880 2.0656598370 0.6575958443 908.8036874054 309.1552877404
-1.7705647096 1.9172214653 0.8435902795 962.1736716160 396.2049046986
-1.5673731990 2.1856570907 1.4301868938 841.6570135377 621.8029954722
-1.7142549144 1.9451759251 1.5629844682 955.9735419739 685.8597486563
-1.5475518711 1.9219229687 0.2115461638 860.8764078585 126.1118065005
-1.4598821192 2.0390700871 0.4072914279 802.1195846186 225.6845349363
-1.6794329719 2.0021970623 0.8621467882 907.3049702376 407.0592982735
-1.4209454531 1.8676090554 1.0841520386 865.7194828730 548.6856155427
-1.3899147558 2.1238306384 1.3530480406 796.2739864569 626.3548495484
-1.3728960194 2.0609641576 1.3938533902 808.0081606564 654.2660767418
-1.2776452368 1.8694489727 0.0047508315 756.7788596558 32.3463664534
-1.0730605838 2.0018530190 0.3056842560 648.6404223016 209.7908151416
-1.2085726006 2.0127526755 0.3547681015 707.2889858911 222.4919703718
-1.4250652760 2.0144635608 0.6554444686 807.0968377121 343.7123587275
-1.3457046956 1.9663000365 1.0873481235 810.3109723438 547.4111163808
-1.1680323593 2.0223801191 1.2503392272 737.4612452382 634.1045333898
-1.0704080031 2.0702471482 1.3645704063 694.9363245667 688.6134362666
-0.8521590024 1.9558607454 0.3663922634 560.7451913036 264.7805567127
-1.1747783765 1.9710647288 0.4070187887 707.0226421716 253.0173177588
-0.9249999966 1.8887475075 0.8621447902 647.7355225624 517.2414055189
-0.9069592067 2.1009950598 1.1466473560 610.0447937007 618.3489663999
-1.1549661397 2.1099652787 1.3731370306 717.7932053481 671.5649045377
-0.6547912955 2.0870834084 0.0211341981 402.1219134430 87.2566173695
-0.8817151466 2.0931652498 0.1051209762 524.5338825532 118.5072428624
-0.8630691661 1.9261983014 0.5737511127 589.0834824219 375.7747838207
-0.7731890428 2.0682027516 0.6651492623 522.9651725627 420.0862823383
-0.8565034793 2.1796840996 1.0994869736 569.8997791673 593.4640736408
-0.6412038263 2.0387083890 -0.1132956810 388.9466116242 6.0790556846
-0.3102710352 1.9260298101 0.1150357669 229.0234461297 172.3402744282
-0.6231705820 2.1520952738 0.5384759296 424.4685909496 367.9797780783
-0.4974786646 2.1872748934 0.6050544679 362.1442910325 414.2435595273
-0.6114223086 2.1682011349 0.8039420480 439.8743926295 497.9865705210
-0.3254142569 2.0063571584 0.0721937411 224.6503589144 142.8980107242
-0.2945068937 2.1581701266 0.2369112271 212.2299493374 242.6763970797
-0.3564413644 1.8880841855 0.3603360344 296.3134684088 325.0734085899
-0.2678971448 1.9786763423 0.6461625591 266.0424439064 496.9051851784
-0.0743889678 1.9947732545 0.8872855405 176.6760594162 664.6284774401
-0.1806544141 2.1115250387 0.4424313824 173.4506064692 377.8597455965
0.0637301572 1.9298115973 0.6674237794 53.3287021680 580.7553459937
0.1362588165 1.9407112360 0.8236560383 27.4548917362 688.2970661871

gimbalangles:
-1.2453549760 -0.7083841744 -1.9089224558 -3.0680285260

end: