T_CW:
0.7650661073 0.1835841473 0.6172282498 -0.0235217008
-0.6410071924 0.3086726955 0.7027310626 -0.0238072638
-0.0615112247 -0.9332834660 0.3538337764 -0.0225418252
0.0000000000 0.0000000000 0.0000000000 1.0000000000

T_CW_cov:
0.0000014516 0.0000001454 0.0000001645 -0.0000003407 0.0000031992 -0.0000002265
0.0000001454 0.0000008349 0.0000000220 -0.0000019961 0.0000003301 0.0000002429
0.0000001645 0.0000000220 0.0000001223 -0.0000000405 0.0000003504 -0.0000000245
-0.0000003407 -0.0000019961 -0.0000000405 0.0000048420 -0.0000007747 -0.0000005670
0.0000031992 0.0000003301 0.0000003504 -0.0000007747 0.0000071185 -0.0000004800
-0.0000002265 0.0000002429 -0.0000000245 -0.0000005670 -0.0000004800 0.0000006080

target_points_pix:
-1.0540651075 -1.9318002681 0.1505068516 32.0336945663 444.0612746694
-1.0817565838 -1.8792648318 0.4912548355 170.2357685417 601.4597401403
-1.2632768288 -2.1108735220 0.5969392310 172.3051317791 632.8513566746
-0.8524976807 -2.0244151995 0.1476430308 132.9321118258 346.8469236688
-0.9396370708 -1.8606308446 0.3999390077 187.1320310572 518.9414677427
-0.9669781436 -2.0218379039 0.4458862138 215.0872471249 505.1189667906
-0.8632153327 -2.1951362328 0.0753490344 122.6933071420 293.5378982657
-0.8519744113 -2.1769645328 0.5888393439 327.8012841762 481.5042650010
-0.8775675189 -1.8920998899 0.6469472021 323.7379219336 580.8370362128
-0.5895447936 -2.1814890315 1.0807681265 588.4099445297 557.2061297493
-0.5877027471 -2.1220845631 -0.1952625424 104.0387780162 81.1368511965
-0.6397658702 -1.9962388135 0.1742825485 231.8547067278 281.8246378606
-0.6116385735 -1.9244833139 0.2116265258 253.3462750602 298.6639582465
-0.4325781601 -2.0189382781 0.6542944798 512.5354629858 395.9309632351
-0.5978313398 -1.8136166030 0.7968120605 500.9225470676 556.7678773858
-0.6591070981 -1.8952607316 0.8360988004 488.6456348471 570.5199672726
-0.4314038252 -2.1946561083 1.3378480915 718.0182322701 584.2249433916
-0.0944812710 -2.1207718532 0.3757183913 547.7205710831 149.4992873712
-0.2052529308 -1.8765071645 0.6709729072 622.0049457640 346.5022164518
-0.0640343529 -1.8636812979 0.6053195840 662.0222749611 266.4887862673
-0.2626109524 -1.9012010245 0.8569957053 661.7189127189 436.4901171813
-0.2130760003 -1.8837814577 1.3994880845 856.2693329494 613.7595054781
-0.2971498472 -1.8274972740 1.4238840803 838.9696003468 665.0134958833
-0.1290984689 -1.8799520440 1.6184369499 950.7293672920 656.6769130867
0.1031985642 -2.0237017061 0.3770378668 638.4919301028 83.1557760306
-0.0867096381 -2.0599473734 0.6438311679 648.3408406655 263.5412523521
-0.0082648627 -1.8464519956 0.7489576395 741.0267976282 309.5908708741
0.0992655328 -1.8160531701 1.1489631850 924.0730078390 436.1347830904
-0.0691974391 -1.9679585983 1.3342315523 880.1074565649 524.9748808585
-0.0813568608 -1.9952042606 1.5518616773 929.4404876952 591.3475051439
0.1407377730 -2.0740532419 1.8026001344 1055.6585314150 581.2808515007
0.3856048613 -2.0644488885 0.8375832259 903.0052546937 174.8579548060
0.1577903565 -1.8330497167 1.0748954304 923.4470625814 383.0127246569
0.1584781136 -2.1030647164 1.2713199717 926.3223054960 404.6613109647
0.2623897197 -1.8924316100 1.6516444291 1109.0820337983 540.1365578325
0.3273020007 -2.1507140314 1.5758557269 1053.6416356025 443.3923343592
0.2179794437 -1.9398591482 2.1565211865 1192.9386642487 691.5094546232
0.2907976099 -1.5650827477 1.8241737765 1263.6217784011 677.4639586426
0.5355660298 -2.0704793787 0.5698046772 884.8313500258 5.8502185077
0.5223772533 -1.8132336699 0.6615021006 964.3981997986 63.1983728838
0.3575435516 -1.9920009830 0.8771665099 917.0837178546 208.1457522603
0.6917773136 -1.9068147154 1.2075327747 1170.9758551344 233.0595637339
0.5948438909 -1.9414127985 1.5529557360 1203.3206737128 390.1000780656
0.3427889427 -1.9256250169 1.6404597601 1129.0703713916 503.5148641695
0.3367093649 -2.0516755202 1.8159351843 1134.1571925373 533.1553511904
0.4292165778 -1.7298993246 1.9293665519 1288.7925898381 616.6420418911
0.7827276560 -1.8566355650 1.0901315129 1196.8303696329 156.3462418824
0.8001707562 -2.1894376982 1.0828871638 1104.8139482527 122.1112793578
0.6981667083 -2.1476755237 1.5894955019 1191.6162463775 337.9837447476
0.5878886637 -1.8797234504 1.5684052387 1223.0785631459 408.8795050818
1.1486814001 -2.0456698194 1.1108549276 1293.8793150882 23.0674674073
0.8656159640 -2.0451747626 1.1568062153 1188.5290153085 139.2125155599

gimbalangles:
0.7552926050 -0.0735104277 -3.0740019578 1.6549543656

end: