T_CW:
0.7658040463 0.4343305887 -0.4742373903 -0.0727766286
0.6287991782 -0.6602596855 0.4106930011 -0.0101412311
-0.1347432972 -0.6127104433 -0.7787362561 -0.0233038743
0.0000000000 0.0000000000 0.0000000000 1.0000000000

T_CW_cov:
0.0000008211 0.0000003370 -0.0000001547 -0.0000008760 0.0000020162 -0.0000001554
0.0000003370 0.0000008546 -0.0000001030 -0.0000022636 0.0000007921 -0.0000004250
-0.0000001547 -0.0000001030 0.0000001108 0.0000002740 -0.0000003704 0.0000000508
-0.0000008760 -0.0000022636 0.0000002740 0.0000060579 -0.0000020571 0.0000011073
0.0000020162 0.0000007921 -0.0000003704 -0.0000020571 0.0000050117 -0.0000003554
-0.0000001554 -0.0000004250 0.0000000508 0.0000011073 -0.0000003554 0.0000006574

target_points_pix:
-1.9221166002 -1.9663354306 -2.1468861812 179.9455475271 46.6353834142
-1.9802765316 -1.8045886900 -1.7091154059 23.2810452175 14.9013068904
-1.6528525047 -1.8988645247 -1.9727573103 202.5816029062 103.2036572454
-1.6971427193 -1.9147061648 -1.5994332875 58.8042762082 138.2093672695
-1.4411075920 -2.0047310802 -2.1884385161 314.1282794069 161.9531553005
-1.5636460166 -2.1015147070 -1.7670923026 147.8650834918 210.9808356167
-1.4260408633 -1.8229054887 -1.5300131216 119.4417617169 190.5936654867
-1.3399871004 -2.0056671780 -1.2549875334 24.1771094381 324.2271310073
-1.5219180490 -1.8699384584 -1.8978367480 217.7261365838 134.0099866883
-1.4682522470 -1.5686725384 -2.0065486827 293.5009700958 34.9868042828
-1.0892432491 -2.1781532013 -2.1928852506 392.0940154579 288.4022515827
-1.1045450740 -2.0836019116 -1.7259294662 267.7482365224 330.1844251378
-1.1903101363 -1.9710198513 -1.5405061849 188.1005182739 305.0222713978
-1.2890348075 -1.9994550703 -1.3783793257 92.8995849050 314.3329147515
-1.2316108156 -1.6002939991 -2.0136714895 364.6669824916 106.1644050960
-1.1236390632 -1.6723554829 -1.9513804356 371.6603072421 165.9447812254
-0.9278648461 -2.1623143671 -1.9122754340 366.0125713797 365.7586710370
-1.1970903097 -2.0119519131 -1.8409716733 282.3288392458 267.1852689113
-1.0262459419 -2.1327927978 -1.4283592435 187.2952106330 422.1382716467
-0.9575045136 -1.9115817110 -1.1792712318 126.8763888415 433.3925707329
-0.8443794031 -1.8071398690 -1.0955409877 138.7525970428 460.2439848221
-1.0920435109 -1.8769257744 -1.8507553072 329.3692813011 252.9774098849
-0.8217986006 -1.4231447447 -2.0815741753 538.2934366689 146.6096588483
-0.6316084140 -2.0274981562 -1.8786262742 460.1209068509 413.6496081406
-0.9035524778 -1.8286837590 -1.7451155714 361.4154758480 306.7531213329
-0.9479648369 -1.9014220938 -1.5210612308 265.4304937685 357.7906327167
-0.9432146670 -2.0560567738 -1.2161047290 137.8691118249 473.8173578541
-0.7223513166 -2.0494162625 -1.0749999326 157.1392350469 585.1252001729
-0.6319736503 -1.7177400197 -2.0925003425 556.4861726638 290.0462739665
-0.8635723492 -1.6173579517 -1.8943794162 445.2536210318 226.5155265848
-0.7482452858 -1.2476348032 -2.1539879505 610.7632495025 95.6410029722
-0.9203595300 -1.1508216233 -2.0333945953 536.2109228421 22.2225801264
-0.5661656735 -0.8955550283 -2.1500965413 749.5037423071 8.8858404482
-0.5144810341 -2.0414948860 -1.8602799657 489.6177779915 452.5447865221
-0.6620010583 -2.1660087974 -1.6901725747 382.5893229711 479.2110820981
-0.4142942321 -2.0953978622 -1.3107196396 354.6435079464 631.7410975408
-0.5530260388 -2.0939750219 -1.1044124804 228.0391285756 647.7708532871
-0.6599330818 -1.6619423208 -2.0552645162 547.2791580774 271.7982354009
-0.4940653931 -1.4320781224 -1.9938969174 627.1546908424 254.9058228206
-0.6363881488 -1.3993371856 -1.9196929323 563.9712807603 213.7416118472
-0.3824353557 -0.9165060577 -2.1160848033 809.8817271047 77.8305392238
-0.1465099906 -1.8328272246 -1.8981954512 650.7072205519 493.7531312339
-0.3223157237 -2.0889569064 -1.5800920492 470.3604606208 584.2350411926
-0.3090886800 -1.9464609966 -1.6565812355 517.2045832873 532.7339043031
-0.3426600909 -1.6986843663 -2.0131679466 634.7627727982 377.1277086887
-0.1400668675 -1.5443412508 -1.8055001948 689.0591555983 435.8452574740
-0.2770033012 -1.3320833847 -1.9451609895 715.3051982992 294.8905901659
-0.1016370398 -0.8478833114 -1.8389819135 895.8411032033 184.2907977329
-0.3325738895 -0.8965445115 -1.9779077857 807.0602852174 103.1979635539
0.1335359145 -1.8428479847 -1.9814673882 760.1779536695 557.6845774966
0.1715342562 -1.8377072737 -1.7077555890 720.0868635320 641.1242027950
-0.1848550685 -2.1502072710 -1.5052238707 486.9860911474 661.4024256371
-0.0493717641 -1.9211444237 -1.8066152366 647.0642194089 566.6302148108
-0.0107507729 -1.4624962367 -2.1410767009 821.7592372743 378.3176660442
-0.0377600212 -1.2511955147 -2.1143219560 858.1750004179 309.3254309848
0.1874298682 -1.0887540870 -1.9766534841 971.9341022735 354.3386598223
-0.1494214754 -0.9296626480 -2.1805353935 911.7598685609 147.3320545937
0.4152243284 -1.8347950724 -1.8048647437 829.2211900098 689.0994809029
0.0848713846 -1.9450227874 -1.7652455950 679.5894640618 623.5554491402
0.2918924149 -1.8026157144 -1.9498619558 817.7996847004 602.5951520536
0.3887196067 -1.5483946661 -1.8073259798 892.9130320086 609.2768521518
0.2030463646 -1.2799541855 -2.0787731241 937.1557954539 400.4111185799
0.1329317930 -1.0930724451 -2.0607536919 960.3807574208 319.5911294414
0.3966472926 -0.6178209378 -1.9947524702 1250.4595180483 237.6729081284
0.5109429233 -1.6663972622 -2.1643527627 959.7006146097 579.3676136020
0.4919235673 -1.5187523918 -1.9572107497 964.8205009806 591.8762048631
0.6904453826 -1.1610471457 -1.8405569797 1154.0193630215 595.8724419168
0.6549097224 -0.8437372576 -1.8678088051 1272.9359870781 466.0425543967
0.6287320914 -0.8865639983 -2.0414822743 1250.1432972283 422.0659954142
0.8306860570 -1.5674480567 -2.0795252806 1095.0695599323 676.3943825367
0.7895796516 -1.2201316833 -2.0024037326 1189.1030589774 597.3622204636
0.7746400239 -0.8335446310 -1.8636761699 1339.7503566890 512.0709960038
0.6130182170 -0.8421000308 -2.1969690064 1268.6964652514 361.8862103938
0.8616797140 -1.4018883489 -2.1571992865 1166.3239050312 623.5052059170

gimbalangles:
1.3370016792 2.1814234597 2.6086151069 -0.7238945040

end: