T_CW:
0.9699864897 -0.0578399042 -0.2361794980 0.0192768432
-0.1343787237 -0.9370100031 -0.3224199323 -0.0241000180
-0.2026538142 0.3444804778 -0.9166594962 -0.0494695035
0.0000000000 0.0000000000 0.0000000000 1.0000000000

T_CW_cov:
0.0000010636 0.0000000192 -0.0000001915 -0.0000000562 0.0000024256 0.0000001494
0.0000000192 0.0000004926 -0.0000000255 -0.0000012229 0.0000000465 -0.0000002803
-0.0000001915 -0.0000000255 0.0000001197 0.0000000640 -0.0000004261 -0.0000000144
-0.0000000562 -0.0000012229 0.0000000640 0.0000031003 -0.0000001348 0.0000006870
0.0000024256 0.0000000465 -0.0000004261 -0.0000001348 0.0000055951 0.0000003354
0.0000001494 -0.0000002803 -0.0000000144 0.0000006870 0.0000003354 0.0000006123

target_points_pix:
-1.8227064158 1.0494738780 -1.8443991983 27.0042904145 263.7781808569
-2.0911182403 1.3804638920 -2.1341007448 43.0929693979 201.8589402359
-2.0014347219 1.7078845289 -2.1012093477 81.1844140142 71.9799295307
-1.7025217749 0.2005152844 -2.1416149571 130.3792321146 697.2962106350
-1.7632616332 0.4374488688 -2.0163576747 74.7186032297 573.0172938856
-1.9167180805 0.6502726713 -2.0705326719 44.3389836977 482.9237653763
-1.6238184307 1.0130904683 -2.1368105390 196.3515406324 316.3428586949
-1.8572581003 1.1555460819 -2.1060237815 105.8060155984 268.0381626235
-1.9452187938 1.6869499342 -1.8862993651 35.1135552202 25.0071682159
-1.5791355639 0.5374848681 -1.9457535413 134.5314032331 507.3194590359
-1.6501355010 0.7157043292 -2.1087474774 165.5784539089 443.4079013158
-1.3592904140 1.0909658465 -2.1851856090 314.5037712536 275.1687894759
-1.5590499261 1.1874940771 -2.1526605445 231.7649865163 243.7830981428
-1.5757745729 1.6288697621 -1.9103398014 177.0545970025 20.9444279343
-1.3390051896 0.2640417268 -2.1356634694 289.0719316194 651.2011534027
-1.2803984165 0.4564333986 -1.8119563847 224.1221234855 520.3125860719
-1.3917419720 0.5734831894 -1.8785099623 198.2107518262 470.7442552524
-1.3356328486 0.9193998904 -1.8476235929 228.8690259124 288.6327831491
-1.1329537274 1.0838303633 -2.1376926140 395.6776033317 254.5028338866
-1.2190813476 1.3798719968 -1.9537120089 323.2912804860 99.0179480556
-1.1577294112 0.1871402594 -2.0430681388 346.4199432545 682.4360183441
-0.9213923119 0.6936566719 -1.8158918035 413.6398412553 366.4507210867
-0.8537358509 0.8313946700 -2.0701052063 503.4151058510 335.8408268969
-0.9197688999 1.1763899925 -2.0413765988 468.3684815469 179.9724101381
-0.8764536400 1.4059935960 -1.9572111547 472.1055017489 59.2785648268
-0.9414224818 1.3385083174 -2.0996017911 470.6648461692 127.3630029770
-0.7139063026 0.1884068236 -2.0970261339 582.7198981950 665.6359605948
-0.7638126571 0.6804874394 -1.8599272787 505.8955240715 369.5550576410
-0.8706004692 0.7609955734 -2.0348282237 488.6585713072 364.9637755324
-0.7257215869 1.1637273095 -1.9809265724 545.5193357944 155.7923440623
-0.7639138346 1.1025790106 -2.0546763088 540.9227069741 202.6319775645
-0.7660079664 1.5533281780 -2.0204985617 531.7896170060 7.1360708495
-0.6001629434 0.3259827887 -2.0581514561 633.5390076113 579.6267101784
-0.4989809361 0.9160976353 -2.1709690747 683.9583196278 289.3211309392
-0.3940264734 1.1357138824 -1.8565624263 691.8702066167 106.3533058081
-0.5995646106 1.0924402375 -2.1580213671 631.5888202719 215.9876528027
-0.2408813975 0.1413283700 -2.1010650757 845.8652617170 672.8468955086
-0.1022075754 0.1730192857 -1.9861493936 921.9572278981 640.8347414996
-0.3208123668 0.3495978570 -1.8800079703 767.9655151472 533.0363366461
-0.1141203188 0.8982665961 -1.9209505513 861.1549813467 214.3664858255
-0.1833770196 0.8149241496 -1.9777709131 830.8770977864 276.1078076314
-0.4015102129 1.1785525036 -2.0463174815 708.8286877208 137.2136109138
0.1452134591 0.1922630782 -2.0373477326 1077.2009077324 618.3450721032
-0.0050098914 0.5257213546 -2.1110537171 954.9540861209 439.2666197690
0.0873430322 0.7294019174 -1.9107975949 991.6151345337 284.0389629655
0.0852945478 1.0882388706 -2.0811940265 962.2297183840 143.7322075468
-0.1245320248 1.0722616496 -1.8954113751 843.5205871816 121.5126021110
0.2033738897 0.2628093811 -2.0669977459 1105.1223303762 573.1006471992
0.3473636227 0.3182278702 -1.9402510749 1204.4100570958 515.2357071660
0.3565354082 0.8722584079 -1.9663293335 1139.4069836542 195.5694040150
0.1374260910 1.1569632659 -1.9912398308 984.8291209578 82.4803464433
0.3684139713 0.2646838209 -2.1916892182 1198.0717577926 573.1162452401
0.4516216484 0.5414670465 -2.0961669823 1225.4827872278 395.6392979105
0.3549734842 0.6235175838 -2.1005371298 1156.1692240075 358.3728227986
0.5652056574 1.0015562950 -1.9226686031 1257.5495286733 94.4171765922
0.4395085623 1.3030301233 -2.0955778568 1133.2215890102 17.0651382113
0.7704231043 1.1919401564 -2.1147852834 1329.3105627870 39.5199322537
0.5889345469 1.1772651812 -2.0652336531 1232.7884882587 49.6274411692

gimbalangles:
2.8130636231 -1.8629898305 -0.1952744297 2.0710517477

end: