T_CW:
-0.3166394806 -0.9424062713 0.1077490567 -0.0304624208
0.3389085980 -0.0063048458 0.9407981777 0.0095814564
-0.8859347615 0.3344109280 0.3213859512 -0.0153904157
0.0000000000 0.0000000000 0.0000000000 1.0000000000

T_CW_cov:
0.0000008584 -0.0000000094 -0.0000001757 0.0000000176 0.0000019695 -0.0000001669
-0.0000000094 0.0000004591 0.0000000240 -0.0000011508 -0.0000000265 -0.0000002070
-0.0000001757 0.0000000240 0.0000001084 -0.0000000555 -0.0000004017 0.0000000248
0.0000000176 -0.0000011508 -0.0000000555 0.0000029420 0.0000000529 0.0000005242
0.0000019695 -0.0000000265 -0.0000004017 0.0000000529 0.0000045742 -0.0000003760
-0.0000001669 -0.0000002070 0.0000000248 0.0000005242 -0.0000003760 0.0000004845

target_points_pix:
-1.9229062442 -0.3082140199 0.9843758897 1276.2004049924 521.1404046000
-2.0743365237 -0.4312935493 1.3144054706 1328.7590943367 648.0860859557
-1.9936163080 -0.3491900121 1.3506891132 1283.8322666290 687.1981190488
-2.1653125976 -0.3185303887 0.2228715646 1290.1173137640 25.5897248294
-1.9953435832 -0.1856712384 0.4673006755 1203.8010495010 202.7048355643
-1.9613071819 -0.2579350469 0.9130657844 1242.3107865114 470.1753194636
-1.9042070367 -0.3653525365 0.8507424860 1322.8491051918 452.5214441756
-2.1302852152 -0.1175477064 1.4438084129 1142.2152789245 674.0304575947
-2.0390392157 0.0266576880 0.1803748992 1064.4595202046 24.2514311435
-2.1040212686 -0.1858632528 0.2189118048 1204.1785773378 33.8016675416
-2.1494438675 -0.1759117361 0.4480410634 1190.7244444466 170.7502644964
-2.0283383872 -0.1246051895 0.8113888460 1156.3506161533 396.4535323209
-1.8046124774 -0.0495427518 1.1526732136 1109.0166787068 636.5015867534
-1.9809671291 0.0274699197 1.3761547701 1063.8454196507 682.5596627121
-1.9675215332 0.3735704689 0.1902147838 843.5397416997 53.0154494198
-2.0887152358 0.0614816292 0.3387705058 1043.8531139422 120.2391552774
-2.0769750567 0.0640115888 0.5667352894 1042.9650340646 253.2206939534
-1.9941609900 0.2033970308 0.8960104621 962.6080231301 443.5037963796
-2.0626335454 0.1726966725 0.9732564367 984.1657543033 466.6737807603
-1.8845372814 0.1778926800 1.1541791776 974.9638845828 601.1112850318
-1.9133212325 0.3814166405 0.4228418836 841.2926972552 200.0993751648
-2.1177301546 0.5344848835 0.8821806181 800.9473205278 405.9513506242
-1.8701820746 0.5244063918 0.8043567602 771.7907113795 419.0874722171
-1.9257651132 0.3019272467 1.3910681690 914.8133426247 691.6501246627
-1.9086086352 0.5763656207 1.4363680868 778.0633547970 701.3897876609
-1.8224931774 0.7448238787 0.1113938527 599.2592973487 31.8388854267
-2.1551667523 0.8701160953 0.2237557347 613.2833025903 79.7457561425
-1.8270632441 0.8325440399 0.3756327394 573.9915001462 194.1415855971
-1.9080112085 0.6435965993 0.5817299777 702.8967619667 293.7698161109
-2.0781406045 0.7120699937 1.1639855175 725.0620841337 535.7162986799
-1.9848264743 0.8316703432 1.1949187813 659.3015689605 567.2212386320
-1.8367116007 0.8470277910 0.1536552899 550.4337929402 62.2731183041
-1.9986951364 1.1030106421 0.5814468094 500.4935454469 282.0119062714
-2.1424050024 0.9973981655 0.7258467959 586.1389761188 327.4661291721
-1.9724816085 0.8915645896 0.8103530575 606.7891076250 396.2625882364
-2.1613012954 1.0039976244 1.1786722693 613.8888450966 515.6594955179
-1.8508449086 1.2533294366 0.1209409021 349.6605497371 60.0997462391
-1.8275087156 1.2445718864 0.4833325022 384.7457566203 259.1245822800
-2.0172029321 1.2486872717 0.8703872773 465.9585422364 410.9675279640
-1.9405160173 1.1789700837 0.9741703808 485.7204806764 472.4187269089
-1.8916370934 1.3278553278 1.0832120916 422.1118524607 526.1713076597
-2.0602232200 1.1607167034 1.5327087823 555.9896821790 668.8763465733
-2.1038104307 1.5453454380 0.3154965260 321.3000539055 149.7972358470
-1.8756328916 1.4181544575 0.6779339873 343.6297435836 347.6579530238
-1.8274701935 1.3188779672 0.6038785279 364.2254668413 320.3359036966
-2.0616398675 1.6203105521 0.9227851073 338.5335232027 420.3644551931
-2.0295159197 1.3798678963 1.3475086282 454.2713455234 598.6219326450
-2.0033445242 1.4751897852 1.5390159869 428.2590062209 671.5872113789
-1.8687607905 1.6395216927 0.3740385226 219.2303315486 204.0421850981
-1.8980237103 1.9209957642 0.3535455110 120.3193310327 195.8953907785
-1.8992891162 1.6958315500 0.5927369583 232.1893494758 304.3614921300
-2.1280136359 1.9030231084 1.1200182238 275.8544595300 479.9592232764
-2.0767536092 1.5913540197 1.1734617687 374.0633601820 516.2890552683
-1.8253463033 1.5593904134 1.3326244354 337.8605855771 635.1085853849
-1.8007556983 1.9812678047 0.0551784552 21.2137240561 58.1554537987
-2.0021261078 2.0086463683 0.6719158105 161.2236466879 324.2984041178
-1.8671153541 2.1795732671 0.7269835846 66.6426577639 366.7482141255
-1.9047003350 1.8680613442 1.0806603821 223.6886789669 508.0489905595
-1.9973255520 2.0750879804 1.4269123231 215.5623823061 610.1283530159
-1.8124172708 1.9439885406 1.3066086394 194.4773187645 612.7926068860
-2.1776395406 1.8313567705 1.6540360034 354.4597316744 656.1086562032
-1.7534698406 2.0793769081 0.4493600074 22.6199715876 260.4792821189
-1.8353667562 2.1089405381 0.3759185790 33.8685924236 216.4055776737
-1.7604356880 2.0656598370 0.6575958443 58.2754994903 354.6022676247
-1.7705647096 1.9172214653 0.8435902795 137.7973034815 435.8270880635
-1.6794329719 2.0021970623 0.8621467882 77.7371148198 460.1943648463
-1.4209454531 1.8676090554 1.0841520386 58.8052831532 625.3770051040

gimbalangles:
0.9358873815 -0.6044522275 2.2182670287 -2.3103446043

end: