T_CW:
-0.1921835386 0.2055467421 -0.9595915924 -0.0221098435
-0.0865776896 -0.9775576369 -0.1920556435 0.0076705589
-0.9775325013 0.0461692899 0.2056662479 0.0270778338
0.0000000000 0.0000000000 0.0000000000 1.0000000000

T_CW_cov:
0.0000026147 0.0000002947 -0.0000003618 -0.0000006726 0.0000054884 -0.0000000067
0.0000002947 0.0000011353 -0.0000000603 -0.0000025414 0.0000006086 -0.0000005958
-0.0000003618 -0.0000000603 0.0000001832 0.0000001385 -0.0000007379 0.0000000124
-0.0000006726 -0.0000025414 0.0000001385 0.0000057653 -0.0000013898 0.0000012932
0.0000054884 0.0000006086 -0.0000007379 -0.0000013898 0.0000115948 -0.0000000024
-0.0000000067 -0.0000005958 0.0000000124 0.0000012932 -0.0000000024 0.0000009278

target_points_pix:
-2.1855105770 -0.6178990214 1.1340632223 292.3673468232 631.8941978832
-2.0588638247 -0.7122483844 1.2986722978 176.0001866082 668.1966615293
-1.8483290310 -0.4352708366 0.3157310814 650.4481372849 676.3032030988
-1.9499979981 -0.3936762340 0.4339978451 603.7782788484 623.9960684761
-1.9229062442 -0.3082140199 0.9843758897 325.8034830120 505.1086412736
-2.0743365237 -0.4312935493 1.3144054706 204.4503951692 525.4348592094
-1.9936163080 -0.3491900121 1.3506891132 172.9259671185 481.9417777891
-1.9282228052 -0.3422863927 -0.1986349192 976.9175044325 689.9320748203
-1.8307278366 -0.3649187074 -0.1020312630 914.3678239830 701.5064288307
-2.1653125976 -0.3185303887 0.2228715646 747.0912041374 594.8673337023
-1.9953435832 -0.1856712384 0.4673006755 616.8466027583 500.0166572688
-1.9613071819 -0.2579350469 0.9130657844 376.3010484749 485.7664781975
-1.9042070367 -0.3653525365 0.8507424860 380.2868926258 554.3377982737
-2.1302852152 -0.1175477064 1.4438084129 199.9525792370 360.4483422094
-1.9789144432 -0.3616366164 1.3896858685 149.6822944499 484.0362910500
-2.1850709518 0.1766330917 -0.3112378666 1086.7681957620 392.7209044856
-2.1302348748 0.1741631005 -0.1246265184 985.0053480113 371.8823847067
-2.0390392157 0.0266576880 0.1803748992 799.2966651233 416.4539549857
-2.1040212686 -0.1858632528 0.2189118048 759.0578937192 527.6106775867
-2.1494438675 -0.1759117361 0.4480410634 647.4512081587 493.7943434797
-2.0283383872 -0.1246051895 0.8113888460 455.9222003866 426.4268288055
-1.8046124774 -0.0495427518 1.1526732136 239.6854899238 340.9543942207
-1.9809671291 0.0274699197 1.3761547701 200.2646925650 288.2100713219
-1.9971031810 0.0676128431 1.5393206880 139.5107323362 254.5119840001
-2.0798085044 0.1619943565 1.7504717238 90.4385545445 199.2969715788
-2.0454334636 0.3772148178 -0.5915859606 1294.9990039940 303.1346003468
-2.1816244200 0.2296391180 -0.0710292623 960.0658448583 338.6110639799
-1.9675215332 0.3735704689 0.1902147838 829.9294792122 216.2527330985
-2.0887152358 0.0614816292 0.3387705058 722.2660841423 380.9849206638
-2.0769750567 0.0640115888 0.5667352894 605.3390784037 355.0767815155
-1.9941609900 0.2033970308 0.8960104621 444.9827778072 244.0555344683
-2.0626335454 0.1726966725 0.9732564367 419.5268408343 258.6784386502
-1.8845372814 0.1778926800 1.1541791776 290.8823795511 222.5957544949
-1.8934342542 0.1422119809 1.4707015038 143.4305374248 213.3424186931
-2.0959441577 0.4044296391 1.8913325777 66.6853779156 80.0217543177
-2.0791652291 0.3295714681 -0.3363269805 1127.3836448735 305.4473891379
-1.8402832734 0.4158654489 -0.1641496241 1051.7546712972 212.0935836938
-1.9344931987 0.4325288222 0.0665921622 907.4362011397 190.4977560460
-1.9133212325 0.3814166405 0.4228418836 696.9222412229 182.7796258913
-2.1177301546 0.5344848835 0.8821806181 511.2499751439 92.8287890637
-1.8701820746 0.5244063918 0.8043567602 503.2063576831 62.7004896457
-1.9257651132 0.3019272467 1.3910681690 208.1156240644 142.0601138970
-1.9015307072 0.4187649094 1.6939422795 81.6640627157 56.4840340833
-1.9276225520 0.5546474071 -0.3245354469 1163.0536730427 155.3877383430
-1.8713581895 0.5522859957 -0.2850187113 1144.2552566423 143.9822982675
-1.9080112085 0.6435965993 0.5817299777 640.8602125222 21.7103415782

gimbalangles:
2.8663808802 1.8330497014 -1.3632490599 -1.4584934098

end: