T_CW:
-0.2617091286 0.8501584262 -0.4568796147 0.0104690809
0.9621318824 0.2671961046 -0.0539303482 -0.0280227912
0.0762271134 -0.4536925082 -0.8878921867 -0.0352145686
0.0000000000 0.0000000000 0.0000000000 1.0000000000

T_CW_cov:
0.0000009238 -0.0000002066 -0.0000002135 0.0000004650 0.0000020838 -0.0000000084
-0.0000002066 0.0000010402 0.0000000180 -0.0000025180 -0.0000004862 -0.0000006933
-0.0000002135 0.0000000180 0.0000001505 -0.0000000226 -0.0000004646 0.0000000249
0.0000004650 -0.0000025180 -0.0000000226 0.0000061619 0.0000010991 0.0000016689
0.0000020838 -0.0000004862 -0.0000004646 0.0000010991 0.0000047658 0.0000000157
-0.0000000084 -0.0000006933 0.0000000249 0.0000016689 0.0000000157 0.0000009568

target_points_pix:
-0.3824353557 -0.9165060577 -2.1160848033 840.4371618169 70.5122460809
-0.4371965137 -0.3097518600 -2.1603245863 1177.6610599743 102.5129899707
-0.1465099906 -1.8328272246 -1.8981954512 388.6758977738 84.0164540200
-0.3426600909 -1.6986843663 -2.0131679466 491.7058283972 18.1059926847
-0.1400668675 -1.5443412508 -1.8055001948 462.5261956746 99.5881074304
-0.2770033012 -1.3320833847 -1.9451609895 605.3787794394 66.6316233553
-0.1016370398 -0.8478833114 -1.8389819135 777.5668460011 196.7320073192
-0.3325738895 -0.8965445115 -1.9779077857 817.3591626390 79.2367046565
-0.2601348120 -0.3406750859 -1.8347724314 1104.4223158167 163.4251094419
-0.2642132143 -0.2524614731 -1.8866649884 1169.2842071632 179.0880696298
0.1335359145 -1.8428479847 -1.9814673882 380.6382047435 217.1687302269
0.1715342562 -1.8377072737 -1.7077555890 285.0267830220 215.3313666979
-0.0493717641 -1.9211444237 -1.8066152366 317.9074170725 111.5194010292
-0.0107507729 -1.4624962367 -2.1410767009 572.0457797949 201.7640906150
-0.0377600212 -1.2511955147 -2.1143219560 649.4836678894 208.4717179940
0.1874298682 -1.0887540870 -1.9766534841 654.8689964817 329.7270033423
-0.1494214754 -0.9296626480 -2.1805353935 813.6112666035 193.5480011713
0.0892096609 -0.3198192371 -2.0221768162 1071.1895548449 395.9325779099
0.1323965302 -0.1037267078 -1.8561336447 1193.4248067211 466.0133470810
-0.0856700127 -0.1030147636 -2.0582686413 1242.9057221260 328.7770694384
0.4152243284 -1.8347950724 -1.8048647437 294.1445386299 335.9651276676
0.0848713846 -1.9450227874 -1.7652455950 280.5307304297 168.0007568929
0.2709930666 -2.0229951985 -1.3936351784 77.4211575641 219.8243001958
0.2918924149 -1.8026157144 -1.9498619558 366.7810923567 289.5416704805
0.3887196067 -1.5483946661 -1.8073259798 396.7060103280 361.3674178152
0.2030463646 -1.2799541855 -2.0787731241 599.9711760632 316.1585963184
0.1329317930 -1.0930724451 -2.0607536919 680.3417007628 305.3754809163
0.3966472926 -0.6178209378 -1.9947524702 850.9235279909 515.1697719641
0.3553297135 -0.3276689618 -2.0093469550 1019.3312608834 549.0780316522
0.1765238807 -0.1629660990 -2.0507528715 1155.0587954606 476.2022391186
0.3494449580 -0.0041648674 -2.1863865269 1229.9627568763 601.8833174637
0.6613401754 -1.8611822663 -1.9317589166 303.3003728000 443.3453380458
0.4035577717 -1.8051025498 -1.6202255344 235.0401990388 328.2429460303
0.4569104633 -1.8505142371 -1.3525835505 91.5878879659 340.2322652661
0.5109429233 -1.6663972622 -2.1643527627 450.8006697187 405.0183354348
0.4919235673 -1.5187523918 -1.9572107497 443.2842682493 415.8774794929
0.6904453826 -1.1610471457 -1.8405569797 520.0501036533 573.6066825902
0.6549097224 -0.8437372576 -1.8678088051 672.6861911650 616.8314361132
0.6287320914 -0.8865639983 -2.0414822743 699.3620341983 581.8537402555
0.6235847773 -0.4553609724 -1.9114135080 886.5327531408 682.7507523989
0.3044646466 -0.0546113516 -1.8985050385 1195.5177671835 588.0328373879
0.6051791213 -2.1125326224 -1.8346550447 200.2931624665 385.7184540253
0.8885854279 -2.0502117149 -1.9125103482 218.1172696650 512.7935999971
0.6754756322 -1.9665131575 -1.5812143502 136.0421321138 437.0661281187
0.8306860570 -1.5674480567 -2.0795252806 425.4743763065 555.2697189558
0.8551874529 -1.3042941348 -1.8165584212 434.4649748914 629.4051136553
0.7895796516 -1.2201316833 -2.0024037326 531.5860253244 600.0238031702
0.7746400239 -0.8335446310 -1.8636761699 659.1150861886 683.1133352904
0.6130182170 -0.8421000308 -2.1969690064 754.0558814476 572.7649692738
0.6737092761 -0.3896397273 -2.1104051242 946.2984190170 701.2614961147
1.0954692453 -1.8581825129 -2.0326651252 293.6721429870 621.2696587899
0.8384879369 -2.0700739021 -1.8890727619 209.0869508618 489.7444803357
1.0345126857 -1.8546994919 -1.3746466354 34.3183776526 645.1027482505
0.8471038268 -1.6157640771 -1.8657793855 340.2188869294 565.2021532741
0.8616797140 -1.4018883489 -2.1571992865 499.5814541399 590.9598919441
1.1850730598 -1.9429122452 -1.5874276585 92.2811209414 680.1745779448
1.1108721872 -1.8917124848 -1.6494058011 141.7450256391 650.5156617591
1.1428546488 -1.8734027375 -1.9583861169 260.1295106829 643.2791230937
1.3600971057 -2.1394947090 -1.9308683015 156.3979455369 687.6330560998

gimbalangles:
-2.0028245899 1.2860330600 -3.0642051723 1.5297015150

end: