T_CW:
0.6453271323 0.7150143879 -0.2689001999 -0.0268379433
0.4041815443 -0.0208893125 0.9144402200 -0.0393337985
0.6482207738 -0.6987975828 -0.3024760596 -0.0424355188
0.0000000000 0.0000000000 0.0000000000 1.0000000000

T_CW_cov:
0.0000004311 -0.0000001414 0.0000000233 0.0000003697 0.0000010657 0.0000000028
-0.0000001414 0.0000009593 -0.0000000538 -0.0000024967 -0.0000003445 0.0000001966
0.0000000233 -0.0000000538 0.0000001028 0.0000001424 0.0000000466 -0.0000000101
0.0000003697 -0.0000024967 0.0000001424 0.0000065582 0.0000009004 -0.0000004958
0.0000010657 -0.0000003445 0.0000000466 0.0000009004 0.0000026932 0.0000000063
0.0000000028 0.0000001966 -0.0000000101 -0.0000004958 0.0000000063 0.0000005270

target_points_pix:
0.4815465084 -1.8793705061 -0.5230342546 84.5783823198 156.8905743371
0.8716978941 -1.8258617162 -0.9924107934 411.8997496296 37.4681255891
0.5574486502 -2.0322558777 -0.7031584427 141.9883107311 99.3778738607
0.6760474197 -1.9397994560 -0.6523280362 215.9175949285 153.9911673827
0.7253359792 -2.1817755865 -0.2257816326 89.5957211021 399.1655639725
1.1100875946 -1.8342238030 -0.8506871293 482.8824306924 172.7052075361
1.1317356309 -2.0884930166 -0.7438131423 401.8462909982 239.2470998238
1.1412416106 -1.8295073638 -0.6345165439 460.0194628663 281.8581278536
0.9861579955 -1.8556052624 -0.1516633468 287.6781794047 501.5220783627
0.9744884137 -2.0744573202 -0.0279052589 199.4845991939 556.9628804501
1.0497963986 -2.1500163623 0.1130776453 190.1893286357 639.3488919643
1.2995741576 -2.1101608759 -1.3471534802 543.3325566850 41.1753753163
1.1606328789 -2.0272679930 -0.9586497824 463.5583740087 151.2888809293
1.0563890159 -2.0877781419 -0.8747438649 394.4808524344 164.8374975980
1.4392129643 -1.8700391144 -0.5937131543 553.3334490083 365.3372911196
1.0957124707 -1.9729375961 -0.3804741473 353.6916220441 398.3948565293
1.1414929988 -1.8889137699 0.0034042731 322.8278078613 613.7326789935
1.5999598486 -1.9341720935 -1.5824400126 706.2858345633 16.0807110529
1.4599674712 -1.8730458234 -1.4548000087 672.4683070856 20.6184583938
1.5798023544 -1.8746761661 -1.3568949353 693.8293426689 86.1617965228
1.3351159698 -1.8509936034 -1.1426382576 601.8490754176 106.6939760782
1.5652340844 -2.0355103116 -0.8807376614 584.8291613702 272.1534372318
1.4552108980 -2.1534895360 -0.3988016236 450.3860351432 451.9527101469
1.4738540436 -2.1896147329 -0.4198177334 450.7524808889 445.2140198032
1.6178416807 -2.1438940522 -0.1704101383 475.9151481571 575.5354787514
1.7984505393 -2.0074320268 -1.3755868466 713.1852189270 136.7943888758
1.6677061205 -2.0403325325 -1.2331624542 654.9156070895 161.2460100757
1.6820347564 -1.9920003807 -0.9201346647 636.4045596289 278.1180981430
1.5500197577 -1.8331921533 -0.5554902840 596.9023701456 403.2554536521
1.5846467715 -1.9336166739 -0.6639477059 592.1241645185 362.2752587686
1.9321190477 -2.1599753080 -0.0702477115 558.8817111778 653.0587749677
1.6246449477 -1.8284173664 -0.1805362603 570.4498918814 590.0647719796
2.0612107624 -2.0207807403 -1.5899707244 789.7553127695 119.9659545690
2.1079238686 -1.9359357685 -1.5871010164 823.5703367261 125.0839018759
2.0096760173 -2.1288364080 -1.1688124664 709.4581162631 251.8716982240
2.0471600104 -1.9719186906 -0.9509305647 740.9368038384 330.5403854792
1.9274821332 -1.8498540672 -0.8353092798 736.0625081976 352.6323225619
2.0374027157 -2.1244149509 -0.3365820874 630.2034912096 558.1812729963
2.1491235341 -1.9917465812 -0.1360297587 675.3004882893 658.6142600020
2.0422816431 -1.6552998450 -1.4431634057 884.9474024980 143.6116386090
2.1282697156 -1.9395770402 -1.2939864247 801.2111077552 224.5746710911
1.9530555861 -1.9476085270 -1.1788937501 748.1741409547 232.4380979037
1.9957364715 -1.7797589391 -0.6344362442 754.4616879756 443.8495223249
1.9042748829 -1.9042753353 -0.4328866630 667.7819924916 510.8316614810
1.8846077334 -1.9057062088 -0.2031318719 633.6506142650 607.3545210420
2.0334372040 -1.7098496250 -0.1674277110 735.7196040041 653.6579437464
1.9935738669 -1.4877829304 -1.5690665399 943.9263548860 76.9335273043
2.0514362961 -1.6443114163 -1.6249753399 906.0681476266 82.2896663607
2.1471450446 -1.4406520659 -1.0608778431 950.4112724325 297.7120561567
1.8687685884 -1.3169604258 -1.0557104289 935.6223502901 238.7604820892
2.0804284908 -1.4342990342 -0.5591014867 890.9083032653 497.1795248125
2.0202869862 -1.3816786268 -0.6436614308 905.3816889961 450.9544141211
2.1734113672 -1.5304661388 -0.3488565010 856.1947596113 599.5985831804
2.0360158626 -1.6413631920 -0.1266119045 755.4064303216 678.3679274324
2.1417190529 -1.3373523818 -1.7110508861 1040.2595670552 49.5532272963
1.8336712306 -1.1288074433 -1.3115825326 1033.3156879795 108.7297676685
2.1758911287 -1.3998298589 -1.1849767330 982.3208065331 253.8047796030
2.1829607998 -1.2976571895 -1.1393445659 1020.1122896184 269.8228052504
2.1785724693 -1.3671054240 -0.8981220472 971.4308974197 368.1424216891
1.9298402056 -1.3764245007 -0.3359090599 850.7550485834 583.5786463513
2.0685977208 -1.1828960926 -1.6875075128 1086.9716649162 26.2420754077
1.9582976991 -0.9784727864 -1.1980075723 1121.9805021375 180.1995586113
1.9570759444 -0.8701971078 -0.8886963553 1153.4251356583 322.3465179328
2.1950641026 -0.9901943079 -0.7739551749 1130.5118300348 427.5199232563
2.0073783830 -0.8101855643 -0.6565373428 1178.9072841430 454.7917899946
2.0630315312 -0.9873049000 -0.4166250607 1073.6833206510 586.0029654969
1.9567773808 -0.6855267087 -1.3530006329 1290.7634874868 85.6165788830
2.0655593211 -0.6564244600 -0.8513982554 1295.8516365423 363.6355691919
2.1242193271 -0.8479907540 -0.5599553179 1173.9160602264 526.7900566902
2.1462577662 -0.8847763794 -0.4525485406 1149.6566929677 585.8763691478
2.1605735270 -0.8488577758 -0.3398468232 1163.3046129128 652.7874021350
2.0068793587 -0.6261871060 -1.2771031287 1329.9193302559 131.1796252170
1.8608577264 -0.6154256622 -0.5318944843 1261.4144181457 504.8642267853

gimbalangles:
-1.9264417923 -1.6034867697 -1.4081831286 -1.1512229553

end: