T_CW:
-0.0470860589 -0.8428209088 -0.5361304120 -0.0058420654
0.7212826582 0.3426222055 -0.6019645764 -0.0078304531
0.6910385156 -0.4150457083 0.5917793762 0.0390598585
0.0000000000 0.0000000000 0.0000000000 1.0000000000

T_CW_cov:
0.0000005075 -0.0000000292 0.0000000483 0.0000000726 0.0000013232 0.0000000313
-0.0000000292 0.0000005698 -0.0000000290 -0.0000015928 -0.0000000659 0.0000000834
0.0000000483 -0.0000000290 0.0000000690 0.0000000803 0.0000001251 -0.0000000012
0.0000000726 -0.0000015928 0.0000000803 0.0000045052 0.0000001607 -0.0000002364
0.0000013232 -0.0000000659 0.0000001251 0.0000001607 0.0000035005 0.0000000835
0.0000000313 0.0000000834 -0.0000000012 -0.0000002364 0.0000000835 0.0000004016

target_points_pix:
1.1083908032 -1.8865298023 0.8955791254 1258.4063449473 128.7999795663
1.1486814001 -2.0456698194 1.1108549276 1212.6918841947 71.9518021701
1.1561752629 -1.8593311985 1.4138601862 1039.1392843038 30.0231108364
1.1409600203 -0.1229109574 2.0252100581 114.3687354433 96.7012856193
1.3279607029 -1.8756313325 0.9399261916 1193.3875830989 214.3225727683
1.0991380659 -1.8627322357 1.2616525546 1101.9287605308 37.3629456459
1.3372102621 -2.0606509896 1.6969624688 995.9559008642 27.1622257464
1.4131847648 -1.8244843745 1.5922435347 945.9458756344 100.1379845460
1.3650291606 -1.6696125945 1.8584464215 827.8892368016 45.8486836150
1.3738293315 -1.4293394422 2.1485741927 679.4975331263 19.1098573376
1.1229729487 -0.8110878137 1.8428495997 500.7768865380 42.1504784843
1.4315139774 -0.7380786954 1.9219239512 462.9871477289 164.8146475634
1.1936049254 -0.5555232141 2.0910481760 335.5228660405 48.7322945033
1.3787644009 -0.4441601402 2.1073988265 296.2209849865 137.7776988289
1.2620534580 -0.1266368219 1.9610935481 143.7222083874 170.3112009428
1.4264128803 0.1551775978 1.8062280024 28.7965769700 338.2556078897
1.6515776837 -1.9582625309 0.6261781571 1285.8387402411 412.7503107813
1.6616671678 -2.1318986800 1.0588197434 1175.0896663881 269.4361635041
1.6141447504 -1.9728604394 1.3652940412 1037.9961572890 202.8610099430
1.4238332369 -1.8620740433 1.3032965687 1044.4186024844 162.6568546879
1.3660933274 -1.9542656649 1.8031415616 932.1785867906 28.8370341824
1.4897628315 -1.7811722789 1.8435007957 860.0201392168 83.1180953240
1.3139715709 -1.3896767392 1.8116851497 745.1715776882 64.4875380719
1.3435860298 -1.4276716231 2.0886329916 692.5719893893 18.6022453833
1.6759749340 -1.1181060029 2.0897545395 582.3137135594 169.3281144995
1.3655205069 -0.9014455593 2.0791288152 498.0166345640 83.5203918912
1.4431718155 -0.4384471037 2.0409329789 309.6666689782 180.4305332072
1.6719997507 -0.0680507774 2.1234184010 149.6814468107 297.5868727655
1.6735731948 0.1395489525 1.9763126689 63.3449470236 374.6421675840
1.8189521181 -1.8687795054 0.3772446023 1328.2556339497 567.3857384670
1.7038480056 -1.8301909512 0.6306533232 1234.2711082059 452.4323589597
1.8578249553 -1.8757907193 0.9352734524 1114.0657593017 401.7886532003
1.6532761396 -1.9108613919 1.0592729038 1110.9143757952 297.8243641224
1.6342701287 -2.1429493044 1.4457664628 1061.3479355864 172.3490300717
1.8652020890 -1.9098532581 1.7453847756 898.2333364652 210.2676470938
1.8934778215 -1.8913584845 1.8706266208 862.7195878030 196.3656867325
1.8798181536 -1.5713306257 1.8099769614 783.9545148054 239.7236801419
1.6837713281 -1.6018253818 2.0910971928 739.7852616625 120.4578116753
1.6551097308 -1.3456503096 2.0428611736 668.9976479969 146.7489260242
1.5815230203 -1.1875864164 2.0604304211 612.1482877748 135.4613774829
1.7841808162 -0.7871483769 2.0441923936 473.0316027250 254.6370893321
1.8102352283 -0.4488218768 1.8583406961 371.0837817604 357.7976311014
1.9411031666 -0.4078183317 2.0919227131 327.0322516405 343.4478583655
1.5986427604 0.1658442785 1.9288836483 41.6353287368 367.1497369477
2.0354595881 -2.0156551074 0.4343671524 1304.1091527091 578.9028673755
1.9655835433 -1.8632290172 0.7976405260 1141.2408439441 474.7627296123
2.0273682765 -2.1577992668 0.9862121687 1155.1738411532 394.6885312387
2.1049719466 -1.9664742607 1.0985364536 1061.1005692086 415.4180500319
2.0385633260 -2.0329445641 1.6744717186 936.7626031403 260.2749714093
1.9639217453 -2.0856487896 1.7614674385 935.6059520703 216.8965569016
2.1650280616 -1.8588474750 2.1648484907 782.0431356638 220.7479201251
1.9732330312 -1.8708953160 0.5405975112 1233.3529294724 555.3579846271
2.0004682479 -1.7322488842 0.9316387829 1054.3095406046 467.9595638977
2.0700970581 -1.7877601958 0.8939736929 1074.4851796455 488.6793486780
2.1040546643 -1.5953632293 1.1211174053 947.0809805587 465.7170223771
2.0069406715 -1.8198925121 1.4595034482 932.4750957752 322.4613896228
2.0569375320 -1.8019464282 1.7201656284 862.5113886760 282.3414830876
1.8449604650 -1.7737101452 2.0405805560 795.3060349058 162.4854504205
1.9485776196 -1.5771893034 0.8674528474 1031.8758164611 499.3708991969
1.9779646776 -1.3399022997 1.0300613741 900.2335649167 500.4882717153
1.8900346047 -1.4854682655 1.2402829686 896.4645469336 389.6456739709
1.9972198124 -1.6732996089 1.5152240815 876.7568419706 325.9830455470
2.1302256782 -1.6304792041 1.5660695067 844.6210728682 356.6724749404
1.8654334617 -1.6730496931 1.9846190823 777.2554715022 189.3196806599
2.1834451726 -1.1209511672 0.9264794814 838.7914490234 630.8422003168
1.8952865478 -1.3855401085 0.9591116109 944.2836898525 490.1899310339
2.1283005077 -1.4210392393 1.2035832250 868.9654219604 477.4730613848
2.1029838312 -1.2588957294 1.6052370699 723.4191396345 390.3066238832
1.9390885728 -1.3040247514 1.6137254344 741.0544741861 335.3583322994
1.9921438719 -1.1889592461 2.1393528990 597.9450688904 248.7117845799
1.8148677571 -0.9831299822 0.5822357699 925.3856460287 695.8124585299
2.0214771080 -0.9221998483 1.1038450642 725.7198738733 567.9036839948
1.8665716593 -1.0112063770 1.3274294856 707.6417153928 435.2735942097
2.1155727104 -1.0980989205 1.5815453733 675.3241730667 422.9958902984
1.8543487168 -1.1298283686 1.6148400035 683.5809640170 333.9432417321
2.1129252453 -0.8444941131 1.9310760644 521.9433159477 371.5110411903
1.8886754332 -0.6837366243 1.0537951324 644.0065248962 597.7027813805
2.1053104268 -0.7451242728 1.1317429268 647.7263934227 616.7565243921
2.1601664559 -0.6998389859 1.6744220946 517.0738251712 471.6553079313
1.9956423048 -0.7589808155 1.6409758774 542.1860020291 425.5984927761
1.9436828507 -0.8166289057 1.8604404801 521.0912046708 344.1217374378
2.0062554163 -0.6803187976 0.9331858488 672.8472199023 678.2731205278
2.1786977261 -0.6075529243 1.3382504745 547.5651022319 593.6146039463
1.9920494868 -0.6154168443 1.3575041441 543.3897465949 535.0889475255
1.9338663169 -0.6182371266 1.8525232722 447.2842337115 372.0156148534
2.0978443961 -0.4192146307 2.1300386991 336.5692428968 377.8900895689
1.9214822059 -0.2215207815 1.2493602827 385.1086376597 636.9985552590
2.0699219730 -0.1438844872 1.6334064033 293.6835045511 556.7798074502
1.8401371066 -0.1664017488 1.6884135138 274.3408584095 466.3358734576
2.1632725140 -0.0635971363 1.8174766386 240.8269032830 538.3741313733
2.0068854305 -0.1956078327 1.2205048281 384.1771937427 678.5517212531
2.1995996079 0.1237290537 1.6647735110 180.7203206468 633.6301053982
1.8644870582 0.1256969102 1.8552098343 112.8391833334 474.4570208235
1.8685058867 0.0604099251 2.0646282257 121.4772272736 399.9584260515
2.0243919137 0.0790895821 1.3332698976 228.0595347622 703.3958110657
1.8781474195 0.1168459717 1.6588370422 143.0583766182 544.1583577248
1.8330064324 0.2591269844 1.6513090440 61.0472070138 563.2661164338
2.0910801737 0.1329497628 2.1601457501 107.6784229863 451.0460533961

gimbalangles:
2.7181397300 2.0499252974 -0.8253815785 2.8589911622

end: