T_CW:
-0.1333198828 -0.9390528762 0.3168682763 -0.0216839369
0.9906178917 -0.1165752496 0.0713190288 -0.0270236799
-0.0300333407 0.3234036284 0.9457843790 -0.0005028357
0.0000000000 0.0000000000 0.0000000000 1.0000000000

T_CW_cov:
0.0000012135 0.0000000150 -0.0000003120 -0.0000000503 0.0000026444 -0.0000000920
0.0000000150 0.0000007517 -0.0000000153 -0.0000017815 0.0000000290 -0.0000004220
-0.0000003120 -0.0000000153 0.0000001786 0.0000000446 -0.0000006753 0.0000000305
-0.0000000503 -0.0000017815 0.0000000446 0.0000042891 -0.0000001005 0.0000010056
0.0000026444 0.0000000290 -0.0000006753 -0.0000001005 0.0000058269 -0.0000001949
-0.0000000920 -0.0000004220 0.0000000305 0.0000010056 -0.0000001949 0.0000006976

target_points_pix:
-0.5823465881 1.3397510330 1.9893183423 405.5421499386 37.4484021909
-0.4990515587 -0.3377939333 1.9581783395 1330.1204140334 118.4319293151
-0.5510951216 -0.1488794278 1.8609892699 1207.2958498513 60.1898519858
-0.4422031306 -0.1277309666 2.1911526990 1166.3766621429 178.0995859781
-0.6944475902 0.4389739042 2.1621328316 865.9194150106 22.4924386458
-0.4379927200 0.5741546556 2.0765310646 769.2303428417 141.3652266073
-0.5345389786 0.8431484224 1.9429247255 618.2010417468 63.0356732848
-0.5995660508 1.1203738310 1.9798728749 499.9234322991 30.4199418923
-0.5021113017 1.3359897423 2.0064726915 406.1256244717 79.4378305770
-0.4086296682 1.3364458245 2.1127075515 426.9622558336 137.8893799240
-0.4520290119 1.6619220789 2.0709728139 291.6114477599 104.6927533736
-0.0771641855 -0.2677552512 1.8928098971 1253.2672024805 388.8602789106
-0.2141776790 0.0583486682 1.8244665464 1035.2355251805 268.9429747387
-0.2747389544 0.0730802433 1.9948622906 1033.7138462819 245.5178838536
-0.1479277014 0.6766296699 2.0708742393 696.3122555833 290.4464326566
-0.2187601896 0.7185022973 1.9423338491 657.7423284985 240.2380411858
-0.2678127690 1.1112418708 2.0124054112 488.3966992866 203.4966003796
-0.2580072827 1.3022885884 2.1005003588 427.8539771920 209.0647096540
-0.2420919479 1.6557627628 2.0364381703 269.7311325995 197.9306981893
-0.3297531849 1.9353363479 1.8600899646 112.0900796631 129.4899167352
-0.4373241589 1.8216004445 2.0412344160 222.8213174746 104.1847024048
0.0447136718 -0.3228128833 2.0158740260 1270.7229914611 474.5636531379
-0.1803860305 -0.1054215835 1.8343167758 1147.2910509696 303.2575969917
-0.1756227747 0.1237290828 1.9857400813 994.6215769862 301.4921648370
0.0535883957 0.6373352825 1.8278105860 657.7689825902 396.0249853071
-0.0591153008 0.7563378614 1.8853533485 614.6958172339 323.8884882442
0.0121370278 1.0875431593 2.0304013974 483.7737913674 347.9622738222
-0.1519257935 1.2105309128 2.1285042401 465.5722099369 265.6892624410
-0.1465974325 1.5204127875 1.9879672514 300.9997972911 244.5187922279
-0.1250034114 1.9443603564 2.1031728891 178.9463553462 245.2275433551
-0.0657421812 1.9647792209 1.8336387674 72.5755079489 252.7366031418
0.2879071250 -0.4861743307 2.1962146367 1343.2207524432 632.7969350289
0.3040168298 -0.2846498942 2.1388255025 1214.8096947679 624.8011110443
0.4020522530 0.0239469734 2.1106497164 1016.1922219748 649.9492892742
0.0899386351 0.2501816108 1.9041083580 891.3682671206 451.1948298241
0.1183230045 0.6368087690 2.1865000073 715.4411055549 434.7895005770
0.3220606102 0.5710501187 2.1467316369 727.8204038060 546.5515775130
0.2640081146 1.1005353216 1.9648801523 443.4614683671 476.3351727594
0.3949572469 1.0670770007 1.9147366276 435.5800758045 550.5634184279
0.2763092018 1.5382054090 1.9627849215 256.9596876243 448.8697274610
0.1877241416 1.5873172415 2.0327746347 266.0589503858 403.0250506818
0.3007655364 1.9834011246 2.1577229407 156.6975331452 430.0152412527
0.3651807500 -0.0507106227 1.9804297359 1063.3640022105 650.5035493881
0.3835506817 0.3442944302 2.0065277224 824.4257258346 612.4363628497
0.5755441334 0.7530855536 2.0548580109 605.0159607082 669.2365709953
0.3904685589 0.9633327722 2.1042547527 530.4591899091 548.5391641142
0.5966055878 1.3534045060 1.8781412977 282.4133235775 631.6020447308
0.6261309517 1.5968752304 1.8851066854 182.8181701399 621.1902786229
0.4214696301 1.7091300519 2.0390859748 206.8711167363 504.3478172160
0.3063075941 1.9520349064 2.0747272312 139.7547297029 434.2922384767
0.6782502068 1.2882467353 2.0705306218 363.3420577779 663.0690371841
0.7622628903 1.7500004508 1.8926594703 117.3510748800 672.6533751091
0.9106452850 2.0084018711 2.0795471772 84.9725570416 698.0951969840

gimbalangles:
0.3146024457 -1.3818428265 -2.8033044680 -2.7736263348

end: