T_CW:
-0.1561448680 0.9823204525 -0.1032729821 0.0265579180
0.2759827846 -0.0570018867 -0.9594708372 -0.0670603428
-0.9483945818 -0.1783180124 -0.2622029818 -0.0000252300
0.0000000000 0.0000000000 0.0000000000 1.0000000000

T_CW_cov:
0.0000013563 -0.0000001668 -0.0000002403 0.0000003686 0.0000029629 -0.0000002586
-0.0000001668 0.0000005804 0.0000000724 -0.0000013713 -0.0000003529 -0.0000002360
-0.0000002403 0.0000000724 0.0000001369 -0.0000001604 -0.0000005157 0.0000000247
0.0000003686 -0.0000013713 -0.0000001604 0.0000033027 0.0000007786 0.0000005624
0.0000029629 -0.0000003529 -0.0000005157 0.0000007786 0.0000065336 -0.0000005754
-0.0000002586 -0.0000002360 0.0000000247 0.0000005624 -0.0000005754 0.0000006181

target_points_pix:
-2.1338844780 -1.9512781232 -1.1561328228 74.9685603838 589.9246422796
-2.1505036008 -1.8785447290 -0.6108959777 48.4002416957 360.6951201669
-2.1809173402 -1.7582249058 -1.1945200920 163.4236351837 594.1845223003
-2.0318098922 -1.9024736379 -0.8205725347 26.1091388763 470.6288708910
-2.0424396500 -1.6700568512 -0.4559551200 82.1311292885 297.5638951240
-2.0356266141 -1.6670313584 -0.2216670401 53.3448663275 182.9738265630
-2.1899931001 -1.4689067442 -1.4424310350 297.7875605246 686.0461105125
-2.0123749693 -1.3051194687 -1.2605724813 311.7818205278 656.7102102804
-1.9479517706 -1.5926219219 -0.8849578553 135.3777762219 510.3114942167
-1.9430668285 -1.4687702399 -0.9467022846 194.1450111307 537.6584506934
-1.9987360977 -1.5831478012 -0.6409907786 127.0489242981 388.7372119725
-2.0382461791 -1.3326640660 -0.1757110182 198.7364971210 144.2442279514
-2.1048315546 -1.4420218644 -1.3322701860 281.4280907481 663.6736543829
-2.1794605583 -1.2973912472 -1.0600853036 332.1472588426 536.8079753258
-2.1560010034 -1.2844100836 -0.7490828701 306.0538491591 407.3466257352
-1.8791834842 -1.2260730902 -0.3393922451 221.7811673143 240.3616417445
-2.0440471078 -1.0966304069 -0.2533872139 319.4405586449 174.0699348584
-1.9713422318 -1.2553782583 -0.1780519513 216.2154998497 145.8482331016
-2.0394518501 -0.8909256961 -0.9693699009 476.4943904796 520.3883761082
-2.0420969507 -0.8909787896 -0.6562326980 452.7866838887 371.9505207272
-2.1349248961 -1.0739685817 -0.3356921987 358.1037958182 208.3848002132
-2.0329931114 -1.0364522726 -0.2506829583 345.6382970044 170.7269151087
-1.9964769104 -0.9789673083 -0.0633441457 347.6646302461 66.1868234933
-2.0168946479 -0.8103344008 -1.0952591686 519.6271719672 581.3504930848
-1.9792499143 -0.6263073313 -0.9225304137 591.6165001952 507.0501770352
-1.9320490032 -0.6699029896 -0.8540167730 559.0252686605 484.1969953219
-1.8855696832 -0.5597975338 -0.3500282611 574.6049600674 217.0337308952
-2.0366653240 -0.5797354377 -0.1590398876 571.2361252082 97.2902243067
-2.0215212723 -0.3406231631 -1.0954173160 747.7264576520 575.6224536195
-2.1605347700 -0.4990530025 -1.1397686372 682.4473730211 565.7473051108
-1.8230665739 -0.3324337885 -0.5518839596 711.1486363912 333.3635444771
-1.8149502794 -0.3269151280 -0.6100474934 717.0847621052 368.1339626107
-2.0899565708 -0.6540210319 -0.0673717668 533.3163074373 47.7629021167
-1.8622674728 -0.4048797174 -0.1332856099 645.6964018554 78.5065065073
-1.9399115812 -0.1485383567 -1.0760889372 844.1376001808 584.3264403558
-2.0648976669 -0.0956304944 -0.9549973675 869.1434957499 495.6751095559
-1.9908447012 -0.3801654029 -0.5518766256 697.8525615846 310.1976710794
-1.9508663012 -0.4204201028 -0.3158605866 658.2885832408 184.6388449088
-1.9282228052 -0.3422863927 -0.1986349192 693.5760968410 112.5193067804
-1.8307278366 -0.3649187074 -0.1020312630 664.2663619077 56.7951583037
-1.9581490399 0.0886200913 -1.2052964765 976.3379997746 640.1271118678
-2.0318886577 -0.0355871548 -0.8882548857 899.1207826215 468.3695391400
-2.0547946455 0.0862210311 -0.8260042083 963.3358488720 429.6617680148
-2.1850709518 0.1766330917 -0.3112378666 997.6404068580 136.2438086801
-2.1302348748 0.1741631005 -0.1246265184 995.9810645180 31.1282581790
-1.9188018807 0.0506425308 -1.1352139082 955.4244695224 617.0539365600
-1.9169883940 0.1195774110 -1.1625619137 994.7549289484 630.5178072749
-1.9661344430 0.3035449742 -0.9097239979 1094.0042686778 486.1938619961
-2.0454334636 0.3772148178 -0.5915859606 1128.0533071967 296.9298609213
-1.8840413096 0.5647228005 -1.1197764381 1262.0155616058 613.6601639069
-1.9473455670 0.4126422685 -0.7818783690 1161.6829852211 418.1720877735
-2.0066460326 0.6115724411 -0.6800587517 1276.4336816719 343.9824419560
-2.0791652291 0.3295714681 -0.3363269805 1094.9733782372 149.4584148679
-1.8402832734 0.4158654489 -0.1641496241 1183.3730832702 45.4324484759
-2.1673274956 0.7457347923 -0.9069004719 1320.8115400031 433.4526819105
-1.9276225520 0.5546474071 -0.3245354469 1261.4933923415 140.4411863343
-1.8713581895 0.5522859957 -0.2850187113 1272.2694696633 118.1702846908

gimbalangles:
-2.6854779108 -2.8840177385 0.2082389774 -0.1656696366

end: