T_CW:
-0.8982197746 -0.1048477329 0.4268585121 0.0004151938
0.1264908703 -0.9917107719 0.0225788515 -0.0370800858
0.4209528431 0.0742744756 0.9040365071 0.0197166044
0.0000000000 0.0000000000 0.0000000000 1.0000000000

T_CW_cov:
0.0000008811 -0.0000000248 -0.0000002010 0.0000000666 0.0000019892 0.0000000051
-0.0000000248 0.0000010009 -0.0000000112 -0.0000024218 -0.0000000767 -0.0000006435
-0.0000002010 -0.0000000112 0.0000001447 0.0000000293 -0.0000004363 0.0000000102
0.0000000666 -0.0000024218 0.0000000293 0.0000059239 0.0000002009 0.0000015361
0.0000019892 -0.0000000767 -0.0000004363 0.0000002009 0.0000045554 0.0000000251
0.0000000051 -0.0000006435 0.0000000102 0.0000015361 0.0000000251 0.0000008990

target_points_pix:
-0.0771641855 -0.2677552512 1.8928098971 1307.0037002281 527.2861256690
0.0447136718 -0.3228128833 2.0158740260 1221.5628676967 558.0441051201
-0.1756227747 0.1237290828 1.9857400813 1339.3699901477 254.3280514676
0.2879071250 -0.4861743307 2.1962146367 1088.2153843546 642.2238747167
0.3040168298 -0.2846498942 2.1388255025 1060.7101478710 534.1765486911
0.4020522530 0.0239469734 2.1106497164 981.2951736439 367.2963373996
0.0899386351 0.2501816108 1.9041083580 1138.9835924510 196.1236578532
0.1183230045 0.6368087690 2.1865000073 1105.1477963278 8.9204074670
0.3220606102 0.5710501187 2.1467316369 992.2640337791 65.3217138172
0.4031866249 -0.5294179005 1.9461225793 1002.2511679208 701.7804412038
0.4577412266 -0.2268386630 2.0557617598 961.1657477905 512.2897596218
0.3651807500 -0.0507106227 1.9804297359 993.5542664724 408.3290584810
0.4863407649 0.0748526149 1.8786225522 899.8050700619 341.9366322716
0.3835506817 0.3442944302 2.0065277224 957.8705730943 181.7401772757
0.7610138966 -0.5863578595 2.1832385320 843.6079837921 700.2784262592
0.7763359883 -0.2958569535 2.1969182204 821.7072970375 550.3387286544
0.7378001739 -0.1822156649 1.8410286414 769.1962949407 510.3729966964
0.7286127771 0.2401919531 1.8905833368 757.9614302548 266.6378879822
0.6483390137 0.5725908468 2.1248849567 821.7251517187 100.5318327771
0.6006489094 0.5869845126 1.8577221857 797.4925826631 53.0280389098
1.1409600203 -0.1229109574 2.0252100581 613.7298496675 484.4021741200
1.0835210948 0.0272853989 1.9877778656 622.1878990733 406.8372325845
1.1695717177 0.3959977000 1.8806286311 538.4804388646 221.9166295940
1.0650541928 0.4154334110 2.1408923596 645.8528523802 218.9680194292
1.1278475239 0.5737825913 1.9515425846 566.8494964642 133.8729502436
1.1936049254 -0.5555232141 2.0910481760 628.2654268138 695.7331814151
1.3787644009 -0.4441601402 2.1073988265 551.3091051899 640.6758328006
1.2620534580 -0.1266368219 1.9610935481 546.2877897365 493.5754267654
1.4264128803 0.1551775978 1.8062280024 420.1394000806 361.9052151018
1.4477290793 0.6912229424 1.8635029759 406.8791248935 101.3455005328
1.2024121633 0.8709967826 1.9699081195 526.9343232104 0.0468151844
1.4431718155 -0.4384471037 2.0409329789 508.8161713587 644.9339845540
1.6719997507 -0.0680507774 2.1234184010 431.1283793330 474.2031648255
1.6735731948 0.1395489525 1.9763126689 380.2522948421 383.6311526235
1.3684963728 0.3827667847 2.0436720490 502.3008192268 253.3237729346
1.3271092385 0.4454360014 1.8531972491 462.0778270555 209.2521961757
1.3933039452 0.8562655072 2.0231521761 467.5376097358 36.4728413769
1.8102352283 -0.4488218768 1.8583406961 317.2752927548 670.6034784717
1.9411031666 -0.4078183317 2.0919227131 344.4483590034 630.3715307636
1.5986427604 0.1658442785 1.9288836483 391.8509019302 367.3472856743
1.8432379564 0.4033543608 1.8812109824 281.2533015522 271.8711355418
1.5890191009 0.3895242500 1.8603545940 364.7821819481 258.7911589196
1.7029033867 0.6906859707 2.0119358689 360.0387603539 140.2745572348
1.7746820258 0.9168885307 1.9254323364 300.9408562034 39.7034878035
2.0978443961 -0.4192146307 2.1300386991 306.4611413775 633.3449553364
2.0699219730 -0.1438844872 1.6334064033 132.0792253055 544.6536468500
1.8401371066 -0.1664017488 1.6884135138 234.1967308719 546.5911294632
2.1632725140 -0.0635971363 1.8174766386 171.0812441575 499.8088883410
2.1995996079 0.1237290537 1.6647735110 94.3970318949 419.3756538490
1.8644870582 0.1256969102 1.8552098343 275.2371992987 400.3032417300
1.8685058867 0.0604099251 2.0646282257 343.1069319469 427.0577889600
1.8781474195 0.1168459717 1.6588370422 198.3576994614 407.1837641650
1.8330064324 0.2591269844 1.6513090440 206.0341305952 333.5198732446
2.0910801737 0.1329497628 2.1601457501 298.8651074287 404.8377181067
1.8228346180 0.4695964369 1.3045654705 43.6964062923 205.2254490712
1.8345331810 0.6948403929 1.6262438884 179.9284693497 116.3962489402
1.8769267334 0.4766272557 1.8666865168 262.4639396751 240.4893860168
1.8959664168 0.6148831190 1.9670205609 284.6933645662 186.5193440479
1.8097589249 0.6890264770 1.6273724229 189.2514339543 116.7374382119
1.9299380514 0.7949078195 1.8994889497 245.6053814411 106.1293477629
1.8839200217 0.7524499160 2.1114532855 328.0553475698 137.8387303944
1.9918365198 1.0487066332 1.9303398893 228.5232119343 7.2649850352

gimbalangles:
-2.3953414510 -2.1550047645 2.6422808567 2.3567795185

end: