T_CW:
0.3136993229 0.9387037268 -0.1429267231 -0.0605336637
0.8131690387 -0.3433089478 -0.4699947669 -0.0387238240
-0.4902538622 0.0312134541 -0.8710205916 -0.0129758288
0.0000000000 0.0000000000 0.0000000000 1.0000000000

T_CW_cov:
0.0000008111 -0.0000000003 -0.0000000568 -0.0000000189 0.0000019300 0.0000001685
-0.0000000003 0.0000004723 -0.0000000333 -0.0000012195 0.0000000045 -0.0000001303
-0.0000000568 -0.0000000333 0.0000000825 0.0000000871 -0.0000001302 -0.0000000023
-0.0000000189 -0.0000012195 0.0000000871 0.0000032106 -0.0000000584 0.0000003151
0.0000019300 0.0000000045 -0.0000001302 -0.0000000584 0.0000046519 0.0000003968
0.0000001685 -0.0000001303 -0.0000000023 0.0000003151 0.0000003968 0.0000004836

target_points_pix:
-2.1330431348 -1.1238264740 -2.1749385310 105.1720231763 199.4024009653
-2.0275988338 -1.0451784956 -1.8548879915 58.7686505786 139.2647051205
-1.8048856477 -0.8113928394 -1.5416979154 78.4919129965 79.3222384640
-1.8072466993 -0.9142648409 -2.0509648423 168.7161860096 244.2820669912
-1.8873716097 -0.8301472013 -1.9077868950 166.8991092834 167.4291846321
-2.0424561488 -0.9183195632 -1.6014494401 41.3926747096 34.9941357292
-2.0752258472 -0.3109300675 -2.1110600714 402.6894962504 88.4203479654
-1.9147247312 -0.2548115522 -2.0326057316 426.3965729622 106.6866212691
-1.9180268305 -0.1096057180 -2.0836827944 490.7572341673 98.8855254752
-1.8462753154 -1.0571684346 -2.1965330153 143.6813309699 285.3721893901
-1.9317673488 -0.6338474593 -2.1627174347 296.8365733371 190.0815310331
-1.7579705380 -0.5772389801 -2.1935923520 335.3838314691 244.7684397343
-1.6050720677 -0.1570880062 -2.1723311699 513.4687801987 228.5847212942
-1.9483527284 -0.0672251213 -2.1691429618 514.2025907472 107.1798572043
-1.7025217749 0.2005152844 -2.1416149571 643.6975032630 136.1102265150
-1.7632616332 0.4374488688 -2.0163576747 723.9692866250 45.7502590268
-1.6238184307 1.0130904683 -2.1368105390 982.0363004123 39.4593605079
-1.5548618276 -1.2661538459 -2.0485354989 27.4183976231 389.5294855483
-1.5594104961 -0.9227059103 -1.8929279979 135.2246829592 296.8569059238
-1.5268858466 -0.9034280657 -1.9429658399 158.3569005222 318.4297554118
-1.4357686636 -0.5273511537 -2.0349748541 351.6915880951 313.5819830484
-1.3346818081 -0.4072892248 -1.9128016578 392.6848808784 303.1004225413
-1.5322625065 0.0726475877 -2.0453616294 604.1507443361 185.3241669487
-1.5002121632 0.1470386231 -2.1716073200 650.1081332758 217.9223668800
-1.5791355639 0.5374848681 -1.9457535413 792.0731224983 66.3978887879
-1.6501355010 0.7157043292 -2.1087474774 857.8312152846 66.9236582844
-1.3592904140 1.0909658465 -2.1851856090 1064.1799048794 124.5244259034
-1.5590499261 1.1874940771 -2.1526605445 1064.0365802069 38.0459588697
-1.4317858123 -1.0551176296 -1.9035718307 81.5679466482 372.8342275252
-1.1364814913 -1.1054498984 -1.9291642293 73.5218354818 516.7025092010
-1.0697359937 -0.8988463701 -2.1613215268 237.1526993231 550.0372077802
-1.3989814388 -0.5673341385 -2.1783087477 363.0666032030 365.5525592826
-1.0935209420 -0.2851008651 -2.1257090529 508.2977096821 429.6273481984
-1.2372617489 0.0363480423 -2.1678719484 637.9405772342 328.4316302998
-1.3390051896 0.2640417268 -2.1356634694 719.5965213690 246.8246285014
-1.2803984165 0.4564333986 -1.8119563847 803.8982239954 142.7260517491
-1.3917419720 0.5734831894 -1.8785099623 839.9329110379 102.8575347963
-1.3356328486 0.9193998904 -1.8476235929 1013.7392710088 53.0503872957
-1.1329537274 1.0838303633 -2.1376926140 1114.9369978928 189.2969880066
-1.2190813476 1.3798719968 -1.9537120089 1245.9418496604 52.4393088913
-1.0911494608 -1.1818016687 -1.9649873378 48.8712139484 558.0428005407
-1.0321968910 -0.8729605601 -2.1287663411 243.7017231606 557.2616559889
-1.1280067953 -0.8565214532 -2.0582172524 228.6670458743 499.8347902162
-0.8450867383 -0.6142765335 -1.9706636513 348.2972532552 573.8764677859
-1.0861999588 -0.0724070378 -2.0085048335 594.1045370266 370.5639887985
-1.0935183022 -0.1864478285 -1.9655495041 533.1768852400 377.7317965913
-1.1577294112 0.1871402594 -2.0430681388 707.9781412585 304.5072130851
-0.9213923119 0.6936566719 -1.8158918035 1002.8268806564 247.5422615478
-0.8537358509 0.8313946700 -2.0701052063 1071.8300194265 322.4800453628
-0.9197688999 1.1763899925 -2.0413765988 1221.7104613630 226.2104637887
-0.9414224818 1.3385083174 -2.0996017911 1282.6055741171 206.4604154896
-0.9203595300 -1.1508216233 -2.0333945953 90.4789364941 645.6950031336
-0.8690239338 -0.5462702463 -2.0546615520 397.2973889749 563.2294945076
-0.8678678142 -0.1876486862 -1.9304275451 558.3931274410 473.2231059922
-0.6059505876 0.0021046849 -2.1397186428 717.1088642519 603.2265771741
-0.7139063026 0.1884068236 -2.0970261339 788.2014106956 508.5889426743
-0.7638126571 0.6804874394 -1.8599272787 1033.9041650103 335.0256678721
-0.8706004692 0.7609955734 -2.0348282237 1036.2866085014 319.0217115607
-0.7257215869 1.1637273095 -1.9809265724 1281.2590574173 291.8956913435
-0.7639138346 1.1025790106 -2.0546763088 1228.2851636456 307.1237590122
-0.6464942885 -0.6169893022 -1.8797235077 345.4393450505 666.8243086263
-0.5449677676 -0.4256999261 -1.8409050742 458.3456404782 679.9204302839
-0.5182162399 0.0584582647 -2.1374499208 761.4788889002 636.6514839977
-0.6001629434 0.3259827887 -2.0581514561 880.2940478848 530.3084910256
-0.4989809361 0.9160976353 -2.1709690747 1196.3242761691 487.7406406257
-0.5995646106 1.0924402375 -2.1580213671 1255.5967920438 405.9647853801
-0.3208123668 0.3495978570 -1.8800079703 965.9128962944 647.8938398507
-0.1833770196 0.8149241496 -1.9777709131 1271.8815819322 640.5229701870

gimbalangles:
1.3727325802 1.9798935322 -2.7275105997 -0.7600246633

end: