T_CW:
0.1077634438 -0.3779577033 0.9195297791 0.0204534362
-0.9471197684 0.2421579365 0.2105318934 -0.0786105596
-0.3022435848 -0.8935924733 -0.3318754392 -0.0462418134
0.0000000000 0.0000000000 0.0000000000 1.0000000000

T_CW_cov:
0.0000009252 -0.0000001798 -0.0000002345 0.0000004410 0.0000021567 -0.0000000387
-0.0000001798 0.0000006374 0.0000000721 -0.0000016054 -0.0000004131 -0.0000004679
-0.0000002345 0.0000000721 0.0000001442 -0.0000001712 -0.0000005278 -0.0000000116
0.0000004410 -0.0000016054 -0.0000001712 0.0000041060 0.0000010145 0.0000011594
0.0000021567 -0.0000004131 -0.0000005278 0.0000010145 0.0000050900 -0.0000000967
-0.0000000387 -0.0000004679 -0.0000000116 0.0000011594 -0.0000000967 0.0000008095

target_points_pix:
-1.9221166002 -1.9663354306 -2.1468861812 149.2036459008 659.4336467216
-1.6528525047 -1.8988645247 -1.9727573103 176.7567632979 598.7123892714
-1.6971427193 -1.9147061648 -1.5994332875 303.1024690210 658.2046997948
-1.7576145065 -2.1605108836 -1.2885426793 470.3713221221 669.9279628653
-1.4411075920 -2.0047310802 -2.1884385161 141.3119783304 481.5815131233
-1.5636460166 -2.1015147070 -1.7670923026 299.5057141934 555.6739199909
-1.4260408633 -1.8229054887 -1.5300131216 300.7398416201 580.3357479972
-1.3399871004 -2.0056671780 -1.2549875334 454.5333551865 546.0024449428
-1.5796895824 -2.1471275155 -0.5889229412 740.8908396505 700.1980758508
-1.5219180490 -1.8699384584 -1.8978367480 189.7654641016 564.0516616739
-1.4682522470 -1.5686725384 -2.0065486827 45.3953181916 584.7495966587
-1.0892432491 -2.1781532013 -2.1928852506 188.0402974764 331.8790055805
-1.1045450740 -2.0836019116 -1.7259294662 308.8793218446 388.7759929573
-1.1903101363 -1.9710198513 -1.5405061849 341.4972727167 457.3799487481
-1.2890348075 -1.9994550703 -1.3783793257 407.5550362099 511.6942351717
-1.2364419598 -1.9084281885 -0.8859257635 584.9085058541 568.4994345469
-1.4358768580 -2.0111886180 -0.8261469596 624.2058825812 640.0625542944
-1.2231305079 -1.8176706409 -0.3259783931 840.7586052869 669.9242262770
-1.0540651075 -1.9318002681 0.1505068516 1144.0440853682 635.2479175527
-1.2316108156 -1.6002939991 -2.0136714895 48.3718898853 477.7072493002
-1.1236390632 -1.6723554829 -1.9513804356 95.3677400387 426.6668004337
-0.9278648461 -2.1623143671 -1.9122754340 269.5473288266 293.8701292725
-1.1970903097 -2.0119519131 -1.8409716733 249.6519170834 423.0615314238
-1.0262459419 -2.1327927978 -1.4283592435 427.3883890421 379.9105514262
-0.9575045136 -1.9115817110 -1.1792712318 468.7954606993 404.5950578114
-0.8443794031 -1.8071398690 -1.0955409877 479.3455246694 374.5531467481
-0.9644520576 -1.8324325372 -0.7568478830 639.6948265111 473.0488444326
-0.8996479791 -2.0374637846 -0.5070061223 804.4408290141 437.7647639067
-1.0352279963 -1.9014060949 -0.2873643345 889.1246093688 561.8905746440
-0.8524976807 -2.0244151995 0.1476430308 1170.6083068343 505.6131987608
-0.9396370708 -1.8606308446 0.3999390077 1330.0149713379 638.6343199961
-1.0920435109 -1.8769257744 -1.8507553072 203.0461120224 396.3600488628
-0.6316084140 -2.0274981562 -1.8786262742 239.3017490250 180.8006305254
-0.9035524778 -1.8286837590 -1.7451155714 222.4518864758 330.3649481585
-0.9479648369 -1.9014220938 -1.5210612308 329.6401266900 364.6069603395
-0.9432146670 -2.0560567738 -1.2161047290 491.0399519772 374.9797215472
-0.7223513166 -2.0494162625 -1.0749999326 554.4306838257 288.6253968323
-0.5659483010 -2.1386425040 -0.8683584697 671.2326152029 224.3092520783
-0.9005062453 -1.9343387993 -0.4449024492 820.6356865249 464.1981419771
-0.9123079585 -2.1284580629 -0.2558047657 941.4825493170 460.1829243140
-0.6883316207 -1.8469608032 -0.1589367572 993.8624610437 404.2846744759
-0.8632153327 -2.1951362328 0.0753490344 1128.5618160298 467.2359655229
-0.6319736503 -1.7177400197 -2.0925003425 51.8138588113 181.5062658440
-0.8635723492 -1.6173579517 -1.8943794162 87.0370580117 319.9331392444
-0.5144810341 -2.0414948860 -1.8602799657 249.7947621297 128.5452462888
-0.6620010583 -2.1660087974 -1.6901725747 346.5687668172 200.4715856127
-0.4142942321 -2.0953978622 -1.3107196396 476.1943107119 117.0072824497
-0.5530260388 -2.0939750219 -1.1044124804 558.2750898708 200.8689708990
-0.3947811777 -1.9984441214 -1.0106780799 583.8427844846 133.0260425644
-0.5097935959 -2.1148276580 -0.5873151168 804.3636824249 223.1335836030
-0.4729021202 -2.0583920602 -0.5698937838 807.3937459282 209.5409733465
-0.5877027471 -2.1220845631 -0.1952625424 1005.3428319902 303.3431858642
-0.6397658702 -1.9962388135 0.1742825485 1218.8124175414 396.2193501790
-0.6116385735 -1.9244833139 0.2116265258 1250.6687114598 397.6230624160
-0.6599330818 -1.6619423208 -2.0552645162 42.2153432771 201.6000138288
-0.3223157237 -2.0889569064 -1.5800920492 368.6811455793 54.5341600239
-0.3090886800 -1.9464609966 -1.6565812355 294.5110036064 44.4089389198
-0.1811950139 -1.9637254206 -1.1985033871 496.1077986080 3.8658469012
-0.2098812585 -2.0260061083 -0.8694235679 667.1312666171 41.1306698430
-0.2850391173 -1.8672154483 -0.9145653236 603.4759265902 83.5219292004
-0.1300626629 -2.1529462385 -0.6921622961 785.1182719061 7.7203306181
-0.1742632593 -2.0133338748 -0.0902612282 1113.0703806718 78.7287523252
-0.0635647412 -2.0690742069 -0.0068415662 1184.9662826913 12.5145291200
-0.3426600909 -1.6986843663 -2.0131679466 64.2287029128 41.3683583681
-0.1709999155 -1.9968155702 -0.8413978501 677.2354275417 20.6924258484
-0.1169270298 -2.1924969758 -0.1057671843 1115.9217060094 39.2017963934

gimbalangles:
-1.2678626821 -0.4232593941 -0.4021606646 1.7119646104

end: