T_CW:
0.7053524364 0.4454557169 0.5514047014 0.0104264262
0.2832428860 0.5359673214 -0.7953065434 -0.0416831594
-0.6498087473 0.7171528670 0.2518736931 -0.0210445408
0.0000000000 0.0000000000 0.0000000000 1.0000000000

T_CW_cov:
0.0000005881 -0.0000003086 0.0000000586 0.0000007931 0.0000014360 -0.0000000137
-0.0000003086 0.0000008184 -0.0000000579 -0.0000021388 -0.0000007338 0.0000001604
0.0000000586 -0.0000000579 0.0000000815 0.0000001518 0.0000001405 -0.0000000082
0.0000007931 -0.0000021388 0.0000001518 0.0000056447 0.0000018846 -0.0000004181
0.0000014360 -0.0000007338 0.0000001405 0.0000018846 0.0000035599 -0.0000000313
-0.0000000137 0.0000001604 -0.0000000082 -0.0000004181 -0.0000000313 0.0000004301

target_points_pix:
-1.8224931774 0.7448238787 0.1113938527 103.4801482040 179.6385964903
-2.1551667523 0.8701160953 0.2237557347 133.0845361087 140.9863851022
-1.8270632441 0.8325440399 0.3756327394 255.3969627006 88.4367749704
-1.9948059239 1.0655745301 -0.1236212339 124.0052274395 382.1580520620
-2.1700906082 1.1508405723 -0.0162742313 161.2828072119 332.0423149237
-1.8367116007 0.8470277910 0.1536552899 169.5225163188 199.0524512957
-1.9986951364 1.1030106421 0.5814468094 382.6626577756 94.4334513412
-2.0290123060 1.2616487263 -0.4540971774 81.8925019654 579.0986241875
-2.0326420221 1.4386671003 -0.3715805411 183.3078122853 578.6726577688
-1.9996192975 1.1557197899 -0.0691214088 181.8455750096 382.8898302645
-1.8508449086 1.2533294366 0.1209409021 323.0274355250 351.5639143187
-1.8275087156 1.2445718864 0.4833325022 445.7346014516 198.5547843720
-2.0172029321 1.2486872717 0.8703872773 507.0482799614 37.9619851866
-2.1088004373 1.4267765867 -0.4272348695 144.5655290110 584.0153562267
-2.1735839590 1.4343336267 -0.3174998151 170.2655718237 526.3231467508
-2.1721225624 1.4984821487 -0.1178589294 255.0395482837 460.5875491561
-2.1038104307 1.5453454380 0.3154965260 409.9398093696 318.6702528498
-1.8756328916 1.4181544575 0.6779339873 538.7033405716 174.3512662059
-1.8274701935 1.3188779672 0.6038785279 504.9615013335 175.1252799436
-2.0616398675 1.6203105521 0.9227851073 596.2439445621 135.2656403253
-2.1978652673 1.5512577920 -0.0820733873 277.3282183581 454.2744887412
-1.8147805824 1.7005286935 -0.0912446736 413.0520941057 557.8092124129
-1.8687607905 1.6395216927 0.3740385226 513.5214044095 351.2821973606
-1.8980237103 1.9209957642 0.3535455110 567.4381524459 420.0179516860
-1.8992891162 1.6958315500 0.5927369583 576.4045186359 282.1814357133
-2.1280136359 1.9030231084 1.1200182238 676.8228176997 146.5739924210
-2.0767536092 1.5913540197 1.1734617687 645.6813878339 46.6547247164
-2.0009461426 1.8884255044 -0.3091342856 359.9386266274 641.4040452115
-2.0839185599 2.1121327543 -0.1787392208 434.5069387846 612.7056296258
-1.8007556983 1.9812678047 0.0551784552 532.6487455990 556.4605394503
-2.0021261078 2.0086463683 0.6719158105 632.1096387765 319.6027423625
-1.8671153541 2.1795732671 0.7269835846 711.8857353742 354.2118415228
-1.9047003350 1.8680613442 1.0806603821 725.0689518974 165.0950819976
-1.9973255520 2.0750879804 1.4269123231 801.7041939445 110.8991311918
-1.8124172708 1.9439885406 1.3066086394 813.7511686753 122.4431110362
-1.8042215426 1.8813328659 -0.2818446438 413.8043264973 671.2979943447
-1.7767929336 2.0072491973 -0.1782002063 484.2045384723 655.6448529931
-1.7534698406 2.0793769081 0.4493600074 664.3220584832 440.1430077111
-1.8353667562 2.1089405381 0.3759185790 629.6278824613 459.6368494924
-1.7604356880 2.0656598370 0.6575958443 707.7282702408 364.9355655851
-1.7705647096 1.9172214653 0.8435902795 720.5643745931 266.3482637368
-1.5673731990 2.1856570907 1.4301868938 949.0665270403 165.9637746647
-1.7142549144 1.9451759251 1.5629844682 898.1797364419 51.2980706707
-1.6571184784 1.8321234448 -0.0621704696 503.2733654818 603.5249706734
-1.4726534281 2.0034281786 -0.0936720132 595.1975887704 687.8091287188
-1.5475518711 1.9219229687 0.2115461638 634.9913620221 530.5618953166
-1.4598821192 2.0390700871 0.4072914279 738.7921678118 493.2371570448
-1.6794329719 2.0021970623 0.8621467882 767.9366921516 290.7774839204
-1.4209454531 1.8676090554 1.0841520386 886.8746559930 204.5410870018
-1.3899147558 2.1238306384 1.3530480406 989.3168180818 187.5528479943
-1.3728960194 2.0609641576 1.3938533902 997.2748279498 158.2966507107
-1.3447913358 2.0146216253 1.7208925961 1069.6356883930 41.8127827352
-1.4275808434 2.1561639858 1.8618872162 1077.1087408997 37.8033982936
-1.2776452368 1.8694489727 0.0047508315 657.1186870325 668.1527242229
-1.0730605838 2.0018530190 0.3056842560 851.2880011065 604.2197744830
-1.2085726006 2.0127526755 0.3547681015 811.6326562637 555.8362582968
-1.4250652760 2.0144635608 0.6554444686 807.1154893907 398.9281849732
-1.3457046956 1.9663000365 1.0873481235 929.9172813055 238.7710850889
-1.1680323593 2.0223801191 1.2503392272 1043.8764832684 214.1815561368
-1.0704080031 2.0702471482 1.3645704063 1114.4751117740 196.5511702058
-1.3198734235 2.0046170289 1.6951049529 1073.3975672226 48.0496830250
-1.2843110725 2.0259669710 1.8482818942 1119.2573311071 8.4925200835
-0.8521590024 1.9558607454 0.3663922634 960.1721301427 618.7057266110
-1.1747783765 1.9710647288 0.4070187887 831.1289516261 531.4217023447
-0.9249999966 1.8887475075 0.8621447902 1047.4267827717 358.7164997484
-0.9069592067 2.1009950598 1.1466473560 1143.8206613467 304.4084534184
-1.1549661397 2.1099652787 1.3731370306 1083.7429962529 197.2566496415
-0.8297485976 1.9743105077 1.4365170950 1236.6547674995 162.3380257718
-1.1682775108 1.8285797251 1.6366843949 1109.3150025151 16.6815204198
-1.1635535457 2.0657929403 1.8425232613 1170.3620040206 28.2069714748
-0.8630691661 1.9261983014 0.5737511127 1007.2814115955 510.0381384906
-0.7731890428 2.0682027516 0.6651492623 1092.8711352045 520.6056540767
-0.6987685676 1.8456276545 1.1680146625 1238.8517139939 243.8615677524
-0.8565034793 2.1796840996 1.0994869736 1163.1222206097 350.7780623583
-0.9162177262 1.9912729978 1.6027493351 1229.7933236432 99.1033728656
-0.8088612631 2.0381456808 1.7274670447 1309.9096574267 77.4011704117
-0.6231705820 2.1520952738 0.5384759296 1147.1616970242 632.4511831717
-0.4974786646 2.1872748934 0.6050544679 1236.1823681582 638.6200705900
-0.6114223086 2.1682011349 0.8039420480 1219.3569161208 514.2148975509
-0.6975967015 1.8964370410 1.5817591192 1335.5728443005 89.6651290497

gimbalangles:
3.1301030576 -0.3078434451 2.7189874181 -1.9859376543

end: