T_CW:
-0.5004175832 0.8545413855 -0.1390728690 -0.0620216793
0.4246225973 0.3822282364 0.8207296907 -0.0105856269
0.7545050644 0.3516540854 -0.5541313129 -0.0415746065
0.0000000000 0.0000000000 0.0000000000 1.0000000000

T_CW_cov:
0.0000004967 0.0000000607 0.0000000585 -0.0000001507 0.0000012734 0.0000001013
0.0000000607 0.0000005107 -0.0000000234 -0.0000013861 0.0000001595 0.0000003276
0.0000000585 -0.0000000234 0.0000000850 0.0000000673 0.0000001296 -0.0000000081
-0.0000001507 -0.0000013861 0.0000000673 0.0000038193 -0.0000003970 -0.0000008574
0.0000012734 0.0000001595 0.0000001296 -0.0000003970 0.0000033232 0.0000002681
0.0000001013 0.0000003276 -0.0000000081 -0.0000008574 0.0000002681 0.0000006561

target_points_pix:
0.8890987780 1.6535147810 -1.8036159092 1289.2012007961 91.6455213194
1.0812056918 1.6101957530 -2.0611834659 1178.1536810621 50.7119693920
1.1110084514 1.9235336780 -1.2463510526 1323.9618342032 439.2542810485
1.3177547534 0.9829887943 -1.9275302017 874.6983246888 21.8769094209
1.2534387693 1.4042816883 -2.1271438066 1047.1501513354 34.5028111177
1.3301668377 1.7488035525 -2.0715025133 1132.4206514955 141.4181011326
1.2979871322 1.8572265450 -1.8891421815 1183.4922814544 213.2092057955
1.0969822034 1.9415982477 -1.5650981868 1310.1696087753 302.2846766550
1.1040556031 2.0115566509 -1.5430429039 1331.3485322270 326.2875700668
1.2164093231 2.0740255218 -1.1797555361 1330.6192705607 516.1422986413
1.3344161846 2.0063298798 -1.0812565365 1261.4973239969 569.4324551839
1.3342262769 1.8362976900 -0.8582992898 1214.7619248694 654.8321941532
1.6891581496 0.8208092222 -1.9402937266 714.8684279463 89.2388946297
1.6550291668 0.9849206446 -2.0816303475 788.9703824092 70.3739402358
1.4599354259 1.1281127119 -1.9168790001 886.7118419231 99.3048501680
1.3608744688 1.3786190287 -1.8404976115 1006.1160923848 150.9197536878
1.3328779171 1.9303904193 -2.0943921518 1184.3838434069 168.6900268392
1.6905155624 2.1123487386 -1.8272960049 1129.8616578791 351.9781794074
1.3670437746 2.1085656360 -1.9470678720 1230.0334995067 253.6730609098
1.5911216728 1.9995606427 -1.6491432373 1134.2840279750 378.0298536743
1.3882493757 1.8446951888 -1.0503425138 1183.1362531391 565.9607005097
1.4025173724 2.1661699239 -1.0708342093 1285.5788046141 608.0482559121
1.4991204295 2.1421111058 -0.9414363821 1245.0265026223 676.7431776782
1.9227470392 0.4291212663 -2.0033337260 523.7253192544 51.8961360712
1.8553778200 0.8419135852 -1.8622262487 681.3105365552 159.9156326979
1.7463991344 0.9501732298 -1.9611408615 749.9461434183 123.2940547205
1.5956944154 1.1845239711 -2.0629449355 871.9995370004 100.3127432149
1.7690751164 1.6723849685 -2.1735322540 979.0634792031 193.3462502546
1.6090419170 1.8701769459 -1.9242906010 1083.4663258396 268.8469137840
1.6545523353 2.1920472514 -1.8085601587 1163.5204583350 363.9193439100
1.8907629288 2.1738643441 -1.5539227425 1093.7695567071 481.0038058366
1.5651760501 1.9011556306 -1.6414494429 1113.3546577199 360.5702866192
1.7631702608 2.0808056352 -1.2812136364 1112.8475687701 551.9732868643
1.8403879572 1.8908816600 -0.9234629898 1033.2898773616 685.8082339403
2.0443564240 -0.3482602204 -1.3012287353 34.6702378918 156.1667986636
2.0798042420 -0.2424843764 -1.1012332417 44.4396910067 275.8113762035
2.1516010315 0.0514003866 -1.8782818612 325.1224746799 73.4498737106
1.8457720871 0.0187633843 -1.6776015658 318.0583590679 42.6972589470
2.0749550863 0.0247220718 -1.3704456468 243.0370537581 221.9643711346
1.9811569292 -0.1196215702 -1.3969824230 183.8705601676 153.8099363190
2.1374943649 0.0698232034 -1.1778551054 224.6840898246 323.9102016007
1.9109171222 0.2273973581 -1.9251597013 436.2230757559 29.6016540380
2.0922931957 0.1693856270 -1.6973200950 357.6615155575 139.5697060184
2.0659552518 0.2229873537 -1.4230803426 346.5762654866 240.7994031642
1.8640985772 0.4482088153 -1.1681110844 448.9234733268 342.9316747621
1.8114395741 0.4329723722 -0.5928847570 359.8487918953 627.6025209436
2.1709836927 0.2997486605 -0.5802434997 229.0957189405 660.8921196689
2.0085784985 0.5661478600 -2.1355031077 571.4503405883 62.9935040381
2.0066888307 0.6813156892 -1.5906695522 570.0584281579 254.9129952010
1.8102394135 0.4653526895 -1.4241076530 498.8597131073 227.2182588965
1.9858728767 0.3186794377 -1.0625362128 349.0663860410 390.7158617371
1.9992997518 0.4851987211 -1.0367096055 425.4885449968 437.3606522323
1.8991071867 0.6234767567 -0.5807390885 450.5097098547 681.5375808157
2.1082567397 0.7683194024 -2.0883454596 620.8547380637 136.4597230742
1.8003977265 0.8938984855 -1.6869383043 702.3306130972 215.0390526736
1.8199059012 0.9119807045 -1.4911488719 692.8614358292 293.2549958982
2.1263971905 0.8643097482 -1.4336555297 605.1987471651 366.6441730964
1.8540951364 0.9024724960 -0.9291037044 639.5953326861 537.5255590296
1.9280159722 0.5892995954 -0.8408584783 463.3506977011 537.7794301162
1.8819986643 0.6403023216 -0.5539885803 459.3641007910 698.1805918586
2.1466583260 0.9021488065 -1.8376978670 643.1235314140 241.3626346162
1.9478136786 1.1971845413 -1.8090042128 782.3547243595 260.2345995397
1.9294212385 1.0134778323 -1.3523070024 698.5053356683 386.3747644489
2.0193486403 0.9251526220 -1.2053517240 633.3711101304 445.9355390210
1.8841264328 0.9616947949 -0.8001790908 648.4715915545 615.9316780346
1.8413549133 1.1156033625 -0.8390002865 731.6239766277 615.4017981518
2.0568281662 1.1937661553 -2.0815877035 767.8722087269 199.0343010797
2.1086544945 1.2399808035 -1.5814687387 751.5855119975 371.2594356704
1.9038611655 1.1755829434 -1.4194943058 769.3445512426 383.4105647391
1.8729445368 1.0765853595 -1.4097697702 739.4054296298 364.5301976077
2.1912169449 1.1472081868 -1.0971950733 675.2733738845 549.8205624308
2.1198372318 1.2923371785 -0.8636543491 733.4657869274 661.8173838796
2.0464999503 1.3968885242 -2.0319761506 830.3081927073 243.3673322551
1.9900729549 1.3513069061 -1.6751795088 818.8753117288 336.7007628820
2.0997648301 1.3486116044 -1.6412098306 791.6560506258 366.2055680936
2.0506832390 1.3181927661 -1.3523290782 782.0920512781 455.4959563322
1.9202230750 1.6161276385 -1.1194604044 914.0490207629 572.6284369256
2.1719950041 1.3312834193 -0.8438112511 734.7171783262 681.0278574821
1.8781424790 1.8592667745 -1.8796718071 1004.4497103723 329.1497685459
2.1241490901 1.8960094983 -1.9460987535 953.0158827735 353.0218558467
1.9097524317 1.6915000826 -1.6713461377 946.5705335759 376.4105614195
2.0565221317 1.8238578311 -1.3085013062 946.0944082762 543.3424532748
2.0220705762 1.7917713969 -1.0380102918 943.6702190138 641.4030191553
2.0850723031 1.9737329797 -2.1219347553 982.9951255237 307.7611105593
2.1947495420 1.8759180499 -1.5502552975 928.1264758557 482.6849021642
1.9938454775 1.9484953059 -1.6158373748 1000.2667652423 443.9673948336
2.0985304997 1.9546498073 -1.3409694483 974.6189182748 553.1243014454

gimbalangles:
0.9720368172 1.2565742491 2.1153660183 -1.1930741437

end: