sensor_name: static2
sensor_id: S2
model_type: pinhole
distortion_type: radtan
width: 1280
height: 1024
fx: 657.046378
fy: 656.801977
cx: 647.599810
cy: 507.869821
k1: -0.180895
k2: 0.0493366
k3: 0
p1: 0.0003314
p2: -0.00057106