T_CW:
0.1086764586 -0.9862146882 -0.1247798709 -0.0935266177
-0.2977897538 0.0874607519 -0.9506165785 -0.2216383740
0.9484253739 0.1404678102 -0.2841797044 -0.0941271952
0.0000000000 0.0000000000 0.0000000000 1.0000000000

T_CW_cov:
0.0000011991 -0.0000000150 -0.0000001029 0.0000000139 0.0000026999 -0.0000004755
-0.0000000150 0.0000005107 0.0000000266 -0.0000012318 -0.0000000376 -0.0000000608
-0.0000001029 0.0000000266 0.0000000704 -0.0000000466 -0.0000002352 0.0000000376
0.0000000139 -0.0000012318 -0.0000000466 0.0000030158 0.0000000397 0.0000001551
0.0000026999 -0.0000000376 -0.0000002352 0.0000000397 0.0000061185 -0.0000010683
-0.0000004755 -0.0000000608 0.0000000376 0.0000001551 -0.0000010683 0.0000004702

target_points_pix:
2.0000000000 -0.8000000000 -1.6000000000 1282.2725231662 689.3001560090
2.0000000000 -0.8000000000 -1.4000000000 1285.3924098321 593.1869519571
2.0000000000 -0.8000000000 -1.2000000000 1288.2033950383 491.7853943519
2.0000000000 -0.8000000000 -1.0000000000 1291.5909864105 383.1720734434
2.0000000000 -0.8000000000 -0.8000000000 1294.3070703178 268.6334175035
2.0000000000 -0.8000000000 -0.6000000000 1297.7327693463 147.2124341511
2.0000000000 -0.8000000000 -0.4000000000 1300.6545100665 17.9642698970
2.0000000000 -0.6000000000 -1.6000000000 1170.5262171194 695.0179245555
2.0000000000 -0.6000000000 -1.4000000000 1170.2522837353 599.9205185372
2.0000000000 -0.6000000000 -1.2000000000 1170.1280488398 499.5142787967
2.0000000000 -0.6000000000 -1.0000000000 1169.6437135500 393.3154563508
2.0000000000 -0.6000000000 -0.8000000000 1169.0911813337 280.4224292974
2.0000000000 -0.6000000000 -0.6000000000 1168.7216219484 160.8744274243
2.0000000000 -0.6000000000 -0.4000000000 1167.7767926151 33.9021379418
2.0000000000 -0.4000000000 -1.6000000000 1061.5295529326 699.9233488683
2.0000000000 -0.4000000000 -1.4000000000 1057.7965503526 606.1545654760
2.0000000000 -0.4000000000 -1.2000000000 1054.4212699238 507.8584076570
2.0000000000 -0.4000000000 -1.0000000000 1050.9449921198 402.6457722657
2.0000000000 -0.4000000000 -0.8000000000 1046.8449180007 291.6525200865
2.0000000000 -0.4000000000 -0.6000000000 1043.0498361228 174.3088594638
2.0000000000 -0.4000000000 -0.4000000000 1038.4724448151 49.9107732490
2.0000000000 -0.2000000000 -1.6000000000 954.9081408151 704.9063066729
2.0000000000 -0.2000000000 -1.4000000000 948.7512409262 612.4540409075
2.0000000000 -0.2000000000 -1.2000000000 942.3858364713 515.1097198500
2.0000000000 -0.2000000000 -1.0000000000 935.4522678559 412.0321344777
2.0000000000 -0.2000000000 -0.8000000000 928.1747933331 303.2180030190
2.0000000000 -0.2000000000 -0.6000000000 920.7578469306 187.8544441547
2.0000000000 -0.2000000000 -0.4000000000 912.7351931717 64.9875367551
2.0000000000 0.0000000000 -1.4000000000 842.4519672672 618.2606086838
2.0000000000 0.0000000000 -1.2000000000 832.9854378948 522.8044405237
2.0000000000 0.0000000000 -1.0000000000 823.3299861012 420.8623893815
2.0000000000 0.0000000000 -0.8000000000 813.2944048369 314.1531884136
2.0000000000 0.0000000000 -0.6000000000 802.6144008523 200.5400645018
2.0000000000 0.0000000000 -0.4000000000 790.8251941062 80.2683469054
2.0000000000 0.2000000000 -1.4000000000 738.6381347312 623.8357184774
2.0000000000 0.2000000000 -1.2000000000 726.9708601668 529.3415512934
2.0000000000 0.2000000000 -1.0000000000 714.2997014537 429.6067494562
2.0000000000 0.2000000000 -0.8000000000 700.9931742006 323.8859015988
2.0000000000 0.2000000000 -0.6000000000 687.1313213790 212.3284535211
2.0000000000 0.2000000000 -0.4000000000 673.0380671584 94.8341850558
2.0000000000 0.4000000000 -1.4000000000 637.7047927727 629.3730007873
2.0000000000 0.4000000000 -1.2000000000 623.3520060020 536.4349215939
2.0000000000 0.4000000000 -1.0000000000 608.1791596213 437.7865754074
2.0000000000 0.4000000000 -0.8000000000 592.1659434603 334.4551554093
2.0000000000 0.4000000000 -0.6000000000 575.7338827832 225.0346104031
2.0000000000 0.4000000000 -0.4000000000 557.8923673014 108.5122350981
2.0000000000 0.6000000000 -1.4000000000 539.2979127411 634.6520781992
2.0000000000 0.6000000000 -1.2000000000 522.6889951088 542.3927868328
2.0000000000 0.6000000000 -1.0000000000 505.0722721247 446.0584641985
2.0000000000 0.6000000000 -0.8000000000 486.7373172033 344.2291647236
2.0000000000 0.6000000000 -0.6000000000 467.0736712725 236.3211119629
2.0000000000 0.6000000000 -0.4000000000 447.0196030924 122.6862239124
2.0000000000 0.6000000000 -0.2000000000 425.8287393293 1.9445159600
2.0000000000 0.8000000000 -1.4000000000 443.8779041778 639.5409579593
2.0000000000 0.8000000000 -1.2000000000 424.7189447281 549.6268775687
2.0000000000 0.8000000000 -1.0000000000 405.0785537566 454.2535909181
2.0000000000 0.8000000000 -0.8000000000 384.3206028623 353.4515014026
2.0000000000 0.8000000000 -0.6000000000 361.9304314348 247.7070282298
2.0000000000 0.8000000000 -0.4000000000 339.4007147542 135.6355519661
2.0000000000 0.8000000000 -0.2000000000 315.0891292591 17.4917873067
2.0000000000 1.0000000000 -1.4000000000 351.1295819670 644.2196193406
2.0000000000 1.0000000000 -1.2000000000 329.4659409418 555.3320939462
2.0000000000 1.0000000000 -1.0000000000 307.6373184012 461.6187867916
2.0000000000 1.0000000000 -0.8000000000 284.2275145768 362.6624946418
2.0000000000 1.0000000000 -0.6000000000 259.9331605046 258.3989815594
2.0000000000 1.0000000000 -0.4000000000 234.6866838321 148.7504400159
2.0000000000 1.0000000000 -0.2000000000 207.8579486696 32.7962280761
2.0000000000 1.2000000000 -1.4000000000 260.1122988255 649.1049698331
2.0000000000 1.2000000000 -1.2000000000 237.1933455354 561.3035561677
2.0000000000 1.2000000000 -1.0000000000 213.1396546059 468.7031594397
2.0000000000 1.2000000000 -0.8000000000 187.9568721263 371.7175604708
2.0000000000 1.2000000000 -0.6000000000 161.7844032497 268.9216644204
2.0000000000 1.2000000000 -0.4000000000 133.7069879710 161.1404163460
2.0000000000 1.2000000000 -0.2000000000 104.7640943807 47.2271955876
2.0000000000 1.4000000000 -1.4000000000 172.2470508506 653.1653174181
2.0000000000 1.4000000000 -1.2000000000 147.0316558198 566.8771585068
2.0000000000 1.4000000000 -1.0000000000 121.2977305458 475.8557304281
2.0000000000 1.4000000000 -0.8000000000 94.0031026046 380.2381768439
2.0000000000 1.4000000000 -0.6000000000 65.8380241500 278.8248935156
2.0000000000 1.4000000000 -0.4000000000 36.1064686588 173.3120889342
2.0000000000 1.6000000000 -1.4000000000 86.5844156951 657.2181086149
2.0000000000 1.6000000000 -1.2000000000 59.9099465867 572.1278000617
2.0000000000 1.6000000000 -1.0000000000 32.1318725852 482.1172003919

gimbalangles:
-0.2259026789 0.0405525868 -0.1559396892

end: