T_CW:
-0.2169224240 -0.9533244670 -0.2100407640 -0.1096243624
-0.1214226274 0.2398429170 -0.9631884139 -0.2276724547
0.9686078709 -0.1834334641 -0.1677824685 -0.0680071780
0.0000000000 0.0000000000 0.0000000000 1.0000000000

T_CW_cov:
0.0000013859 0.0000000829 0.0000002298 -0.0000001348 0.0000030135 -0.0000004174
0.0000000829 0.0000006268 0.0000000246 -0.0000014703 0.0000001802 0.0000003523
0.0000002298 0.0000000246 0.0000001059 -0.0000000300 0.0000004855 -0.0000000628
-0.0000001348 -0.0000014703 -0.0000000300 0.0000034981 -0.0000002967 -0.0000008382
0.0000030135 0.0000001802 0.0000004855 -0.0000002967 0.0000065959 -0.0000009039
-0.0000004174 0.0000003523 -0.0000000628 -0.0000008382 -0.0000009039 0.0000006586

target_points_pix:
2.0000000000 -1.8000000000 -0.6000000000 1336.2967493825 181.2549812420
2.0000000000 -1.8000000000 -0.4000000000 1324.6073037561 79.3345339329
2.0000000000 -1.6000000000 -1.6000000000 1309.5184272772 674.3873244229
2.0000000000 -1.6000000000 -1.4000000000 1298.1217656902 586.2960501642
2.0000000000 -1.6000000000 -1.2000000000 1287.1294844675 494.7132082536
2.0000000000 -1.6000000000 -1.0000000000 1275.4024683560 400.1817707860
2.0000000000 -1.6000000000 -0.8000000000 1262.9390277422 303.5830069760
2.0000000000 -1.6000000000 -0.6000000000 1250.0251505757 203.4160392720
2.0000000000 -1.6000000000 -0.4000000000 1236.8710822201 100.2910348560
2.0000000000 -1.4000000000 -1.6000000000 1227.1616407312 703.2086030302
2.0000000000 -1.4000000000 -1.4000000000 1215.2218324380 613.2721160238
2.0000000000 -1.4000000000 -1.2000000000 1202.0890164188 520.9368115319
2.0000000000 -1.4000000000 -1.0000000000 1188.8110596644 426.1063650754
2.0000000000 -1.4000000000 -0.8000000000 1174.8267885039 327.7662258089
2.0000000000 -1.4000000000 -0.6000000000 1160.7609858175 225.9061147771
2.0000000000 -1.4000000000 -0.4000000000 1146.3287099237 121.4168167826
2.0000000000 -1.4000000000 -0.2000000000 1130.9759488894 14.2069091109
2.0000000000 -1.2000000000 -1.4000000000 1129.1326010942 641.9582995008
2.0000000000 -1.2000000000 -1.2000000000 1114.6814778874 548.6382621644
2.0000000000 -1.2000000000 -1.0000000000 1099.7211634606 451.8244773454
2.0000000000 -1.2000000000 -0.8000000000 1084.2693885073 352.6489248034
2.0000000000 -1.2000000000 -0.6000000000 1068.5478998568 250.5118317020
2.0000000000 -1.2000000000 -0.4000000000 1051.8487295522 144.4367515703
2.0000000000 -1.2000000000 -0.2000000000 1035.6675202029 35.1310960897
2.0000000000 -1.0000000000 -1.4000000000 1040.3031246463 671.3420247897
2.0000000000 -1.0000000000 -1.2000000000 1024.5043010872 576.5400051437
2.0000000000 -1.0000000000 -1.0000000000 1007.0589602172 479.2219164622
2.0000000000 -1.0000000000 -0.8000000000 990.6003253434 378.4850018361
2.0000000000 -1.0000000000 -0.6000000000 972.9587170514 274.6065726607
2.0000000000 -1.0000000000 -0.4000000000 954.8081748840 167.1185522653
2.0000000000 -1.0000000000 -0.2000000000 936.0855673658 55.9851086576
2.0000000000 -0.8000000000 -1.4000000000 948.4645726160 701.2040869242
2.0000000000 -0.8000000000 -1.2000000000 930.6663260864 606.0602832068
2.0000000000 -0.8000000000 -1.0000000000 912.1449040442 506.7100857976
2.0000000000 -0.8000000000 -0.8000000000 893.4158648732 405.1966416341
2.0000000000 -0.8000000000 -0.6000000000 873.6754608916 299.8241033861
2.0000000000 -0.8000000000 -0.4000000000 854.3174887595 190.9055360222
2.0000000000 -0.8000000000 -0.2000000000 833.2824567412 78.9976814416
2.0000000000 -0.6000000000 -1.2000000000 834.2166218667 635.7816354973
2.0000000000 -0.6000000000 -1.0000000000 814.3194174380 535.9140565464
2.0000000000 -0.6000000000 -0.8000000000 793.1951310732 432.6554231342
2.0000000000 -0.6000000000 -0.6000000000 772.0163604130 325.7801254706
2.0000000000 -0.6000000000 -0.4000000000 749.6675260602 215.8011756206
2.0000000000 -0.6000000000 -0.2000000000 726.5796350356 101.5827674624
2.0000000000 -0.4000000000 -1.2000000000 734.6249313232 666.7727108381
2.0000000000 -0.4000000000 -1.0000000000 712.6231589685 565.2387045800
2.0000000000 -0.4000000000 -0.8000000000 689.5051006084 460.8077704533
2.0000000000 -0.4000000000 -0.6000000000 665.8151529024 352.9357961321
2.0000000000 -0.4000000000 -0.4000000000 641.6921883494 241.2173778293
2.0000000000 -0.4000000000 -0.2000000000 616.5902734158 125.8138431303
2.0000000000 -0.4000000000 0.0000000000 590.7657152976 6.1039613787
2.0000000000 -0.2000000000 -1.2000000000 632.3909200454 698.2519423461
2.0000000000 -0.2000000000 -1.0000000000 607.5949119169 596.2215830070
2.0000000000 -0.2000000000 -0.8000000000 582.5244464044 490.4515184006
2.0000000000 -0.2000000000 -0.6000000000 557.0440735090 381.2215795567
2.0000000000 -0.2000000000 -0.4000000000 530.1422219499 267.5769981078
2.0000000000 -0.2000000000 -0.2000000000 502.5435362388 150.6407970155
2.0000000000 -0.2000000000 0.0000000000 474.4569565277 29.3122858059
2.0000000000 0.0000000000 -1.0000000000 499.0024319899 627.4976246641
2.0000000000 0.0000000000 -0.8000000000 471.8831758462 520.6378072876
2.0000000000 0.0000000000 -0.6000000000 443.3517936796 409.8402379643
2.0000000000 0.0000000000 -0.4000000000 414.5597431358 295.4605163622
2.0000000000 0.0000000000 -0.2000000000 384.4261568792 176.2418123926
2.0000000000 0.0000000000 0.0000000000 353.7368514137 53.1170973230
2.0000000000 0.2000000000 -1.0000000000 386.9568798222 660.2094088941
2.0000000000 0.2000000000 -0.8000000000 357.3662986961 551.4003060254
2.0000000000 0.2000000000 -0.6000000000 326.4724394798 439.7242592542
2.0000000000 0.2000000000 -0.4000000000 294.9404475094 323.2976669944
2.0000000000 0.2000000000 -0.2000000000 262.2761431137 202.7885662321
2.0000000000 0.2000000000 0.0000000000 228.4384693390 78.0041153346
2.0000000000 0.4000000000 -1.0000000000 271.5745943996 693.4628119996
2.0000000000 0.4000000000 -0.8000000000 238.8665461746 583.9169000059
2.0000000000 0.4000000000 -0.6000000000 205.4075170369 470.6133322309
2.0000000000 0.4000000000 -0.4000000000 171.2857812897 352.4641728431
2.0000000000 0.4000000000 -0.2000000000 135.4472814391 230.3671194646
2.0000000000 0.4000000000 0.0000000000 98.8261742668 103.8495232536
2.0000000000 0.6000000000 -0.8000000000 116.7563340825 617.5858139796
2.0000000000 0.6000000000 -0.6000000000 80.5333641474 502.7761397477
2.0000000000 0.6000000000 -0.4000000000 43.3134697149 383.0391261629

gimbalangles:
-0.0996818153 0.1274135439 0.1866579309

end: