T_CW:
-0.2234291264 -0.9735264159 -0.0482259576 -0.0790179480
0.1771642608 0.0080920507 -0.9841480292 -0.2399458655
0.9584843505 -0.2284312505 0.1706660880 0.0094349773
0.0000000000 0.0000000000 0.0000000000 1.0000000000

T_CW_cov:
0.0000013996 -0.0000001823 0.0000002664 0.0000004641 0.0000029567 -0.0000002649
-0.0000001823 0.0000006219 -0.0000000653 -0.0000014438 -0.0000003693 0.0000004132
0.0000002664 -0.0000000653 0.0000001211 0.0000001751 0.0000005490 -0.0000000703
0.0000004641 -0.0000014438 0.0000001751 0.0000034007 0.0000009408 -0.0000009546
0.0000029567 -0.0000003693 0.0000005490 0.0000009408 0.0000062908 -0.0000005492
-0.0000002649 0.0000004132 -0.0000000703 -0.0000009546 -0.0000005492 0.0000006068

target_points_pix:
2.0000000000 -2.0000000000 0.6000000000 1331.2706432643 114.9956396139
2.0000000000 -2.0000000000 0.8000000000 1318.0806752085 26.7802040601
2.0000000000 -1.8000000000 -0.4000000000 1317.2633546931 598.8592720104
2.0000000000 -1.8000000000 -0.2000000000 1303.9430439275 496.0244181514
2.0000000000 -1.8000000000 0.0000000000 1290.0822680832 395.9027754093
2.0000000000 -1.8000000000 0.2000000000 1277.0807980916 298.4071811689
2.0000000000 -1.8000000000 0.4000000000 1264.2134222005 203.1249261876
2.0000000000 -1.8000000000 0.6000000000 1251.5801785383 111.2828923205
2.0000000000 -1.8000000000 0.8000000000 1239.6438548387 21.5282191693
2.0000000000 -1.6000000000 -0.4000000000 1230.0979219104 605.4322135653
2.0000000000 -1.6000000000 -0.2000000000 1216.9760049415 499.8714784170
2.0000000000 -1.6000000000 0.0000000000 1204.6216649867 397.6878628421
2.0000000000 -1.6000000000 0.2000000000 1192.5192042167 298.1942991534
2.0000000000 -1.6000000000 0.4000000000 1180.3863865105 201.1455535793
2.0000000000 -1.6000000000 0.6000000000 1168.9406366380 107.6572946129
2.0000000000 -1.6000000000 0.8000000000 1157.6085805289 15.9404419737
2.0000000000 -1.4000000000 -0.4000000000 1138.8275885318 611.8298086226
2.0000000000 -1.4000000000 -0.2000000000 1127.2335972838 504.3406396316
2.0000000000 -1.4000000000 0.0000000000 1115.5060552788 399.7348203640
2.0000000000 -1.4000000000 0.2000000000 1104.2608936701 298.3010982565
2.0000000000 -1.4000000000 0.4000000000 1093.2402062032 199.1047642236
2.0000000000 -1.4000000000 0.6000000000 1082.9037523398 103.6121019196
2.0000000000 -1.4000000000 0.8000000000 1072.4606332055 10.6865913884
2.0000000000 -1.2000000000 -0.4000000000 1043.1920323231 618.1995329851
2.0000000000 -1.2000000000 -0.2000000000 1032.5679644091 508.5912484464
2.0000000000 -1.2000000000 0.0000000000 1022.0704420029 401.8139871600
2.0000000000 -1.2000000000 0.2000000000 1012.8242265142 298.0406822079
2.0000000000 -1.2000000000 0.4000000000 1002.7985524244 197.4608615807
2.0000000000 -1.2000000000 0.6000000000 993.8540705268 99.6921568175
2.0000000000 -1.2000000000 0.8000000000 984.3094541975 5.2884447622
2.0000000000 -1.0000000000 -0.4000000000 943.8160215094 625.7233596929
2.0000000000 -1.0000000000 -0.2000000000 934.2248406284 512.9041144316
2.0000000000 -1.0000000000 0.0000000000 925.7266480344 403.7506641002
2.0000000000 -1.0000000000 0.2000000000 916.5522415248 297.7991317946
2.0000000000 -1.0000000000 0.4000000000 907.9842345761 195.3066506195
2.0000000000 -1.0000000000 0.6000000000 900.1240537426 95.5116284754
2.0000000000 -0.8000000000 -0.4000000000 839.9967689557 632.2537170350
2.0000000000 -0.8000000000 -0.2000000000 831.8428694533 518.2191368509
2.0000000000 -0.8000000000 0.0000000000 824.1876942831 406.2016374970
2.0000000000 -0.8000000000 0.2000000000 817.2133736420 297.8245179095
2.0000000000 -0.8000000000 0.4000000000 809.9797962731 192.9076831313
2.0000000000 -0.8000000000 0.6000000000 803.3843143832 91.7365494540
2.0000000000 -0.6000000000 -0.4000000000 731.4497264978 640.3909037351
2.0000000000 -0.6000000000 -0.2000000000 724.6474234704 522.4251780713
2.0000000000 -0.6000000000 0.0000000000 718.7965847772 408.4761812699
2.0000000000 -0.6000000000 0.2000000000 713.0972962428 298.2886198447
2.0000000000 -0.6000000000 0.4000000000 707.4705659776 190.7522851948
2.0000000000 -0.6000000000 0.6000000000 702.1658926147 86.7460573832
2.0000000000 -0.4000000000 -0.4000000000 617.6183227853 647.9890697187
2.0000000000 -0.4000000000 -0.2000000000 613.3944418409 527.6347013717
2.0000000000 -0.4000000000 0.0000000000 608.6652567025 410.7110053274
2.0000000000 -0.4000000000 0.2000000000 604.8314527038 297.8604443307
2.0000000000 -0.4000000000 0.4000000000 600.4824252988 188.7664305465
2.0000000000 -0.4000000000 0.6000000000 596.9965498926 82.7053774184
2.0000000000 -0.2000000000 -0.4000000000 499.1808603764 655.5222094868
2.0000000000 -0.2000000000 -0.2000000000 496.2144236998 532.2456706047
2.0000000000 -0.2000000000 0.0000000000 493.3094898180 413.1455551743
2.0000000000 -0.2000000000 0.2000000000 491.2789055206 297.6406798604
2.0000000000 -0.2000000000 0.4000000000 489.3367583760 186.3400358837
2.0000000000 -0.2000000000 0.6000000000 487.2732207895 77.8677728660
2.0000000000 0.0000000000 -0.4000000000 374.7909581883 663.9115391656
2.0000000000 0.0000000000 -0.2000000000 374.2010583347 537.4613260692
2.0000000000 0.0000000000 0.0000000000 373.9893348825 415.0724417732
2.0000000000 0.0000000000 0.2000000000 373.4015486161 297.3991629205
2.0000000000 0.0000000000 0.4000000000 373.1614265422 183.0715370940
2.0000000000 0.0000000000 0.6000000000 373.2252424792 73.2451421436
2.0000000000 0.2000000000 -0.4000000000 245.3294236449 671.9170087154
2.0000000000 0.2000000000 -0.2000000000 246.6103529093 542.7533942592
2.0000000000 0.2000000000 0.0000000000 248.6333182919 418.0618942193
2.0000000000 0.2000000000 0.2000000000 250.2404004616 297.0259293570
2.0000000000 0.2000000000 0.4000000000 252.3115420341 180.3740711379
2.0000000000 0.2000000000 0.6000000000 254.0643067700 68.1751042866
2.0000000000 0.4000000000 -0.4000000000 109.3111036662 680.2727612252
2.0000000000 0.4000000000 -0.2000000000 113.9385140262 547.9002417105
2.0000000000 0.4000000000 0.0000000000 117.6704178397 420.1549262749
2.0000000000 0.4000000000 0.2000000000 121.8600074506 296.8458503771
2.0000000000 0.4000000000 0.4000000000 125.8326576945 177.7188731583
2.0000000000 0.4000000000 0.6000000000 130.6729199673 62.5216347792

gimbalangles:
0.0766759544 0.0787838773 0.2189426231

end: