T_CW:
0.0206726627 -0.9735234652 -0.2276503980 -0.1131805734
0.0493596248 0.2284151932 -0.9723117437 -0.2335950426
0.9985671076 0.0088635345 0.0527747032 -0.0178824552
0.0000000000 0.0000000000 0.0000000000 1.0000000000

T_CW_cov:
0.0000026315 -0.0000000198 -0.0000000374 0.0000000327 0.0000053945 -0.0000005869
-0.0000000198 0.0000008306 -0.0000000088 -0.0000018365 -0.0000000393 0.0000000469
-0.0000000374 -0.0000000088 0.0000000772 0.0000000379 -0.0000000835 0.0000000079
0.0000000327 -0.0000018365 0.0000000379 0.0000041087 0.0000000624 -0.0000001030
0.0000053945 -0.0000000393 -0.0000000835 0.0000000624 0.0000111012 -0.0000012025
-0.0000005869 0.0000000469 0.0000000079 -0.0000001030 -0.0000012025 0.0000004396

target_points_pix:
2.0000000000 -1.2000000000 0.0000000000 1327.5326626020 103.2959661762
2.0000000000 -1.0000000000 -0.8000000000 1332.4738286077 596.0774686979
2.0000000000 -1.0000000000 -0.6000000000 1302.2802633335 477.8676749365
2.0000000000 -1.0000000000 -0.4000000000 1272.8467540349 361.1407617284
2.0000000000 -1.0000000000 -0.2000000000 1242.7783704777 245.3803736087
2.0000000000 -1.0000000000 0.0000000000 1213.8684103394 130.2273697525
2.0000000000 -1.0000000000 0.2000000000 1184.0380135212 16.9119220676
2.0000000000 -0.8000000000 -0.8000000000 1216.0832307901 623.7202557484
2.0000000000 -0.8000000000 -0.6000000000 1186.5475060670 506.2324697545
2.0000000000 -0.8000000000 -0.4000000000 1157.2629767951 388.9141013878
2.0000000000 -0.8000000000 -0.2000000000 1128.1661838757 272.7537968108
2.0000000000 -0.8000000000 0.0000000000 1099.2734557603 158.1814180723
2.0000000000 -0.8000000000 0.2000000000 1071.3046888868 44.5212396112
2.0000000000 -0.6000000000 -0.8000000000 1100.0104467692 651.5008319460
2.0000000000 -0.6000000000 -0.6000000000 1070.4782023581 533.3863653649
2.0000000000 -0.6000000000 -0.4000000000 1042.0006225872 415.9558077259
2.0000000000 -0.6000000000 -0.2000000000 1013.7596402625 300.4791485540
2.0000000000 -0.6000000000 0.0000000000 985.6555817813 185.3807889717
2.0000000000 -0.6000000000 0.2000000000 957.0169044478 71.9316160118
2.0000000000 -0.4000000000 -0.8000000000 983.9620370653 678.7336366661
2.0000000000 -0.4000000000 -0.6000000000 954.9201303586 560.4835372098
2.0000000000 -0.4000000000 -0.4000000000 927.2625926120 443.2449777043
2.0000000000 -0.4000000000 -0.2000000000 899.2395006685 327.6651589081
2.0000000000 -0.4000000000 0.0000000000 871.1415793414 212.6563335916
2.0000000000 -0.4000000000 0.2000000000 844.4846954156 98.9010426163
2.0000000000 -0.2000000000 -0.6000000000 839.6913496888 587.7869413063
2.0000000000 -0.2000000000 -0.4000000000 812.2589571907 470.6134618266
2.0000000000 -0.2000000000 -0.2000000000 784.5970648828 354.9591667471
2.0000000000 -0.2000000000 0.0000000000 758.0386106355 239.9807123432
2.0000000000 -0.2000000000 0.2000000000 731.3317965086 126.1246122996
2.0000000000 -0.2000000000 0.4000000000 705.1494988016 13.7858399765
2.0000000000 0.0000000000 -0.6000000000 724.7273803216 614.4955293719
2.0000000000 0.0000000000 -0.4000000000 697.6239656758 497.4920568219
2.0000000000 0.0000000000 -0.2000000000 671.0659742271 382.0340353398
2.0000000000 0.0000000000 0.0000000000 644.4598938904 266.6707857357
2.0000000000 0.0000000000 0.2000000000 618.7597231638 153.5288006997
2.0000000000 0.0000000000 0.4000000000 592.9921746685 41.0123612499
2.0000000000 0.2000000000 -0.6000000000 610.2230729991 641.6146915614
2.0000000000 0.2000000000 -0.4000000000 583.3757777012 524.1335545813
2.0000000000 0.2000000000 -0.2000000000 557.5498873880 408.7637154797
2.0000000000 0.2000000000 0.0000000000 532.1988773902 293.9859804306
2.0000000000 0.2000000000 0.2000000000 506.7471571179 180.3726099537
2.0000000000 0.2000000000 0.4000000000 481.7938236951 67.8661361356
2.0000000000 0.4000000000 -0.6000000000 496.0479280875 667.8928045503
2.0000000000 0.4000000000 -0.4000000000 470.1560026474 551.2008592705
2.0000000000 0.4000000000 -0.2000000000 444.9114328585 435.5800264696
2.0000000000 0.4000000000 0.0000000000 419.7297733844 320.4991170408
2.0000000000 0.4000000000 0.2000000000 394.8675781332 207.3681709035
2.0000000000 0.4000000000 0.4000000000 370.8310157723 95.0897420655
2.0000000000 0.6000000000 -0.6000000000 382.9628573705 694.6389867737
2.0000000000 0.6000000000 -0.4000000000 357.4451928982 577.6873973308
2.0000000000 0.6000000000 -0.2000000000 332.9377724138 462.1236742411
2.0000000000 0.6000000000 0.0000000000 308.2689614033 347.7004128505
2.0000000000 0.6000000000 0.2000000000 284.1410072951 233.9027221996
2.0000000000 0.6000000000 0.4000000000 260.2762099094 122.1987588032
2.0000000000 0.6000000000 0.6000000000 237.1781672112 10.8821028585
2.0000000000 0.8000000000 -0.4000000000 245.0952913366 603.8936589997
2.0000000000 0.8000000000 -0.2000000000 220.7777099702 488.6739774436
2.0000000000 0.8000000000 0.0000000000 196.8936218338 373.7597474694
2.0000000000 0.8000000000 0.2000000000 173.8729397369 260.7610337664
2.0000000000 0.8000000000 0.4000000000 150.9710452515 149.0476706890
2.0000000000 0.8000000000 0.6000000000 128.3953111579 38.0610838780
2.0000000000 1.0000000000 -0.4000000000 134.0124922094 629.7672265855
2.0000000000 1.0000000000 -0.2000000000 110.1759671212 514.4971094009
2.0000000000 1.0000000000 0.0000000000 87.2005420127 400.1839493683
2.0000000000 1.0000000000 0.2000000000 64.4764612594 287.1770901021
2.0000000000 1.0000000000 0.4000000000 42.0723864883 175.5118115258
2.0000000000 1.2000000000 -0.4000000000 24.0718913415 655.2132275399

gimbalangles:
-0.0537602990 0.1247280204 -0.0592884598

end: