T_CW:
0.1621452078 -0.9584072285 0.2348712752 -0.0256496478
-0.1164446361 -0.2549421703 -0.9599193386 -0.2320267684
0.9798722255 0.1282968205 -0.1529390322 -0.0655896478
0.0000000000 0.0000000000 0.0000000000 1.0000000000

T_CW_cov:
0.0000018673 -0.0000000138 -0.0000002297 -0.0000000243 0.0000039877 -0.0000006082
-0.0000000138 0.0000006674 0.0000000091 -0.0000015312 -0.0000000331 -0.0000001924
-0.0000002297 0.0000000091 0.0000000990 0.0000000049 -0.0000004876 0.0000000729
-0.0000000243 -0.0000015312 0.0000000049 0.0000035617 -0.0000000429 0.0000004562
0.0000039877 -0.0000000331 -0.0000004876 -0.0000000429 0.0000085570 -0.0000012941
-0.0000006082 -0.0000001924 0.0000000729 0.0000004562 -0.0000012941 0.0000005523

target_points_pix:
2.0000000000 -1.0000000000 -0.8000000000 1336.4301693826 689.2038266408
2.0000000000 -0.8000000000 -0.8000000000 1213.2122591734 654.4657715940
2.0000000000 -0.8000000000 -0.6000000000 1250.8091635638 540.9863104533
2.0000000000 -0.8000000000 -0.4000000000 1289.9315322577 423.3711181800
2.0000000000 -0.8000000000 -0.2000000000 1329.9497758967 301.5197926935
2.0000000000 -0.6000000000 -0.8000000000 1093.1109638759 619.9872544439
2.0000000000 -0.6000000000 -0.6000000000 1128.1429933386 507.3390364888
2.0000000000 -0.6000000000 -0.4000000000 1164.6965971296 390.7249525515
2.0000000000 -0.6000000000 -0.2000000000 1201.7727258699 270.5589262020
2.0000000000 -0.6000000000 0.0000000000 1240.1164007865 145.3056447089
2.0000000000 -0.6000000000 0.2000000000 1279.7709185526 16.3259158476
2.0000000000 -0.4000000000 -1.0000000000 943.9765167644 694.7297363478
2.0000000000 -0.4000000000 -0.8000000000 975.5032922905 586.6285031811
2.0000000000 -0.4000000000 -0.6000000000 1008.3038338664 474.7478353229
2.0000000000 -0.4000000000 -0.4000000000 1042.0262472536 358.8096932501
2.0000000000 -0.4000000000 -0.2000000000 1076.9956051497 239.8970187151
2.0000000000 -0.4000000000 0.0000000000 1112.7425805006 116.0833400455
2.0000000000 -0.2000000000 -1.0000000000 831.5976844299 660.9056942373
2.0000000000 -0.2000000000 -0.8000000000 861.2620235724 553.5424110465
2.0000000000 -0.2000000000 -0.6000000000 891.2715271783 443.1162555122
2.0000000000 -0.2000000000 -0.4000000000 923.2436582636 328.1430459616
2.0000000000 -0.2000000000 -0.2000000000 955.4366154069 209.6815872571
2.0000000000 -0.2000000000 0.0000000000 988.6157155412 87.4456685327
2.0000000000 0.0000000000 -1.0000000000 722.2168570639 627.9954302440
2.0000000000 0.0000000000 -0.8000000000 749.8488620202 521.5735049337
2.0000000000 0.0000000000 -0.6000000000 777.2915265346 412.0155360949
2.0000000000 0.0000000000 -0.4000000000 806.8963247307 298.1761673440
2.0000000000 0.0000000000 -0.2000000000 836.8079906279 180.8979312721
2.0000000000 0.0000000000 0.0000000000 868.0521686662 59.6602499940
2.0000000000 0.2000000000 -1.2000000000 591.5188710417 698.2253693110
2.0000000000 0.2000000000 -1.0000000000 615.8062652840 596.0073328989
2.0000000000 0.2000000000 -0.8000000000 641.0269722555 490.2177210715
2.0000000000 0.2000000000 -0.6000000000 667.0432384048 381.3132312018
2.0000000000 0.2000000000 -0.4000000000 693.7342557319 269.0577389210
2.0000000000 0.2000000000 -0.2000000000 721.8565651261 152.4435390879
2.0000000000 0.2000000000 0.0000000000 750.9590321514 32.4704299149
2.0000000000 0.4000000000 -1.2000000000 489.4909519628 665.7011046329
2.0000000000 0.4000000000 -1.0000000000 512.2186400152 564.5668285357
2.0000000000 0.4000000000 -0.8000000000 535.1552011821 459.4513080108
2.0000000000 0.4000000000 -0.6000000000 559.4528082403 351.4024411569
2.0000000000 0.4000000000 -0.4000000000 583.9271146851 240.3000323093
2.0000000000 0.4000000000 -0.2000000000 609.9755815383 125.0881473038
2.0000000000 0.4000000000 0.0000000000 636.4396723323 6.3138031177
2.0000000000 0.6000000000 -1.2000000000 389.6894478682 634.2649246696
2.0000000000 0.6000000000 -1.0000000000 410.7294545451 533.6550138979
2.0000000000 0.6000000000 -0.8000000000 432.4471763437 430.1991257910
2.0000000000 0.6000000000 -0.6000000000 454.0312521980 322.7796822313
2.0000000000 0.6000000000 -0.4000000000 477.3633502843 212.2601973189
2.0000000000 0.6000000000 -0.2000000000 501.3007068529 98.6759721189
2.0000000000 0.8000000000 -1.4000000000 275.5158712544 700.3490155055
2.0000000000 0.8000000000 -1.2000000000 293.7676532298 603.2373908026
2.0000000000 0.8000000000 -1.0000000000 312.4680091604 503.1643989440
2.0000000000 0.8000000000 -0.8000000000 332.1156492081 401.1939987576
2.0000000000 0.8000000000 -0.6000000000 352.2445495641 294.7112856104
2.0000000000 0.8000000000 -0.4000000000 373.5447233244 185.0062324911
2.0000000000 0.8000000000 -0.2000000000 395.1029340133 72.0870402278
2.0000000000 1.0000000000 -1.4000000000 182.8316333801 669.0030533062
2.0000000000 1.0000000000 -1.2000000000 199.2111473767 573.0345635894
2.0000000000 1.0000000000 -1.0000000000 216.7035346297 474.1599626537
2.0000000000 1.0000000000 -0.8000000000 234.5789477122 371.7401179416
2.0000000000 1.0000000000 -0.6000000000 253.1925393220 266.7483729797
2.0000000000 1.0000000000 -0.4000000000 273.0953891053 158.3618269377
2.0000000000 1.0000000000 -0.2000000000 292.6956346565 47.2197815185
2.0000000000 1.2000000000 -1.4000000000 93.2188815450 638.7606334185
2.0000000000 1.2000000000 -1.2000000000 107.7277854743 543.3875665721
2.0000000000 1.2000000000 -1.0000000000 123.5236759173 445.5485595375
2.0000000000 1.2000000000 -0.8000000000 140.0551842451 344.2859341667
2.0000000000 1.2000000000 -0.6000000000 156.9093033127 240.6151409576
2.0000000000 1.2000000000 -0.4000000000 174.6147580894 132.8396411846
2.0000000000 1.2000000000 -0.2000000000 193.0805202642 22.5933242449
2.0000000000 1.4000000000 -1.0000000000 33.2995142229 417.8057580163
2.0000000000 1.4000000000 -0.8000000000 47.8433398796 317.3109123664
2.0000000000 1.4000000000 -0.6000000000 63.1434909248 214.1518098539
2.0000000000 1.4000000000 -0.4000000000 79.5144477046 108.1794141573

gimbalangles:
-0.1872781179 -0.2498107665 -0.2480029705

end: