T_CW:
-0.0316853519 -0.9993512435 0.0171210542 -0.0664416028
0.3236994941 -0.0264666195 -0.9457896994 -0.2342245150
0.9456292487 -0.0244256028 0.3243280961 0.0457859024
0.0000000000 0.0000000000 0.0000000000 1.0000000000

T_CW_cov:
0.0000015613 -0.0000001600 0.0000000544 0.0000003739 0.0000032856 -0.0000000606
-0.0000001600 0.0000006183 -0.0000000298 -0.0000014215 -0.0000003327 0.0000001247
0.0000000544 -0.0000000298 0.0000000744 0.0000000815 0.0000001070 -0.0000000070
0.0000003739 -0.0000014215 0.0000000815 0.0000033155 0.0000007762 -0.0000002813
0.0000032856 -0.0000003327 0.0000001070 0.0000007762 0.0000069587 -0.0000001331
-0.0000000606 0.0000001247 -0.0000000070 -0.0000002813 -0.0000001331 0.0000003554

target_points_pix:
2.0000000000 -1.4000000000 1.0000000000 1331.7600456998 93.8594623873
2.0000000000 -1.4000000000 1.2000000000 1315.1263736256 7.4043597894
2.0000000000 -1.2000000000 0.0000000000 1311.6218546935 609.4021091458
2.0000000000 -1.2000000000 0.2000000000 1293.7719207482 492.6258067786
2.0000000000 -1.2000000000 0.4000000000 1277.6930532728 382.9517132591
2.0000000000 -1.2000000000 0.6000000000 1261.8241706528 279.8439782730
2.0000000000 -1.2000000000 0.8000000000 1246.5771636810 182.0500799452
2.0000000000 -1.2000000000 1.0000000000 1232.5465820979 90.8355115706
2.0000000000 -1.2000000000 1.2000000000 1219.6762008824 3.6947179350
2.0000000000 -1.0000000000 0.0000000000 1195.8814034529 606.7258512789
2.0000000000 -1.0000000000 0.2000000000 1182.0844687697 490.1878550530
2.0000000000 -1.0000000000 0.4000000000 1169.0681196326 380.2200364479
2.0000000000 -1.0000000000 0.6000000000 1156.1703343328 276.8400987226
2.0000000000 -1.0000000000 0.8000000000 1144.5465690777 179.3071028570
2.0000000000 -1.0000000000 1.0000000000 1134.0445740956 87.2879813529
2.0000000000 -1.0000000000 1.2000000000 1123.0148165059 0.6909153095
2.0000000000 -0.8000000000 0.0000000000 1080.0530973294 604.9982369583
2.0000000000 -0.8000000000 0.2000000000 1069.8877150000 487.7257708330
2.0000000000 -0.8000000000 0.4000000000 1059.4373187007 377.6015850040
2.0000000000 -0.8000000000 0.6000000000 1050.1400656927 274.1322517025
2.0000000000 -0.8000000000 0.8000000000 1041.7696070193 176.6631007279
2.0000000000 -0.8000000000 1.0000000000 1033.3094392813 84.1742147428
2.0000000000 -0.6000000000 0.0000000000 963.7272311971 603.1190513627
2.0000000000 -0.6000000000 0.2000000000 956.5801305931 485.0732907054
2.0000000000 -0.6000000000 0.4000000000 950.0695576581 374.8440466416
2.0000000000 -0.6000000000 0.6000000000 944.0951134057 271.2347559811
2.0000000000 -0.6000000000 0.8000000000 938.3170963609 173.1298113418
2.0000000000 -0.6000000000 1.0000000000 932.9506094455 81.0225363922
2.0000000000 -0.4000000000 0.0000000000 845.8656976877 600.1192443116
2.0000000000 -0.4000000000 0.2000000000 842.7672322577 482.5273532674
2.0000000000 -0.4000000000 0.4000000000 839.7120372592 372.0034393155
2.0000000000 -0.4000000000 0.6000000000 837.0376227001 268.1130343452
2.0000000000 -0.4000000000 0.8000000000 834.2578912550 170.2386753254
2.0000000000 -0.4000000000 1.0000000000 831.8255279513 78.0528812684
2.0000000000 -0.2000000000 0.0000000000 727.9636663171 597.3203862898
2.0000000000 -0.2000000000 0.2000000000 728.4993648185 479.7943174734
2.0000000000 -0.2000000000 0.4000000000 728.8977138710 369.2135097069
2.0000000000 -0.2000000000 0.6000000000 729.5327428393 265.1299658493
2.0000000000 -0.2000000000 0.8000000000 730.0964730264 167.0529523990
2.0000000000 -0.2000000000 1.0000000000 730.4661583248 74.6639840439
2.0000000000 0.0000000000 0.0000000000 609.6608837950 594.5905516721
2.0000000000 0.0000000000 0.2000000000 613.7805404102 476.5061883382
2.0000000000 0.0000000000 0.4000000000 618.1986891921 366.0380510406
2.0000000000 0.0000000000 0.6000000000 622.1412986434 261.9079406223
2.0000000000 0.0000000000 0.8000000000 625.7447930441 164.0254449090
2.0000000000 0.0000000000 1.0000000000 629.1095953550 71.7367647793
2.0000000000 0.2000000000 0.0000000000 490.8231977938 592.0008038819
2.0000000000 0.2000000000 0.2000000000 499.2348955103 473.7583549920
2.0000000000 0.2000000000 0.4000000000 507.0237268163 363.2089652319
2.0000000000 0.2000000000 0.6000000000 513.9971032476 258.6638145816
2.0000000000 0.2000000000 0.8000000000 520.7936193122 160.7486035409
2.0000000000 0.2000000000 1.0000000000 527.5548932861 68.4168654947
2.0000000000 0.4000000000 0.0000000000 372.2288359838 589.1354676560
2.0000000000 0.4000000000 0.2000000000 383.6413828921 471.0059914076
2.0000000000 0.4000000000 0.4000000000 395.6391881295 360.1672764649
2.0000000000 0.4000000000 0.6000000000 405.6622057662 256.0352152473
2.0000000000 0.4000000000 0.8000000000 415.7023011591 157.8882392561
2.0000000000 0.4000000000 1.0000000000 425.6864139015 65.6117813197
2.0000000000 0.6000000000 0.0000000000 253.2237862795 586.1581493434
2.0000000000 0.6000000000 0.2000000000 269.0916429089 468.1268181337
2.0000000000 0.6000000000 0.4000000000 283.5277616231 356.4817832009
2.0000000000 0.6000000000 0.6000000000 297.7302997292 252.9558363468
2.0000000000 0.6000000000 0.8000000000 310.9806846852 154.7736251737
2.0000000000 0.6000000000 1.0000000000 323.6373769313 62.1348432716
2.0000000000 0.8000000000 0.0000000000 134.4736054139 582.8458150216
2.0000000000 0.8000000000 0.2000000000 153.5836397589 464.3983623852
2.0000000000 0.8000000000 0.4000000000 171.6625148421 353.4371101534
2.0000000000 0.8000000000 0.6000000000 188.8658143525 249.8438921286
2.0000000000 0.8000000000 0.8000000000 206.1002524751 151.4395989428
2.0000000000 0.8000000000 1.0000000000 221.2276490217 59.0343995085
2.0000000000 1.0000000000 0.2000000000 38.5956756744 460.8946857889
2.0000000000 1.0000000000 0.4000000000 60.5862167104 350.4551318852
2.0000000000 1.0000000000 0.6000000000 80.7934318901 246.5907281046
2.0000000000 1.0000000000 0.8000000000 101.0256159075 148.2180414400
2.0000000000 1.0000000000 1.0000000000 119.4927935074 55.4651927072

gimbalangles:
0.1968098065 0.0120249683 0.0184112743

end: