T_CW:
-0.1263746416 -0.9517882342 0.2795149500 -0.0164654728
-0.3105357947 -0.2296535029 -0.9224027259 -0.2207327779
0.9421236491 -0.2033677110 -0.2665419365 -0.0920910094
0.0000000000 0.0000000000 0.0000000000 1.0000000000

T_CW_cov:
0.0000011460 0.0000000893 0.0000001271 -0.0000001818 0.0000026074 -0.0000004620
0.0000000893 0.0000005260 0.0000000395 -0.0000012775 0.0000002003 0.0000001256
0.0000001271 0.0000000395 0.0000000781 -0.0000000755 0.0000002847 -0.0000000420
-0.0000001818 -0.0000012775 -0.0000000755 0.0000031494 -0.0000004077 -0.0000003165
0.0000026074 0.0000002003 0.0000002847 -0.0000004077 0.0000059721 -0.0000010490
-0.0000004620 0.0000001256 -0.0000000420 -0.0000003165 -0.0000010490 0.0000005286

target_points_pix:
2.0000000000 -2.0000000000 -1.2000000000 1278.9112945850 680.3599388881
2.0000000000 -2.0000000000 -1.0000000000 1317.8844751544 600.6564556431
2.0000000000 -1.8000000000 -1.2000000000 1200.7336086017 664.5090557668
2.0000000000 -1.8000000000 -1.0000000000 1239.3832004417 583.4761545406
2.0000000000 -1.8000000000 -0.8000000000 1278.3582226132 498.1877007939
2.0000000000 -1.8000000000 -0.6000000000 1319.8319008449 408.1836450788
2.0000000000 -1.6000000000 -1.2000000000 1119.9362690925 648.5571639880
2.0000000000 -1.6000000000 -1.0000000000 1156.4748241818 565.3452923860
2.0000000000 -1.6000000000 -0.8000000000 1194.8522766101 477.9096287827
2.0000000000 -1.6000000000 -0.6000000000 1235.4244914332 386.2852562043
2.0000000000 -1.6000000000 -0.4000000000 1277.6191463429 290.8463842625
2.0000000000 -1.6000000000 -0.2000000000 1321.5814507813 190.1506205230
2.0000000000 -1.4000000000 -1.2000000000 1035.6514473233 631.3407674234
2.0000000000 -1.4000000000 -1.0000000000 1071.1200264159 546.4106912043
2.0000000000 -1.4000000000 -0.8000000000 1108.6287853320 457.1127684147
2.0000000000 -1.4000000000 -0.6000000000 1147.7390053388 363.4809326464
2.0000000000 -1.4000000000 -0.4000000000 1188.2877769584 265.2922056908
2.0000000000 -1.4000000000 -0.2000000000 1231.1561337374 161.8788195524
2.0000000000 -1.4000000000 0.0000000000 1275.7278607403 53.4147043385
2.0000000000 -1.2000000000 -1.4000000000 916.2855202213 696.8620003134
2.0000000000 -1.2000000000 -1.2000000000 948.3973873687 613.6732192480
2.0000000000 -1.2000000000 -1.0000000000 982.8972193400 526.8851259178
2.0000000000 -1.2000000000 -0.8000000000 1018.7425088423 435.3115404757
2.0000000000 -1.2000000000 -0.6000000000 1056.3523923599 339.3171545847
2.0000000000 -1.2000000000 -0.4000000000 1095.4424361819 238.8043478836
2.0000000000 -1.2000000000 -0.2000000000 1136.9666499815 132.6992809172
2.0000000000 -1.2000000000 0.0000000000 1180.3362969292 21.0426121034
2.0000000000 -1.0000000000 -1.4000000000 827.6591105302 680.2307736863
2.0000000000 -1.0000000000 -1.2000000000 858.5860458380 595.7167703621
2.0000000000 -1.0000000000 -1.0000000000 891.4917808535 506.4213779878
2.0000000000 -1.0000000000 -0.8000000000 925.4131926779 412.8088361597
2.0000000000 -1.0000000000 -0.6000000000 961.5114873629 314.2823550907
2.0000000000 -1.0000000000 -0.4000000000 998.9279746644 210.6258229531
2.0000000000 -1.0000000000 -0.2000000000 1038.6195885372 102.1634890093
2.0000000000 -0.8000000000 -1.4000000000 736.2995238006 663.2211714632
2.0000000000 -0.8000000000 -1.2000000000 765.3299179040 576.3175273436
2.0000000000 -0.8000000000 -1.0000000000 796.7570098764 485.6669916779
2.0000000000 -0.8000000000 -0.8000000000 829.0119242313 389.5283538435
2.0000000000 -0.8000000000 -0.6000000000 863.1430844827 288.4403427070
2.0000000000 -0.8000000000 -0.4000000000 898.7991476428 182.6076730256
2.0000000000 -0.8000000000 -0.2000000000 936.8513270241 70.5688122116
2.0000000000 -0.6000000000 -1.4000000000 641.4795807784 645.1506344577
2.0000000000 -0.6000000000 -1.2000000000 669.0747829478 556.6590320489
2.0000000000 -0.6000000000 -1.0000000000 698.2497288157 463.2980669081
2.0000000000 -0.6000000000 -0.8000000000 728.6510908172 365.0504005378
2.0000000000 -0.6000000000 -0.6000000000 760.7862696096 261.6725555250
2.0000000000 -0.6000000000 -0.4000000000 794.7783513707 152.7514090135
2.0000000000 -0.6000000000 -0.2000000000 830.1122909232 38.2713224572
2.0000000000 -0.4000000000 -1.4000000000 543.8160267636 627.0104440486
2.0000000000 -0.4000000000 -1.2000000000 569.3089015057 536.0105714986
2.0000000000 -0.4000000000 -1.0000000000 596.4338314248 440.3605108810
2.0000000000 -0.4000000000 -0.8000000000 624.7071681408 339.8155257405
2.0000000000 -0.4000000000 -0.6000000000 654.9517884457 233.7921917041
2.0000000000 -0.4000000000 -0.4000000000 686.5425725897 121.7309976271
2.0000000000 -0.4000000000 -0.2000000000 719.9692640806 3.9054650565
2.0000000000 -0.2000000000 -1.6000000000 420.3794967487 695.6798765872
2.0000000000 -0.2000000000 -1.4000000000 442.6639076645 607.7188796274
2.0000000000 -0.2000000000 -1.2000000000 466.1930373238 514.6234110515
2.0000000000 -0.2000000000 -1.0000000000 490.9646432688 416.7009116490
2.0000000000 -0.2000000000 -0.8000000000 516.6127837179 313.5690510859
2.0000000000 -0.2000000000 -0.6000000000 544.5790081786 204.4480686823
2.0000000000 -0.2000000000 -0.4000000000 573.7375388823 89.9985774078
2.0000000000 0.0000000000 -1.6000000000 317.4663276965 677.8312308348
2.0000000000 0.0000000000 -1.4000000000 337.7714503805 587.1443383316
2.0000000000 0.0000000000 -1.2000000000 358.8756522097 492.0593389219
2.0000000000 0.0000000000 -1.0000000000 381.0575835548 391.7768561651
2.0000000000 0.0000000000 -0.8000000000 404.7687432590 285.9488447300
2.0000000000 0.0000000000 -0.6000000000 429.6140642335 174.1781253376
2.0000000000 0.0000000000 -0.4000000000 456.4189221872 56.1963694486
2.0000000000 0.2000000000 -1.6000000000 211.5101698782 658.9720596463
2.0000000000 0.2000000000 -1.4000000000 229.1187627627 566.2169537140
2.0000000000 0.2000000000 -1.2000000000 248.0249553700 469.0228058675
2.0000000000 0.2000000000 -1.0000000000 267.2611267749 366.2663627749
2.0000000000 0.2000000000 -0.8000000000 288.5011273643 257.6435770095
2.0000000000 0.2000000000 -0.6000000000 310.9544808834 142.6853749200
2.0000000000 0.2000000000 -0.4000000000 334.3991017680 21.5867776994
2.0000000000 0.4000000000 -1.6000000000 102.2619781211 638.8608232223
2.0000000000 0.4000000000 -1.4000000000 117.1309824182 544.4878264292
2.0000000000 0.4000000000 -1.2000000000 133.1418622573 444.9768252909
2.0000000000 0.4000000000 -1.0000000000 150.1928837882 339.3457812175
2.0000000000 0.4000000000 -0.8000000000 167.7231173585 227.8969393107
2.0000000000 0.4000000000 -0.6000000000 187.0067253230 109.8341326527
2.0000000000 0.6000000000 -1.0000000000 27.9448686626 311.7515382105
2.0000000000 0.6000000000 -0.8000000000 43.1704975736 197.1195945237
2.0000000000 0.6000000000 -0.6000000000 59.0052718998 75.8101787343

gimbalangles:
-0.2357159586 -0.2251860229 0.2116563726

end: