T_CW:
-0.2246988081 -0.9634312953 0.1459814537 -0.0420473902
0.2104154029 -0.1942511950 -0.9581189026 -0.2373561277
0.9514388072 -0.1845714290 0.2463687962 0.0277077058
0.0000000000 0.0000000000 0.0000000000 1.0000000000

T_CW_cov:
0.0000012073 -0.0000001061 0.0000002196 0.0000002968 0.0000025647 -0.0000002155
-0.0000001061 0.0000005253 -0.0000000415 -0.0000012256 -0.0000002202 0.0000003223
0.0000002196 -0.0000000415 0.0000001037 0.0000001198 0.0000004555 -0.0000000525
0.0000002968 -0.0000012256 0.0000001198 0.0000029071 0.0000006158 -0.0000007475
0.0000025647 -0.0000002202 0.0000004555 0.0000006158 0.0000054903 -0.0000004547
-0.0000002155 0.0000003223 -0.0000000525 -0.0000007475 -0.0000004547 0.0000005108

target_points_pix:
2.0000000000 -1.8000000000 0.0000000000 1317.4937926438 619.9625981010
2.0000000000 -1.8000000000 0.2000000000 1319.2261100204 517.9312043521
2.0000000000 -1.8000000000 0.4000000000 1320.1061078648 419.6964694733
2.0000000000 -1.8000000000 0.6000000000 1321.6633457909 325.4016836481
2.0000000000 -1.8000000000 0.8000000000 1322.6293686006 234.9762350829
2.0000000000 -1.8000000000 1.0000000000 1323.3592361372 148.4391764350
2.0000000000 -1.8000000000 1.2000000000 1324.8569098511 65.0737069522
2.0000000000 -1.6000000000 0.0000000000 1228.9588617290 604.8021222830
2.0000000000 -1.6000000000 0.2000000000 1232.2185519459 501.0255363815
2.0000000000 -1.6000000000 0.4000000000 1235.4318874404 401.8830590557
2.0000000000 -1.6000000000 0.6000000000 1238.0778414842 306.0632336533
2.0000000000 -1.6000000000 0.8000000000 1241.2142917627 214.8639451732
2.0000000000 -1.6000000000 1.0000000000 1244.3099957884 126.5776393522
2.0000000000 -1.6000000000 1.2000000000 1245.7341157485 42.6081043812
2.0000000000 -1.4000000000 -0.2000000000 1131.1816405291 698.0148285987
2.0000000000 -1.4000000000 0.0000000000 1137.1108749808 588.5676701234
2.0000000000 -1.4000000000 0.2000000000 1142.0900728522 483.6765940493
2.0000000000 -1.4000000000 0.4000000000 1147.8215315125 382.6128414719
2.0000000000 -1.4000000000 0.6000000000 1152.1778330601 286.4261547501
2.0000000000 -1.4000000000 0.8000000000 1156.6930231456 193.9823335183
2.0000000000 -1.4000000000 1.0000000000 1161.1033761486 104.7985540368
2.0000000000 -1.4000000000 1.2000000000 1164.9848525072 19.4181872466
2.0000000000 -1.2000000000 -0.2000000000 1033.7883977126 683.2830866015
2.0000000000 -1.2000000000 0.0000000000 1041.5535956808 572.0881034121
2.0000000000 -1.2000000000 0.2000000000 1048.9478256600 465.3638444161
2.0000000000 -1.2000000000 0.4000000000 1055.8711566848 363.6357181942
2.0000000000 -1.2000000000 0.6000000000 1063.0864772513 265.8407318077
2.0000000000 -1.2000000000 0.8000000000 1069.7818252133 172.3218475154
2.0000000000 -1.2000000000 1.0000000000 1075.7653413459 82.2901330751
2.0000000000 -1.0000000000 -0.2000000000 932.7585857306 667.6532473475
2.0000000000 -1.0000000000 0.0000000000 943.0363034233 554.6131803293
2.0000000000 -1.0000000000 0.2000000000 952.5627414773 446.4578097415
2.0000000000 -1.0000000000 0.4000000000 962.3961262850 343.3567962614
2.0000000000 -1.0000000000 0.6000000000 971.1543047937 244.7815420202
2.0000000000 -1.0000000000 0.8000000000 979.8410538024 149.7094622532
2.0000000000 -1.0000000000 1.0000000000 988.1668698089 58.9854266588
2.0000000000 -0.8000000000 -0.2000000000 828.0343175887 650.9278864461
2.0000000000 -0.8000000000 0.0000000000 841.2930139896 536.8130746952
2.0000000000 -0.8000000000 0.2000000000 853.2068081851 426.8084371028
2.0000000000 -0.8000000000 0.4000000000 864.7997618969 322.4560109090
2.0000000000 -0.8000000000 0.6000000000 876.2019551231 222.4819446696
2.0000000000 -0.8000000000 0.8000000000 886.8430204431 126.7111956721
2.0000000000 -0.8000000000 1.0000000000 897.0639097885 35.4452161846
2.0000000000 -0.6000000000 -0.2000000000 719.7282343654 633.8413138176
2.0000000000 -0.6000000000 0.0000000000 735.2907179951 517.8328038574
2.0000000000 -0.6000000000 0.2000000000 750.2600632405 406.8588933089
2.0000000000 -0.6000000000 0.4000000000 764.4686942436 301.1575305460
2.0000000000 -0.6000000000 0.6000000000 778.0017235436 199.5150394713
2.0000000000 -0.6000000000 0.8000000000 790.6223521936 103.0663204202
2.0000000000 -0.6000000000 1.0000000000 803.6568640325 10.5231788655
2.0000000000 -0.4000000000 -0.2000000000 607.4617333437 615.9078254914
2.0000000000 -0.4000000000 0.0000000000 625.5051459890 498.2023668552
2.0000000000 -0.4000000000 0.2000000000 643.4292704146 386.0981855058
2.0000000000 -0.4000000000 0.4000000000 660.4071006901 278.5637985121
2.0000000000 -0.4000000000 0.6000000000 676.7488187018 176.2875633667
2.0000000000 -0.4000000000 0.8000000000 692.3948291642 78.3036412885
2.0000000000 -0.2000000000 -0.2000000000 490.6490381419 597.4869823860
2.0000000000 -0.2000000000 0.0000000000 512.3230454448 478.1380456345
2.0000000000 -0.2000000000 0.2000000000 533.0327175234 363.9711453452
2.0000000000 -0.2000000000 0.4000000000 552.9752425958 255.7598398770
2.0000000000 -0.2000000000 0.6000000000 571.9678466774 152.2468249489
2.0000000000 -0.2000000000 0.8000000000 590.2525239958 53.3087722153
2.0000000000 0.0000000000 -0.2000000000 369.9609935309 577.7945615726
2.0000000000 0.0000000000 0.0000000000 394.7888765229 456.8855854580
2.0000000000 0.0000000000 0.2000000000 418.8522780879 341.5271945263
2.0000000000 0.0000000000 0.4000000000 441.6315214593 231.9665935788
2.0000000000 0.0000000000 0.6000000000 463.5614180805 126.8897926408
2.0000000000 0.0000000000 0.8000000000 484.5504185630 26.7704443223
2.0000000000 0.2000000000 -0.4000000000 215.0366097573 686.6790937433
2.0000000000 0.2000000000 -0.2000000000 244.6509899886 557.3633566085
2.0000000000 0.2000000000 0.0000000000 273.1620479774 435.1039808935
2.0000000000 0.2000000000 0.2000000000 300.6680391254 318.4195662571
2.0000000000 0.2000000000 0.4000000000 326.4062291198 207.0901212786
2.0000000000 0.2000000000 0.6000000000 351.9971948446 100.9931617410
2.0000000000 0.4000000000 -0.4000000000 81.5642726129 667.5870569262
2.0000000000 0.4000000000 -0.2000000000 115.3123796263 536.5075911732
2.0000000000 0.4000000000 0.0000000000 147.4538437372 411.9702567817
2.0000000000 0.4000000000 0.2000000000 178.3973071755 293.4650958715
2.0000000000 0.4000000000 0.4000000000 208.2065877731 181.1701394267
2.0000000000 0.4000000000 0.6000000000 236.3467600776 74.0771983453
2.0000000000 0.6000000000 0.2000000000 52.7592918959 268.2652450909
2.0000000000 0.6000000000 0.4000000000 85.4256019517 154.9018523240
2.0000000000 0.6000000000 0.6000000000 117.2103231252 46.4314000129

gimbalangles:
0.2454677721 -0.2002611848 0.2392275546

end: