T_CW:
0.1694417068 -0.9783524117 0.1188110535 -0.0471852993
-0.1703793861 -0.1478183645 -0.9742282052 -0.2325674291
0.9707009698 0.1448319356 -0.1917376793 -0.0741083044
0.0000000000 0.0000000000 0.0000000000 1.0000000000

T_CW_cov:
0.0000016197 -0.0000000553 -0.0000002164 0.0000000708 0.0000035116 -0.0000005191
-0.0000000553 0.0000006942 0.0000000278 -0.0000016085 -0.0000001199 -0.0000001959
-0.0000002164 0.0000000278 0.0000000999 -0.0000000384 -0.0000004678 0.0000000631
0.0000000708 -0.0000016085 -0.0000000384 0.0000037763 0.0000001536 0.0000004699
0.0000035116 -0.0000001199 -0.0000004678 0.0000001536 0.0000076545 -0.0000011234
-0.0000005191 -0.0000001959 0.0000000631 0.0000004699 -0.0000011234 0.0000005335

target_points_pix:
2.0000000000 -0.8000000000 -1.0000000000 1251.7295019529 656.9293908076
2.0000000000 -0.8000000000 -0.8000000000 1278.0884565907 544.2889101213
2.0000000000 -0.8000000000 -0.6000000000 1304.8172466213 426.8395689440
2.0000000000 -0.8000000000 -0.4000000000 1332.8437969957 304.2341094978
2.0000000000 -0.6000000000 -1.0000000000 1129.5612197838 635.6197162427
2.0000000000 -0.6000000000 -0.8000000000 1152.4234647570 523.7680340055
2.0000000000 -0.6000000000 -0.6000000000 1176.6467406259 407.5213406109
2.0000000000 -0.6000000000 -0.4000000000 1202.0984869464 286.2973606589
2.0000000000 -0.6000000000 -0.2000000000 1227.4802689600 159.9125613183
2.0000000000 -0.6000000000 0.0000000000 1254.9067615317 28.1414398755
2.0000000000 -0.4000000000 -1.0000000000 1010.5011926667 613.7347319025
2.0000000000 -0.4000000000 -0.8000000000 1031.2634185941 504.1232747691
2.0000000000 -0.4000000000 -0.6000000000 1052.6295839702 389.0208398046
2.0000000000 -0.4000000000 -0.4000000000 1074.5283207837 268.9420211524
2.0000000000 -0.4000000000 -0.2000000000 1097.1334819537 144.0286564517
2.0000000000 -0.4000000000 0.0000000000 1121.2799598147 14.2229033157
2.0000000000 -0.2000000000 -1.2000000000 878.4272862758 698.0814998503
2.0000000000 -0.2000000000 -1.0000000000 895.3378381585 593.8126952601
2.0000000000 -0.2000000000 -0.8000000000 913.2358370162 484.3740917321
2.0000000000 -0.2000000000 -0.6000000000 931.2109944684 370.6786970398
2.0000000000 -0.2000000000 -0.4000000000 950.7730043744 252.3099717109
2.0000000000 -0.2000000000 -0.2000000000 971.0898979201 129.2348339401
2.0000000000 -0.2000000000 0.0000000000 991.8865167269 0.5958422806
2.0000000000 0.0000000000 -1.2000000000 768.2586356882 677.4752692675
2.0000000000 0.0000000000 -1.0000000000 782.9655132680 573.6678918150
2.0000000000 0.0000000000 -0.8000000000 798.3739749769 465.2749451168
2.0000000000 0.0000000000 -0.6000000000 814.2430690705 353.2183855970
2.0000000000 0.0000000000 -0.4000000000 830.8878775190 236.0696367179
2.0000000000 0.0000000000 -0.2000000000 848.2513454177 114.2178621662
2.0000000000 0.2000000000 -1.2000000000 661.5362285659 656.1889869026
2.0000000000 0.2000000000 -1.0000000000 673.8673797316 553.7496411739
2.0000000000 0.2000000000 -0.8000000000 687.0865835215 446.9625838110
2.0000000000 0.2000000000 -0.6000000000 700.5039486305 335.4814635317
2.0000000000 0.2000000000 -0.4000000000 714.6347702811 220.4117956128
2.0000000000 0.2000000000 -0.2000000000 729.7114918685 100.2300527834
2.0000000000 0.4000000000 -1.2000000000 557.6197924413 636.0137206592
2.0000000000 0.4000000000 -1.0000000000 568.1129544446 534.5246351548
2.0000000000 0.4000000000 -0.8000000000 578.5064617700 428.7890597158
2.0000000000 0.4000000000 -0.6000000000 590.2890592425 319.4451385057
2.0000000000 0.4000000000 -0.4000000000 601.8044490567 204.6478872960
2.0000000000 0.4000000000 -0.2000000000 614.5374752886 86.0163134310
2.0000000000 0.6000000000 -1.2000000000 457.0793278703 616.1923199232
2.0000000000 0.6000000000 -1.0000000000 465.4316823195 515.8443052133
2.0000000000 0.6000000000 -0.8000000000 473.8709315666 411.8532562879
2.0000000000 0.6000000000 -0.6000000000 482.9046215617 303.2045058414
2.0000000000 0.6000000000 -0.4000000000 492.8503063120 190.1730303451
2.0000000000 0.6000000000 -0.2000000000 502.9858430074 72.9360795156
2.0000000000 0.8000000000 -1.4000000000 353.3318880779 692.9586708488
2.0000000000 0.8000000000 -1.2000000000 359.2718919366 597.0309118547
2.0000000000 0.8000000000 -1.0000000000 365.5362703188 497.3648316694
2.0000000000 0.8000000000 -0.8000000000 372.3846801320 394.0916922807
2.0000000000 0.8000000000 -0.6000000000 379.5848640457 287.1075751599
2.0000000000 0.8000000000 -0.4000000000 386.8387137073 175.6447666818
2.0000000000 0.8000000000 -0.2000000000 394.5523574669 60.0401526207
2.0000000000 1.0000000000 -1.4000000000 260.1412086839 672.5003790583
2.0000000000 1.0000000000 -1.2000000000 264.3684910040 578.0731989052
2.0000000000 1.0000000000 -1.0000000000 268.5597149885 479.5291145755
2.0000000000 1.0000000000 -0.8000000000 273.5459016750 377.3928219866
2.0000000000 1.0000000000 -0.6000000000 278.6336516130 271.6821524174
2.0000000000 1.0000000000 -0.4000000000 284.4732521439 161.6512893708
2.0000000000 1.0000000000 -0.2000000000 290.0334463302 47.6904471145
2.0000000000 1.2000000000 -1.4000000000 169.2277447527 653.4907619553
2.0000000000 1.2000000000 -1.2000000000 171.7332244620 559.5306542115
2.0000000000 1.2000000000 -1.0000000000 174.7260366494 462.3627820667
2.0000000000 1.2000000000 -0.8000000000 177.5524037363 360.8574863034
2.0000000000 1.2000000000 -0.6000000000 181.3251166153 256.3651713096
2.0000000000 1.2000000000 -0.4000000000 184.9506006647 148.0491305277
2.0000000000 1.2000000000 -0.2000000000 188.7690406857 35.2767021624
2.0000000000 1.4000000000 -1.4000000000 81.1593226030 634.4180693060
2.0000000000 1.4000000000 -1.2000000000 82.0692892121 541.0877118157
2.0000000000 1.4000000000 -1.0000000000 83.6218072943 445.3952332944
2.0000000000 1.4000000000 -0.8000000000 84.9777263962 344.9611328980
2.0000000000 1.4000000000 -0.6000000000 86.5587716218 241.8625249925
2.0000000000 1.4000000000 -0.4000000000 88.7760551729 134.7712253812
2.0000000000 1.4000000000 -0.2000000000 90.9585099862 23.9287486233

gimbalangles:
-0.2258253660 -0.2437819847 -0.1897358755

end: