T_CW:
0.1547087146 -0.9853549377 -0.0716997930 -0.0825735625
0.0725052736 0.0837018254 -0.9938495810 -0.2397841789
0.9852959956 0.1485585781 0.0843928311 -0.0105046253
0.0000000000 0.0000000000 0.0000000000 1.0000000000

T_CW_cov:
0.0000018468 0.0000000351 -0.0000002101 -0.0000001398 0.0000038319 -0.0000003850
0.0000000351 0.0000007441 -0.0000000138 -0.0000016584 0.0000000760 -0.0000001990
-0.0000002101 -0.0000000138 0.0000000958 0.0000000552 -0.0000004361 0.0000000464
-0.0000001398 -0.0000016584 0.0000000552 0.0000037445 -0.0000002970 0.0000004502
0.0000038319 0.0000000760 -0.0000004361 -0.0000002970 0.0000079912 -0.0000007991
-0.0000003850 -0.0000001990 0.0000000464 0.0000004502 -0.0000007991 0.0000004275

target_points_pix:
2.0000000000 -0.8000000000 -0.2000000000 1335.8083164972 369.3465747474
2.0000000000 -0.8000000000 0.0000000000 1321.1146991976 243.1582667971
2.0000000000 -0.8000000000 0.2000000000 1306.6192114393 119.1270981111
2.0000000000 -0.6000000000 -0.6000000000 1229.9726648367 634.6278881280
2.0000000000 -0.6000000000 -0.4000000000 1216.5537653807 506.2805993974
2.0000000000 -0.6000000000 -0.2000000000 1203.4136113488 380.1159164156
2.0000000000 -0.6000000000 0.0000000000 1190.0842436102 255.4813103869
2.0000000000 -0.6000000000 0.2000000000 1176.7701091970 133.0921999438
2.0000000000 -0.6000000000 0.4000000000 1164.1440039030 13.0629805575
2.0000000000 -0.4000000000 -0.6000000000 1099.1453495045 640.9335550847
2.0000000000 -0.4000000000 -0.4000000000 1087.1595217508 514.5408651272
2.0000000000 -0.4000000000 -0.2000000000 1074.6217401458 389.8747596511
2.0000000000 -0.4000000000 0.0000000000 1062.8246871885 267.4598768266
2.0000000000 -0.4000000000 0.2000000000 1050.7625118677 146.9961625551
2.0000000000 -0.4000000000 0.4000000000 1039.0218011495 28.8673785232
2.0000000000 -0.2000000000 -0.6000000000 972.1832787993 646.9322727152
2.0000000000 -0.2000000000 -0.4000000000 960.8601205556 522.4187589756
2.0000000000 -0.2000000000 -0.2000000000 950.0932985610 399.5323246854
2.0000000000 -0.2000000000 0.0000000000 939.0814677534 278.8115981794
2.0000000000 -0.2000000000 0.2000000000 928.8774992607 160.7187474041
2.0000000000 -0.2000000000 0.4000000000 918.2066816689 43.7899011756
2.0000000000 0.0000000000 -0.6000000000 849.0230499793 652.3339633556
2.0000000000 0.0000000000 -0.4000000000 838.7886954484 529.8643658019
2.0000000000 0.0000000000 -0.2000000000 829.1288639000 408.8290739458
2.0000000000 0.0000000000 0.0000000000 819.6667725485 289.8619407742
2.0000000000 0.0000000000 0.2000000000 810.1843179574 172.6733879013
2.0000000000 0.0000000000 0.4000000000 800.9911410338 58.4226089132
2.0000000000 0.2000000000 -0.6000000000 729.7293655979 657.6751146260
2.0000000000 0.2000000000 -0.4000000000 720.8129970931 536.7191103689
2.0000000000 0.2000000000 -0.2000000000 712.0561091413 417.7838248215
2.0000000000 0.2000000000 0.0000000000 703.2709259548 300.6177187158
2.0000000000 0.2000000000 0.2000000000 695.1475098887 185.5995639374
2.0000000000 0.2000000000 0.4000000000 687.2479356708 72.0245808420
2.0000000000 0.4000000000 -0.6000000000 614.2525720860 663.0062588586
2.0000000000 0.4000000000 -0.4000000000 606.7290711349 543.7674111534
2.0000000000 0.4000000000 -0.2000000000 598.7108373509 426.4557656364
2.0000000000 0.4000000000 0.0000000000 591.2639119701 311.0182413473
2.0000000000 0.4000000000 0.2000000000 583.7854212164 197.3985346085
2.0000000000 0.4000000000 0.4000000000 576.8168348065 85.8027960885
2.0000000000 0.6000000000 -0.6000000000 502.5624561977 667.3972870222
2.0000000000 0.6000000000 -0.4000000000 495.8401509005 550.3890782954
2.0000000000 0.6000000000 -0.2000000000 489.3947205993 434.7907155187
2.0000000000 0.6000000000 0.0000000000 482.6721859654 321.1749352989
2.0000000000 0.6000000000 0.2000000000 475.6754579221 209.1136833276
2.0000000000 0.6000000000 0.4000000000 470.2030722440 98.9799245129
2.0000000000 0.8000000000 -0.6000000000 394.0652050689 671.4757141271
2.0000000000 0.8000000000 -0.4000000000 388.5603501051 556.3622071779
2.0000000000 0.8000000000 -0.2000000000 382.6905839923 443.0098927986
2.0000000000 0.8000000000 0.0000000000 377.1347855838 330.6314939247
2.0000000000 0.8000000000 0.2000000000 371.6751592800 220.4599778979
2.0000000000 0.8000000000 0.4000000000 366.3167552716 111.9436423175
2.0000000000 0.8000000000 0.6000000000 361.5316785990 5.2930275697
2.0000000000 1.0000000000 -0.6000000000 289.4770483197 675.9094093044
2.0000000000 1.0000000000 -0.4000000000 284.5428953998 562.3734539883
2.0000000000 1.0000000000 -0.2000000000 279.4594760496 450.3662627259
2.0000000000 1.0000000000 0.0000000000 274.9969831838 340.0661352313
2.0000000000 1.0000000000 0.2000000000 270.4825614641 231.2423180945
2.0000000000 1.0000000000 0.4000000000 266.0912983164 124.2940828913
2.0000000000 1.0000000000 0.6000000000 262.1335271178 18.6629730510
2.0000000000 1.2000000000 -0.6000000000 188.6397713366 679.6542704011
2.0000000000 1.2000000000 -0.4000000000 184.1939287140 568.2653538010
2.0000000000 1.2000000000 -0.2000000000 179.9364480983 458.0489914180
2.0000000000 1.2000000000 0.0000000000 175.9176665156 348.8621847484
2.0000000000 1.2000000000 0.2000000000 172.2184194617 241.9304419556
2.0000000000 1.2000000000 0.4000000000 169.1034418614 136.6891047452
2.0000000000 1.2000000000 0.6000000000 165.7578265741 32.6551719747
2.0000000000 1.4000000000 -0.6000000000 90.4215126368 683.4565589533
2.0000000000 1.4000000000 -0.4000000000 87.4402695980 573.4415185315
2.0000000000 1.4000000000 -0.2000000000 83.3801928561 464.7345729987
2.0000000000 1.4000000000 0.0000000000 80.3978225605 357.9458596998
2.0000000000 1.4000000000 0.2000000000 77.5600033848 252.2239228030
2.0000000000 1.4000000000 0.4000000000 74.9306666147 148.2569002525
2.0000000000 1.4000000000 0.6000000000 72.5197702933 46.0581900035

gimbalangles:
-0.0767094313 -0.0031477649 -0.0089129937

end: