T_CW:
0.0411834316 -0.9893531942 0.1395857518 -0.0432289098
0.3555086478 -0.1160519706 -0.9274403169 -0.2321313943
0.9337652415 0.0878191167 0.3469441979 0.0517570742
0.0000000000 0.0000000000 0.0000000000 1.0000000000

T_CW_cov:
0.0000011311 0.0000000518 -0.0000000466 -0.0000001258 0.0000024081 -0.0000000379
0.0000000518 0.0000005007 -0.0000000341 -0.0000011595 0.0000001098 -0.0000000431
-0.0000000466 -0.0000000341 0.0000000653 0.0000000912 -0.0000001003 0.0000000043
-0.0000001258 -0.0000011595 0.0000000912 0.0000027282 -0.0000002670 0.0000000993
0.0000024081 0.0000001098 -0.0000001003 -0.0000002670 0.0000051660 -0.0000000827
-0.0000000379 -0.0000000431 0.0000000043 0.0000000993 -0.0000000827 0.0000002891

target_points_pix:
2.0000000000 -1.0000000000 0.2000000000 1325.3044169428 596.5317272468
2.0000000000 -1.0000000000 0.4000000000 1319.3804126439 478.5101819922
2.0000000000 -1.0000000000 0.6000000000 1313.8398806787 368.0160948528
2.0000000000 -1.0000000000 0.8000000000 1308.9539606648 264.5032952816
2.0000000000 -1.0000000000 1.0000000000 1303.9328599649 167.7077171816
2.0000000000 -1.0000000000 1.2000000000 1299.0628171490 76.5326980989
2.0000000000 -0.8000000000 0.2000000000 1201.2049373517 580.5387126988
2.0000000000 -0.8000000000 0.4000000000 1199.4260571809 463.7205506389
2.0000000000 -0.8000000000 0.6000000000 1197.9945985746 354.4049553936
2.0000000000 -0.8000000000 0.8000000000 1196.7990156741 252.4674941148
2.0000000000 -0.8000000000 1.0000000000 1195.6303825740 156.4551587036
2.0000000000 -0.8000000000 1.2000000000 1194.0840933242 67.1856426111
2.0000000000 -0.6000000000 0.0000000000 1076.2419084221 688.2411208100
2.0000000000 -0.6000000000 0.2000000000 1079.5554870232 564.9842555939
2.0000000000 -0.6000000000 0.4000000000 1081.7576740411 449.6728974500
2.0000000000 -0.6000000000 0.6000000000 1083.8060331205 341.7475277281
2.0000000000 -0.6000000000 0.8000000000 1086.4293673064 240.6259062851
2.0000000000 -0.6000000000 1.0000000000 1088.1675823179 146.2745525986
2.0000000000 -0.6000000000 1.2000000000 1090.3430561222 57.3094938442
2.0000000000 -0.4000000000 0.0000000000 951.9575007236 671.1743086950
2.0000000000 -0.4000000000 0.2000000000 958.9096136384 549.3642193684
2.0000000000 -0.4000000000 0.4000000000 965.2365183819 435.5523751861
2.0000000000 -0.4000000000 0.6000000000 971.9721177949 329.3078085853
2.0000000000 -0.4000000000 0.8000000000 977.3004019939 229.2928985058
2.0000000000 -0.4000000000 1.0000000000 983.1326957442 135.8723346793
2.0000000000 -0.4000000000 1.2000000000 988.2610857292 47.6759033680
2.0000000000 -0.2000000000 0.0000000000 829.3282262622 653.7555201850
2.0000000000 -0.2000000000 0.2000000000 840.9620948846 534.0010108369
2.0000000000 -0.2000000000 0.4000000000 851.3030708027 421.3619005662
2.0000000000 -0.2000000000 0.6000000000 861.3366219470 316.4801396493
2.0000000000 -0.2000000000 0.8000000000 870.7985841948 217.9867567140
2.0000000000 -0.2000000000 1.0000000000 879.0799530218 125.4789267217
2.0000000000 -0.2000000000 1.2000000000 887.3769659637 38.6546648711
2.0000000000 0.0000000000 0.0000000000 709.7445464906 637.1532501076
2.0000000000 0.0000000000 0.2000000000 725.4950823470 518.7303922752
2.0000000000 0.0000000000 0.4000000000 739.6965008076 407.3019001214
2.0000000000 0.0000000000 0.6000000000 753.0785620764 303.9445098360
2.0000000000 0.0000000000 0.8000000000 765.4276941689 206.3866533587
2.0000000000 0.0000000000 1.0000000000 776.8144836211 115.4453737488
2.0000000000 0.0000000000 1.2000000000 788.0483288794 29.2174093493
2.0000000000 0.2000000000 0.0000000000 592.6848996369 620.2743883273
2.0000000000 0.2000000000 0.2000000000 611.4033272046 503.1518144669
2.0000000000 0.2000000000 0.4000000000 629.4976219694 394.1072587395
2.0000000000 0.2000000000 0.6000000000 646.4567517634 291.6619089991
2.0000000000 0.2000000000 0.8000000000 661.8823988869 195.7151863202
2.0000000000 0.2000000000 1.0000000000 676.8446312205 105.2197159050
2.0000000000 0.2000000000 1.2000000000 691.3508154174 20.6408954468
2.0000000000 0.4000000000 0.0000000000 477.9178530643 604.2786562407
2.0000000000 0.4000000000 0.2000000000 500.3674614230 488.2387722848
2.0000000000 0.4000000000 0.4000000000 521.7335036179 380.4705738502
2.0000000000 0.4000000000 0.6000000000 541.6614191457 279.7395322272
2.0000000000 0.4000000000 0.8000000000 560.3121894239 184.8791502879
2.0000000000 0.4000000000 1.0000000000 578.0772904271 95.3949976936
2.0000000000 0.4000000000 1.2000000000 595.2012317317 11.5446393470
2.0000000000 0.6000000000 0.0000000000 365.1961155322 587.2684474049
2.0000000000 0.6000000000 0.2000000000 391.1348655468 473.7802770194
2.0000000000 0.6000000000 0.4000000000 415.7418125327 367.7909356126
2.0000000000 0.6000000000 0.6000000000 439.0096767150 267.5953404507
2.0000000000 0.6000000000 0.8000000000 460.5061726802 173.9572799198
2.0000000000 0.6000000000 1.0000000000 481.0145486490 85.6798417624
2.0000000000 0.6000000000 1.2000000000 500.7734954089 2.8686255580
2.0000000000 0.8000000000 -0.2000000000 223.1700418975 690.3132388307
2.0000000000 0.8000000000 0.0000000000 254.5463232221 570.8514858796
2.0000000000 0.8000000000 0.2000000000 284.2816553265 459.5822592261
2.0000000000 0.8000000000 0.4000000000 311.8069032741 354.1811308701
2.0000000000 0.8000000000 0.6000000000 337.9397802329 256.1672563534
2.0000000000 0.8000000000 0.8000000000 362.5286539984 163.5571510100
2.0000000000 0.8000000000 1.0000000000 385.8127402757 76.4464055247
2.0000000000 1.0000000000 -0.2000000000 112.4088054679 672.9874785759
2.0000000000 1.0000000000 0.0000000000 146.4481135369 555.2848223716
2.0000000000 1.0000000000 0.2000000000 179.2180070035 445.0908876835
2.0000000000 1.0000000000 0.4000000000 209.7101229379 341.8936655971
2.0000000000 1.0000000000 0.6000000000 239.2080280062 244.6433922635
2.0000000000 1.0000000000 0.8000000000 266.5913646308 153.3202714494
2.0000000000 1.0000000000 1.0000000000 292.6325224695 66.9902750120
2.0000000000 1.2000000000 0.0000000000 41.4942360418 539.7843707518
2.0000000000 1.2000000000 0.2000000000 76.8948801173 431.0872363873
2.0000000000 1.2000000000 0.4000000000 110.8192782633 329.0877909148
2.0000000000 1.2000000000 0.6000000000 142.4614244714 233.2940783314
2.0000000000 1.2000000000 0.8000000000 172.3674737667 142.9020077131
2.0000000000 1.2000000000 1.0000000000 200.5457953000 58.0622768678
2.0000000000 1.4000000000 0.6000000000 47.3186354831 221.9956179894
2.0000000000 1.4000000000 0.8000000000 79.9776560370 133.2686610146
2.0000000000 1.4000000000 1.0000000000 110.5793944021 49.1704679573
2.0000000000 1.6000000000 1.0000000000 22.6607191454 40.8070185749

gimbalangles:
0.2329327362 -0.2503662055 -0.1194388635

end: