T_CW:
0.0405202578 -0.9858793917 -0.1624805640 -0.1006205081
0.1708181557 0.1670552280 -0.9710374393 -0.2365733579
0.9844690277 0.0115920571 0.1751752203 0.0104348360
0.0000000000 0.0000000000 0.0000000000 1.0000000000

T_CW_cov:
0.0000022644 0.0000001194 -0.0000000913 -0.0000002671 0.0000046484 -0.0000003186
0.0000001194 0.0000007836 -0.0000000281 -0.0000017344 0.0000002435 0.0000000456
-0.0000000913 -0.0000000281 0.0000000802 0.0000000791 -0.0000001964 0.0000000109
-0.0000002671 -0.0000017344 0.0000000791 0.0000038862 -0.0000005468 -0.0000000950
0.0000046484 0.0000002435 -0.0000001964 -0.0000005468 0.0000095856 -0.0000006554
-0.0000003186 0.0000000456 0.0000000109 -0.0000000950 -0.0000006554 0.0000003615

target_points_pix:
2.0000000000 -1.2000000000 0.2000000000 1337.0347616086 176.9622049824
2.0000000000 -1.2000000000 0.4000000000 1307.5465615402 68.3378801982
2.0000000000 -1.0000000000 -0.6000000000 1342.1720170303 670.5568120291
2.0000000000 -1.0000000000 -0.4000000000 1311.3660530293 546.4024859402
2.0000000000 -1.0000000000 -0.2000000000 1281.3150059748 425.8741233891
2.0000000000 -1.0000000000 0.0000000000 1252.0283882573 308.9892139694
2.0000000000 -1.0000000000 0.2000000000 1223.5235328422 196.5928346721
2.0000000000 -1.0000000000 0.4000000000 1195.7488887318 87.8041953144
2.0000000000 -0.8000000000 -0.6000000000 1220.4213257182 691.7394193700
2.0000000000 -0.8000000000 -0.4000000000 1191.4717299289 566.8133973056
2.0000000000 -0.8000000000 -0.2000000000 1163.3270918729 445.8623363960
2.0000000000 -0.8000000000 0.0000000000 1135.9060586792 329.3188640231
2.0000000000 -0.8000000000 0.2000000000 1109.8734398752 216.5639417190
2.0000000000 -0.8000000000 0.4000000000 1084.0556777030 107.5286161118
2.0000000000 -0.8000000000 0.6000000000 1059.3143847632 1.7918381993
2.0000000000 -0.6000000000 -0.4000000000 1071.6007426676 587.4511852329
2.0000000000 -0.6000000000 -0.2000000000 1045.7702803944 466.1787703716
2.0000000000 -0.6000000000 0.0000000000 1019.8240376060 349.1359566349
2.0000000000 -0.6000000000 0.2000000000 995.9669170970 235.9499018732
2.0000000000 -0.6000000000 0.4000000000 972.5052952704 127.0069979623
2.0000000000 -0.6000000000 0.6000000000 949.8337833272 21.3905995522
2.0000000000 -0.4000000000 -0.4000000000 951.5272367133 607.3154293673
2.0000000000 -0.4000000000 -0.2000000000 928.0845139075 486.8153556020
2.0000000000 -0.4000000000 0.0000000000 904.9481897825 369.0853594801
2.0000000000 -0.4000000000 0.2000000000 882.3338995570 255.7341813346
2.0000000000 -0.4000000000 0.4000000000 860.5780518805 145.9696954329
2.0000000000 -0.4000000000 0.6000000000 839.9886966161 40.1885252671
2.0000000000 -0.2000000000 -0.4000000000 833.0996022268 627.5798440516
2.0000000000 -0.2000000000 -0.2000000000 810.6632234913 506.1394865561
2.0000000000 -0.2000000000 0.0000000000 789.5586878502 388.9404683236
2.0000000000 -0.2000000000 0.2000000000 769.1966788062 275.4055947370
2.0000000000 -0.2000000000 0.4000000000 749.7918444503 166.0120136809
2.0000000000 -0.2000000000 0.6000000000 731.0743245265 59.8610471239
2.0000000000 0.0000000000 -0.4000000000 714.1054503724 647.3482326847
2.0000000000 0.0000000000 -0.2000000000 694.1348255884 525.8524967181
2.0000000000 0.0000000000 0.0000000000 674.7750292005 407.9576218777
2.0000000000 0.0000000000 0.2000000000 656.3893754137 295.1594892746
2.0000000000 0.0000000000 0.4000000000 638.9410374823 184.9439930316
2.0000000000 0.0000000000 0.6000000000 622.0621373697 78.9364138831
2.0000000000 0.2000000000 -0.4000000000 595.5213856126 667.0978762953
2.0000000000 0.2000000000 -0.2000000000 578.1857239895 545.0104839376
2.0000000000 0.2000000000 0.0000000000 560.6776602612 427.9745777822
2.0000000000 0.2000000000 0.2000000000 544.4098936661 314.2818089428
2.0000000000 0.2000000000 0.4000000000 529.0515430582 204.4840035628
2.0000000000 0.2000000000 0.6000000000 513.8481917486 98.2773667671
2.0000000000 0.4000000000 -0.4000000000 478.0480689965 686.6771563219
2.0000000000 0.4000000000 -0.2000000000 462.2241118694 564.8259865482
2.0000000000 0.4000000000 0.0000000000 447.4570060122 446.8215688221
2.0000000000 0.4000000000 0.2000000000 432.9278598596 333.5439451131
2.0000000000 0.4000000000 0.4000000000 418.8788188165 223.7287507380
2.0000000000 0.4000000000 0.6000000000 405.7559146415 117.3910206761
2.0000000000 0.4000000000 0.8000000000 393.2333116366 15.0441067853
2.0000000000 0.6000000000 -0.2000000000 347.4912292896 584.1234194599
2.0000000000 0.6000000000 0.0000000000 334.6222350393 466.4921782776
2.0000000000 0.6000000000 0.2000000000 322.0715966997 351.8112476952
2.0000000000 0.6000000000 0.4000000000 310.1334152883 242.6361263115
2.0000000000 0.6000000000 0.6000000000 298.4921978675 136.2964299026
2.0000000000 0.6000000000 0.8000000000 288.0532382248 33.4062797559
2.0000000000 0.8000000000 -0.2000000000 233.4135438483 603.1844060891
2.0000000000 0.8000000000 0.0000000000 222.5725819356 485.0428776767
2.0000000000 0.8000000000 0.2000000000 211.8983456709 371.3531110122
2.0000000000 0.8000000000 0.4000000000 201.5749580045 261.6273835604
2.0000000000 0.8000000000 0.6000000000 192.3007871757 155.4905780914
2.0000000000 0.8000000000 0.8000000000 182.8439985401 52.1866950539
2.0000000000 1.0000000000 -0.2000000000 119.9452269414 621.8142698066
2.0000000000 1.0000000000 0.0000000000 110.6201566088 504.2468924253
2.0000000000 1.0000000000 0.2000000000 102.1971023619 390.5844539612
2.0000000000 1.0000000000 0.4000000000 93.8514141429 280.5801698466
2.0000000000 1.0000000000 0.6000000000 86.7089662140 174.2162542012
2.0000000000 1.0000000000 0.8000000000 79.1464400275 71.5538320310

gimbalangles:
0.1901635126 0.2284619331 -0.0392913374

end: