T_CW:
0.1510587711 -0.9843238986 0.0910368628 -0.0521005169
0.2675470881 -0.0479456983 -0.9623511654 -0.2373597978
0.9516300769 0.1697282320 0.2561103746 0.0297065596
0.0000000000 0.0000000000 0.0000000000 1.0000000000

T_CW_cov:
0.0000016148 0.0000000006 -0.0000001989 -0.0000000584 0.0000033697 -0.0000002589
0.0000000006 0.0000005837 -0.0000000319 -0.0000013331 0.0000000003 -0.0000001669
-0.0000001989 -0.0000000319 0.0000000938 0.0000000970 -0.0000004145 0.0000000413
-0.0000000584 -0.0000013331 0.0000000970 0.0000030940 -0.0000001195 0.0000003883
0.0000033697 0.0000000003 -0.0000004145 -0.0000001195 0.0000070734 -0.0000005359
-0.0000002589 -0.0000001669 0.0000000413 0.0000003883 -0.0000005359 0.0000003867

target_points_pix:
2.0000000000 -0.8000000000 0.2000000000 1343.4322075331 436.2861495351
2.0000000000 -0.8000000000 0.4000000000 1336.9347370399 315.7011555078
2.0000000000 -0.8000000000 0.6000000000 1330.6568107406 201.3442538572
2.0000000000 -0.8000000000 0.8000000000 1325.0011323970 92.8578726273
2.0000000000 -0.6000000000 -0.2000000000 1217.4080526631 685.2606013814
2.0000000000 -0.6000000000 0.0000000000 1214.8865138378 553.6812140086
2.0000000000 -0.6000000000 0.2000000000 1211.6579825596 429.0801159364
2.0000000000 -0.6000000000 0.4000000000 1208.7990473883 311.0082114712
2.0000000000 -0.6000000000 0.6000000000 1205.6468647722 198.0523515113
2.0000000000 -0.6000000000 0.8000000000 1203.3302275429 91.7250558998
2.0000000000 -0.4000000000 -0.2000000000 1083.0340225333 673.2165946617
2.0000000000 -0.4000000000 0.0000000000 1083.6175006009 544.5393671780
2.0000000000 -0.4000000000 0.2000000000 1083.9547937936 422.2424028127
2.0000000000 -0.4000000000 0.4000000000 1084.7372076870 305.8849112278
2.0000000000 -0.4000000000 0.6000000000 1085.0936329820 195.3840207105
2.0000000000 -0.4000000000 0.8000000000 1085.2569856418 91.0731832051
2.0000000000 -0.2000000000 -0.2000000000 953.0991470461 661.5536819135
2.0000000000 -0.2000000000 0.0000000000 956.8698211048 535.1619028355
2.0000000000 -0.2000000000 0.2000000000 960.9446843466 415.1549536403
2.0000000000 -0.2000000000 0.4000000000 964.3208696659 301.0918224933
2.0000000000 -0.2000000000 0.6000000000 967.9401235056 192.6854119935
2.0000000000 -0.2000000000 0.8000000000 970.8487020690 89.2712132733
2.0000000000 0.0000000000 -0.2000000000 827.9450523224 649.8216200948
2.0000000000 0.0000000000 0.0000000000 835.2783023051 525.8090551674
2.0000000000 0.0000000000 0.2000000000 841.6288135366 408.7951944149
2.0000000000 0.0000000000 0.4000000000 848.1842049405 296.1725578686
2.0000000000 0.0000000000 0.6000000000 854.6466921348 189.7966505825
2.0000000000 0.0000000000 0.8000000000 859.9930299435 88.3166951677
2.0000000000 0.2000000000 -0.2000000000 707.5731937382 638.8852783115
2.0000000000 0.2000000000 0.0000000000 717.6583996068 517.0966443187
2.0000000000 0.2000000000 0.2000000000 726.6795935849 401.7986385736
2.0000000000 0.2000000000 0.4000000000 736.1428570200 291.3893301023
2.0000000000 0.2000000000 0.6000000000 744.7958181314 187.0574778303
2.0000000000 0.2000000000 0.8000000000 753.1125312199 87.2712608717
2.0000000000 0.4000000000 -0.2000000000 591.4263882633 627.7086610188
2.0000000000 0.4000000000 0.0000000000 603.6763388532 508.6473250907
2.0000000000 0.4000000000 0.2000000000 616.3643641867 395.6751091088
2.0000000000 0.4000000000 0.4000000000 627.6519066430 287.6021268997
2.0000000000 0.4000000000 0.6000000000 638.9810925500 184.3650886500
2.0000000000 0.4000000000 0.8000000000 649.5458652838 86.4402840489
2.0000000000 0.6000000000 -0.2000000000 479.5581525437 616.9904200317
2.0000000000 0.6000000000 0.0000000000 495.0078065800 500.2660002530
2.0000000000 0.6000000000 0.2000000000 509.1374947333 389.2208721305
2.0000000000 0.6000000000 0.4000000000 522.9649616579 283.3903032309
2.0000000000 0.6000000000 0.6000000000 536.6721256974 182.2445720767
2.0000000000 0.6000000000 0.8000000000 549.3621410934 85.6530105802
2.0000000000 0.8000000000 -0.2000000000 371.3125634570 606.4400484563
2.0000000000 0.8000000000 0.0000000000 388.7931750222 491.9576967733
2.0000000000 0.8000000000 0.2000000000 405.4979837545 382.9460565938
2.0000000000 0.8000000000 0.4000000000 422.0537093591 278.9019666175
2.0000000000 0.8000000000 0.6000000000 437.3061297019 179.3111460441
2.0000000000 0.8000000000 0.8000000000 452.0481672696 84.9442031479
2.0000000000 1.0000000000 -0.2000000000 267.5926843585 596.3384091816
2.0000000000 1.0000000000 0.0000000000 287.4415782651 484.4162593302
2.0000000000 1.0000000000 0.2000000000 306.1047095776 377.1436212858
2.0000000000 1.0000000000 0.4000000000 324.2160332816 274.9603011589
2.0000000000 1.0000000000 0.6000000000 341.8784167005 177.0233316288
2.0000000000 1.0000000000 0.8000000000 358.3014933066 83.3408595455
2.0000000000 1.2000000000 -0.4000000000 145.0849405972 701.1228072050
2.0000000000 1.2000000000 -0.2000000000 167.5207278415 586.5051184202
2.0000000000 1.2000000000 0.0000000000 188.9838087227 476.4853607413
2.0000000000 1.2000000000 0.2000000000 209.7294207144 371.3097746264
2.0000000000 1.2000000000 0.4000000000 229.1539567642 271.1029940284
2.0000000000 1.2000000000 0.6000000000 248.7977924509 175.0059634538
2.0000000000 1.2000000000 0.8000000000 267.2774785994 82.8781849229
2.0000000000 1.4000000000 -0.4000000000 46.8691607304 689.3515619818
2.0000000000 1.4000000000 -0.2000000000 71.2784203750 576.7165215701
2.0000000000 1.4000000000 0.0000000000 94.5054983134 469.0928527068
2.0000000000 1.4000000000 0.2000000000 116.6446730029 366.0455533823
2.0000000000 1.4000000000 0.4000000000 138.3140731812 267.0737363367
2.0000000000 1.4000000000 0.6000000000 159.1756661843 172.7230037092
2.0000000000 1.4000000000 0.8000000000 179.3250208928 82.6735953842
2.0000000000 1.6000000000 0.2000000000 26.9887719301 360.4777481799
2.0000000000 1.6000000000 0.4000000000 49.8750700446 263.5861510482
2.0000000000 1.6000000000 0.6000000000 72.2661997940 170.4050702579
2.0000000000 1.6000000000 0.8000000000 93.9609308898 81.6250973094

gimbalangles:
0.2466305114 -0.0630923959 -0.1593898505

end: