T_CW:
0.2272959606 -0.9368697330 -0.2657285261 -0.1202574154
-0.3219495519 0.1852341881 -0.9284593591 -0.2168740373
0.9190674797 0.2965862419 -0.2595218080 -0.0885474579
0.0000000000 0.0000000000 0.0000000000 1.0000000000

T_CW_cov:
0.0000008762 -0.0000000380 -0.0000001561 0.0000000548 0.0000020433 -0.0000003904
-0.0000000380 0.0000004221 0.0000000267 -0.0000010462 -0.0000000935 -0.0000001512
-0.0000001561 0.0000000267 0.0000000851 -0.0000000431 -0.0000003651 0.0000000619
0.0000000548 -0.0000010462 -0.0000000431 0.0000026387 0.0000001395 0.0000003880
0.0000020433 -0.0000000935 -0.0000003651 0.0000001395 0.0000048030 -0.0000009032
-0.0000003904 -0.0000001512 0.0000000619 0.0000003880 -0.0000009032 0.0000005196

target_points_pix:
1.8000000000 2.0000000000 -1.2000000000 103.3962870795 667.8814237840
1.8000000000 2.0000000000 -1.0000000000 65.8788568535 586.2283517352
1.8000000000 2.0000000000 -0.8000000000 26.9789450708 500.5513966667
2.0000000000 -0.4000000000 -1.6000000000 1323.1610708164 658.9159612473
2.0000000000 -0.4000000000 -1.4000000000 1309.9023100754 558.8783178313
2.0000000000 -0.4000000000 -1.2000000000 1295.4294978290 453.7340867276
2.0000000000 -0.4000000000 -1.0000000000 1279.8613017983 342.1777619223
2.0000000000 -0.4000000000 -0.8000000000 1263.8074455196 224.1614231005
2.0000000000 -0.4000000000 -0.6000000000 1246.3063122789 98.8162831745
2.0000000000 -0.2000000000 -1.6000000000 1203.1348975945 671.1299931227
2.0000000000 -0.2000000000 -1.4000000000 1187.1917719055 574.1388052275
2.0000000000 -0.2000000000 -1.2000000000 1169.6362225895 472.2095953172
2.0000000000 -0.2000000000 -1.0000000000 1151.2382597393 364.6918926448
2.0000000000 -0.2000000000 -0.8000000000 1131.7525312157 250.5348911237
2.0000000000 -0.2000000000 -0.6000000000 1111.2195587063 130.3660058653
2.0000000000 -0.2000000000 -0.4000000000 1089.8893104336 3.3142553556
2.0000000000 0.0000000000 -1.6000000000 1089.8534401713 681.8740282471
2.0000000000 0.0000000000 -1.4000000000 1071.0697890693 588.3181318008
2.0000000000 0.0000000000 -1.2000000000 1051.2992309190 489.3651201714
2.0000000000 0.0000000000 -1.0000000000 1030.4990744606 385.9878840538
2.0000000000 0.0000000000 -0.8000000000 1008.2356322932 276.0061740623
2.0000000000 0.0000000000 -0.6000000000 984.8510687096 160.1213726806
2.0000000000 0.0000000000 -0.4000000000 960.4801003829 38.0808725658
2.0000000000 0.2000000000 -1.6000000000 982.0895685514 693.1161557458
2.0000000000 0.2000000000 -1.4000000000 961.4328188827 601.7539637169
2.0000000000 0.2000000000 -1.2000000000 939.2803951154 505.9391490352
2.0000000000 0.2000000000 -1.0000000000 916.1520143615 405.7812763271
2.0000000000 0.2000000000 -0.8000000000 891.4143294584 299.5870056295
2.0000000000 0.2000000000 -0.6000000000 865.8724814816 188.1973238974
2.0000000000 0.2000000000 -0.4000000000 838.9098450588 69.6627932758
2.0000000000 0.4000000000 -1.6000000000 879.7723980439 702.7930583854
2.0000000000 0.4000000000 -1.4000000000 857.2862735113 614.1296705941
2.0000000000 0.4000000000 -1.2000000000 833.3871891414 521.3973058822
2.0000000000 0.4000000000 -1.0000000000 808.2713501278 424.2519642325
2.0000000000 0.4000000000 -0.8000000000 781.8384422649 321.5800011333
2.0000000000 0.4000000000 -0.6000000000 753.9670152489 213.8272089484
2.0000000000 0.4000000000 -0.4000000000 725.2361898808 100.7091663623
2.0000000000 0.6000000000 -1.4000000000 758.7447961284 626.1406912423
2.0000000000 0.6000000000 -1.2000000000 733.0324071933 536.1759337669
2.0000000000 0.6000000000 -1.0000000000 706.0269412956 441.8799603776
2.0000000000 0.6000000000 -0.8000000000 678.3037104714 342.5558979256
2.0000000000 0.6000000000 -0.6000000000 648.5874860045 238.6854303938
2.0000000000 0.6000000000 -0.4000000000 617.6767278693 129.0524714028
2.0000000000 0.6000000000 -0.2000000000 585.2380521287 13.8400219984
2.0000000000 0.8000000000 -1.4000000000 665.4837119264 637.6720256276
2.0000000000 0.8000000000 -1.2000000000 638.0853595408 550.1918641312
2.0000000000 0.8000000000 -1.0000000000 610.1840850584 458.5746233319
2.0000000000 0.8000000000 -0.8000000000 580.5713388655 362.6467048996
2.0000000000 0.8000000000 -0.6000000000 549.6328757386 261.8240484192
2.0000000000 0.8000000000 -0.4000000000 516.7790411027 155.6269509558
2.0000000000 0.8000000000 -0.2000000000 483.0958913196 44.7853755759
2.0000000000 1.0000000000 -1.4000000000 576.9788900985 647.7758680681
2.0000000000 1.0000000000 -1.2000000000 548.6098795246 562.8958742784
2.0000000000 1.0000000000 -1.0000000000 518.6397084365 474.3157445034
2.0000000000 1.0000000000 -0.8000000000 488.0748529955 381.2662933602
2.0000000000 1.0000000000 -0.6000000000 455.5551221028 283.8938662822
2.0000000000 1.0000000000 -0.4000000000 422.1952273967 181.6279888197
2.0000000000 1.0000000000 -0.2000000000 386.4670977630 74.2230448659
2.0000000000 1.2000000000 -1.4000000000 493.1905163853 657.6568131118
2.0000000000 1.2000000000 -1.2000000000 463.4473718841 575.3520181489
2.0000000000 1.2000000000 -1.0000000000 432.6602501906 489.0935954823
2.0000000000 1.2000000000 -0.8000000000 400.3252103397 398.9295517125
2.0000000000 1.2000000000 -0.6000000000 367.0208128516 304.5353591515
2.0000000000 1.2000000000 -0.4000000000 331.7939158232 205.3754413987
2.0000000000 1.2000000000 -0.2000000000 295.6043013723 101.6598464254
2.0000000000 1.4000000000 -1.4000000000 412.7804718987 667.3353065761
2.0000000000 1.4000000000 -1.2000000000 382.3974452802 586.9610941979
2.0000000000 1.4000000000 -1.0000000000 350.5702825020 503.0267368708
2.0000000000 1.4000000000 -0.8000000000 317.6955426603 415.1719313941
2.0000000000 1.4000000000 -0.6000000000 283.2799155214 323.9884718883
2.0000000000 1.4000000000 -0.4000000000 247.1673491956 228.1115661800
2.0000000000 1.4000000000 -0.2000000000 210.2517674799 128.0380265624
2.0000000000 1.4000000000 0.0000000000 171.0709435577 23.3244951510
2.0000000000 1.6000000000 -1.4000000000 336.4896469538 675.9418130100
2.0000000000 1.6000000000 -1.2000000000 305.0257754031 598.1497957288
2.0000000000 1.6000000000 -1.0000000000 272.9144157155 516.7126742500
2.0000000000 1.6000000000 -0.8000000000 239.0697197918 431.3354665984
2.0000000000 1.6000000000 -0.6000000000 203.4985747573 342.2790241902
2.0000000000 1.6000000000 -0.4000000000 167.2460541776 249.8604666164
2.0000000000 1.6000000000 -0.2000000000 129.0252939819 153.1089609519
2.0000000000 1.6000000000 0.0000000000 89.5243847773 51.7721800560
2.0000000000 1.8000000000 -1.4000000000 264.0704535433 684.3828886413
2.0000000000 1.8000000000 -1.2000000000 232.3641062571 608.4042731437
2.0000000000 1.8000000000 -1.0000000000 198.8442275240 528.6669907932
2.0000000000 1.8000000000 -0.8000000000 164.0055833577 446.2201764631
2.0000000000 1.8000000000 -0.6000000000 128.7039554578 360.0447005345
2.0000000000 1.8000000000 -0.4000000000 91.5013710505 270.0772136880
2.0000000000 1.8000000000 -0.2000000000 53.0657977501 176.6445299228
2.0000000000 2.0000000000 -1.4000000000 195.4061112297 692.7051106983
2.0000000000 2.0000000000 -1.2000000000 162.8707245784 618.1790710442
2.0000000000 2.0000000000 -1.0000000000 128.7862220516 540.9321480889
2.0000000000 2.0000000000 -0.8000000000 93.4570710496 460.6909704133
2.0000000000 2.0000000000 -0.6000000000 57.0492519477 376.7271288789

gimbalangles:
-0.2556104124 0.1926570460 -0.0912241448

end: