T_CW:
0.0040513945 -0.9843738697 -0.1760445140 -0.1030658840
-0.0953851793 0.1748628426 -0.9799615573 -0.2331157215
0.9954321945 0.0207622484 -0.0931862397 -0.0510841387
0.0000000000 0.0000000000 0.0000000000 1.0000000000

T_CW_cov:
0.0000023572 0.0000001081 0.0000000056 -0.0000002294 0.0000049390 -0.0000007536
0.0000001081 0.0000007777 0.0000000071 -0.0000017499 0.0000002223 -0.0000000071
0.0000000056 0.0000000071 0.0000000741 0.0000000037 0.0000000069 -0.0000000015
-0.0000002294 -0.0000017499 0.0000000037 0.0000039856 -0.0000004727 0.0000000073
0.0000049390 0.0000002223 0.0000000069 -0.0000004727 0.0000103905 -0.0000015760
-0.0000007536 -0.0000000071 -0.0000000015 0.0000000073 -0.0000015760 0.0000005423

target_points_pix:
2.0000000000 -1.0000000000 -1.2000000000 1308.6982350556 676.3777779699
2.0000000000 -1.0000000000 -1.0000000000 1295.4769412013 566.7042831038
2.0000000000 -1.0000000000 -0.8000000000 1281.3267210740 454.6599716499
2.0000000000 -1.0000000000 -0.6000000000 1266.2529378915 339.4613960240
2.0000000000 -1.0000000000 -0.4000000000 1251.2460391171 222.6587131324
2.0000000000 -1.0000000000 -0.2000000000 1236.2880099945 103.0794368061
2.0000000000 -0.8000000000 -1.2000000000 1196.8469819321 695.7227351912
2.0000000000 -0.8000000000 -1.0000000000 1182.0215294644 586.6267215909
2.0000000000 -0.8000000000 -0.8000000000 1166.7972907647 474.5332810765
2.0000000000 -0.8000000000 -0.6000000000 1150.8220603250 360.2767108353
2.0000000000 -0.8000000000 -0.4000000000 1134.6146386858 243.5495032235
2.0000000000 -0.8000000000 -0.2000000000 1118.1778914827 124.8133213714
2.0000000000 -0.8000000000 0.0000000000 1101.5188304629 4.0059701335
2.0000000000 -0.6000000000 -1.0000000000 1068.9338574028 606.3167535495
2.0000000000 -0.6000000000 -0.8000000000 1052.3048574618 494.9086084094
2.0000000000 -0.6000000000 -0.6000000000 1035.1411338099 381.1927443472
2.0000000000 -0.6000000000 -0.4000000000 1017.9862440686 265.2616910799
2.0000000000 -0.6000000000 -0.2000000000 1000.6701695690 146.1696088375
2.0000000000 -0.6000000000 0.0000000000 982.5658596450 25.4265260929
2.0000000000 -0.4000000000 -1.0000000000 956.0725912322 625.9973607077
2.0000000000 -0.4000000000 -0.8000000000 938.5331224306 514.9204584834
2.0000000000 -0.4000000000 -0.6000000000 920.5312907083 402.0806818810
2.0000000000 -0.4000000000 -0.4000000000 902.3548407019 285.6462570411
2.0000000000 -0.4000000000 -0.2000000000 883.7053294153 167.8244092092
2.0000000000 -0.4000000000 0.0000000000 865.1993128275 47.8517761338
2.0000000000 -0.2000000000 -1.0000000000 843.6844970939 645.7758379194
2.0000000000 -0.2000000000 -0.8000000000 825.3685518037 535.0262580028
2.0000000000 -0.2000000000 -0.6000000000 806.4798823062 422.0412097235
2.0000000000 -0.2000000000 -0.4000000000 786.8556839093 306.8204854412
2.0000000000 -0.2000000000 -0.2000000000 766.7558378036 189.4250247904
2.0000000000 -0.2000000000 0.0000000000 746.9782822939 69.4020475086
2.0000000000 0.0000000000 -1.0000000000 732.0185216840 665.0188809355
2.0000000000 0.0000000000 -0.8000000000 712.3934884133 554.9038232829
2.0000000000 0.0000000000 -0.6000000000 692.7400404184 442.8662408563
2.0000000000 0.0000000000 -0.4000000000 672.1704128256 327.8559736257
2.0000000000 0.0000000000 -0.2000000000 651.2877142202 210.5963756251
2.0000000000 0.0000000000 0.0000000000 630.2225162646 91.5866438211
2.0000000000 0.2000000000 -1.0000000000 621.6715675302 684.0093853122
2.0000000000 0.2000000000 -0.8000000000 600.8974289844 574.2942838156
2.0000000000 0.2000000000 -0.6000000000 579.5073249838 462.3525364135
2.0000000000 0.2000000000 -0.4000000000 557.9389002480 348.4862869450
2.0000000000 0.2000000000 -0.2000000000 536.7108527439 231.7445255696
2.0000000000 0.2000000000 0.0000000000 514.1848125904 113.0780406068
2.0000000000 0.4000000000 -1.0000000000 511.2149912708 702.9435635125
2.0000000000 0.4000000000 -0.8000000000 489.4178580961 593.8133944717
2.0000000000 0.4000000000 -0.6000000000 467.5595445395 482.3901313231
2.0000000000 0.4000000000 -0.4000000000 444.8359141086 368.7560302982
2.0000000000 0.4000000000 -0.2000000000 422.1032650139 252.3904600045
2.0000000000 0.4000000000 0.0000000000 398.8527711026 134.6393222357
2.0000000000 0.4000000000 0.2000000000 375.7354292268 14.2493873439
2.0000000000 0.6000000000 -0.8000000000 379.2324367062 612.8054791486
2.0000000000 0.6000000000 -0.6000000000 356.2434666708 501.9596205287
2.0000000000 0.6000000000 -0.4000000000 332.3792002528 388.7956436259
2.0000000000 0.6000000000 -0.2000000000 308.4435074893 273.5178930774
2.0000000000 0.6000000000 0.0000000000 284.8604548411 155.9085951646
2.0000000000 0.6000000000 0.2000000000 259.9753790456 36.4708670663
2.0000000000 0.8000000000 -0.8000000000 269.3969355364 631.4976301344
2.0000000000 0.8000000000 -0.6000000000 245.3842375599 521.5780539520
2.0000000000 0.8000000000 -0.4000000000 220.8178560844 408.7474493939
2.0000000000 0.8000000000 -0.2000000000 196.2038119431 294.6318005901
2.0000000000 0.8000000000 0.0000000000 171.3161656765 177.6780736593
2.0000000000 0.8000000000 0.2000000000 146.1224579767 58.3774921857
2.0000000000 1.0000000000 -0.8000000000 161.2773705382 650.3632019453
2.0000000000 1.0000000000 -0.6000000000 136.0743688221 540.7933995986
2.0000000000 1.0000000000 -0.4000000000 110.7665688821 429.1159224096
2.0000000000 1.0000000000 -0.2000000000 85.2746823641 314.7226378536
2.0000000000 1.0000000000 0.0000000000 58.9137171407 198.4868112910
2.0000000000 1.0000000000 0.2000000000 33.1789721814 80.7314901044
2.0000000000 1.2000000000 -0.8000000000 53.8374247052 668.6101914411
2.0000000000 1.2000000000 -0.6000000000 27.7993254318 559.2616434431

gimbalangles:
-0.0211571641 0.0839637984 -0.1117379016

end: