T_CW:
0.0836589407 -0.9331645230 0.3495785386 -0.0028049499
-0.0099300122 -0.3515715735 -0.9361083397 -0.2305626543
0.9964449691 0.0748425129 -0.0386784405 -0.0389299776
0.0000000000 0.0000000000 0.0000000000 1.0000000000

T_CW_cov:
0.0000025329 -0.0000001073 -0.0000001525 0.0000001915 0.0000052464 -0.0000006234
-0.0000001073 0.0000008427 0.0000000078 -0.0000018714 -0.0000002188 -0.0000001385
-0.0000001525 0.0000000078 0.0000000864 0.0000000039 -0.0000003116 0.0000000372
0.0000001915 -0.0000018714 0.0000000039 0.0000042046 0.0000003899 0.0000003143
0.0000052464 -0.0000002188 -0.0000003116 0.0000003899 0.0000109092 -0.0000012914
-0.0000006234 -0.0000001385 0.0000000372 0.0000003143 -0.0000012914 0.0000004965

target_points_pix:
2.0000000000 -1.0000000000 -0.4000000000 1267.7867066637 638.0281415631
2.0000000000 -1.0000000000 -0.2000000000 1312.9289957301 524.0464120758
2.0000000000 -0.8000000000 -0.4000000000 1151.0858116083 593.4252642826
2.0000000000 -0.8000000000 -0.2000000000 1195.3929283249 480.1687065675
2.0000000000 -0.8000000000 0.0000000000 1240.5184747526 365.0030845918
2.0000000000 -0.8000000000 0.2000000000 1284.8070384362 248.8841119548
2.0000000000 -0.8000000000 0.4000000000 1330.4856964815 132.3089859944
2.0000000000 -0.6000000000 -0.6000000000 992.9526147991 660.8705451654
2.0000000000 -0.6000000000 -0.4000000000 1035.7932542842 549.3458702584
2.0000000000 -0.6000000000 -0.2000000000 1079.7205696664 435.9890543587
2.0000000000 -0.6000000000 0.0000000000 1123.2991398021 321.9031232383
2.0000000000 -0.6000000000 0.2000000000 1167.8094074176 206.8723298870
2.0000000000 -0.6000000000 0.4000000000 1211.7909221488 90.6713370024
2.0000000000 -0.4000000000 -0.6000000000 879.8632394228 616.5815349430
2.0000000000 -0.4000000000 -0.4000000000 922.1907000951 505.7982238539
2.0000000000 -0.4000000000 -0.2000000000 964.7671188096 393.2796379019
2.0000000000 -0.4000000000 0.0000000000 1008.1292984854 279.7633583747
2.0000000000 -0.4000000000 0.2000000000 1051.6343844878 165.4916739020
2.0000000000 -0.4000000000 0.4000000000 1095.7442558991 49.8072012179
2.0000000000 -0.2000000000 -0.8000000000 728.2008445280 682.5048659547
2.0000000000 -0.2000000000 -0.6000000000 769.4356618370 573.3406380364
2.0000000000 -0.2000000000 -0.4000000000 810.5727755549 462.3470804895
2.0000000000 -0.2000000000 -0.2000000000 852.5425848049 350.4317576430
2.0000000000 -0.2000000000 0.0000000000 894.8351580048 238.0126001861
2.0000000000 -0.2000000000 0.2000000000 937.5001108845 124.2167451288
2.0000000000 -0.2000000000 0.4000000000 980.7758108649 9.0858849080
2.0000000000 0.0000000000 -0.8000000000 620.4728639785 638.4457461423
2.0000000000 0.0000000000 -0.6000000000 660.2484999727 530.0666048083
2.0000000000 0.0000000000 -0.4000000000 701.1086366325 420.1135806341
2.0000000000 0.0000000000 -0.2000000000 741.6130040388 309.0717901363
2.0000000000 0.0000000000 0.0000000000 783.2241127488 196.8170985028
2.0000000000 0.0000000000 0.2000000000 825.0730848682 83.6734758204
2.0000000000 0.2000000000 -1.0000000000 474.9998562636 702.3950082814
2.0000000000 0.2000000000 -0.8000000000 513.9616257638 595.5492163691
2.0000000000 0.2000000000 -0.6000000000 552.9744065538 487.4971714832
2.0000000000 0.2000000000 -0.4000000000 592.6580870431 377.5005991039
2.0000000000 0.2000000000 -0.2000000000 632.9955456679 267.5514734414
2.0000000000 0.2000000000 0.0000000000 673.4737386296 156.1870447342
2.0000000000 0.2000000000 0.2000000000 714.3732463225 43.7194960674
2.0000000000 0.4000000000 -1.0000000000 371.1002815419 659.1809294436
2.0000000000 0.4000000000 -0.8000000000 408.7590205559 553.0108874266
2.0000000000 0.4000000000 -0.6000000000 447.5769341227 445.4959532683
2.0000000000 0.4000000000 -0.4000000000 486.3940254521 337.1448963148
2.0000000000 0.4000000000 -0.2000000000 525.5041428932 226.9410313573
2.0000000000 0.4000000000 0.0000000000 566.0003125522 116.6572837858
2.0000000000 0.4000000000 0.2000000000 606.1623460916 5.3136629352
2.0000000000 0.6000000000 -1.0000000000 268.9880184451 616.3847835888
2.0000000000 0.6000000000 -0.8000000000 306.3066488127 510.7691538183
2.0000000000 0.6000000000 -0.6000000000 343.8042962275 403.7634661883
2.0000000000 0.6000000000 -0.4000000000 381.8739259652 296.2525039819
2.0000000000 0.6000000000 -0.2000000000 420.7289087447 187.2110867261
2.0000000000 0.6000000000 0.0000000000 459.5531321374 77.1897205317
2.0000000000 0.8000000000 -1.2000000000 133.3160657786 678.2537169512
2.0000000000 0.8000000000 -1.0000000000 168.9772683925 574.2759390374
2.0000000000 0.8000000000 -0.8000000000 204.8066011759 469.3181732357
2.0000000000 0.8000000000 -0.6000000000 242.3510331992 363.2831987050
2.0000000000 0.8000000000 -0.4000000000 279.5121057957 256.4452315852
2.0000000000 0.8000000000 -0.2000000000 317.3548766276 147.7910903485
2.0000000000 0.8000000000 0.0000000000 355.5140320952 38.9046861582
2.0000000000 1.0000000000 -1.2000000000 35.8142748159 635.6634980132
2.0000000000 1.0000000000 -1.0000000000 70.5567779369 532.5921825209
2.0000000000 1.0000000000 -0.8000000000 106.3565295897 428.3842015469
2.0000000000 1.0000000000 -0.6000000000 141.9803346244 323.1950327369
2.0000000000 1.0000000000 -0.4000000000 178.7357633848 216.8300947064
2.0000000000 1.0000000000 -0.2000000000 215.6290590732 109.3238013165
2.0000000000 1.0000000000 0.0000000000 253.3139535373 1.0252870347
2.0000000000 1.2000000000 -0.6000000000 44.6094354209 283.6275337109
2.0000000000 1.2000000000 -0.4000000000 80.3388441458 177.9074539135
2.0000000000 1.2000000000 -0.2000000000 116.3981353095 71.8216001881

gimbalangles:
-0.0847917600 -0.2337367152 -0.1289908059

end: