T_CW:
0.1133982592 -0.9823690719 -0.1486332447 -0.0980642864
-0.2968809358 0.1092604943 -0.9486431649 -0.2211815115
0.9481574472 0.1517008603 -0.2792566995 -0.0931687560
0.0000000000 0.0000000000 0.0000000000 1.0000000000

T_CW_cov:
0.0000011398 -0.0000000641 -0.0000001157 0.0000001192 0.0000025711 -0.0000004739
-0.0000000641 0.0000004560 0.0000000272 -0.0000011045 -0.0000001455 -0.0000000361
-0.0000001157 0.0000000272 0.0000000697 -0.0000000468 -0.0000002648 0.0000000454
0.0000001192 -0.0000011045 -0.0000000468 0.0000027198 0.0000002702 0.0000001038
0.0000025711 -0.0000001455 -0.0000002648 0.0000002702 0.0000058383 -0.0000010656
-0.0000004739 -0.0000000361 0.0000000454 0.0000001038 -0.0000010656 0.0000004657

target_points_pix:
2.0000000000 -0.8000000000 -1.6000000000 1308.3294021421 682.1150541808
2.0000000000 -0.8000000000 -1.4000000000 1308.8938950311 584.9940332513
2.0000000000 -0.8000000000 -1.2000000000 1309.6780997644 482.2212846361
2.0000000000 -0.8000000000 -1.0000000000 1310.4690526939 372.9557972422
2.0000000000 -0.8000000000 -0.8000000000 1311.0866727837 258.2180110765
2.0000000000 -0.8000000000 -0.6000000000 1310.9663385336 135.3325537316
2.0000000000 -0.8000000000 -0.4000000000 1311.8337413835 5.6972043419
2.0000000000 -0.6000000000 -1.6000000000 1195.3289908186 689.8739717416
2.0000000000 -0.6000000000 -1.4000000000 1193.1374754210 594.1136706938
2.0000000000 -0.6000000000 -1.2000000000 1190.3134829198 492.7004829568
2.0000000000 -0.6000000000 -1.0000000000 1187.6945608340 385.9931122216
2.0000000000 -0.6000000000 -0.8000000000 1184.7526955015 272.7417513091
2.0000000000 -0.6000000000 -0.6000000000 1181.2153771551 152.6979693239
2.0000000000 -0.6000000000 -0.4000000000 1177.6672230265 25.3115115482
2.0000000000 -0.4000000000 -1.6000000000 1085.6655476647 696.9795865615
2.0000000000 -0.4000000000 -1.4000000000 1079.8179206330 602.6708894092
2.0000000000 -0.4000000000 -1.2000000000 1074.3031657672 503.3682291868
2.0000000000 -0.4000000000 -1.0000000000 1068.1857514495 398.2533329896
2.0000000000 -0.4000000000 -0.8000000000 1061.3320187559 286.9699023234
2.0000000000 -0.4000000000 -0.6000000000 1054.8838370232 169.0174547127
2.0000000000 -0.4000000000 -0.4000000000 1047.2879202882 44.1954616106
2.0000000000 -0.2000000000 -1.6000000000 978.2764492728 703.4140524669
2.0000000000 -0.2000000000 -1.4000000000 969.7016564514 610.9920387670
2.0000000000 -0.2000000000 -1.2000000000 961.3291414258 513.0672170443
2.0000000000 -0.2000000000 -1.0000000000 952.3902060720 410.0346985265
2.0000000000 -0.2000000000 -0.8000000000 942.5572351223 300.5572215425
2.0000000000 -0.2000000000 -0.6000000000 932.4454242470 185.1980261841
2.0000000000 -0.2000000000 -0.4000000000 921.6046036514 62.8847462447
2.0000000000 0.0000000000 -1.4000000000 863.1273420207 618.7862337835
2.0000000000 0.0000000000 -1.2000000000 851.5045736284 523.0037146787
2.0000000000 0.0000000000 -1.0000000000 839.5434978272 421.5011909236
2.0000000000 0.0000000000 -0.8000000000 827.0209799288 314.4205666266
2.0000000000 0.0000000000 -0.6000000000 813.6466432923 200.7035011211
2.0000000000 0.0000000000 -0.4000000000 799.6784776595 80.9056446334
2.0000000000 0.2000000000 -1.4000000000 758.7764652423 626.7205249566
2.0000000000 0.2000000000 -1.2000000000 744.8240950216 532.0483686908
2.0000000000 0.2000000000 -1.0000000000 730.4430976109 432.1140177285
2.0000000000 0.2000000000 -0.8000000000 714.8395472989 327.4115253019
2.0000000000 0.2000000000 -0.6000000000 698.8472051077 215.8478688183
2.0000000000 0.2000000000 -0.4000000000 681.6688889639 98.3323854078
2.0000000000 0.4000000000 -1.4000000000 658.0212914752 634.1685045803
2.0000000000 0.4000000000 -1.2000000000 641.6452504357 541.0257679732
2.0000000000 0.4000000000 -1.0000000000 624.6497105833 442.7743482009
2.0000000000 0.4000000000 -0.8000000000 606.4577239584 339.3409208859
2.0000000000 0.4000000000 -0.6000000000 587.6713467235 230.6699014940
2.0000000000 0.4000000000 -0.4000000000 567.3663382173 115.1288136376
2.0000000000 0.6000000000 -1.4000000000 559.8401729798 640.7921432577
2.0000000000 0.6000000000 -1.2000000000 541.4313166735 549.3705205153
2.0000000000 0.6000000000 -1.0000000000 521.8740321184 453.1344729772
2.0000000000 0.6000000000 -0.8000000000 501.1699351418 351.7126886490
2.0000000000 0.6000000000 -0.6000000000 479.5690836022 244.4688018241
2.0000000000 0.6000000000 -0.4000000000 456.9544270513 131.7222228517
2.0000000000 0.6000000000 -0.2000000000 433.4495814606 11.8592671697
2.0000000000 0.8000000000 -1.4000000000 464.7115337964 647.7716939076
2.0000000000 0.8000000000 -1.2000000000 444.0298284670 557.6170121295
2.0000000000 0.8000000000 -1.0000000000 422.0817948819 463.2377360238
2.0000000000 0.8000000000 -0.8000000000 399.3057124790 363.4069963618
2.0000000000 0.8000000000 -0.6000000000 374.9728981155 258.4318850268
2.0000000000 0.8000000000 -0.4000000000 350.0211946669 147.3977392578
2.0000000000 0.8000000000 -0.2000000000 324.0031075870 30.4186797661
2.0000000000 1.0000000000 -1.4000000000 371.8992740184 654.5075505412
2.0000000000 1.0000000000 -1.2000000000 349.1538023426 565.6767219855
2.0000000000 1.0000000000 -1.0000000000 325.5211885721 472.5780915058
2.0000000000 1.0000000000 -0.8000000000 300.1285355015 374.5772364442
2.0000000000 1.0000000000 -0.6000000000 274.1151605426 271.1104843197
2.0000000000 1.0000000000 -0.4000000000 246.6174412012 162.3527739281
2.0000000000 1.0000000000 -0.2000000000 218.4812251739 47.9659627359
2.0000000000 1.2000000000 -1.4000000000 282.1067970583 660.7418911509
2.0000000000 1.2000000000 -1.2000000000 257.2524885556 573.5943736887
2.0000000000 1.2000000000 -1.0000000000 231.3725305918 482.1764923558
2.0000000000 1.2000000000 -0.8000000000 204.9490955095 385.7128588938
2.0000000000 1.2000000000 -0.6000000000 176.3088813333 284.1182277987
2.0000000000 1.2000000000 -0.4000000000 147.1345493276 177.1108741768
2.0000000000 1.2000000000 -0.2000000000 116.3533987480 64.8323172033
2.0000000000 1.4000000000 -1.4000000000 194.6276941280 666.5667594129
2.0000000000 1.4000000000 -1.2000000000 168.7968129982 580.6668129607
2.0000000000 1.4000000000 -1.0000000000 140.5589673102 490.6681360343
2.0000000000 1.4000000000 -0.8000000000 111.9498031576 396.3633184798
2.0000000000 1.4000000000 -0.6000000000 81.9358737123 296.4038370297
2.0000000000 1.4000000000 -0.4000000000 50.9340544806 191.9028323507
2.0000000000 1.6000000000 -1.4000000000 109.9564742212 672.4094320824
2.0000000000 1.6000000000 -1.2000000000 82.0189893952 587.8721084953
2.0000000000 1.6000000000 -1.0000000000 52.6270351939 499.1785891061
2.0000000000 1.6000000000 -0.8000000000 22.5514153361 406.4507416178
2.0000000000 1.8000000000 -1.4000000000 28.0750777510 677.5928027007

gimbalangles:
-0.2346634546 0.2485332593 -0.0883609791

end: