T_CW:
0.2798808466 -0.9600335933 -0.0014870594 -0.0699295316
0.0585375720 0.0186116368 -0.9981116970 -0.2407345114
0.9582484356 0.2792652979 0.0614070763 -0.0156908723
0.0000000000 0.0000000000 0.0000000000 1.0000000000

T_CW_cov:
0.0000011755 0.0000000696 -0.0000002594 -0.0000002185 0.0000025177 -0.0000002582
0.0000000696 0.0000004932 -0.0000000192 -0.0000011458 0.0000001497 -0.0000003314
-0.0000002594 -0.0000000192 0.0000001195 0.0000000712 -0.0000005501 0.0000000594
-0.0000002185 -0.0000011458 0.0000000712 0.0000027100 -0.0000004678 0.0000007692
0.0000025177 0.0000001497 -0.0000005501 -0.0000004678 0.0000054333 -0.0000005555
-0.0000002582 -0.0000003314 0.0000000594 0.0000007692 -0.0000005555 0.0000005483

target_points_pix:
2.0000000000 -0.4000000000 -0.6000000000 1260.3183068114 656.5555136518
2.0000000000 -0.4000000000 -0.4000000000 1256.3363530125 522.9737268162
2.0000000000 -0.4000000000 -0.2000000000 1252.5508403099 391.1028025163
2.0000000000 -0.4000000000 0.0000000000 1248.7329213587 260.1809372150
2.0000000000 -0.4000000000 0.2000000000 1244.9851880506 131.4625441836
2.0000000000 -0.4000000000 0.4000000000 1241.0221089115 4.4623208261
2.0000000000 -0.2000000000 -0.6000000000 1120.7221050649 650.0969432316
2.0000000000 -0.2000000000 -0.4000000000 1117.6598244871 520.4157006312
2.0000000000 -0.2000000000 -0.2000000000 1115.0511613842 392.4193823525
2.0000000000 -0.2000000000 0.0000000000 1112.0225294223 265.5457894002
2.0000000000 -0.2000000000 0.2000000000 1108.9065793248 140.1675996199
2.0000000000 -0.2000000000 0.4000000000 1106.3993127740 16.9918371606
2.0000000000 0.0000000000 -0.6000000000 989.1034744268 643.3912915448
2.0000000000 0.0000000000 -0.4000000000 987.1051758486 517.7806032207
2.0000000000 0.0000000000 -0.2000000000 984.9113432586 393.5042954548
2.0000000000 0.0000000000 0.0000000000 983.4318981408 270.4289932503
2.0000000000 0.0000000000 0.2000000000 981.0727744836 148.5495102896
2.0000000000 0.0000000000 0.4000000000 979.4150165094 28.7066555624
2.0000000000 0.2000000000 -0.6000000000 865.2047711629 636.8078424959
2.0000000000 0.2000000000 -0.4000000000 863.9374423602 514.9967177070
2.0000000000 0.2000000000 -0.2000000000 862.8081832573 394.0097887156
2.0000000000 0.2000000000 0.0000000000 861.3574395338 274.8213060978
2.0000000000 0.2000000000 0.2000000000 860.6908159537 156.9997418986
2.0000000000 0.2000000000 0.4000000000 859.3271893860 40.2224092211
2.0000000000 0.4000000000 -0.6000000000 748.9279467380 630.9192983678
2.0000000000 0.4000000000 -0.4000000000 747.6788691994 512.4549671033
2.0000000000 0.4000000000 -0.2000000000 747.3410889471 395.1274686150
2.0000000000 0.4000000000 0.0000000000 746.4560256675 279.1501867620
2.0000000000 0.4000000000 0.2000000000 746.0785699915 164.1597754097
2.0000000000 0.4000000000 0.4000000000 745.8355276990 51.0104591352
2.0000000000 0.6000000000 -0.6000000000 638.6793903812 625.1424672335
2.0000000000 0.6000000000 -0.4000000000 638.3138172179 509.9099363989
2.0000000000 0.6000000000 -0.2000000000 638.4824111045 395.9146836369
2.0000000000 0.6000000000 0.0000000000 638.4379496686 282.9446278629
2.0000000000 0.6000000000 0.2000000000 638.5746215988 171.4971973940
2.0000000000 0.6000000000 0.4000000000 639.1627497720 60.9491339307
2.0000000000 0.8000000000 -0.6000000000 534.3321659508 619.7711172744
2.0000000000 0.8000000000 -0.4000000000 534.8995377545 507.3354235772
2.0000000000 0.8000000000 -0.2000000000 535.6024123120 396.7046583921
2.0000000000 0.8000000000 0.0000000000 535.8351479588 286.8043212839
2.0000000000 0.8000000000 0.2000000000 536.8749415039 178.2195510378
2.0000000000 0.8000000000 0.4000000000 538.1476742614 70.6292903625
2.0000000000 1.0000000000 -0.6000000000 436.0031836894 614.1865152626
2.0000000000 1.0000000000 -0.4000000000 437.2225871077 505.2319883407
2.0000000000 1.0000000000 -0.2000000000 437.9355213327 397.1809571774
2.0000000000 1.0000000000 0.0000000000 439.2104191616 290.2189139347
2.0000000000 1.0000000000 0.2000000000 440.7421193519 184.6845861314
2.0000000000 1.0000000000 0.4000000000 442.0184587646 79.7125517048
2.0000000000 1.2000000000 -0.6000000000 342.6004772700 609.4278416374
2.0000000000 1.2000000000 -0.4000000000 343.8851296271 503.1919706780
2.0000000000 1.2000000000 -0.2000000000 345.4298962050 397.7927120605
2.0000000000 1.2000000000 0.0000000000 347.0612452517 293.4999035317
2.0000000000 1.2000000000 0.2000000000 349.1450159900 190.8022155075
2.0000000000 1.2000000000 0.4000000000 350.7277992730 88.8180359042
2.0000000000 1.4000000000 -0.6000000000 254.3740074342 603.9889658069
2.0000000000 1.4000000000 -0.4000000000 256.1342922210 500.7638010311
2.0000000000 1.4000000000 -0.2000000000 258.1113938190 398.2535006058
2.0000000000 1.4000000000 0.0000000000 260.1244593315 296.6965483219
2.0000000000 1.4000000000 0.2000000000 262.2469750258 196.1730206652
2.0000000000 1.4000000000 0.4000000000 264.2968222136 96.8267335149
2.0000000000 1.6000000000 -0.8000000000 168.5222233718 700.5229874644
2.0000000000 1.6000000000 -0.6000000000 170.5252085079 599.5363631998
2.0000000000 1.6000000000 -0.4000000000 172.8604444683 498.3447820463
2.0000000000 1.6000000000 -0.2000000000 174.9996325903 398.3002242662
2.0000000000 1.6000000000 0.0000000000 177.1602032187 299.4831648576
2.0000000000 1.6000000000 0.2000000000 179.7031713713 201.4800563804
2.0000000000 1.6000000000 0.4000000000 182.8041705770 104.4378870032
2.0000000000 1.6000000000 0.6000000000 185.0360200092 8.1130019197
2.0000000000 1.8000000000 -0.8000000000 89.5620327138 693.6144623924
2.0000000000 1.8000000000 -0.6000000000 91.4582554057 594.4977540929
2.0000000000 1.8000000000 -0.4000000000 94.1278693996 496.0001710920
2.0000000000 1.8000000000 -0.2000000000 96.1563939862 399.1039371849
2.0000000000 1.8000000000 0.0000000000 99.1297844962 302.5165037681
2.0000000000 1.8000000000 0.2000000000 101.4990865959 206.5998697586
2.0000000000 1.8000000000 0.4000000000 104.4489692918 111.7669816825
2.0000000000 1.8000000000 0.6000000000 107.6006920603 18.1185537319
2.0000000000 2.0000000000 -0.2000000000 21.6107076155 399.2900185623
2.0000000000 2.0000000000 0.0000000000 24.3440355250 305.2918189099
2.0000000000 2.0000000000 0.2000000000 27.4200190135 211.5173286479
2.0000000000 2.0000000000 0.4000000000 30.7456251998 119.0704977183
2.0000000000 2.0000000000 0.6000000000 33.8163010735 27.9740690623

gimbalangles:
-0.0523113295 -0.1733253877 -0.2598797500

end: