T_CW:
-0.1407772789 -0.9650795223 0.2209146293 -0.0283643318
0.1538826986 -0.2417543714 -0.9580578996 -0.2374482431
0.9780091374 -0.1008778448 0.1825425639 0.0128366337
0.0000000000 0.0000000000 0.0000000000 1.0000000000

T_CW_cov:
0.0000018268 -0.0000001529 0.0000002113 0.0000003816 0.0000037880 -0.0000003257
-0.0000001529 0.0000006755 -0.0000000401 -0.0000015232 -0.0000003117 0.0000002149
0.0000002113 -0.0000000401 0.0000000944 0.0000001108 0.0000004338 -0.0000000441
0.0000003816 -0.0000015232 0.0000001108 0.0000034814 0.0000007780 -0.0000004895
0.0000037880 -0.0000003117 0.0000004338 0.0000007780 0.0000078955 -0.0000006737
-0.0000003257 0.0000002149 -0.0000000441 -0.0000004895 -0.0000006737 0.0000004053

target_points_pix:
2.0000000000 -1.4000000000 -0.2000000000 1238.8683029385 682.9591574421
2.0000000000 -1.4000000000 0.0000000000 1254.0626089025 571.6874317892
2.0000000000 -1.4000000000 0.2000000000 1268.2487467120 463.5288347235
2.0000000000 -1.4000000000 0.4000000000 1282.1125731809 359.5169525711
2.0000000000 -1.4000000000 0.6000000000 1295.4837574820 259.1931003436
2.0000000000 -1.4000000000 0.8000000000 1307.9265442507 160.5148782195
2.0000000000 -1.4000000000 1.0000000000 1320.1515207442 66.0953202891
2.0000000000 -1.2000000000 -0.2000000000 1136.6588346478 659.4566017904
2.0000000000 -1.2000000000 0.0000000000 1153.2576194070 547.2105902295
2.0000000000 -1.2000000000 0.2000000000 1169.4505949392 438.8474465586
2.0000000000 -1.2000000000 0.4000000000 1184.7267141512 333.9108490276
2.0000000000 -1.2000000000 0.6000000000 1200.1998700948 232.3437780070
2.0000000000 -1.2000000000 0.8000000000 1214.3231329800 134.1067747688
2.0000000000 -1.2000000000 1.0000000000 1228.2555746916 39.2329745692
2.0000000000 -1.0000000000 -0.2000000000 1032.0652216133 634.9812839609
2.0000000000 -1.0000000000 0.0000000000 1050.5290613764 522.1002478728
2.0000000000 -1.0000000000 0.2000000000 1068.7020868193 413.1897529393
2.0000000000 -1.0000000000 0.4000000000 1086.1158339801 307.5731374193
2.0000000000 -1.0000000000 0.6000000000 1102.7856240466 205.1282379091
2.0000000000 -1.0000000000 0.8000000000 1119.0532865690 106.3988672213
2.0000000000 -1.0000000000 1.0000000000 1134.5299065605 11.0453361422
2.0000000000 -0.8000000000 -0.2000000000 925.2475352114 609.6179806641
2.0000000000 -0.8000000000 0.0000000000 946.1218391686 496.5251067500
2.0000000000 -0.8000000000 0.2000000000 965.8235380791 386.7051490875
2.0000000000 -0.8000000000 0.4000000000 985.0290817575 280.6536629753
2.0000000000 -0.8000000000 0.6000000000 1003.7786601262 177.8001128114
2.0000000000 -0.8000000000 0.8000000000 1021.7296134811 78.6089956414
2.0000000000 -0.6000000000 -0.4000000000 792.5705210733 702.0445991849
2.0000000000 -0.6000000000 -0.2000000000 816.1025256942 584.3731424158
2.0000000000 -0.6000000000 0.0000000000 838.6853860053 470.0854025397
2.0000000000 -0.6000000000 0.2000000000 860.8648833183 359.8733147378
2.0000000000 -0.6000000000 0.4000000000 881.9999248865 253.3594908949
2.0000000000 -0.6000000000 0.6000000000 902.7712108813 149.9993398867
2.0000000000 -0.6000000000 0.8000000000 922.7298502833 50.3574615514
2.0000000000 -0.4000000000 -0.4000000000 679.6321119850 677.2461505453
2.0000000000 -0.4000000000 -0.2000000000 705.2655363855 558.1152453117
2.0000000000 -0.4000000000 0.0000000000 729.9431134669 443.5395168313
2.0000000000 -0.4000000000 0.2000000000 754.1233039411 332.3461192748
2.0000000000 -0.4000000000 0.4000000000 777.2421371571 225.2109738672
2.0000000000 -0.4000000000 0.6000000000 799.9618630285 121.4795836570
2.0000000000 -0.4000000000 0.8000000000 821.4806424963 21.2357866601
2.0000000000 -0.2000000000 -0.4000000000 563.9373694271 651.4070002037
2.0000000000 -0.2000000000 -0.2000000000 592.0245744687 532.0028227308
2.0000000000 -0.2000000000 0.0000000000 618.7899160579 415.7669442570
2.0000000000 -0.2000000000 0.2000000000 645.0389906673 304.4850646061
2.0000000000 -0.2000000000 0.4000000000 670.5238977041 196.7099829993
2.0000000000 -0.2000000000 0.6000000000 694.9822205935 92.6447159859
2.0000000000 0.0000000000 -0.4000000000 445.6762763327 624.2998691000
2.0000000000 0.0000000000 -0.2000000000 476.3602713546 503.9895614715
2.0000000000 0.0000000000 0.0000000000 505.8227416371 388.0013225561
2.0000000000 0.0000000000 0.2000000000 534.1850719841 275.9877597164
2.0000000000 0.0000000000 0.4000000000 562.0816224677 167.3533713243
2.0000000000 0.0000000000 0.6000000000 588.6047290028 63.3442982917
2.0000000000 0.2000000000 -0.4000000000 326.5215253373 597.3315840615
2.0000000000 0.2000000000 -0.2000000000 358.8109860991 475.8572852547
2.0000000000 0.2000000000 0.0000000000 390.7471920524 359.6292459897
2.0000000000 0.2000000000 0.2000000000 421.1875617648 246.7043515236
2.0000000000 0.2000000000 0.4000000000 451.1075638988 138.0950744264
2.0000000000 0.2000000000 0.6000000000 480.0858397562 33.2318786474
2.0000000000 0.4000000000 -0.6000000000 168.0756034180 694.9176222100
2.0000000000 0.4000000000 -0.4000000000 204.0717447889 569.0988719717
2.0000000000 0.4000000000 -0.2000000000 239.5998167229 447.3724116552
2.0000000000 0.4000000000 0.0000000000 273.4197465011 330.4468435617
2.0000000000 0.4000000000 0.2000000000 306.7681144385 217.0326341692
2.0000000000 0.4000000000 0.4000000000 338.8115459510 108.3067318693
2.0000000000 0.4000000000 0.6000000000 370.0434256880 2.7550082451
2.0000000000 0.6000000000 -0.6000000000 41.1184761925 666.4827210039
2.0000000000 0.6000000000 -0.4000000000 80.1121060982 540.6333111070
2.0000000000 0.6000000000 -0.2000000000 118.2634081760 418.3819403298
2.0000000000 0.6000000000 0.0000000000 154.9670975401 300.8284805646
2.0000000000 0.6000000000 0.2000000000 190.2323937807 186.8286082723
2.0000000000 0.6000000000 0.4000000000 224.2060370430 77.1433623452
2.0000000000 0.8000000000 0.0000000000 33.5108880088 270.1256687830
2.0000000000 0.8000000000 0.2000000000 72.2281843785 156.5273020769
2.0000000000 0.8000000000 0.4000000000 108.7758075223 46.6473084818

gimbalangles:
0.2367796501 -0.2287013053 0.0693294823

end: