T_CW:
0.1206563131 -0.9760022099 0.1812780747 -0.0353648256
-0.1521020638 -0.1986321445 -0.9681994802 -0.2319522745
0.9809724850 0.0892466103 -0.1724181726 -0.0698452344
0.0000000000 0.0000000000 0.0000000000 1.0000000000

T_CW_cov:
0.0000019519 -0.0000000859 -0.0000001840 0.0000001469 0.0000041790 -0.0000006595
-0.0000000859 0.0000007496 0.0000000236 -0.0000017156 -0.0000001851 -0.0000001305
-0.0000001840 0.0000000236 0.0000000914 -0.0000000294 -0.0000003929 0.0000000590
0.0000001469 -0.0000017156 -0.0000000294 0.0000039766 0.0000003172 0.0000003140
0.0000041790 -0.0000001851 -0.0000003929 0.0000003172 0.0000089887 -0.0000014081
-0.0000006595 -0.0000001305 0.0000000590 0.0000003140 -0.0000014081 0.0000005656

target_points_pix:
2.0000000000 -1.0000000000 -0.8000000000 1300.4174739950 607.8216593575
2.0000000000 -1.0000000000 -0.6000000000 1333.8004342822 494.4288451167
2.0000000000 -0.8000000000 -1.0000000000 1151.1036628870 691.4992377297
2.0000000000 -0.8000000000 -0.8000000000 1180.6182261893 582.5999625870
2.0000000000 -0.8000000000 -0.6000000000 1211.4983993801 469.2798760626
2.0000000000 -0.8000000000 -0.4000000000 1243.5641595700 352.2646354821
2.0000000000 -0.8000000000 -0.2000000000 1276.2038620790 230.2655539196
2.0000000000 -0.8000000000 0.0000000000 1310.5414354829 103.6106339975
2.0000000000 -0.6000000000 -1.0000000000 1035.5341228167 665.3608247081
2.0000000000 -0.6000000000 -0.8000000000 1062.7908296222 557.3971628220
2.0000000000 -0.6000000000 -0.6000000000 1091.1268628189 444.6012388921
2.0000000000 -0.6000000000 -0.4000000000 1120.6467589111 327.9856978658
2.0000000000 -0.6000000000 -0.2000000000 1150.8718823060 206.7205733393
2.0000000000 -0.6000000000 0.0000000000 1182.7282045142 80.9674145471
2.0000000000 -0.4000000000 -1.0000000000 921.7306912528 640.1042665930
2.0000000000 -0.4000000000 -0.8000000000 947.2504991421 532.4506913439
2.0000000000 -0.4000000000 -0.6000000000 972.5758860183 420.2137189185
2.0000000000 -0.4000000000 -0.4000000000 999.6670436204 304.2990758150
2.0000000000 -0.4000000000 -0.2000000000 1027.5703530950 183.7965678039
2.0000000000 -0.4000000000 0.0000000000 1056.6396930105 59.2019385757
2.0000000000 -0.2000000000 -1.0000000000 809.8206412248 614.8391379213
2.0000000000 -0.2000000000 -0.8000000000 832.8677851315 507.9259594938
2.0000000000 -0.2000000000 -0.6000000000 856.2093638018 396.2962815020
2.0000000000 -0.2000000000 -0.4000000000 880.9868996703 280.7687899808
2.0000000000 -0.2000000000 -0.2000000000 906.5691513038 161.0693422909
2.0000000000 -0.2000000000 0.0000000000 932.9219313659 37.2116207198
2.0000000000 0.0000000000 -1.2000000000 679.9114210707 693.5621838226
2.0000000000 0.0000000000 -1.0000000000 700.8266546987 590.2725570113
2.0000000000 0.0000000000 -0.8000000000 721.2319872450 483.2118105530
2.0000000000 0.0000000000 -0.6000000000 742.4026347185 372.6164863378
2.0000000000 0.0000000000 -0.4000000000 764.8164028871 258.1157797260
2.0000000000 0.0000000000 -0.2000000000 787.8059672664 138.7789728763
2.0000000000 0.0000000000 0.0000000000 811.9537695222 15.4650655424
2.0000000000 0.2000000000 -1.2000000000 574.9336744398 668.0293717087
2.0000000000 0.2000000000 -1.0000000000 592.5279172878 565.7700195622
2.0000000000 0.2000000000 -0.8000000000 610.7386669957 459.3996908897
2.0000000000 0.2000000000 -0.6000000000 630.3095989130 349.4377695076
2.0000000000 0.2000000000 -0.4000000000 650.4459971239 235.2347372008
2.0000000000 0.2000000000 -0.2000000000 671.3163470522 117.1914917691
2.0000000000 0.4000000000 -1.2000000000 471.1686174259 643.9919559843
2.0000000000 0.4000000000 -1.0000000000 486.8941883931 541.7791542535
2.0000000000 0.4000000000 -0.8000000000 503.4964174650 436.0363095657
2.0000000000 0.4000000000 -0.6000000000 520.6004599002 326.5627493431
2.0000000000 0.4000000000 -0.4000000000 538.6018491006 213.0165721614
2.0000000000 0.4000000000 -0.2000000000 557.3609324709 95.7196023633
2.0000000000 0.6000000000 -1.2000000000 369.3431225611 619.7146274641
2.0000000000 0.6000000000 -1.0000000000 383.1277708690 518.0005259784
2.0000000000 0.6000000000 -0.8000000000 397.7071014356 412.5859698540
2.0000000000 0.6000000000 -0.6000000000 413.5092216043 304.0268845510
2.0000000000 0.6000000000 -0.4000000000 429.1728220491 190.8540888070
2.0000000000 0.6000000000 -0.2000000000 445.9732755670 74.5308110828
2.0000000000 0.8000000000 -1.4000000000 257.6236131754 692.9987793419
2.0000000000 0.8000000000 -1.2000000000 269.3989349243 595.7269681526
2.0000000000 0.8000000000 -1.0000000000 281.5493892201 494.8482617523
2.0000000000 0.8000000000 -0.8000000000 294.2500261220 390.1655922035
2.0000000000 0.8000000000 -0.6000000000 308.0008408317 282.3259951927
2.0000000000 0.8000000000 -0.4000000000 321.8773531999 169.7469479220
2.0000000000 0.8000000000 -0.2000000000 335.9614853629 54.6407815318
2.0000000000 1.0000000000 -1.4000000000 161.8757236356 669.1222511025
2.0000000000 1.0000000000 -1.2000000000 171.7590937849 572.1806199414
2.0000000000 1.0000000000 -1.0000000000 182.3936283711 471.6337684725
2.0000000000 1.0000000000 -0.8000000000 193.2282056620 367.8591222226
2.0000000000 1.0000000000 -0.6000000000 204.5105361311 260.0687237371
2.0000000000 1.0000000000 -0.4000000000 216.6366310075 149.1132618607
2.0000000000 1.0000000000 -0.2000000000 229.5506899842 33.8246111388
2.0000000000 1.2000000000 -1.4000000000 68.0933772263 645.3033783755
2.0000000000 1.2000000000 -1.2000000000 76.2975782328 548.9406529943
2.0000000000 1.2000000000 -1.0000000000 84.6361876666 449.4114892224
2.0000000000 1.2000000000 -0.8000000000 94.1718247216 346.0267412061
2.0000000000 1.2000000000 -0.6000000000 104.0213513211 239.1280478511
2.0000000000 1.2000000000 -0.4000000000 113.9311229053 128.7663273849
2.0000000000 1.2000000000 -0.2000000000 124.8136354593 14.7439578446

gimbalangles:
-0.1065865427 -0.0990329454 -0.2241533346

end: