T_CW:
0.1709501637 -0.9846322583 -0.0357121474 -0.0768498042
0.4177442020 0.1052593519 -0.9024468131 -0.2259803881
0.8923372811 0.1393548879 0.4293185204 0.0705380768
0.0000000000 0.0000000000 0.0000000000 1.0000000000

T_CW_cov:
0.0000006548 0.0000000810 -0.0000001102 -0.0000002124 0.0000014603 0.0000000124
0.0000000810 0.0000003378 -0.0000000380 -0.0000008236 0.0000001802 -0.0000001281
-0.0000001102 -0.0000000380 0.0000000715 0.0000001032 -0.0000002444 0.0000000075
-0.0000002124 -0.0000008236 0.0000001032 0.0000020491 -0.0000004721 0.0000003063
0.0000014603 0.0000001802 -0.0000002444 -0.0000004721 0.0000032941 0.0000000232
0.0000000124 -0.0000001281 0.0000000075 0.0000003063 0.0000000232 0.0000003202

target_points_pix:
2.0000000000 -1.0000000000 1.0000000000 1337.8293404710 129.1887830427
2.0000000000 -1.0000000000 1.2000000000 1309.1677555013 42.5290962339
2.0000000000 -0.8000000000 0.2000000000 1343.2031602112 565.1347557685
2.0000000000 -0.8000000000 0.4000000000 1310.1609225990 445.7798152070
2.0000000000 -0.8000000000 0.6000000000 1279.8172675242 336.3758692545
2.0000000000 -0.8000000000 0.8000000000 1251.5649452649 235.9482570291
2.0000000000 -0.8000000000 1.0000000000 1225.2945229920 143.0996499499
2.0000000000 -0.8000000000 1.2000000000 1201.5335875833 57.4894462595
2.0000000000 -0.6000000000 0.0000000000 1241.5416219211 704.6558531214
2.0000000000 -0.6000000000 0.2000000000 1211.8401854968 575.5679846483
2.0000000000 -0.6000000000 0.4000000000 1184.8119407048 457.5922762729
2.0000000000 -0.6000000000 0.6000000000 1159.9407037835 348.7404864890
2.0000000000 -0.6000000000 0.8000000000 1136.9113132461 249.0003585515
2.0000000000 -0.6000000000 1.0000000000 1115.4937968007 157.5156185944
2.0000000000 -0.6000000000 1.2000000000 1096.1037302073 72.1709330381
2.0000000000 -0.4000000000 0.2000000000 1084.4819301369 585.3716339390
2.0000000000 -0.4000000000 0.4000000000 1062.6428511418 468.7209205606
2.0000000000 -0.4000000000 0.6000000000 1043.2315558687 360.9026898251
2.0000000000 -0.4000000000 0.8000000000 1025.4765222620 262.2198222138
2.0000000000 -0.4000000000 1.0000000000 1008.3127087054 170.7269762577
2.0000000000 -0.4000000000 1.2000000000 993.3387701087 85.9103121880
2.0000000000 -0.4000000000 1.4000000000 978.4012722381 7.4070574540
2.0000000000 -0.2000000000 0.2000000000 959.3342355197 594.6628334359
2.0000000000 -0.2000000000 0.4000000000 944.1542079292 479.4229986819
2.0000000000 -0.2000000000 0.6000000000 929.2855021981 372.7705588552
2.0000000000 -0.2000000000 0.8000000000 916.1394960965 274.4990085190
2.0000000000 -0.2000000000 1.0000000000 904.0209964077 184.0546256370
2.0000000000 -0.2000000000 1.2000000000 892.6318651760 99.6073414279
2.0000000000 -0.2000000000 1.4000000000 881.6960586172 21.6062483347
2.0000000000 0.0000000000 0.2000000000 839.4199509680 604.0955729891
2.0000000000 0.0000000000 0.4000000000 828.8008502596 489.4957621378
2.0000000000 0.0000000000 0.6000000000 818.9177415591 384.1940919917
2.0000000000 0.0000000000 0.8000000000 810.4567127014 287.0625529493
2.0000000000 0.0000000000 1.0000000000 801.6591646345 196.9253947924
2.0000000000 0.0000000000 1.2000000000 794.5661332669 113.1745957950
2.0000000000 0.0000000000 1.4000000000 787.5298597127 35.4635418580
2.0000000000 0.2000000000 0.2000000000 722.2738402259 613.0172841556
2.0000000000 0.2000000000 0.4000000000 716.7503003369 499.0730407753
2.0000000000 0.2000000000 0.6000000000 711.1012863509 395.0106501633
2.0000000000 0.2000000000 0.8000000000 707.0669972895 298.1084787836
2.0000000000 0.2000000000 1.0000000000 702.5068580777 209.4667357196
2.0000000000 0.2000000000 1.2000000000 698.4414028945 126.3638389509
2.0000000000 0.2000000000 1.4000000000 695.3988315691 48.7481115835
2.0000000000 0.4000000000 0.2000000000 608.5931652435 620.8518520465
2.0000000000 0.4000000000 0.4000000000 607.8349069302 509.1717584680
2.0000000000 0.4000000000 0.6000000000 606.8652556541 405.5857585795
2.0000000000 0.4000000000 0.8000000000 606.5219000495 310.1006529477
2.0000000000 0.4000000000 1.0000000000 605.4085650749 221.4136334088
2.0000000000 0.4000000000 1.2000000000 605.3670185923 139.3800339456
2.0000000000 0.4000000000 1.4000000000 605.0229200891 62.3487307113
2.0000000000 0.6000000000 0.2000000000 498.2011914579 628.9349276851
2.0000000000 0.6000000000 0.4000000000 501.5988771576 518.1030365402
2.0000000000 0.6000000000 0.6000000000 505.3580736920 415.8819427821
2.0000000000 0.6000000000 0.8000000000 508.0307713755 321.1323326621
2.0000000000 0.6000000000 1.0000000000 511.3847397669 233.2018898284
2.0000000000 0.6000000000 1.2000000000 514.2526306255 151.2382154337
2.0000000000 0.6000000000 1.4000000000 516.8155471417 75.2528072128
2.0000000000 0.6000000000 1.6000000000 519.3677639344 4.1185825983
2.0000000000 0.8000000000 0.2000000000 391.0219415034 636.7727373735
2.0000000000 0.8000000000 0.4000000000 399.1295344269 527.3697602131
2.0000000000 0.8000000000 0.6000000000 405.9793860521 426.0513224558
2.0000000000 0.8000000000 0.8000000000 412.9371577043 332.2146610776
2.0000000000 0.8000000000 1.0000000000 419.1831319729 245.0819581706
2.0000000000 0.8000000000 1.2000000000 425.0470034862 163.5242643925
2.0000000000 0.8000000000 1.4000000000 430.7313444500 87.9340058999
2.0000000000 0.8000000000 1.6000000000 436.1624457283 16.9488949592
2.0000000000 1.0000000000 0.2000000000 287.4935911704 644.0603844314
2.0000000000 1.0000000000 0.4000000000 299.1946579905 536.1198031603
2.0000000000 1.0000000000 0.6000000000 309.6538611927 435.6232548054
2.0000000000 1.0000000000 0.8000000000 319.9135726457 342.8825225519
2.0000000000 1.0000000000 1.0000000000 329.7674444951 256.3780060063
2.0000000000 1.0000000000 1.2000000000 338.5035487813 175.5284872583
2.0000000000 1.0000000000 1.4000000000 346.8269927179 100.2660000344
2.0000000000 1.0000000000 1.6000000000 354.8062559524 29.4019044448
2.0000000000 1.2000000000 0.2000000000 187.2085266358 650.5614955423
2.0000000000 1.2000000000 0.4000000000 202.2846261139 544.2814531732
2.0000000000 1.2000000000 0.6000000000 216.6729120489 444.7971660292
2.0000000000 1.2000000000 0.8000000000 229.8146476507 353.1802267337
2.0000000000 1.2000000000 1.0000000000 242.2810905507 267.2285156368
2.0000000000 1.2000000000 1.2000000000 253.9610601471 187.0827139463
2.0000000000 1.2000000000 1.4000000000 264.9657942917 112.2735201955
2.0000000000 1.2000000000 1.6000000000 275.7959579869 42.2952969956
2.0000000000 1.4000000000 0.2000000000 89.7644498486 657.6616101857
2.0000000000 1.4000000000 0.4000000000 108.6724140507 552.2988518764
2.0000000000 1.4000000000 0.6000000000 125.4691420312 454.5440885378
2.0000000000 1.4000000000 0.8000000000 141.7300904258 362.4404889463
2.0000000000 1.4000000000 1.0000000000 157.2506980763 278.0941758173
2.0000000000 1.4000000000 1.2000000000 171.8087742798 198.3758898392
2.0000000000 1.4000000000 1.4000000000 185.5997068942 123.9141843148
2.0000000000 1.4000000000 1.6000000000 197.7896612489 54.3227815778
2.0000000000 1.6000000000 0.6000000000 37.9244080818 462.8743413884
2.0000000000 1.6000000000 0.8000000000 56.4269190611 372.5716154211
2.0000000000 1.6000000000 1.0000000000 74.5913557931 288.4224903790
2.0000000000 1.6000000000 1.2000000000 91.2973111416 209.2139115375
2.0000000000 1.6000000000 1.4000000000 107.1901671963 136.0106717805
2.0000000000 1.6000000000 1.6000000000 122.0970349505 66.3718898977
2.0000000000 1.6000000000 1.8000000000 136.4614601991 1.3758140954
2.0000000000 1.8000000000 1.4000000000 31.4557505527 146.8649494428
2.0000000000 1.8000000000 1.6000000000 48.7222433697 78.0276381160
2.0000000000 1.8000000000 1.8000000000 64.8356244506 13.3650995886

gimbalangles:
0.2008936701 0.0622445282 -0.0458972897

end: