T_CW:
-0.0822722942 -0.9949181407 -0.0580444913 -0.0805522376
0.1539837326 0.0448524353 -0.9870548461 -0.2402337440
0.9846422090 -0.0901451741 0.1495110961 0.0043908517
0.0000000000 0.0000000000 0.0000000000 1.0000000000

T_CW_cov:
0.0000021349 -0.0000000588 0.0000001503 0.0000001499 0.0000043893 -0.0000003528
-0.0000000588 0.0000007279 -0.0000000208 -0.0000016314 -0.0000001155 0.0000001716
0.0000001503 -0.0000000208 0.0000000824 0.0000000636 0.0000003027 -0.0000000286
0.0000001499 -0.0000016314 0.0000000636 0.0000037028 0.0000002949 -0.0000003884
0.0000043893 -0.0000001155 0.0000003027 0.0000002949 0.0000090660 -0.0000007266
-0.0000003528 0.0000001716 -0.0000000286 -0.0000003884 -0.0000007266 0.0000003913

target_points_pix:
2.0000000000 -1.4000000000 -0.2000000000 1330.4877349999 459.6110510775
2.0000000000 -1.4000000000 0.0000000000 1315.9384678262 349.1145876209
2.0000000000 -1.4000000000 0.2000000000 1300.2479431269 240.6698676121
2.0000000000 -1.4000000000 0.4000000000 1285.8830955143 134.5893628687
2.0000000000 -1.4000000000 0.6000000000 1271.8797757889 32.7178210742
2.0000000000 -1.2000000000 -0.6000000000 1253.4906128245 700.2713676594
2.0000000000 -1.2000000000 -0.4000000000 1239.1866828486 581.2495098219
2.0000000000 -1.2000000000 -0.2000000000 1225.3191184545 465.9969340604
2.0000000000 -1.2000000000 0.0000000000 1211.3586850021 353.6560626423
2.0000000000 -1.2000000000 0.2000000000 1197.4879296189 244.3807024244
2.0000000000 -1.2000000000 0.4000000000 1184.3008735238 138.3156964895
2.0000000000 -1.2000000000 0.6000000000 1171.5487657137 34.9007943840
2.0000000000 -1.0000000000 -0.4000000000 1129.9166694475 588.9866822474
2.0000000000 -1.0000000000 -0.2000000000 1117.2233463221 472.6253005865
2.0000000000 -1.0000000000 0.0000000000 1104.8796123343 359.1127420450
2.0000000000 -1.0000000000 0.2000000000 1092.6637223472 248.7942156048
2.0000000000 -1.0000000000 0.4000000000 1080.6752901355 141.5679572587
2.0000000000 -1.0000000000 0.6000000000 1069.0698784870 37.1157023241
2.0000000000 -0.8000000000 -0.4000000000 1019.0105071650 596.9149148984
2.0000000000 -0.8000000000 -0.2000000000 1007.4461461146 479.1434582822
2.0000000000 -0.8000000000 0.0000000000 996.0890620076 364.1397283951
2.0000000000 -0.8000000000 0.2000000000 985.4998470720 253.4546364263
2.0000000000 -0.8000000000 0.4000000000 974.9515458690 144.7028018549
2.0000000000 -0.8000000000 0.6000000000 965.2971342810 40.0772291633
2.0000000000 -0.6000000000 -0.4000000000 905.6245014927 604.4977830718
2.0000000000 -0.6000000000 -0.2000000000 895.7585645572 485.7558045666
2.0000000000 -0.6000000000 0.0000000000 886.0961383981 369.8751575699
2.0000000000 -0.6000000000 0.2000000000 876.3653103249 257.3801348981
2.0000000000 -0.6000000000 0.4000000000 867.5868819629 148.2371242731
2.0000000000 -0.6000000000 0.6000000000 858.5970295990 42.2761792674
2.0000000000 -0.4000000000 -0.4000000000 790.5242103864 612.5053970192
2.0000000000 -0.4000000000 -0.2000000000 782.1270328669 492.2621029912
2.0000000000 -0.4000000000 0.0000000000 773.8188621362 375.4266759796
2.0000000000 -0.4000000000 0.2000000000 765.7205702651 261.6249916986
2.0000000000 -0.4000000000 0.4000000000 758.5688893052 151.9010127869
2.0000000000 -0.4000000000 0.6000000000 751.4216844335 44.9180311879
2.0000000000 -0.2000000000 -0.4000000000 673.2421470971 619.8666045600
2.0000000000 -0.2000000000 -0.2000000000 666.1829496173 498.4707609809
2.0000000000 -0.2000000000 0.0000000000 659.6720383303 380.6012452957
2.0000000000 -0.2000000000 0.2000000000 653.5631818239 266.7982255050
2.0000000000 -0.2000000000 0.4000000000 647.5431016184 155.4147819445
2.0000000000 -0.2000000000 0.6000000000 641.8897621883 47.3975160132
2.0000000000 0.0000000000 -0.4000000000 553.6355571212 627.3915625138
2.0000000000 0.0000000000 -0.2000000000 548.9261817266 504.6383417833
2.0000000000 0.0000000000 0.0000000000 543.8861788066 386.5269703188
2.0000000000 0.0000000000 0.2000000000 539.4488816245 270.7384987258
2.0000000000 0.0000000000 0.4000000000 534.9004353462 158.8991074875
2.0000000000 0.0000000000 0.6000000000 531.2222712214 49.9919913721
2.0000000000 0.2000000000 -0.4000000000 432.6024600288 635.1097218405
2.0000000000 0.2000000000 -0.2000000000 429.4058957047 511.8134756992
2.0000000000 0.2000000000 0.0000000000 426.4228501875 391.9784251664
2.0000000000 0.2000000000 0.2000000000 423.1521312538 275.5551040650
2.0000000000 0.2000000000 0.4000000000 420.6285681981 162.5134061438
2.0000000000 0.2000000000 0.6000000000 418.0905199649 52.6028212720
2.0000000000 0.4000000000 -0.4000000000 309.3727162897 643.1721055940
2.0000000000 0.4000000000 -0.2000000000 307.7881619028 518.3665905292
2.0000000000 0.4000000000 0.0000000000 306.5358373833 397.7505056647
2.0000000000 0.4000000000 0.2000000000 305.7497993272 280.0170957875
2.0000000000 0.4000000000 0.4000000000 304.4028472706 166.0786736410
2.0000000000 0.4000000000 0.6000000000 303.8202538047 55.5055335331
2.0000000000 0.6000000000 -0.4000000000 184.5917632968 651.2615769600
2.0000000000 0.6000000000 -0.2000000000 184.8766961629 525.1643932450
2.0000000000 0.6000000000 0.0000000000 185.3566166722 403.0600507404
2.0000000000 0.6000000000 0.2000000000 186.3394389316 285.0126807934
2.0000000000 0.6000000000 0.4000000000 186.9087663862 169.6859757480
2.0000000000 0.6000000000 0.6000000000 188.2329572799 58.4429197926
2.0000000000 0.8000000000 -0.4000000000 58.7181136072 658.3622033371
2.0000000000 0.8000000000 -0.2000000000 60.7552541213 531.9707578131
2.0000000000 0.8000000000 0.0000000000 62.6175011855 409.1601613638
2.0000000000 0.8000000000 0.2000000000 65.1280809909 289.4967848771
2.0000000000 0.8000000000 0.4000000000 68.0038732659 173.9028698082
2.0000000000 0.8000000000 0.6000000000 70.8682655494 61.4125638386

gimbalangles:
0.0425853426 0.1436123044 -0.0797147672

end: