T_CW:
0.1706550344 -0.9832960630 -0.0632906924 -0.0819157895
-0.3133364606 0.0067421724 -0.9496182420 -0.2211868217
0.9341825955 0.1818884153 -0.3069519224 -0.0994853289
0.0000000000 0.0000000000 0.0000000000 1.0000000000

T_CW_cov:
0.0000011110 -0.0000000522 -0.0000001615 0.0000000786 0.0000025566 -0.0000005151
-0.0000000522 0.0000004638 0.0000000298 -0.0000011332 -0.0000001221 -0.0000001415
-0.0000001615 0.0000000298 0.0000000864 -0.0000000473 -0.0000003712 0.0000000672
0.0000000786 -0.0000011332 -0.0000000473 0.0000028174 0.0000001859 0.0000003639
0.0000025566 -0.0000001221 -0.0000003712 0.0000001859 0.0000059226 -0.0000011772
-0.0000005151 -0.0000001415 0.0000000672 0.0000003639 -0.0000011772 0.0000005957

target_points_pix:
2.0000000000 -0.8000000000 -1.4000000000 1321.8835467033 615.7159104515
2.0000000000 -0.8000000000 -1.2000000000 1334.3159562817 513.0137804000
2.0000000000 -0.6000000000 -1.4000000000 1202.1707200044 612.3466831398
2.0000000000 -0.6000000000 -1.2000000000 1211.3788326877 511.5778576270
2.0000000000 -0.6000000000 -1.0000000000 1220.4129020362 403.4515877945
2.0000000000 -0.6000000000 -0.8000000000 1230.4955490097 289.3843298123
2.0000000000 -0.6000000000 -0.6000000000 1240.6916724056 167.5297095392
2.0000000000 -0.6000000000 -0.4000000000 1251.4144378423 36.9406006425
2.0000000000 -0.4000000000 -1.6000000000 1082.5946850510 702.2755654392
2.0000000000 -0.4000000000 -1.4000000000 1087.5283013710 608.7764576738
2.0000000000 -0.4000000000 -1.2000000000 1092.3987920997 509.5293591062
2.0000000000 -0.4000000000 -1.0000000000 1097.8132233710 403.6982326993
2.0000000000 -0.4000000000 -0.8000000000 1103.6590437323 291.5654208164
2.0000000000 -0.4000000000 -0.6000000000 1109.4416725617 171.7070369092
2.0000000000 -0.4000000000 -0.4000000000 1115.8959076139 43.7286413695
2.0000000000 -0.2000000000 -1.6000000000 974.6507106816 697.3735812089
2.0000000000 -0.2000000000 -1.4000000000 976.3236849933 605.1684831041
2.0000000000 -0.2000000000 -1.2000000000 977.9867773352 507.6741813480
2.0000000000 -0.2000000000 -1.0000000000 979.6446736869 403.9428915663
2.0000000000 -0.2000000000 -0.8000000000 981.6834718083 293.4348837603
2.0000000000 -0.2000000000 -0.6000000000 983.5143889591 176.0244272216
2.0000000000 -0.2000000000 -0.4000000000 985.3627449056 50.3339886816
2.0000000000 0.0000000000 -1.6000000000 869.6942783429 692.5436378771
2.0000000000 0.0000000000 -1.4000000000 868.0652352558 601.7858521495
2.0000000000 0.0000000000 -1.2000000000 867.0086505148 505.4791118736
2.0000000000 0.0000000000 -1.0000000000 864.8618923208 403.7326861685
2.0000000000 0.0000000000 -0.8000000000 863.6884444956 295.1815623311
2.0000000000 0.0000000000 -0.6000000000 861.7608586380 179.8819368333
2.0000000000 0.0000000000 -0.4000000000 860.0282900523 57.5130708744
2.0000000000 0.2000000000 -1.6000000000 768.9002793532 687.2781279582
2.0000000000 0.2000000000 -1.4000000000 764.0894652687 598.5301713655
2.0000000000 0.2000000000 -1.2000000000 759.7157616734 503.4646622147
2.0000000000 0.2000000000 -1.0000000000 754.9683538108 403.4528191247
2.0000000000 0.2000000000 -0.8000000000 749.6894173429 297.2161729364
2.0000000000 0.2000000000 -0.6000000000 744.7172238736 184.1990009253
2.0000000000 0.2000000000 -0.4000000000 739.2001462736 63.9081949433
2.0000000000 0.4000000000 -1.6000000000 670.6631293972 683.1305610595
2.0000000000 0.4000000000 -1.4000000000 663.7975704848 595.1987627725
2.0000000000 0.4000000000 -1.2000000000 656.5997872921 501.8250049372
2.0000000000 0.4000000000 -1.0000000000 648.6465510975 403.5368404818
2.0000000000 0.4000000000 -0.8000000000 640.4882322432 298.8012006993
2.0000000000 0.4000000000 -0.6000000000 632.0052623858 187.5933752937
2.0000000000 0.4000000000 -0.4000000000 622.6713296024 70.1827090243
2.0000000000 0.6000000000 -1.6000000000 575.9296000081 678.2472598019
2.0000000000 0.6000000000 -1.4000000000 566.0044261415 591.0838636604
2.0000000000 0.6000000000 -1.2000000000 556.6348137838 499.6266409241
2.0000000000 0.6000000000 -1.0000000000 545.8995277557 402.8438794985
2.0000000000 0.6000000000 -0.8000000000 535.2037051648 300.2181105633
2.0000000000 0.6000000000 -0.6000000000 523.3948961579 191.6178676010
2.0000000000 0.6000000000 -0.4000000000 511.6606580595 76.0125893809
2.0000000000 0.8000000000 -1.6000000000 483.8775861908 673.1859874907
2.0000000000 0.8000000000 -1.4000000000 472.3968261510 588.1831047258
2.0000000000 0.8000000000 -1.2000000000 459.8343065987 497.8781590477
2.0000000000 0.8000000000 -1.0000000000 447.2472648007 402.4344309097
2.0000000000 0.8000000000 -0.8000000000 433.2719666274 301.5929704663
2.0000000000 0.8000000000 -0.6000000000 419.0505713990 194.7546060904
2.0000000000 0.8000000000 -0.4000000000 404.2870974880 81.7535814058
2.0000000000 1.0000000000 -1.6000000000 395.1723451392 668.8776174463
2.0000000000 1.0000000000 -1.4000000000 381.3122475847 584.8973789321
2.0000000000 1.0000000000 -1.2000000000 366.5642567138 495.8072559325
2.0000000000 1.0000000000 -1.0000000000 350.9362587830 402.1825002030
2.0000000000 1.0000000000 -0.8000000000 334.8539902245 303.1222800767
2.0000000000 1.0000000000 -0.6000000000 318.6400061706 198.2230797263
2.0000000000 1.0000000000 -0.4000000000 301.1832701750 87.1532694515
2.0000000000 1.2000000000 -1.6000000000 309.0295086086 664.6052074770
2.0000000000 1.2000000000 -1.4000000000 293.3662766665 581.2080456614
2.0000000000 1.2000000000 -1.2000000000 276.6960154603 493.7132814753
2.0000000000 1.2000000000 -1.0000000000 259.1764846726 401.8768424021
2.0000000000 1.2000000000 -0.8000000000 240.8867231849 304.6183509188
2.0000000000 1.2000000000 -0.6000000000 221.8111176851 201.3723791345
2.0000000000 1.2000000000 -0.4000000000 201.4154664362 92.7794300383
2.0000000000 1.4000000000 -1.6000000000 225.5657316506 659.7732983320
2.0000000000 1.4000000000 -1.4000000000 208.1468588105 577.9789688253
2.0000000000 1.4000000000 -1.2000000000 189.4960357994 492.3096147218
2.0000000000 1.4000000000 -1.0000000000 170.0105117967 401.4149478514
2.0000000000 1.4000000000 -0.8000000000 150.0678768779 305.5468221527
2.0000000000 1.4000000000 -0.6000000000 128.4940738413 204.7700125153
2.0000000000 1.4000000000 -0.4000000000 106.4763925605 98.2912093844
2.0000000000 1.6000000000 -1.6000000000 145.3728344385 655.1040467225
2.0000000000 1.6000000000 -1.4000000000 126.0867855044 574.9176786762
2.0000000000 1.6000000000 -1.2000000000 105.1368907274 490.3283525473
2.0000000000 1.6000000000 -1.0000000000 84.1654871902 400.9988473843
2.0000000000 1.6000000000 -0.8000000000 62.1109362168 306.8421685900
2.0000000000 1.6000000000 -0.6000000000 38.6005892576 207.7355719649
2.0000000000 1.8000000000 -1.6000000000 67.2130918025 651.0673173439
2.0000000000 1.8000000000 -1.4000000000 46.5017419651 571.7633009914
2.0000000000 1.8000000000 -1.2000000000 24.4587220031 488.6256034786

gimbalangles:
-0.1046794745 0.0237714491 -0.1040832360

end: