T_CW:
-0.2459313169 -0.9671229258 -0.0647381943 -0.0824853836
0.0721235842 0.0483457157 -0.9962233085 -0.2402768646
0.9666002152 -0.2496716608 0.0578626463 -0.0165803561
0.0000000000 0.0000000000 0.0000000000 1.0000000000

T_CW_cov:
0.0000013880 -0.0000000542 0.0000002679 0.0000001933 0.0000029500 -0.0000003356
-0.0000000542 0.0000005487 -0.0000000201 -0.0000012807 -0.0000001121 0.0000003455
0.0000002679 -0.0000000201 0.0000001149 0.0000000755 0.0000005582 -0.0000000708
0.0000001933 -0.0000012807 0.0000000755 0.0000030374 0.0000004010 -0.0000008153
0.0000029500 -0.0000001121 0.0000005582 0.0000004010 0.0000063113 -0.0000007101
-0.0000003356 0.0000003455 -0.0000000708 -0.0000008153 -0.0000007101 0.0000005668

target_points_pix:
2.0000000000 -2.0000000000 -0.2000000000 1343.3384056066 348.7210588694
2.0000000000 -2.0000000000 0.0000000000 1334.5386112417 252.8233829856
2.0000000000 -2.0000000000 0.2000000000 1325.3297275736 157.2191496900
2.0000000000 -2.0000000000 0.4000000000 1315.9892517661 63.2146779899
2.0000000000 -1.8000000000 -0.8000000000 1289.9683842922 653.9069553212
2.0000000000 -1.8000000000 -0.6000000000 1280.9817320100 553.0743688126
2.0000000000 -1.8000000000 -0.4000000000 1272.0862698894 452.9188475418
2.0000000000 -1.8000000000 -0.2000000000 1262.9508992468 353.9680699515
2.0000000000 -1.8000000000 0.0000000000 1254.2514598994 255.4912822959
2.0000000000 -1.8000000000 0.2000000000 1245.3178844674 158.6123709614
2.0000000000 -1.8000000000 0.4000000000 1236.1805970241 61.7266112113
2.0000000000 -1.6000000000 -0.8000000000 1205.3596899494 665.6856593451
2.0000000000 -1.6000000000 -0.6000000000 1196.5925193498 563.1235025924
2.0000000000 -1.6000000000 -0.4000000000 1187.8037131768 460.4647439829
2.0000000000 -1.6000000000 -0.2000000000 1179.4765766767 359.4295403615
2.0000000000 -1.6000000000 0.0000000000 1170.1700510701 258.7912095938
2.0000000000 -1.6000000000 0.2000000000 1161.7293598717 158.9499156214
2.0000000000 -1.6000000000 0.4000000000 1153.2224307810 60.6381095643
2.0000000000 -1.4000000000 -0.8000000000 1117.1065899572 678.2271857145
2.0000000000 -1.4000000000 -0.6000000000 1108.6053518033 572.7126124972
2.0000000000 -1.4000000000 -0.4000000000 1099.8617154253 468.3417341131
2.0000000000 -1.4000000000 -0.2000000000 1091.1769398927 364.7388009554
2.0000000000 -1.4000000000 0.0000000000 1083.0073737746 261.9733129922
2.0000000000 -1.4000000000 0.2000000000 1073.9342110738 160.2503345177
2.0000000000 -1.4000000000 0.4000000000 1065.9108883561 59.3424817026
2.0000000000 -1.2000000000 -0.8000000000 1024.4859128414 691.4758112502
2.0000000000 -1.2000000000 -0.6000000000 1016.0530042286 583.3177265136
2.0000000000 -1.2000000000 -0.4000000000 1007.4348119159 476.3332223447
2.0000000000 -1.2000000000 -0.2000000000 999.2678446565 370.5378604720
2.0000000000 -1.2000000000 0.0000000000 990.8712433837 265.0079423712
2.0000000000 -1.2000000000 0.2000000000 982.8216026502 160.9525042709
2.0000000000 -1.2000000000 0.4000000000 974.5223425710 58.0095569299
2.0000000000 -1.0000000000 -0.8000000000 927.7995410462 704.9121456422
2.0000000000 -1.0000000000 -0.6000000000 918.9185909391 594.0347052750
2.0000000000 -1.0000000000 -0.4000000000 910.7763665855 484.4975885075
2.0000000000 -1.0000000000 -0.2000000000 903.3238856367 376.1256433291
2.0000000000 -1.0000000000 0.0000000000 894.9556317244 268.6540996038
2.0000000000 -1.0000000000 0.2000000000 887.0901817055 162.3271914327
2.0000000000 -1.0000000000 0.4000000000 879.2712722331 56.9053378594
2.0000000000 -0.8000000000 -0.6000000000 817.9587529201 605.6065762363
2.0000000000 -0.8000000000 -0.4000000000 809.9180393615 493.4154432477
2.0000000000 -0.8000000000 -0.2000000000 802.4905464951 381.9415530924
2.0000000000 -0.8000000000 0.0000000000 794.9854610957 272.0394322201
2.0000000000 -0.8000000000 0.2000000000 787.3687786521 163.1764257524
2.0000000000 -0.8000000000 0.4000000000 779.9063481002 55.1277001276
2.0000000000 -0.6000000000 -0.6000000000 711.6821719950 617.0349058080
2.0000000000 -0.6000000000 -0.4000000000 704.5850318363 502.6866857728
2.0000000000 -0.6000000000 -0.2000000000 697.0065297320 388.5869904810
2.0000000000 -0.6000000000 0.0000000000 689.4657624065 275.7807398307
2.0000000000 -0.6000000000 0.2000000000 682.2686468589 164.4178348029
2.0000000000 -0.6000000000 0.4000000000 675.6174504077 53.5072967630
2.0000000000 -0.4000000000 -0.6000000000 600.6485189852 629.8275713911
2.0000000000 -0.4000000000 -0.4000000000 593.4085603783 511.9163549505
2.0000000000 -0.4000000000 -0.2000000000 586.5514486597 395.6924662368
2.0000000000 -0.4000000000 0.0000000000 579.8773009075 279.9827562578
2.0000000000 -0.4000000000 0.2000000000 572.6634838287 165.6271358248
2.0000000000 -0.4000000000 0.4000000000 566.5652745728 52.2679504469
2.0000000000 -0.2000000000 -0.6000000000 484.0880721508 642.3209218002
2.0000000000 -0.2000000000 -0.4000000000 477.0561135196 521.6502499283
2.0000000000 -0.2000000000 -0.2000000000 470.4316181399 401.8928586505
2.0000000000 -0.2000000000 0.0000000000 464.2475812261 284.2819183552
2.0000000000 -0.2000000000 0.2000000000 457.9187166848 166.7249734486
2.0000000000 -0.2000000000 0.4000000000 451.6950601541 50.8985596711
2.0000000000 0.0000000000 -0.6000000000 361.3940874892 655.8856896327
2.0000000000 0.0000000000 -0.4000000000 355.5297786395 532.3128523322
2.0000000000 0.0000000000 -0.2000000000 348.8228290455 409.1014798710
2.0000000000 0.0000000000 0.0000000000 343.4005127380 287.7305002953
2.0000000000 0.0000000000 0.2000000000 337.5075245009 167.8964643312
2.0000000000 0.0000000000 0.4000000000 332.1321053857 49.3991009339
2.0000000000 0.2000000000 -0.6000000000 233.0345741549 669.4623655375
2.0000000000 0.2000000000 -0.4000000000 226.9709552134 542.8260810250
2.0000000000 0.2000000000 -0.2000000000 221.6553742927 416.8636714358
2.0000000000 0.2000000000 0.0000000000 216.1359063781 291.9627321058
2.0000000000 0.2000000000 0.2000000000 211.2063451631 169.3859104025
2.0000000000 0.2000000000 0.4000000000 206.7648975192 47.9684982147
2.0000000000 0.4000000000 -0.6000000000 97.9128084711 683.8863459413
2.0000000000 0.4000000000 -0.4000000000 92.5993089190 553.5313472159
2.0000000000 0.4000000000 -0.2000000000 87.8734954203 423.9997312782
2.0000000000 0.4000000000 0.0000000000 83.1358361555 296.8521056170
2.0000000000 0.4000000000 0.2000000000 79.0840787511 171.1436731666
2.0000000000 0.4000000000 0.4000000000 75.2642550045 46.5679450640

gimbalangles:
-0.0003579415 0.1659320428 0.2054994240

end: