T_CW:
-0.1171755958 -0.9460371699 0.3021316815 -0.0122273891
-0.0945813520 -0.2922140653 -0.9516644933 -0.2331544764
0.9885971109 -0.1400878769 -0.0552371174 -0.0430278372
0.0000000000 0.0000000000 0.0000000000 1.0000000000

T_CW_cov:
0.0000023000 0.0000001248 0.0000002098 -0.0000002191 0.0000048465 -0.0000006042
0.0000001248 0.0000007981 0.0000000282 -0.0000018029 0.0000002568 0.0000001789
0.0000002098 0.0000000282 0.0000000949 -0.0000000398 0.0000004372 -0.0000000504
-0.0000002191 -0.0000018029 -0.0000000398 0.0000041227 -0.0000004490 -0.0000004164
0.0000048465 0.0000002568 0.0000004372 -0.0000004490 0.0000102550 -0.0000012748
-0.0000006042 0.0000001789 -0.0000000504 -0.0000004164 -0.0000012748 0.0000005296

target_points_pix:
2.0000000000 -1.6000000000 -0.6000000000 1256.1056236206 673.3252517441
2.0000000000 -1.6000000000 -0.4000000000 1290.7427501126 573.4652913725
2.0000000000 -1.6000000000 -0.2000000000 1326.2526564176 472.7694465629
2.0000000000 -1.4000000000 -0.6000000000 1162.8606464941 646.3079429776
2.0000000000 -1.4000000000 -0.4000000000 1198.0169661748 544.8720707816
2.0000000000 -1.4000000000 -0.2000000000 1233.1384779728 442.7968415295
2.0000000000 -1.4000000000 0.0000000000 1269.0843746705 337.9132055179
2.0000000000 -1.4000000000 0.2000000000 1304.4229855897 233.8106816461
2.0000000000 -1.4000000000 0.4000000000 1340.8550762082 127.8425287810
2.0000000000 -1.2000000000 -0.6000000000 1067.3912579177 618.5155912587
2.0000000000 -1.2000000000 -0.4000000000 1102.3571121572 515.7641186566
2.0000000000 -1.2000000000 -0.2000000000 1137.9167396591 411.5625522620
2.0000000000 -1.2000000000 0.0000000000 1173.3572136620 306.2916062708
2.0000000000 -1.2000000000 0.2000000000 1208.9344387409 200.0981919204
2.0000000000 -1.2000000000 0.4000000000 1245.7262796529 91.9588256777
2.0000000000 -1.0000000000 -0.8000000000 934.7280178247 693.5199681068
2.0000000000 -1.0000000000 -0.6000000000 969.0014002460 590.1548095072
2.0000000000 -1.0000000000 -0.4000000000 1004.2557688122 485.8133617155
2.0000000000 -1.0000000000 -0.2000000000 1039.4320699659 379.9061454887
2.0000000000 -1.0000000000 0.0000000000 1074.8957625775 273.0835035152
2.0000000000 -1.0000000000 0.2000000000 1110.9678826738 164.5548777614
2.0000000000 -1.0000000000 0.4000000000 1147.1651731874 55.1392856972
2.0000000000 -0.8000000000 -0.8000000000 833.9668765997 665.3144457334
2.0000000000 -0.8000000000 -0.6000000000 868.1751707666 561.1915715317
2.0000000000 -0.8000000000 -0.4000000000 902.8861316152 454.9342141564
2.0000000000 -0.8000000000 -0.2000000000 938.1777600422 347.0249563785
2.0000000000 -0.8000000000 0.0000000000 973.0167073070 238.5681165444
2.0000000000 -0.8000000000 0.2000000000 1009.1993600979 128.7083524140
2.0000000000 -0.8000000000 0.4000000000 1045.7789275487 17.7981545582
2.0000000000 -0.6000000000 -0.8000000000 730.9017965946 637.1323370486
2.0000000000 -0.6000000000 -0.6000000000 764.8805526237 530.4603308651
2.0000000000 -0.6000000000 -0.4000000000 799.0317757118 422.8917979919
2.0000000000 -0.6000000000 -0.2000000000 833.9129047080 314.0386430764
2.0000000000 -0.6000000000 0.0000000000 869.4348301457 203.4647146528
2.0000000000 -0.6000000000 0.2000000000 905.5498549133 91.8704263758
2.0000000000 -0.4000000000 -0.8000000000 624.4488947353 607.1796242359
2.0000000000 -0.4000000000 -0.6000000000 658.6989058345 499.4904813653
2.0000000000 -0.4000000000 -0.4000000000 692.7062234079 389.8625143180
2.0000000000 -0.4000000000 -0.2000000000 727.5031442395 279.3790270776
2.0000000000 -0.4000000000 0.0000000000 762.6424773496 166.8507845042
2.0000000000 -0.4000000000 0.2000000000 798.4479302302 54.1413170785
2.0000000000 -0.2000000000 -1.0000000000 482.5666515624 684.7671954191
2.0000000000 -0.2000000000 -0.8000000000 515.9203334954 577.0854276561
2.0000000000 -0.2000000000 -0.6000000000 549.4530148556 467.4123887750
2.0000000000 -0.2000000000 -0.4000000000 583.3638685965 356.5354134466
2.0000000000 -0.2000000000 -0.2000000000 617.6853861040 243.5874089538
2.0000000000 -0.2000000000 0.0000000000 652.8449473922 129.9719780432
2.0000000000 -0.2000000000 0.2000000000 688.3996469621 14.9191819977
2.0000000000 0.0000000000 -1.0000000000 371.1090738161 655.0931475330
2.0000000000 0.0000000000 -0.8000000000 404.1652151940 545.6794778604
2.0000000000 0.0000000000 -0.6000000000 437.3724318063 434.1370483397
2.0000000000 0.0000000000 -0.4000000000 470.8255285041 321.7076007938
2.0000000000 0.0000000000 -0.2000000000 505.6624433050 207.3699626682
2.0000000000 0.0000000000 0.0000000000 539.7515046433 91.8521083766
2.0000000000 0.2000000000 -1.0000000000 256.8373994421 624.4839438127
2.0000000000 0.2000000000 -0.8000000000 289.2833395136 513.1333474244
2.0000000000 0.2000000000 -0.6000000000 322.2927248605 399.9516001621
2.0000000000 0.2000000000 -0.4000000000 355.8950902770 285.9131677127
2.0000000000 0.2000000000 -0.2000000000 389.6794009230 170.2317791508
2.0000000000 0.2000000000 0.0000000000 424.6251118503 52.3441825545
2.0000000000 0.4000000000 -1.0000000000 140.3251692575 593.1168547162
2.0000000000 0.4000000000 -0.8000000000 171.7527670198 480.3043689751
2.0000000000 0.4000000000 -0.6000000000 204.1734518299 365.4483735028
2.0000000000 0.4000000000 -0.4000000000 237.7850454158 249.2029518577
2.0000000000 0.4000000000 -0.2000000000 271.6731242374 131.7720292688
2.0000000000 0.4000000000 0.0000000000 305.6970782308 12.1166702050
2.0000000000 0.6000000000 -0.8000000000 51.5787234440 445.8095437907
2.0000000000 0.6000000000 -0.6000000000 83.8589333786 329.5322665434
2.0000000000 0.6000000000 -0.4000000000 116.4409154116 211.2177425951
2.0000000000 0.6000000000 -0.2000000000 149.9554018449 92.0430470289
2.0000000000 0.8000000000 -0.2000000000 26.0967059879 51.3860523110

gimbalangles:
-0.0216504692 -0.2302130554 0.2055873417

end: