T_CW:
-0.0466536406 0.8398090142 0.5408736058 -0.0305958695
-0.0300007208 0.5400409375 -0.8411038833 -0.0860505886
-0.9984605123 -0.0554671563 -0.0000000000 -0.0400000000
0.0000000000 0.0000000000 0.0000000000 1.0000000000

T_CW_cov:
0.0000020450 0.0000003043 -0.0000001031 -0.0000006233 0.0000041590 0.0000000027
0.0000003043 0.0000009925 -0.0000000253 -0.0000021772 0.0000005968 -0.0000000834
-0.0000001031 -0.0000000253 0.0000001179 0.0000000593 -0.0000002107 0.0000000012
-0.0000006233 -0.0000021772 0.0000000593 0.0000048416 -0.0000012189 0.0000001844
0.0000041590 0.0000005968 -0.0000002107 -0.0000012189 0.0000085209 0.0000000009
0.0000000027 -0.0000000834 0.0000000012 0.0000001844 0.0000000009 0.0000004417

target_points_pix:
-2.0382461791 -1.3326640660 -0.1757110182 53.8722358802 11.5716563261
-2.0440471078 -1.0966304069 -0.2533872139 136.6586930773 118.5910464211
-1.9713422318 -1.2553782583 -0.1780519513 65.6065799776 23.7910167081
-2.0420969507 -0.8909787896 -0.6562326980 108.2342005063 371.9434534710
-2.1349248961 -1.0739685817 -0.3356921987 148.0497276556 173.4743415375
-2.0329931114 -1.0364522726 -0.2506829583 161.2123777852 133.9003888647
-1.9964769104 -0.9789673083 -0.0633441457 234.5139519111 55.6831086851
-1.9792499143 -0.6263073313 -0.9225304137 129.7526308185 587.4108211433
-1.9320490032 -0.6699029896 -0.8540167730 115.7005885626 543.3816871423
-1.8855696832 -0.5597975338 -0.3500282611 318.5633801384 323.0394451070
-2.0366653240 -0.5797354377 -0.1590398876 398.7188743089 228.9033384899
-1.8230665739 -0.3324337885 -0.5518839596 353.5858773700 509.9797257425
-1.8149502794 -0.3269151280 -0.6100474934 334.8350280363 544.1701824117
-2.0899565708 -0.6540210319 -0.0673717668 400.9791087190 167.4586235046
-1.8622674728 -0.4048797174 -0.1332856099 464.8121814910 259.9009712305
-1.8483290310 -0.4352708366 0.3157310814 599.3237555783 7.6402542752
-1.9908447012 -0.3801654029 -0.5518766256 363.4964691300 483.6349450811
-1.9508663012 -0.4204201028 -0.3158605866 411.3384227947 353.0451888254
-1.9282228052 -0.3422863927 -0.1986349192 484.2662170316 318.2791037723
-1.8307278366 -0.3649187074 -0.1020312630 491.7020582348 254.6420114514
-2.1653125976 -0.3185303887 0.2228715646 645.3810061667 138.8842988546
-1.9953435832 -0.1856712384 0.4673006755 780.0115376464 37.2614663657
-2.1850709518 0.1766330917 -0.3112378666 714.1235302950 530.5200495726
-2.1302348748 0.1741631005 -0.1246265184 768.0961388002 445.7031336602
-2.0390392157 0.0266576880 0.1803748992 792.8044733474 251.5066974161
-2.1040212686 -0.1858632528 0.2189118048 703.0412708001 173.1904023432
-2.1494438675 -0.1759117361 0.4480410634 775.8902740500 74.0858144234
-2.1816244200 0.2296391180 -0.0710292623 808.4428099624 436.0056880197
-1.9675215332 0.3735704689 0.1902147838 975.2904375392 355.3731585240
-2.0887152358 0.0614816292 0.3387705058 856.4878199474 189.0550199600
-2.0769750567 0.0640115888 0.5667352894 928.4917631458 78.2455989022
-2.0791652291 0.3295714681 -0.3363269805 778.3419810308 598.9221703808
-1.8402832734 0.4158654489 -0.1641496241 891.0422614689 564.4269444122
-1.9344931987 0.4325288222 0.0665921622 969.1733146065 439.8085539097
-1.9133212325 0.3814166405 0.4228418836 1064.9145469735 233.5806129362
-2.1177301546 0.5344848835 0.8821806181 1246.4622153458 74.1904563170
-1.8701820746 0.5244063918 0.8043567602 1283.3596821020 71.0799340411
-1.9276225520 0.5546474071 -0.3245354469 903.2679301209 688.3018419531
-1.8713581895 0.5522859957 -0.2850187113 920.7516169021 675.5510607679
-1.8224931774 0.7448238787 0.1113938527 1176.3399139247 531.9809625616
-2.1551667523 0.8701160953 0.2237557347 1200.4105582343 493.1434158814
-1.8270632441 0.8325440399 0.3756327394 1319.9479701610 414.5080545862
-1.9080112085 0.6435965993 0.5817299777 1261.4992352402 237.0909952651
-2.1700906082 1.1508405723 -0.0162742313 1259.2009543262 692.3313627114
-1.8367116007 0.8470277910 0.1536552899 1245.8264825511 544.2525160985

gimbalangles:
-0.5163841239 3.0055680839

end: