T_CW:
-0.1661346702 -0.0945467441 0.9815600769 -0.0043762758
-0.8530882982 -0.4854899999 -0.1911539052 -0.0753658187
0.4946105810 -0.8691147066 0.0000000000 -0.0400000000
0.0000000000 0.0000000000 0.0000000000 1.0000000000

T_CW_cov:
0.0000007147 0.0000000337 -0.0000000686 -0.0000000829 0.0000016674 0.0000001569
0.0000000337 0.0000004064 -0.0000000423 -0.0000010289 0.0000000731 -0.0000000842
-0.0000000686 -0.0000000423 0.0000000840 0.0000001093 -0.0000001556 -0.0000000060
-0.0000000829 -0.0000010289 0.0000001093 0.0000026622 -0.0000001794 0.0000002105
0.0000016674 0.0000000731 -0.0000001556 -0.0000001794 0.0000039459 0.0000003660
0.0000001569 -0.0000000842 -0.0000000060 0.0000002105 0.0000003660 0.0000004348

target_points_pix:
0.4405851561 -2.0683433711 0.4238748486 997.3283885223 624.7061048908
0.3856048613 -2.0644488885 0.8375832259 1247.3909332407 608.1336132079
0.6278400558 -2.0763393604 -0.9710114291 211.0974341634 671.3536994303
0.4815465084 -1.8793705061 -0.5230342546 424.3089990573 680.0460219601
0.4486312133 -1.8539060129 -0.1883259814 630.0476621482 656.6335497871
0.3632319295 -1.8211024113 0.3728792086 1002.5609965931 635.6132873669
0.5355660298 -2.0704793787 0.5698046772 1062.4807807861 555.9301213214
0.5223772533 -1.8132336699 0.6615021006 1154.3560018519 497.4853106699
0.3575435516 -1.9920009830 0.8771665099 1292.8786749269 607.0131796149
0.7702598618 -2.1020624400 -1.1419530733 132.5196216453 616.3105702148
0.8716978941 -1.8258617162 -0.9924107934 138.3916080388 496.6281108564
0.5574486502 -2.0322558777 -0.7031584427 347.0170284696 676.7636833402
0.6760474197 -1.9397994560 -0.6523280362 355.2587494104 589.3428641385
0.7253359792 -2.1817755865 -0.2257816326 613.8694741094 561.0946876899
0.5521447994 -2.0609144530 0.1825896689 844.3165851405 587.8290920501
0.7303731863 -2.0822931857 0.3409704371 905.4685531110 481.7928849255
0.7727616955 -2.0767370502 0.6693295810 1072.7181384154 425.4261904902
0.6476928819 -2.1574243192 0.5713258643 1034.8988866750 514.2058604467
0.7827276560 -1.8566355650 1.0901315129 1338.6056681738 315.9527612531
0.8001707562 -2.1894376982 1.0828871638 1263.6068190211 396.5172238129
1.1100875946 -1.8342238030 -0.8506871293 224.2873573270 363.0911555028
1.1317356309 -2.0884930166 -0.7438131423 330.9809128342 403.6826088519
1.1412416106 -1.8295073638 -0.6345165439 337.7592946055 324.5672886458
0.9861579955 -1.8556052624 -0.1516633468 607.4410822750 353.9525841970
0.9744884137 -2.0744573202 -0.0279052589 687.6481073590 401.4272973653
1.0497963986 -2.1500163623 0.1130776453 752.7184084821 371.9476503379
1.1645815082 -1.9323382726 0.3340032188 848.8235102834 243.8670998245
1.1083908032 -1.8865298023 0.8955791254 1152.4495878089 195.8780652391
1.1486814001 -2.0456698194 1.1108549276 1230.1097196730 206.9861458696
0.8656159640 -2.0451747626 1.1568062153 1313.9343103200 323.1720016582
1.2995741576 -2.1101608759 -1.3471534802 58.6029791942 392.3542626820
1.1606328789 -2.0272679930 -0.9586497824 215.3839852634 397.6758606752
1.0563890159 -2.0877781419 -0.8747438649 267.7852610750 449.4723039355
1.4392129643 -1.8700391144 -0.5937131543 362.5335024683 203.4893316641
1.0957124707 -1.9729375961 -0.3804741473 493.1921395583 357.1725598134
1.1414929988 -1.8889137699 0.0034042731 679.9774652299 274.9682830974
1.0945837433 -2.0389881176 0.3006338205 839.0306230545 307.0520088800
1.4393964913 -1.9257707133 0.4658256223 880.7510798251 118.5845446486
1.1115116241 -1.8679214198 0.5875554318 991.0457947377 220.8834782071
1.3279607029 -1.8756313325 0.9399261916 1135.0679852863 97.9467563385
1.3351159698 -1.8509936034 -1.1426382576 86.5772548507 295.2643041607
1.5652340844 -2.0355103116 -0.8807376614 258.4907469373 228.1485782854
1.4552108980 -2.1534895360 -0.3988016236 491.2434937731 257.3132880371
1.4738540436 -2.1896147329 -0.4198177334 485.3243668055 261.2520544042
1.6178416807 -2.1438940522 -0.1704101383 582.3786590925 176.5508588594
1.4202388581 -1.9292284751 0.1519875394 731.3357841598 157.1018602923
1.4540855342 -1.8634546581 0.3616523237 829.3157496368 102.3718638131
1.6515776837 -1.9582625309 0.6261781571 928.6162428384 38.4080282080
1.6616671678 -2.1318986800 1.0588197434 1106.4626925261 53.3449106443
1.4238332369 -1.8620740433 1.3032965687 1298.9973045808 21.1000544842
1.7984505393 -2.0074320268 -1.3755868466 43.8267902649 179.5891083584
1.6677061205 -2.0403325325 -1.2331624542 107.1972792121 222.6558716399
1.6820347564 -1.9920003807 -0.9201346647 233.8850240683 176.8981502686
1.5500197577 -1.8331921533 -0.5554902840 373.4264313745 144.7678269971
1.5846467715 -1.9336166739 -0.6639477059 338.5010781617 172.6732084304
1.9321190477 -2.1599753080 -0.0702477115 608.3790323039 70.0397302421
1.6246449477 -1.8284173664 -0.1805362603 550.5831350601 79.1251468750
1.8287333310 -2.1096127800 0.4298580792 820.1893108226 46.1964953477
1.6342701287 -2.1429493044 1.4457664628 1275.5551840013 32.8235994310
2.0096760173 -2.1288364080 -1.1688124664 163.5114815394 125.3332114743
2.0471600104 -1.9719186906 -0.9509305647 222.1889703082 50.7192179422
1.9274821332 -1.8498540672 -0.8353092798 246.8176819082 40.8434797841
2.0374027157 -2.1244149509 -0.3365820874 493.9877319420 49.0211145445
2.1282697156 -1.9395770402 -1.2939864247 76.4840098363 44.2329422817
1.9530555861 -1.9476085270 -1.1788937501 119.3640435739 93.0710641475
1.9042748829 -1.9042753353 -0.4328866630 432.9953475988 30.6834987027
1.8846077334 -1.9057062088 -0.2031318719 535.0001276015 17.3175546558

gimbalangles:
-1.5352153840 1.0731703419

end: