T_CW:
0.1495803061 -0.8417600162 -0.5187155358 -0.0284625282
0.0907537405 -0.5107147596 0.8549468948 -0.0139772824
-0.9845757922 -0.1749585933 0.0000000000 -0.0400000000
0.0000000000 0.0000000000 0.0000000000 1.0000000000

T_CW_cov:
0.0000018380 0.0000000924 0.0000001837 -0.0000002169 0.0000038878 -0.0000002620
0.0000000924 0.0000008369 0.0000000275 -0.0000018769 0.0000001994 0.0000003053
0.0000001837 0.0000000275 0.0000001409 -0.0000000568 0.0000003724 -0.0000000193
-0.0000002169 -0.0000018769 -0.0000000568 0.0000042762 -0.0000004683 -0.0000006616
0.0000038878 0.0000001994 0.0000003724 -0.0000004683 0.0000082893 -0.0000005475
-0.0000002620 0.0000003053 -0.0000000193 -0.0000006616 -0.0000005475 0.0000006864

target_points_pix:
-2.0356266141 -1.6670313584 -0.2216670401 1290.5069704997 584.9522549054
-2.0876913757 -1.8532165545 -0.1977258456 1335.4992101019 631.1741403500
-2.0382461791 -1.3326640660 -0.1757110182 1146.4871943731 521.8172210425
-1.9735375390 -1.6542454496 0.0160468711 1242.2242246204 699.0938162830
-2.1794605583 -1.2973912472 -1.0600853036 1321.8418706658 117.9333593046
-2.1560010034 -1.2844100836 -0.7490828701 1244.7814919060 247.7413058991
-1.8791834842 -1.2260730902 -0.3393922451 1197.2577856191 433.3365584585
-2.0440471078 -1.0966304069 -0.2533872139 1069.5050866080 423.8620801855
-1.9713422318 -1.2553782583 -0.1780519513 1134.5272841711 508.9674496763
-2.1413915681 -1.1443759247 0.1206337022 966.2545464026 592.6254339155
-2.0394518501 -0.8909256961 -0.9693699009 1185.0861317110 31.0160476287
-2.0420969507 -0.8909787896 -0.6562326980 1096.2303423292 178.4429730958
-2.1349248961 -1.0739685817 -0.3356921987 1060.1286250609 374.1435943869
-2.0329931114 -1.0364522726 -0.2506829583 1046.2561192956 409.7390997902
-1.9964769104 -0.9789673083 -0.0633441457 977.1125254570 485.7977815653
-2.0871240887 -1.0260110717 0.1519259638 919.2112321717 585.7008530793
-1.9320490032 -0.6699029896 -0.8540167730 1087.7973778834 5.4059693711
-1.8855696832 -0.5597975338 -0.3500282611 892.2136320110 225.3187691400
-2.0366653240 -0.5797354377 -0.1590398876 818.5080110965 324.5896030352
-1.9221818306 -0.9124272166 0.0901865197 918.0688238117 551.9217959290
-2.0876470204 -0.8959227815 0.3128667921 819.3705598369 626.2019627564
-2.1952372272 -0.7046575153 0.5517900690 661.1526956830 667.0926312064
-1.8230665739 -0.3324337885 -0.5518839596 854.8058713207 36.1596428951
-1.8149502794 -0.3269151280 -0.6100474934 872.7645115650 1.0416650034
-2.0899565708 -0.6540210319 -0.0673717668 818.2077454399 386.2807128317
-1.8622674728 -0.4048797174 -0.1332856099 749.8672975360 290.0293996273
-1.8483290310 -0.4352708366 0.3157310814 623.2155396177 541.3324832267
-1.9499979981 -0.3936762340 0.4339978451 560.6713341386 574.0954177084
-1.9908447012 -0.3801654029 -0.5518766256 848.8003235605 68.6622468841
-1.9508663012 -0.4204201028 -0.3158605866 802.6792691045 199.2427853782
-1.9282228052 -0.3422863927 -0.1986349192 730.9275122019 234.5214943853
-1.8307278366 -0.3649187074 -0.1020312630 722.7646407978 294.7293047376
-2.1653125976 -0.3185303887 0.2228715646 579.5995826025 423.9068461950
-1.9953435832 -0.1856712384 0.4673006755 444.7018083313 524.2716532624
-2.1850709518 0.1766330917 -0.3112378666 497.7081877917 27.7359624502
-2.1302348748 0.1741631005 -0.1246265184 443.7429865940 114.7749793407
-2.0390392157 0.0266576880 0.1803748992 423.9054215861 311.6978160003
-2.1040212686 -0.1858632528 0.2189118048 519.4862489750 389.9813004140
-2.1494438675 -0.1759117361 0.4480410634 450.2619892323 492.0894838884
-2.0283383872 -0.1246051895 0.8113888460 312.7256077560 674.0884790994
-2.1816244200 0.2296391180 -0.0710292623 403.0876081697 126.6368593370
-1.9675215332 0.3735704689 0.1902147838 227.1238403147 206.0748318933
-2.0887152358 0.0614816292 0.3387705058 361.8766204217 378.0263652012
-2.0769750567 0.0640115888 0.5667352894 292.4422073226 491.5098737242
-1.9941609900 0.2033970308 0.8960104621 106.1329412393 632.1715291324
-2.0626335454 0.1726966725 0.9732564367 113.6430112648 666.0195383587
-1.9344931987 0.4325288222 0.0665921622 228.6284810932 116.4002629784
-1.9133212325 0.3814166405 0.4228418836 137.2938837350 332.3110394297

gimbalangles:
2.7668780001 2.7905885074

end: