T_CW:
0.0821158499 0.3723257566 -0.9244622860 -0.0653593386
-0.1991038096 -0.9027669639 -0.3812735000 -0.0429489593
-0.9765319555 0.2153725605 0.0000000000 -0.0400000000
0.0000000000 0.0000000000 0.0000000000 1.0000000000

T_CW_cov:
0.0000025525 -0.0000003498 0.0000002027 0.0000007723 0.0000053941 -0.0000000234
-0.0000003498 0.0000012444 -0.0000000685 -0.0000028113 -0.0000007256 0.0000002131
0.0000002027 -0.0000000685 0.0000001547 0.0000001598 0.0000004229 -0.0000000092
0.0000007723 -0.0000028113 0.0000001598 0.0000064260 0.0000016012 -0.0000004931
0.0000053941 -0.0000007256 0.0000004229 0.0000016012 0.0000114711 -0.0000000447
-0.0000000234 0.0000002131 -0.0000000092 -0.0000004931 -0.0000000447 0.0000006140

target_points_pix:
-1.9499979981 -0.3936762340 0.4339978451 191.5111844660 694.2606259192
-2.1653125976 -0.3185303887 0.2228715646 363.1755581778 688.0909328219
-1.9953435832 -0.1856712384 0.4673006755 240.1535242074 559.5998356374
-2.0547946455 0.0862210311 -0.8260042083 1011.7200525283 700.1786445310
-2.1850709518 0.1766330917 -0.3112378666 745.0446634749 538.5423049070
-2.1302348748 0.1741631005 -0.1246265184 653.1577988558 498.7312215955
-2.0390392157 0.0266576880 0.1803748992 458.3161865828 507.0439491313
-2.1040212686 -0.1858632528 0.2189118048 391.2615396650 617.1413801011
-2.1494438675 -0.1759117361 0.4480410634 278.5611175771 560.4220351088
-2.0283383872 -0.1246051895 0.8113888460 74.3287892503 445.0833800310
-1.9661344430 0.3035449742 -0.9097239979 1116.4244129592 598.6053166624
-2.0454334636 0.3772148178 -0.5915859606 942.6128477571 489.0469911626
-2.1816244200 0.2296391180 -0.0710292623 636.3300729165 461.4970381779
-1.9675215332 0.3735704689 0.1902147838 532.1261368828 310.2103437199
-2.0887152358 0.0614816292 0.3387705058 386.5127955657 455.1105797879
-2.0769750567 0.0640115888 0.5667352894 266.0133462296 402.3114350156
-1.9941609900 0.2033970308 0.8960104621 112.4173248902 244.1525719503
-2.0626335454 0.1726966725 0.9732564367 79.8693617511 254.0541191667
-1.8840413096 0.5647228005 -1.1197764381 1300.2683707819 497.0497066568
-1.9473455670 0.4126422685 -0.7818783690 1070.5937310135 507.9268091589
-2.0066460326 0.6115724411 -0.6800587517 1037.8647744210 382.5630104648
-2.0791652291 0.3295714681 -0.3363269805 796.5710075096 460.6040199406
-1.8402832734 0.4158654489 -0.1641496241 742.4741487679 353.1824408726
-1.9344931987 0.4325288222 0.0665921622 612.6195603199 302.2487696233
-1.9133212325 0.3814166405 0.4228418836 403.6229946501 244.2116563589
-2.1177301546 0.5344848835 0.8821806181 229.9620201853 107.3492052944
-1.8701820746 0.5244063918 0.8043567602 224.7390339005 70.2598009030
-2.0155037014 0.8010569651 -0.8696889358 1164.0807343091 327.6226141107
-2.1673274956 0.7457347923 -0.9069004719 1135.5804188060 378.0370813403
-1.9276225520 0.5546474071 -0.3245354469 852.2796024471 324.9315465990
-1.8713581895 0.5522859957 -0.2850187113 837.3106928083 309.5314274738
-1.8224931774 0.7448238787 0.1113938527 661.9244018665 103.8399297355
-2.1551667523 0.8701160953 0.2237557347 622.6518621582 95.2960470003
-1.9080112085 0.6435965993 0.5817299777 382.7179442384 69.7228302468
-2.1409529270 1.1389351377 -0.8455270628 1170.3637501418 182.0086070827
-2.0448295142 0.8634092785 -0.7908746612 1126.7871284433 284.1608030384
-2.1695389388 1.1810225265 -0.6431337417 1076.9347186233 129.8650059396
-1.9948059239 1.0655745301 -0.1236212339 838.3728790387 40.0169785394
-2.1700906082 1.1508405723 -0.0162742313 785.5101288137 23.3812435970
-1.8367116007 0.8470277910 0.1536552899 661.1694220826 44.6779887908
-2.0290123060 1.2616487263 -0.4540971774 1028.8249003292 26.9192755833
-2.0193434510 1.3647482125 -1.0727880773 1342.5325922026 102.5790611862

gimbalangles:
1.2489338089 -2.8084621555

end: