T_CW:
0.8750923189 -0.3596469196 0.3238325594 -0.0013627351
-0.2995233799 0.1230986247 0.9461144082 -0.0280932189
-0.3801304752 -0.9249328742 -0.0000000000 -0.0400000000
0.0000000000 0.0000000000 0.0000000000 1.0000000000

T_CW_cov:
0.0000009868 0.0000000731 -0.0000002494 -0.0000002019 0.0000021831 -0.0000001257
0.0000000731 0.0000006189 -0.0000000224 -0.0000015079 0.0000001570 -0.0000003925
-0.0000002494 -0.0000000224 0.0000001417 0.0000000669 -0.0000005423 0.0000000351
-0.0000002019 -0.0000015079 0.0000000669 0.0000037321 -0.0000004345 0.0000009539
0.0000021831 0.0000001570 -0.0000005423 -0.0000004345 0.0000048862 -0.0000002682
-0.0000001257 -0.0000003925 0.0000000351 0.0000009539 -0.0000002682 0.0000006113

target_points_pix:
-2.1084470842 -2.1437595431 -0.8462827436 125.3281308416 150.9231316029
-2.1505036008 -1.8785447290 -0.6108959777 49.7791969316 256.7781036940
-2.1201637352 -2.1673998295 -0.5899136888 163.6749257420 254.6599971279
-2.1751026614 -2.0680547056 -0.2528774066 160.8922124548 401.6917359595
-1.8436795053 -2.0972325809 -0.0518107199 300.5515000742 443.1749034858
-1.9077635645 -2.1704114228 0.3559764829 357.4375945378 610.6664197830
-2.0318098922 -1.9024736379 -0.8205725347 64.1582887763 145.7605535150
-1.8643409561 -1.7298116612 -0.6347722235 75.3009277794 201.1144611861
-2.0356266141 -1.6670313584 -0.2216670401 58.4113942261 430.6063139964
-2.0876913757 -1.8532165545 -0.1977258456 119.9579551746 431.4287175397
-2.1047669438 -1.7534926241 0.2912902951 151.9533641958 667.6466334693
-1.8466322311 -1.7286678988 0.3992838197 249.6165795445 699.7556736354
-1.9735375390 -1.6542454496 0.0160468711 112.6824771169 539.5320653068
-1.9694449003 -1.5102548261 0.2682812325 95.4184450889 691.4851527996
-1.7809738419 -1.8342199357 -0.8692251670 108.9859822902 76.0200234070
-1.7169756673 -2.0306084985 -0.3442061790 279.8670637898 304.4435924037
-1.6501252226 -2.1518835387 -0.1868133351 361.1732943808 357.3667196210
-1.9076947486 -2.0906629332 0.0539072926 292.8859114327 495.6731723156
-1.7608405348 -1.9343170826 0.0562900857 294.8013463560 497.2635890180
-1.9063764253 -1.8660205765 0.3738369208 271.1538429321 666.9482600295
-1.5718650262 -1.8348688483 -0.8367522059 186.0652440247 49.8627357306
-1.5796895824 -2.1471275155 -0.5889229412 325.6962568526 174.1996391867
-1.6623309028 -2.0764444490 -0.4483026474 297.1690982512 249.0194907142
-1.6185755682 -2.0335792471 -0.1038771344 350.7591579774 397.4790184612
-1.3119388669 -2.0378495674 0.0669159930 493.2019374969 434.5207936266
-1.4426495618 -1.8136163176 0.1905162106 398.5069793992 538.3537948014
-1.5361605155 -2.1257179523 0.3896727763 478.9336752706 596.1399137691
-1.4358768580 -2.0111886180 -0.8261469596 298.6312726752 37.7477958369
-1.4013295484 -1.8286690344 -0.4892912054 304.6515748152 188.3257911615
-1.2231305079 -1.8176706409 -0.3259783931 401.4891144555 239.1223232952
-1.0540651075 -1.9318002681 0.1505068516 590.0646696062 450.7589415951
-1.3064759274 -1.9948704185 0.0836250030 487.0970294800 445.9521276558
-1.0817565838 -1.8792648318 0.4912548355 625.1442725428 638.5281354363
-1.2632768288 -2.1108735220 0.5969392310 612.6783895785 665.0604312612
-0.8996479791 -2.0374637846 -0.5070061223 570.9719559779 85.4678703723
-1.0352279963 -1.9014060949 -0.2873643345 514.4402270594 222.8165154885
-0.8524976807 -2.0244151995 0.1476430308 701.5768699101 410.1504252569
-0.9396370708 -1.8606308446 0.3999390077 672.4659870234 576.6055008563
-0.9669781436 -2.0218379039 0.4458862138 699.0433308094 576.7987447498
-0.9005062453 -1.9343387993 -0.4449024492 555.9661601232 113.6365524818
-0.9123079585 -2.1284580629 -0.2558047657 627.3152535000 213.7383665641
-0.6883316207 -1.8469608032 -0.1589367572 691.8157076890 225.7399325683
-0.8632153327 -2.1951362328 0.0753490344 714.6920127122 362.3448632587
-0.8519744113 -2.1769645328 0.5888393439 799.8974202379 608.2556188681
-0.8775675189 -1.8920998899 0.6469472021 754.4532864853 696.1247499776
-0.5877027471 -2.1220845631 -0.1952625424 785.2411240092 184.2948818071
-0.6397658702 -1.9962388135 0.1742825485 805.9808052459 393.5336894525
-0.6116385735 -1.9244833139 0.2116265258 817.0123947361 416.5047366611
-0.4325781601 -2.0189382781 0.6542944798 1008.6745982136 622.4677270050
-0.1742632593 -2.0133338748 -0.0902612282 1016.4269704601 155.0126964046
-0.0635647412 -2.0690742069 -0.0068415662 1102.1631517395 179.8340167671
-0.0944812710 -2.1207718532 0.3757183913 1157.1307267324 402.5196977551
-0.2052529308 -1.8765071645 0.6709729072 1147.5540933700 633.2926449923
-0.0640343529 -1.8636812979 0.6053195840 1231.0893472759 574.0731040443
-0.1169270298 -2.1924969758 -0.1057671843 1055.2185286123 137.5195278262
0.1530304316 -1.8975286955 -0.1486459519 1219.5825497164 30.1228880402
0.1031985642 -2.0237017061 0.3770378668 1289.2474993051 377.4920312566
-0.0867096381 -2.0599473734 0.6438311679 1214.8952649753 563.0027386381
-0.0082648627 -1.8464519956 0.7489576395 1303.8847740332 663.0864078521
0.1798051282 -2.1376171259 -0.2101951836 1214.5199781472 6.0806415861
0.1105084575 -1.8324156555 -0.0292469899 1218.4508317647 118.3033259644
0.2272400275 -2.1411056604 0.1748769749 1322.3701318046 223.5217718334

gimbalangles:
-2.9996693833 2.0550561191

end: