T_CW:
0.2729694853 -0.7695099600 -0.5773578453 -0.0309909109
0.1930223734 -0.5441364212 0.8164912237 -0.0139581064
-0.9424595606 -0.3343201708 0.0000000000 -0.0400000000
0.0000000000 0.0000000000 0.0000000000 1.0000000000

T_CW_cov:
0.0000014653 -0.0000000451 0.0000003376 0.0000001372 0.0000032309 -0.0000002870
-0.0000000451 0.0000006548 0.0000000021 -0.0000015766 -0.0000000954 0.0000004361
0.0000003376 0.0000000021 0.0000001783 0.0000000089 0.0000007330 -0.0000000589
0.0000001372 -0.0000015766 0.0000000089 0.0000038617 0.0000002922 -0.0000010501
0.0000032309 -0.0000000954 0.0000007330 0.0000002922 0.0000071877 -0.0000006206
-0.0000002870 0.0000004361 -0.0000000589 -0.0000010501 -0.0000006206 0.0000008176

target_points_pix:
-2.1505036008 -1.8785447290 -0.6108959777 1206.0645413508 388.1286990879
-2.1201637352 -2.1673998295 -0.5899136888 1286.2781782999 465.1623173206
-2.1751026614 -2.0680547056 -0.2528774066 1160.3019635449 555.4275804067
-1.8436795053 -2.0972325809 -0.0518107199 1217.9880873990 699.6710242050
-2.1809173402 -1.7582249058 -1.1945200920 1312.8489577819 142.4845746285
-2.0318098922 -1.9024736379 -0.8205725347 1306.2630396138 326.8122576396
-1.8643409561 -1.7298116612 -0.6347722235 1266.9988010630 370.8917482276
-2.0424396500 -1.6700568512 -0.4559551200 1138.6944067988 407.4068866805
-2.0356266141 -1.6670313584 -0.2216670401 1075.7668338488 499.1128182664
-2.0876913757 -1.8532165545 -0.1977258456 1110.7510452974 543.0537042926
-2.1047669438 -1.7534926241 0.2912902951 948.0464577612 701.5879682919
-1.9479517706 -1.5926219219 -0.8849578553 1266.9588229121 222.6067046120
-1.9430668285 -1.4687702399 -0.9467022846 1249.3286390987 160.3355756960
-1.9987360977 -1.5831478012 -0.6409907786 1177.4001376192 315.7259220451
-2.0382461791 -1.3326640660 -0.1757110182 953.2708580490 433.7973809215
-1.9735375390 -1.6542454496 0.0160468711 1022.8093968746 600.9071334305
-1.9694449003 -1.5102548261 0.2682812325 903.7559542289 670.9506678826
-2.1794605583 -1.2973912472 -1.0600853036 1149.8372082606 62.4887006843
-2.1560010034 -1.2844100836 -0.7490828701 1067.6593940701 180.7962578105
-1.8791834842 -1.2260730902 -0.3393922451 1006.5897650479 353.5921503332
-2.0440471078 -1.0966304069 -0.2533872139 891.2983592259 336.7309382456
-1.9713422318 -1.2553782583 -0.1780519513 943.3739652646 421.0885109456
-2.1413915681 -1.1443759247 0.1206337022 781.5721573009 491.6330384566
-1.9976942520 -1.1816657871 0.4636784555 720.1308693473 670.0363400299
-2.0420969507 -0.8909787896 -0.6562326980 937.7052152718 100.5483944704
-2.1349248961 -1.0739685817 -0.3356921987 887.0705036415 288.4260104352
-2.0329931114 -1.0364522726 -0.2506829583 870.8799623197 321.6898809935
-1.9964769104 -0.9789673083 -0.0633441457 799.8043717576 390.3869098407
-2.0871240887 -1.0260110717 0.1519259638 737.5941191363 482.8474661534
-1.8855696832 -0.5597975338 -0.3500282611 738.5994265631 128.5476116268
-2.0366653240 -0.5797354377 -0.1590398876 659.2537899492 221.8184569370
-1.9221818306 -0.9124272166 0.0901865197 738.6225589238 450.4441589971
-2.0876470204 -0.8959227815 0.3128667921 638.9997199999 517.0336659388
-2.1452367339 -0.9267502190 0.5820317656 566.8010064138 626.4288629921
-2.1952372272 -0.7046575153 0.5517900690 480.7704512164 549.9959533631
-2.0899565708 -0.6540210319 -0.0673717668 654.6634769396 283.2147828836
-1.8622674728 -0.4048797174 -0.1332856099 592.8291349741 181.3290315471
-1.8483290310 -0.4352708366 0.3157310814 448.8645371739 424.4601592590
-1.9499979981 -0.3936762340 0.4339978451 383.1841528046 453.7632142266
-2.0153473087 -0.6477465008 0.7552951249 400.8387598996 663.0807598432
-1.9508663012 -0.4204201028 -0.3158605866 652.3835151102 93.8679553844
-1.9282228052 -0.3422863927 -0.1986349192 577.6712305807 123.1533721759
-1.8307278366 -0.3649187074 -0.1020312630 565.0887277013 183.7803757765
-2.1653125976 -0.3185303887 0.2228715646 411.3678982580 304.0141441544
-1.9953435832 -0.1856712384 0.4673006755 264.1360139490 397.1544268495
-1.9613071819 -0.2579350469 0.9130657844 148.5092546028 647.3510331169
-1.9042070367 -0.3653525365 0.8507424860 224.2536475072 662.1659551001
-2.0390392157 0.0266576880 0.1803748992 251.4548109836 175.5514471472
-2.1040212686 -0.1858632528 0.2189118048 350.1212912796 264.9007480189
-2.1494438675 -0.1759117361 0.4480410634 271.8410134564 364.7707860140
-2.0283383872 -0.1246051895 0.8113888460 116.4231896506 542.5248661712
-1.9675215332 0.3735704689 0.1902147838 36.1060051591 42.9041862794
-2.0887152358 0.0614816292 0.3387705058 181.0511144811 240.1342648392
-2.0769750567 0.0640115888 0.5667352894 100.4041067976 353.8614870298
-1.7169756673 -2.0306084985 -0.3442061790 1328.8801543157 592.5642143063

gimbalangles:
2.5653795104 2.6306699070

end: