T_CW:
0.5954760807 0.4715807396 0.6503997566 -0.0256798493
0.5098756273 0.4037904011 -0.7595920989 -0.0857957581
-0.6208341824 0.7839419098 0.0000000000 -0.0400000000
0.0000000000 0.0000000000 0.0000000000 1.0000000000

T_CW_cov:
0.0000007259 -0.0000003571 -0.0000001160 0.0000009020 0.0000017391 0.0000000781
-0.0000003571 0.0000007489 0.0000000343 -0.0000019248 -0.0000008585 -0.0000002641
-0.0000001160 0.0000000343 0.0000000896 -0.0000000762 -0.0000002766 -0.0000000030
0.0000009020 -0.0000019248 -0.0000000762 0.0000050010 0.0000021687 0.0000006843
0.0000017391 -0.0000008585 -0.0000002766 0.0000021687 0.0000042177 0.0000001960
0.0000000781 -0.0000002641 -0.0000000030 0.0000006843 0.0000001960 0.0000004456

target_points_pix:
-2.1695389388 1.1810225265 -0.6431337417 84.4069964578 228.1829345553
-1.9948059239 1.0655745301 -0.1236212339 241.7361066598 15.2857219016
-2.0399436914 1.3696646788 -1.0918728226 40.9646575208 474.7877689036
-1.9984313436 1.4414017589 -1.0534970561 89.5385917365 483.7515647466
-1.8286879200 1.4165005558 -0.8183910290 179.7652261147 438.3105039685
-2.0290123060 1.2616487263 -0.4540971774 203.0102951085 206.1608061511
-2.0326420221 1.4386671003 -0.3715805411 297.0784632381 217.9781841399
-1.9996192975 1.1557197899 -0.0691214088 297.6426090018 22.5645741310
-1.8508449086 1.2533294366 0.1209409021 435.5527829671 3.5482105751
-2.0866935364 1.6184103766 -1.2425579830 94.0606691099 551.1108842685
-2.0193434510 1.3647482125 -1.0727880773 47.2947715465 472.7330835059
-1.9009715403 1.5663851847 -0.7367942106 252.8049881811 413.4122534080
-2.1088004373 1.4267765867 -0.4272348695 261.7195903438 219.3624917955
-2.1735839590 1.4343336267 -0.3174998151 286.7320020561 167.5743267510
-2.1721225624 1.4984821487 -0.1178589294 368.5535274587 112.4255273938
-2.1801184842 1.6380492749 -1.2162635370 97.7404857853 518.7927656077
-1.9639243003 1.5608595716 -1.1649375478 109.6611013057 552.1248478283
-2.0007657291 1.7629935701 -0.6819514061 319.1767562717 402.0175529041
-1.8246755636 1.8365637605 -0.4718921123 436.0810857248 384.9328519395
-2.1978652673 1.5512577920 -0.0820733873 390.4582477026 108.9647965973
-1.8147805824 1.7005286935 -0.0912446736 513.8962037131 223.5064455218
-1.8687607905 1.6395216927 0.3740385226 628.3509517435 25.8759546903
-1.8980237103 1.9209957642 0.3535455110 677.8090513601 105.2396410622
-2.1470381419 2.1145932488 -1.6135478239 163.1917883793 698.5109014515
-1.9105360566 1.9809712425 -1.4134013561 201.7504502923 695.0768353161
-1.9677202375 1.9539953751 -0.8044858142 349.3622423633 479.5287429715
-1.9339633712 2.1588428389 -0.7672586114 422.1849660927 502.3678533484
-1.8537363930 2.1767514966 -0.4751485786 518.6381547181 432.7941045774
-2.0009461426 1.8884255044 -0.3091342856 460.7902733433 299.1961323512
-2.0839185599 2.1121327543 -0.1787392208 533.7962642934 282.4531399702
-1.8007556983 1.9812678047 0.0551784552 630.6146012279 237.4601925552
-2.0021261078 2.0086463683 0.6719158105 755.5590653884 7.5792492619
-1.8671153541 2.1795732671 0.7269835846 834.3959096770 53.1438086952
-1.8550348308 1.9371888628 -1.2800201119 231.5801987960 664.5975793299
-1.6410654609 2.1004963161 -1.1101007541 366.9954190092 686.1781506094
-1.7817101151 1.8511826209 -0.8074481766 350.6376556088 515.5320450585
-1.9389521875 2.1841326748 -0.6648628523 454.2332180182 472.8581567996
-1.8042215426 1.8813328659 -0.2818446438 508.4815880696 331.8446239730
-1.7767929336 2.0072491973 -0.1782002063 576.1945817002 326.1768207772
-1.7534698406 2.0793769081 0.4493600074 773.6816009751 136.5163973710
-1.8353667562 2.1089405381 0.3759185790 736.7903126345 153.2263733305
-1.7604356880 2.0656598370 0.6575958443 827.7670061066 62.7984431140
-1.3492337722 2.1057609491 -0.8169929086 514.8039659221 677.3919093073
-1.4983317879 2.0936842145 -0.5888533520 544.4728133568 550.1073150925
-1.6571184784 1.8321234448 -0.0621704696 596.9303878533 277.3575355989
-1.4726534281 2.0034281786 -0.0936720132 677.5627771335 367.2100038611
-1.5475518711 1.9219229687 0.2115461638 732.2351944679 221.6829499033
-1.4598821192 2.0390700871 0.4072914279 841.2001727770 196.6149460450
-1.3996928611 1.9829751266 -0.7729069412 481.5733326789 633.3721386292
-1.1860357705 2.0705200626 -0.6054671996 612.8116405188 650.1817294074
-1.4194715783 2.0828748510 -0.3704728398 626.2818620677 493.8280572243
-1.2776452368 1.8694489727 0.0047508315 737.2547675041 353.8496995217
-1.0730605838 2.0018530190 0.3056842560 937.0914991042 316.1679650305
-1.2085726006 2.0127526755 0.3547681015 904.9979642339 265.3609313018
-1.4250652760 2.0144635608 0.6554444686 924.9809710743 106.8679965194
-1.1448503223 1.9295688788 -0.5001948033 622.0509529581 607.4746702649
-1.0393066434 1.9475716529 -0.2178789547 757.6820529609 530.2799566037
-0.9593756649 2.0777024999 -0.1501370496 836.5324330744 548.2051800122
-0.8521590024 1.9558607454 0.3663922634 1043.6724349385 341.1586963351
-1.1747783765 1.9710647288 0.4070187887 928.0420618800 242.8458862515
-0.9249999966 1.8887475075 0.8621447902 1186.6942071406 85.3727667975
-0.9069592067 2.1009950598 1.1466473560 1307.6003842719 38.8323503105
-0.8567020351 2.0724969975 -0.4066799077 782.6758642459 689.2079094227
-0.7284212964 2.1001550914 -0.2330155620 898.3514293186 667.6835155525
-0.6547912955 2.0870834084 0.0211341981 1020.9365281621 583.2456823090
-0.8817151466 2.0931652498 0.1051209762 956.7262520425 471.2712779871
-0.8630691661 1.9261983014 0.5737511127 1112.4503533721 239.0792460028
-0.7731890428 2.0682027516 0.6651492623 1201.4652151190 260.9738852033
-0.8565034793 2.1796840996 1.0994869736 1318.1012318332 92.5433716026
-0.6412038263 2.0387083890 -0.1132956810 968.7241700905 642.0906044359
-0.3102710352 1.9260298101 0.1150357669 1220.6939297342 658.5570845921
-0.6231705820 2.1520952738 0.5384759296 1234.4905066711 378.3504087774
-0.4974786646 2.1872748934 0.6050544679 1326.3161606091 395.2571111523
-0.6114223086 2.1682011349 0.8039420480 1338.6390020764 269.8418314377
-0.3254142569 2.0063571584 0.0721937411 1199.0244999106 683.9223696970
-0.2945068937 2.1581701266 0.2369112271 1294.5358878674 634.8253580801
-0.3564413644 1.8880841855 0.3603360344 1300.3847063868 500.9596614690

gimbalangles:
-0.5658777243 -2.3612430261

end: