T_CW:
0.6153661242 0.6374283595 0.4636912978 0.0016306755
-0.3220552349 -0.3336016267 0.8859968286 -0.0326939211
0.7194476762 -0.6945466444 -0.0000000000 -0.0400000000
0.0000000000 0.0000000000 0.0000000000 1.0000000000

T_CW_cov:
0.0000005854 0.0000002082 -0.0000000363 -0.0000005119 0.0000014049 -0.0000000426
0.0000002082 0.0000011404 -0.0000000072 -0.0000028939 0.0000004634 -0.0000000589
-0.0000000363 -0.0000000072 0.0000000990 0.0000000218 -0.0000000917 0.0000000032
-0.0000005119 -0.0000028939 0.0000000218 0.0000074050 -0.0000011366 0.0000001632
0.0000014049 0.0000004634 -0.0000000917 -0.0000011366 0.0000034316 -0.0000000993
-0.0000000426 -0.0000000589 0.0000000032 0.0000001632 -0.0000000993 0.0000004657

target_points_pix:
0.7253359792 -2.1817755865 -0.2257816326 89.0321184449 497.4807464437
1.1100875946 -1.8342238030 -0.8506871293 192.6341441397 41.9558454411
1.1317356309 -2.0884930166 -0.7438131423 184.1952792052 158.3438297755
1.1412416106 -1.8295073638 -0.6345165439 264.6641746226 146.5838245343
0.9861579955 -1.8556052624 -0.1516633468 309.7637228460 425.9979587369
0.9744884137 -2.0744573202 -0.0279052589 287.3042066847 523.4422819745
1.0497963986 -2.1500163623 0.1130776453 339.4063863572 581.1636580978
1.1645815082 -1.9323382726 0.3340032188 494.6874019513 635.8989904636
1.1606328789 -2.0272679930 -0.9586497824 157.5821493253 40.5345206556
1.0563890159 -2.0877781419 -0.8747438649 116.2761022384 104.5233680359
1.4392129643 -1.8700391144 -0.5937131543 396.6962802757 144.0689841765
1.0957124707 -1.9729375961 -0.3804741473 276.9957614211 310.7962849642
1.1414929988 -1.8889137699 0.0034042731 413.6941564923 475.7614832168
1.0945837433 -2.0389881176 0.3006338205 430.0548350628 647.8092745656
1.4393964913 -1.9257707133 0.4658256223 625.5491314112 625.2914078149
1.5652340844 -2.0355103116 -0.8807376614 347.0771421806 49.0956546841
1.4552108980 -2.1534895360 -0.3988016236 383.9846501439 282.9261583418
1.4738540436 -2.1896147329 -0.4198177334 378.9803064372 278.1233505630
1.6178416807 -2.1438940522 -0.1704101383 489.5454721991 351.0938236974
1.4202388581 -1.9292284751 0.1519875394 546.2903098199 490.9821121835
1.4540855342 -1.8634546581 0.3616523237 624.8126261680 569.7494468924
1.6515776837 -1.9582625309 0.6261781571 714.0873577531 645.1610939421
1.6820347564 -1.9920003807 -0.9201346647 390.6124192603 15.5663971024
1.5500197577 -1.8331921533 -0.5554902840 456.6056727242 141.6677716776
1.5846467715 -1.9336166739 -0.6639477059 421.9902748551 114.4528690237
1.9321190477 -2.1599753080 -0.0702477115 598.2255814846 347.8538555561
1.6246449477 -1.8284173664 -0.1805362603 567.7720509882 294.9771749587
1.8287333310 -2.1096127800 0.4298580792 678.7565396315 543.2753462941
1.8189521181 -1.8687795054 0.3772446023 733.2860751817 500.5273701216
1.7038480056 -1.8301909512 0.6306533232 768.7987810608 625.1697642316
1.9274821332 -1.8498540672 -0.8353092798 521.4995438645 2.3245267034
2.0374027157 -2.1244149509 -0.3365820874 585.5269849441 234.5608593515
2.1491235341 -1.9917465812 -0.1360297587 682.9919966077 273.4263386259
2.1669461480 -2.0348379959 0.1746042754 733.0238272311 387.4354062380
1.9176417327 -2.0436961438 0.4066997927 714.5706688093 512.0058835021
2.0354595881 -2.0156551074 0.4343671524 755.9054913756 498.8139353437
1.9655835433 -1.8632290172 0.7976405260 855.9515677911 635.7284533069
1.9957364715 -1.7797589391 -0.6344362442 599.7719713525 61.0160397013
1.9042748829 -1.9042753353 -0.4328866630 582.0605425236 173.0823356801
1.8846077334 -1.9057062088 -0.2031318719 622.1592862309 265.2126697461
2.0334372040 -1.7098496250 -0.1674277110 724.0273372562 227.7529801469
2.1236293352 -1.8015306133 0.1567353075 784.0997027099 356.3665057947
1.9732330312 -1.8708953160 0.5405975112 803.9993646765 535.7139315307
2.0004682479 -1.7322488842 0.9316387829 934.0752713458 671.4939894299
2.0700970581 -1.7877601958 0.8939736929 921.6504443696 644.7326169047
2.0804284908 -1.4342990342 -0.5591014867 737.4760470600 3.8696679470
2.1734113672 -1.5304661388 -0.3488565010 776.2546701293 106.6170570564
2.0360158626 -1.6413631920 -0.1266119045 753.4769627289 231.2995555436
2.1760079290 -1.5067753085 0.2146109058 901.0293924123 327.9343484709
2.1510524493 -1.3680571994 0.4953890559 1006.2316247380 426.9693356657
1.9485776196 -1.5771893034 0.8674528474 966.0939347171 647.1815640461
1.9779646776 -1.3399022997 1.0300613741 1105.0107576321 693.3958906480
1.9298402056 -1.3764245007 -0.3359090599 764.4401425957 96.7809833101
1.8800404546 -1.1561776933 -0.0820716904 895.1427186278 166.8312275081
1.9377411544 -1.1464049791 -0.1445223815 898.6623755074 127.7789139933
2.1125434404 -1.0593333462 0.0697296499 1028.8615672220 189.1954000582
2.1461434616 -1.1768735850 0.4029253150 1062.8208321792 359.1807096469
2.1834451726 -1.1209511672 0.9264794814 1214.5163706451 577.5725686689
1.8952865478 -1.3855401085 0.9591116109 1053.3657764427 687.0482196307
1.8489564548 -0.8233021713 0.0499289788 1081.0154925475 152.1447377213
2.0506481451 -0.8915399122 0.1756457601 1121.8840953737 209.6497956077
1.8428706516 -0.8046241369 0.6397838225 1259.9222142574 478.0691981951
1.8148677571 -0.9831299822 0.5822357699 1136.3417625430 481.8378363240
2.0214771080 -0.9221998483 1.1038450642 1340.0338071310 686.2924503923
2.0602891066 -0.7588317401 0.4321516523 1262.9721288696 310.2459043849
1.9534167216 -0.7549891326 0.5780075232 1289.5953871412 408.9226634471
2.1753306282 -0.8351037718 0.6105572110 1282.9493667713 393.6826152600
1.9060279588 -0.5343612355 0.2312919742 1322.9022417087 165.2686088757

gimbalangles:
-2.6735064716 0.6839028459

end: