T_CW:
-0.3186255566 0.1307176007 -0.9388240855 -0.0512767813
-0.8685711339 0.3563353041 0.3443970622 -0.0208916064
0.3795549237 0.9251692061 -0.0000000000 -0.0400000000
0.0000000000 0.0000000000 0.0000000000 1.0000000000

T_CW_cov:
0.0000014146 0.0000000619 -0.0000001758 -0.0000001537 0.0000032001 0.0000001680
0.0000000619 0.0000007186 -0.0000000576 -0.0000017426 0.0000001326 -0.0000002494
-0.0000001758 -0.0000000576 0.0000001299 0.0000001422 -0.0000003918 -0.0000000021
-0.0000001537 -0.0000017426 0.0000001422 0.0000042967 -0.0000003296 0.0000005909
0.0000032001 0.0000001326 -0.0000003918 -0.0000003296 0.0000073079 0.0000003864
0.0000001680 -0.0000002494 -0.0000000021 0.0000005909 0.0000003864 0.0000006259

target_points_pix:
0.1684447460 2.0863360526 -0.6863863826 1164.5946631178 548.8529710889
0.1853169703 1.9556145586 -0.2926013520 949.0014657946 608.8131373180
0.0772792683 2.0876626451 -0.8678561815 1292.1242329571 562.3578115540
0.0606416587 1.9370533156 -0.6051155074 1172.8071892571 614.0562667898
0.1622540602 1.9938421750 -0.2072898762 903.4817679689 644.3553532513
0.3584381887 2.0127258478 0.3252687757 565.0076509435 641.7047697395
0.4263787641 2.0360262969 -0.9802595292 1260.0683307514 343.9891574098
0.4966650149 2.0206560720 -0.6076416902 1043.0015016633 380.1001772039
0.4776390888 2.1635637503 -0.5185001840 990.4344265760 431.6320202664
0.6165630709 1.8861184111 -0.3081537565 857.3317708156 352.1763260926
0.5187396521 1.9175698469 -0.0342267122 725.8230910425 467.2770638826
0.4658259500 2.1446281117 0.1786821967 639.3732479020 566.2491392833
0.3919355060 2.1616707571 0.6632135215 406.7668248492 697.2657880920
0.6224160129 2.1468195859 1.0820508387 172.3748011711 651.6950551238
0.6768563379 2.1689097534 1.0870847263 171.8861671797 626.5012742658
0.8853459750 2.1074644930 -1.3019009516 1283.4924744246 92.5759677852
0.6604095905 2.0829714722 -0.9379156950 1166.5430379659 250.3250559272
0.6471853462 2.0880566141 -0.6773740498 1037.3204772541 306.7897428104
0.6892817683 2.0844330099 -0.6493308926 1013.7157078890 291.7284329393
0.6149241260 2.1417820874 -0.0629871951 734.9557408533 446.4783370867
0.8744611877 1.9175934359 -0.1030143606 696.1124445896 271.5842546333
0.5774336625 2.1372701750 0.2631028182 578.5330004383 524.5306098299
0.8440934580 2.1902962990 0.6325766983 374.8376274117 469.4710910603
0.8537553440 2.0649362087 0.8229180708 256.2857800052 482.0402328109
0.5751346934 1.9643899407 1.0068573744 159.6890210549 651.2912814189
0.8192282989 1.9702689997 -1.0886141990 1218.5906400722 119.9212890665
1.0736411964 2.0509470802 -0.7346862221 973.5298685990 100.9475799538
0.9700709065 2.0495125061 -0.3789924060 822.6573446040 208.0030464845
1.1070298076 2.0352606546 -0.4010910561 807.7912696394 142.4201060241
0.9446028517 1.9229887471 0.1001881458 579.6719578750 278.8527874872
0.8794509136 1.9301087444 0.2419634107 517.3404923808 338.7772625982
1.1616785174 2.1777586275 0.6995493964 310.4416703832 340.0001889532
0.8423272991 2.1471504388 0.7368052803 317.5831722037 482.8292152805
1.0297355581 2.0532547183 1.0164436037 146.3509948627 431.7363156520
0.8969412305 2.0226041723 1.0853074672 113.5988128617 503.0325082257
1.2937655825 2.1835571116 -0.3637297557 762.5781776262 114.0399599200
1.3538238077 1.9785164330 -0.2940629520 712.5903183975 45.9481038005
1.2837850472 1.9308362974 0.0489517471 555.9887815665 121.3286246654
1.2067308529 1.8145079988 0.3760143933 384.9620462886 183.6075077409
1.4475675925 2.0053292625 0.6828083204 255.2433037033 184.6287141892
1.2925356877 2.1221237359 0.7482674025 265.4866602224 283.7245314423
1.4208025720 2.1743944872 1.1375060109 101.5516816219 305.0678319396
1.3172141628 1.9516388669 -0.3603113483 748.7631607248 40.4405862604
1.5338095482 1.8798228867 0.1823071187 452.6573524592 29.3597895937
1.6517568517 2.0532827983 0.1027735693 499.4453347454 23.5397513431
1.3824741782 1.8443921632 0.4398958625 339.5948228372 126.8651443446
1.6861608307 2.1883567292 0.9182671607 179.5690296174 173.6939358608
1.5076132224 2.1773265826 0.9582797617 172.1154354523 243.6633056374
1.6697997709 2.1160420786 0.7808222228 220.6109645776 141.8760747404
1.9144294661 1.8857273882 1.0243400758 42.0532682331 31.7705036659
2.0657604714 2.1119241864 1.0402043210 90.8538860037 43.1021157465

gimbalangles:
1.9892414619 -1.2693492063

end: