T_CW:
0.8022039585 0.4428968728 0.4003887723 0.0003385705
-0.3505157224 -0.1935197597 0.9163453666 -0.0305174144
0.4833296363 -0.8754384402 -0.0000000000 -0.0400000000
0.0000000000 0.0000000000 0.0000000000 1.0000000000

T_CW_cov:
0.0000008075 0.0000001781 0.0000002304 -0.0000004273 0.0000018426 0.0000000839
0.0000001781 0.0000008455 0.0000000509 -0.0000021035 0.0000003977 0.0000005503
0.0000002304 0.0000000509 0.0000001578 -0.0000001190 0.0000005183 0.0000000242
-0.0000004273 -0.0000021035 -0.0000001190 0.0000052978 -0.0000009537 -0.0000013698
0.0000018426 0.0000003977 0.0000005183 -0.0000009537 0.0000042675 0.0000001856
0.0000000839 0.0000005503 0.0000000242 -0.0000013698 0.0000001856 0.0000007929

target_points_pix:
-0.0635647412 -2.0690742069 -0.0068415662 53.0071849259 602.0380823564
0.1530304316 -1.8975286955 -0.1486459519 163.4291571520 446.4875912954
0.2140233409 -2.0485084606 -0.7707041703 46.2853313579 86.5837414209
0.3132888607 -1.9172675775 -0.3784857863 208.1261578120 270.7104123454
0.1798051282 -2.1376171259 -0.2101951836 159.0858894960 423.1147942558
0.1105084575 -1.8324156555 -0.0292469899 168.6506963174 531.3130388432
0.2272400275 -2.1411056604 0.1748769749 277.9517223523 623.3121526958
0.4405851561 -2.0683433711 0.4238748486 460.2636174138 699.9173780660
0.3227284739 -1.9644121863 -0.7667976864 116.2934385528 51.2822319384
0.4815465084 -1.8793705061 -0.5230342546 278.6033790538 146.8980303808
0.3990427333 -1.9565363562 -0.4157579215 249.5962005812 238.5116374412
0.4486312133 -1.8539060129 -0.1883259814 345.2132120685 345.2637370938
0.5574486502 -2.0322558777 -0.7031584427 268.4528453768 69.9570639557
0.6760474197 -1.9397994560 -0.6523280362 353.2381662157 58.9279642825
0.7253359792 -2.1817755865 -0.2257816326 441.3887228178 309.9579570467
0.5521447994 -2.0609144530 0.1825896689 462.8907561489 542.3263809694
0.7303731863 -2.0822931857 0.3409704371 579.4243232958 580.1884511464
0.9861579955 -1.8556052624 -0.1516633468 635.5989550944 258.1412863691
0.9744884137 -2.0744573202 -0.0279052589 610.8070052106 348.4359916243
1.0497963986 -2.1500163623 0.1130776453 654.8694025630 406.6231685055
1.1645815082 -1.9323382726 0.3340032188 796.7069775508 473.5343482876
1.0957124707 -1.9729375961 -0.3804741473 610.3900069863 145.6950441790
1.1414929988 -1.8889137699 0.0034042731 729.2876225140 313.0816925149
1.0945837433 -2.0389881176 0.3006338205 734.7868609883 477.6711369165
1.4393964913 -1.9257707133 0.4658256223 926.4560218246 478.1619045826
1.1115116241 -1.8679214198 0.5875554318 848.1630826085 608.6042064739
1.4552108980 -2.1534895360 -0.3988016236 710.9903833102 122.3179893482
1.4738540436 -2.1896147329 -0.4198177334 706.4108052098 117.3608963526
1.6178416807 -2.1438940522 -0.1704101383 809.6415919704 195.3320045327
1.4202388581 -1.9292284751 0.1519875394 856.8689817968 338.5748141843
1.4540855342 -1.8634546581 0.3616523237 930.2919867762 423.6146047180
1.6515776837 -1.9582625309 0.6261781571 1016.1810943653 508.2820132598
1.6616671678 -2.1318986800 1.0588197434 1041.9716035702 687.2433482748
1.9321190477 -2.1599753080 -0.0702477115 920.2338282541 197.8238406714
1.6246449477 -1.8284173664 -0.1805362603 893.3518164990 141.4235106105
1.8287333310 -2.1096127800 0.4298580792 988.0134621808 403.0010452733
1.8189521181 -1.8687795054 0.3772446023 1050.5531051223 364.7684240534
1.7038480056 -1.8301909512 0.6306533232 1076.6957983451 495.0429498238
1.8578249553 -1.8757907193 0.9352734524 1162.3237008601 597.0261112469
1.6532761396 -1.9108613919 1.0592729038 1113.9869444355 695.8782077971
2.0374027157 -2.1244149509 -0.3365820874 916.0805381033 78.9102346217
2.1491235341 -1.9917465812 -0.1360297587 1017.3577601114 123.4241546857
2.1669461480 -2.0348379959 0.1746042754 1061.1496629800 247.2606434835
1.9176417327 -2.0436961438 0.4066997927 1028.9973040959 374.8566760217
2.0354595881 -2.0156551074 0.4343671524 1075.1167510456 365.2455645499
1.9655835433 -1.8632290172 0.7976405260 1171.5204886763 516.7967174498
2.0273682765 -2.1577992668 0.9862121687 1119.8636440244 585.2153074133
2.1049719466 -1.9664742607 1.0985364536 1222.3551272301 613.0788958911
1.9042748829 -1.9042753353 -0.4328866630 917.6967391012 13.2940060243
1.8846077334 -1.9057062088 -0.2031318719 952.6345449979 112.3716319051
2.0334372040 -1.7098496250 -0.1674277110 1067.6866731906 75.2220051603
2.1236293352 -1.8015306133 0.1567353075 1121.7351105104 217.3649580650
1.9732330312 -1.8708953160 0.5405975112 1124.5653182037 408.0317758779
2.0004682479 -1.7322488842 0.9316387829 1256.4164640612 563.9544423779
2.0700970581 -1.7877601958 0.8939736929 1245.3474348785 534.7157889690
2.0360158626 -1.6413631920 -0.1266119045 1100.6718790424 79.9197601085
2.1760079290 -1.5067753085 0.2146109058 1261.8149028740 193.1429668074
1.9485776196 -1.5771893034 0.8674528474 1297.1980871079 543.1530906525
1.8800404546 -1.1561776933 -0.0820716904 1276.3954032175 10.1525029559

gimbalangles:
-2.6742607024 1.0290249028

end: