T_CW:
0.8880865859 0.4299655471 0.1625787325 -0.0448565495
0.1463308393 0.0708458166 -0.9866955740 -0.0828524419
-0.4357631253 0.9000613860 -0.0000000000 -0.0400000000
0.0000000000 0.0000000000 0.0000000000 1.0000000000

T_CW_cov:
0.0000010552 -0.0000001759 -0.0000002906 0.0000004008 0.0000023864 0.0000000174
-0.0000001759 0.0000008883 0.0000000272 -0.0000021613 -0.0000004094 -0.0000004888
-0.0000002906 0.0000000272 0.0000001723 -0.0000000483 -0.0000006568 0.0000000081
0.0000004008 -0.0000021613 -0.0000000483 0.0000053201 0.0000009351 0.0000012003
0.0000023864 -0.0000004094 -0.0000006568 0.0000009351 0.0000054547 0.0000000519
0.0000000174 -0.0000004888 0.0000000081 0.0000012003 0.0000000519 0.0000006951

target_points_pix:
-1.9009715403 1.5663851847 -0.7367942106 76.0815832206 596.7553008052
-2.1038104307 1.5453454380 0.3154965260 84.7213094755 42.8707011064
-2.0007657291 1.7629935701 -0.6819514061 132.9998107707 548.1301478004
-1.8246755636 1.8365637605 -0.4718921123 234.5590104630 464.6675643145
-2.1978652673 1.5512577920 -0.0820733873 25.5642121778 238.8298433634
-1.8147805824 1.7005286935 -0.0912446736 215.3458297614 275.8644766874
-1.8687607905 1.6395216927 0.3740385226 209.8661926294 31.4170471233
-1.8980237103 1.9209957642 0.3535455110 301.2264219408 81.0567429246
-1.9677202375 1.9539953751 -0.8044858142 206.9126127386 598.7102149150
-1.9339633712 2.1588428389 -0.7672586114 287.4736190613 576.2402536291
-1.8537363930 2.1767514966 -0.4751485786 337.0856116804 460.9175065161
-2.0009461426 1.8884255044 -0.3091342856 207.9365097784 375.0555685912
-2.0839185599 2.1121327543 -0.1787392208 266.5197215899 320.2351639740
-1.8007556983 1.9812678047 0.0551784552 331.6180167020 226.3649056733
-1.7817101151 1.8511826209 -0.8074481766 229.4558664933 628.0392187798
-1.9389521875 2.1841326748 -0.6648628523 300.3444398568 532.4064601909
-1.8042215426 1.8813328659 -0.2818446438 271.9126467882 376.9211056448
-1.7767929336 2.0072491973 -0.1782002063 331.0056714893 334.9018470689
-1.7534698406 2.0793769081 0.4493600074 406.1725639059 61.0949536462
-1.8353667562 2.1089405381 0.3759185790 381.7491932473 95.2537659939
-1.3492337722 2.1057609491 -0.8169929086 466.2203757531 667.4397319747
-1.4983317879 2.0936842145 -0.5888533520 424.6536213406 545.3023943080
-1.6571184784 1.8321234448 -0.0621704696 323.5014123319 279.2749377754
-1.4726534281 2.0034281786 -0.0936720132 444.8923053925 315.3917053266
-1.5475518711 1.9219229687 0.2115461638 415.6543216093 158.1722878668
-1.4598821192 2.0390700871 0.4072914279 498.5216417289 80.7907133967
-1.3996928611 1.9829751266 -0.7729069412 414.0783297419 649.9636801446
-1.1860357705 2.0705200626 -0.6054671996 536.5022678216 588.9012705737
-1.4194715783 2.0828748510 -0.3704728398 466.7431927508 451.9945123428
-1.2776452368 1.8694489727 0.0047508315 490.8047963122 271.1426264707
-1.0730605838 2.0018530190 0.3056842560 641.4377090141 137.2444200745
-1.2085726006 2.0127526755 0.3547681015 589.0231550810 109.2945411278
-0.9983895204 2.0661635568 -0.7131763571 605.7687948513 666.9294019730
-1.1448503223 1.9295688788 -0.5001948033 522.9300070349 547.7870513848
-1.0393066434 1.9475716529 -0.2178789547 598.4595424837 409.9805382454
-0.9593756649 2.0777024999 -0.1501370496 672.1048117754 383.8809990178
-0.8521590024 1.9558607454 0.3663922634 740.8912224948 106.1268581975
-1.1747783765 1.9710647288 0.4070187887 597.3163418388 78.0043308038
-0.8567020351 2.0724969975 -0.4066799077 696.5425988721 526.6196944692
-0.7284212964 2.1001550914 -0.2330155620 778.3286104284 448.3028600081
-0.6547912955 2.0870834084 0.0211341981 835.0412615674 318.0457501956
-0.8817151466 2.0931652498 0.1051209762 732.4182488954 258.8332357894
-0.6486645931 2.0381515495 -0.4048343834 791.3576243749 551.8876964477
-0.3777328962 2.0709319294 -0.2918463810 954.0588457236 520.3045019507
-0.6412038263 2.0387083890 -0.1132956810 821.5796465014 391.1973848171
-0.3102710352 1.9260298101 0.1150357669 1017.8800072743 279.0300485400
-0.6231705820 2.1520952738 0.5384759296 906.6990449942 48.4763032926
-0.4974786646 2.1872748934 0.6050544679 983.0080662043 20.7686931282
-0.3761262826 1.9359798530 -0.5684987763 908.8905607763 695.9142209425
-0.1470818764 2.0278346330 -0.3590369503 1083.3183890091 594.2832283877
-0.1320941456 1.8887090879 -0.2943923727 1089.7059291494 564.8687711788
-0.3254142569 2.0063571584 0.0721937411 1012.6571051206 309.8342549843
-0.2945068937 2.1581701266 0.2369112271 1060.7700494637 227.2697537377
-0.3564413644 1.8880841855 0.3603360344 1009.5494421124 116.5482259703
-0.1733428557 2.0220748053 -0.3567373217 1066.2226655235 589.3904696585
0.1853169703 1.9556145586 -0.2926013520 1326.4333338597 609.5314845977
0.1459432429 2.0821321832 0.0768023636 1331.5340932947 352.5149720216
-0.1806544141 2.1115250387 0.4424313824 1146.5908446665 107.3945415401
0.1622540602 1.9938421750 -0.2072898762 1316.5744258424 544.1056138238
0.1326497219 2.1934063378 0.1317613825 1322.7898671894 322.1345380812
0.0874333717 2.0552167764 0.3189859915 1315.6752506524 188.2486784878

gimbalangles:
-0.2577343622 -2.0181473355

end: