T_CW:
-0.3374764386 -0.3035261052 -0.8910564274 -0.0476538419
-0.6625148452 -0.5958654519 0.4538925458 -0.0185620951
-0.6687179774 0.7435161509 0.0000000000 -0.0400000000
0.0000000000 0.0000000000 0.0000000000 1.0000000000

T_CW_cov:
0.0000010510 -0.0000004425 0.0000000278 0.0000011803 0.0000026451 -0.0000001378
-0.0000004425 0.0000006240 -0.0000000136 -0.0000016884 -0.0000011028 0.0000001256
0.0000000278 -0.0000000136 0.0000000723 0.0000000399 0.0000000630 -0.0000000043
0.0000011803 -0.0000016884 0.0000000399 0.0000046270 0.0000029408 -0.0000003302
0.0000026451 -0.0000011028 0.0000000630 0.0000029408 0.0000067142 -0.0000003416
-0.0000001378 0.0000001256 -0.0000000043 -0.0000003302 -0.0000003416 0.0000004516

target_points_pix:
-2.1409529270 1.1389351377 -0.8455270628 1242.7999954503 521.6652466069
-2.0448295142 0.8634092785 -0.7908746612 1319.6085814505 619.2424695904
-2.1695389388 1.1810225265 -0.6431337417 1138.3452366659 561.6631663958
-1.9948059239 1.0655745301 -0.1236212339 913.6587410270 688.0127353310
-2.0399436914 1.3696646788 -1.0918728226 1275.1151429005 356.4530053850
-1.9984313436 1.4414017589 -1.0534970561 1234.8660871947 330.3813617647
-1.8286879200 1.4165005558 -0.8183910290 1133.8154792378 334.3737747325
-2.0290123060 1.2616487263 -0.4540971774 1022.5433394398 536.5310054841
-2.0326420221 1.4386671003 -0.3715805411 942.9528959967 493.9369612116
-1.9996192975 1.1557197899 -0.0691214088 866.6465886371 663.0403296884
-1.8508449086 1.2533294366 0.1209409021 734.4400878364 628.5090045895
-2.0866935364 1.6184103766 -1.2425579830 1259.0894202920 270.9047175862
-2.0193434510 1.3647482125 -1.0727880773 1268.4245052162 355.5142763602
-1.9009715403 1.5663851847 -0.7367942106 1058.8520031853 333.1236499525
-2.1088004373 1.4267765867 -0.4272348695 975.8742070051 506.8345074008
-2.1735839590 1.4343336267 -0.3174998151 933.8210236321 545.1365943033
-2.1721225624 1.4984821487 -0.1178589294 839.1305243669 565.1732029882
-2.1038104307 1.5453454380 0.3154965260 646.5231517124 623.0005862216
-1.8756328916 1.4181544575 0.6779339873 460.1470537939 698.0142503091
-2.1801184842 1.6380492749 -1.2162635370 1243.2644157557 300.6442681662
-1.9639243003 1.5608595716 -1.1649375478 1244.4563827873 261.4071612421
-2.0007657291 1.7629935701 -0.6819514061 995.3609985063 322.5635707004
-1.8246755636 1.8365637605 -0.4718921123 881.3055033812 292.1862274848
-2.1978652673 1.5512577920 -0.0820733873 818.3293127691 561.2295183054
-1.8147805824 1.7005286935 -0.0912446736 747.6497047493 408.2246486575
-1.8687607905 1.6395216927 0.3740385226 569.4033491301 544.1321444790
-1.8980237103 1.9209957642 0.3535455110 554.6451004460 458.0998879442
-1.8992891162 1.6958315500 0.5927369583 479.7607013144 579.0786977657
-2.1280136359 1.9030231084 1.1200182238 317.0995908483 663.7509677886
-2.1470381419 2.1145932488 -1.6135478239 1257.9805229382 114.3986804033
-1.9564693180 1.9434128026 -1.6015795891 1301.7043197919 84.5749403709
-1.9105360566 1.9809712425 -1.4134013561 1219.9069926720 98.3485738010
-1.9677202375 1.9539953751 -0.8044858142 998.7755286731 241.6854409958
-1.9339633712 2.1588428389 -0.7672586114 941.5876789370 194.3560811914
-1.8537363930 2.1767514966 -0.4751485786 825.4976371868 220.8151554094
-2.0009461426 1.8884255044 -0.3091342856 826.8019444944 364.3871185954
-2.0839185599 2.1121327543 -0.1787392208 754.7145540246 355.4079389236
-1.8007556983 1.9812678047 0.0551784552 646.9681659346 354.8540696158
-2.0021261078 2.0086463683 0.6719158105 448.3479182848 519.6864450159
-1.8671153541 2.1795732671 0.7269835846 392.1570676870 448.9935501843
-1.9047003350 1.8680613442 1.0806603821 279.4841643919 620.7806262827
-1.9973255520 2.0750879804 1.4269123231 174.6623864857 638.1098494242
-1.8124172708 1.9439885406 1.3066086394 168.1908370917 619.0019412802
-1.7577251011 1.9604673058 -1.4822890344 1251.1067862500 32.9838298169
-1.8550348308 1.9371888628 -1.2800201119 1179.8133675988 113.8881309963
-1.6410654609 2.1004963161 -1.1101007541 1063.8192522444 39.8066129995
-1.7817101151 1.8511826209 -0.8074481766 1010.4682512053 204.0813092230
-1.9389521875 2.1841326748 -0.6648628523 900.7035411494 209.6536176693
-1.8042215426 1.8813328659 -0.2818446438 794.5831195020 313.6133064686
-1.7767929336 2.0072491973 -0.1782002063 730.5790199763 294.1721041411
-1.7534698406 2.0793769081 0.4493600074 477.7131418303 393.3922534276
-1.8353667562 2.1089405381 0.3759185790 518.4536164410 393.5229949250
-1.7604356880 2.0656598370 0.6575958443 400.8116681153 440.0835561688
-1.7705647096 1.9172214653 0.8435902795 337.5414726353 524.8818257642
-1.5673731990 2.1856570907 1.4301868938 56.8998107275 506.9010348759
-1.7142549144 1.9451759251 1.5629844682 40.2079324512 647.7541203616
-1.4983317879 2.0936842145 -0.5888533520 845.1996209658 95.6167767735
-1.6571184784 1.8321234448 -0.0621704696 691.5242477895 326.9842245195
-1.4726534281 2.0034281786 -0.0936720132 650.8794378839 212.6418710582
-1.5475518711 1.9219229687 0.2115461638 545.6239147282 326.0214606214
-1.4598821192 2.0390700871 0.4072914279 435.4237814888 307.6603015087
-1.6794329719 2.0021970623 0.8621467882 305.3712353945 478.3304288475
-1.4209454531 1.8676090554 1.0841520386 140.2729371685 498.2683919637
-1.3899147558 2.1238306384 1.3530480406 27.8859962590 463.2988294556
-1.3996928611 1.9829751266 -0.7729069412 935.0864996342 38.9188314158
-1.4194715783 2.0828748510 -0.3704728398 747.0175651271 114.8888854896
-1.2776452368 1.8694489727 0.0047508315 588.4064387939 196.2307913951
-1.0730605838 2.0018530190 0.3056842560 387.2482094212 151.8111324498
-1.2085726006 2.0127526755 0.3547681015 399.5449577988 214.5983292278
-1.4250652760 2.0144635608 0.6554444686 324.4723738832 357.2160031495
-1.3457046956 1.9663000365 1.0873481235 117.1610689743 443.1987807691
-1.1448503223 1.9295688788 -0.5001948033 792.5197238285 2.0674586824
-1.0393066434 1.9475716529 -0.2178789547 635.3463401497 19.3500282037
-0.8521590024 1.9558607454 0.3663922634 294.1848399945 80.4751395247
-1.1747783765 1.9710647288 0.4070187887 369.2251183080 225.1981048033
-0.9249999966 1.8887475075 0.8621447902 67.3982505843 264.0705837308
-0.8630691661 1.9261983014 0.5737511127 191.9691389347 148.9453603166
-0.7731890428 2.0682027516 0.6651492623 116.2693903554 94.3662027385

gimbalangles:
2.2088910581 -2.2038495055

end: