T_CW:
0.5397116323 0.1114570041 -0.8344391471 -0.0440111726
0.8171955002 0.1687607914 0.5511000905 -0.0167782143
0.2022445759 -0.9793350456 -0.0000000000 -0.0400000000
0.0000000000 0.0000000000 0.0000000000 1.0000000000

T_CW_cov:
0.0000016695 0.0000002009 0.0000001394 -0.0000004290 0.0000035018 -0.0000002139
0.0000002009 0.0000010094 0.0000000391 -0.0000022823 0.0000004095 0.0000003373
0.0000001394 0.0000000391 0.0000001179 -0.0000000792 0.0000002786 -0.0000000095
-0.0000004290 -0.0000022823 -0.0000000792 0.0000052240 -0.0000008737 -0.0000007527
0.0000035018 0.0000004095 0.0000002786 -0.0000008737 0.0000074070 -0.0000004454
-0.0000002139 0.0000003373 -0.0000000095 -0.0000007527 -0.0000004454 0.0000006002

target_points_pix:
-0.4325781601 -2.0189382781 0.6542944798 40.9529993997 126.2710719020
-0.1742632593 -2.0133338748 -0.0902612282 512.9085485703 9.0120645795
-0.0635647412 -2.0690742069 -0.0068415662 510.1900251648 97.2573749349
-0.0944812710 -2.1207718532 0.3757183913 320.4953753745 205.0492573989
-0.2052529308 -1.8765071645 0.6709729072 86.6407919553 259.0947700240
-0.0640343529 -1.8636812979 0.6053195840 176.3731081772 313.2546859426
-0.1169270298 -2.1924969758 -0.1057671843 541.5711729643 43.7719036011
0.1530304316 -1.8975286955 -0.1486459519 656.0901198237 161.0046648470
0.1031985642 -2.0237017061 0.3770378668 377.9061402832 307.0683747546
-0.0867096381 -2.0599473734 0.6438311679 186.4836920861 298.3735302936
-0.0082648627 -1.8464519956 0.7489576395 118.7845942738 396.8585513015
0.3132888607 -1.9172675775 -0.3784857863 823.9935911644 166.4773256733
0.1798051282 -2.1376171259 -0.2101951836 681.0692872875 152.9705183237
0.1105084575 -1.8324156555 -0.0292469899 580.3172696276 181.1355906201
0.2272400275 -2.1411056604 0.1748769749 519.4282444318 293.2005455670
0.4405851561 -2.0683433711 0.4238748486 470.7150750030 474.2054832889
0.3856048613 -2.0644488885 0.8375832259 262.3567176892 578.0081805420
0.6278400558 -2.0763393604 -0.9710114291 1161.1172599815 131.6426487051
0.3227284739 -1.9644121863 -0.7667976864 1012.2249501495 42.2260577945
0.4815465084 -1.8793705061 -0.5230342546 955.1072983597 205.5954553404
0.3990427333 -1.9565363562 -0.4157579215 863.0127591862 197.1961511189
0.4486312133 -1.8539060129 -0.1883259814 777.9740529789 304.6797319152
0.3632319295 -1.8211024113 0.3728792086 458.0116446304 460.5568040275
0.5355660298 -2.0704793787 0.5698046772 434.5307142679 560.2331326102
0.5223772533 -1.8132336699 0.6615021006 366.1041057432 641.8277420094
0.3575435516 -1.9920009830 0.8771665099 223.2558500901 593.2319299543
0.7702598618 -2.1020624400 -1.1419530733 1263.9239498233 146.4831523678
0.8716978941 -1.8258617162 -0.9924107934 1315.1830763854 249.1060388474
0.5574486502 -2.0322558777 -0.7031584427 1030.9693680176 181.0599002608
0.6760474197 -1.9397994560 -0.6523280362 1060.7957958448 257.7862791392
0.7253359792 -2.1817755865 -0.2257816326 836.4437506247 389.7955954813
0.5521447994 -2.0609144530 0.1825896689 616.0563940047 450.8850309180
0.7303731863 -2.0822931857 0.3409704371 597.5978293023 572.3614995768
0.7727616955 -2.0767370502 0.6693295810 464.7771505446 688.4829378896
0.6476928819 -2.1574243192 0.5713258643 472.5934337844 590.8687447118
1.1100875946 -1.8342238030 -0.8506871293 1302.5186989882 411.7850539007
1.1317356309 -2.0884930166 -0.7438131423 1178.3089244355 422.1697375798
1.1412416106 -1.8295073638 -0.6345165439 1207.3523457658 497.4343723544
0.9861579955 -1.8556052624 -0.1516633468 923.7804636355 577.7966444560
0.9744884137 -2.0744573202 -0.0279052589 830.3648951336 566.9874851401
1.0497963986 -2.1500163623 0.1130776453 781.6462686144 622.9124880346
1.1606328789 -2.0272679930 -0.9586497824 1296.8958571614 378.6191877833
1.0563890159 -2.0877781419 -0.8747438649 1217.5791988115 352.3644401214
1.4392129643 -1.8700391144 -0.5937131543 1249.3636771220 634.7517369427
1.0957124707 -1.9729375961 -0.3804741473 1037.4732617313 531.6723791733
1.1414929988 -1.8889137699 0.0034042731 888.5409318233 688.3079324987
1.4552108980 -2.1534895360 -0.3988016236 1092.3568905886 636.6955307561
1.4738540436 -2.1896147329 -0.4198177334 1097.0371518956 630.7844682497
1.5500197577 -1.8331921533 -0.5554902840 1270.4866835017 702.5696833138
1.5846467715 -1.9336166739 -0.6639477059 1294.0843108220 659.4425665915

gimbalangles:
2.3106638725 1.3267301173

end: