T_CW:
0.6440666740 0.6600792112 0.3866180989 0.0000433411
-0.2700033161 -0.2767160344 0.9222399068 -0.0300651648
0.7157348174 -0.6983721581 -0.0000000000 -0.0400000000
0.0000000000 0.0000000000 0.0000000000 1.0000000000

T_CW_cov:
0.0000006141 0.0000001817 -0.0000000527 -0.0000004531 0.0000014737 -0.0000000454
0.0000001817 0.0000013242 0.0000000079 -0.0000033414 0.0000004165 -0.0000000869
-0.0000000527 0.0000000079 0.0000001226 -0.0000000157 -0.0000001359 0.0000000032
-0.0000004531 -0.0000033414 -0.0000000157 0.0000084986 -0.0000010382 0.0000002449
0.0000014737 0.0000004165 -0.0000001359 -0.0000010382 0.0000036008 -0.0000001075
-0.0000000454 -0.0000000869 0.0000000032 0.0000002449 -0.0000001075 0.0000005567

target_points_pix:
0.7253359792 -2.1817755865 -0.2257816326 83.2862494633 443.9338867751
1.1317356309 -2.0884930166 -0.7438131423 205.8982912834 114.7078424288
1.1412416106 -1.8295073638 -0.6345165439 286.6541684239 109.9876872363
0.9861579955 -1.8556052624 -0.1516633468 308.2499901553 392.0334659968
0.9744884137 -2.0744573202 -0.0279052589 278.0421026150 486.8834832061
1.0497963986 -2.1500163623 0.1130776453 325.1192451436 548.7283146782
1.1645815082 -1.9323382726 0.3340032188 474.8160344634 616.7172182225
1.0563890159 -2.0877781419 -0.8747438649 142.8135097789 55.3402275165
1.4392129643 -1.8700391144 -0.5937131543 418.4058553040 118.6450735017
1.0957124707 -1.9729375961 -0.3804741473 285.4050949167 274.4898031467
1.1414929988 -1.8889137699 0.0034042731 407.5647577588 450.4515622534
1.0945837433 -2.0389881176 0.3006338205 409.6060074438 622.8967361064
1.4393964913 -1.9257707133 0.4658256223 606.0534041228 617.4966282893
1.5652340844 -2.0355103116 -0.8807376614 377.0907126839 19.6539292312
1.4552108980 -2.1534895360 -0.3988016236 394.4054063623 255.7687273747
1.4738540436 -2.1896147329 -0.4198177334 389.8560893201 250.5397676441
1.6178416807 -2.1438940522 -0.1704101383 493.8216187443 332.6967779012
1.4202388581 -1.9292284751 0.1519875394 538.3934712123 476.9801484499
1.4540855342 -1.8634546581 0.3616523237 609.9372031306 562.1959849648
1.6515776837 -1.9582625309 0.6261781571 692.6694933728 644.9190074610
1.5500197577 -1.8331921533 -0.5554902840 478.2713416548 121.3531725070
1.5846467715 -1.9336166739 -0.6639477059 446.1613360747 91.2218840826
1.9321190477 -2.1599753080 -0.0702477115 602.4234896165 338.7690383413
1.6246449477 -1.8284173664 -0.1805362603 576.2026704860 283.6449252900
1.8287333310 -2.1096127800 0.4298580792 666.1921278874 540.3653357546
1.8189521181 -1.8687795054 0.3772446023 723.9745471367 502.6185091036
1.7038480056 -1.8301909512 0.6306533232 748.8005228574 629.8306170094
2.0374027157 -2.1244149509 -0.3365820874 599.2763951471 224.7772962142
2.1491235341 -1.9917465812 -0.1360297587 693.1222782380 271.9033198092
2.1669461480 -2.0348379959 0.1746042754 733.4426216674 389.8247957367
1.9176417327 -2.0436961438 0.4066997927 704.4961666794 512.3481472152
2.0354595881 -2.0156551074 0.4343671524 746.8269421841 502.7840177738
1.9655835433 -1.8632290172 0.7976405260 834.9151618541 647.8700209380
1.9957364715 -1.7797589391 -0.6344362442 627.8099895991 53.0414900921
1.9042748829 -1.9042753353 -0.4328866630 600.8072933464 163.2838366594
1.8846077334 -1.9057062088 -0.2031318719 633.0394793189 258.5681148464
2.0334372040 -1.7098496250 -0.1674277110 737.6822319359 229.9972178856
2.1236293352 -1.8015306133 0.1567353075 786.8547574059 363.3447018223
1.9732330312 -1.8708953160 0.5405975112 791.5624918804 543.7622581853
2.0004682479 -1.7322488842 0.9316387829 909.7427213927 690.3306763948
2.0700970581 -1.7877601958 0.8939736929 899.6743972634 662.5688841433
2.0804284908 -1.4342990342 -0.5591014867 769.7841860041 7.8213831147
2.1734113672 -1.5304661388 -0.3488565010 799.9378569406 113.6396477186
2.0360158626 -1.6413631920 -0.1266119045 766.7165825812 236.0836954970
2.1760079290 -1.5067753085 0.2146109058 905.7810438375 345.1619131482
2.1510524493 -1.3680571994 0.4953890559 1002.3318410003 453.0655100091
1.9485776196 -1.5771893034 0.8674528474 943.6252481885 668.9868705921
1.9298402056 -1.3764245007 -0.3359090599 788.7497528348 102.9407223269
1.8800404546 -1.1561776933 -0.0820716904 913.1067337590 184.1524475079
1.9377411544 -1.1464049791 -0.1445223815 919.9565051756 145.4509228453
2.1125434404 -1.0593333462 0.0697296499 1044.8827797758 217.8965792728
2.1461434616 -1.1768735850 0.4029253150 1064.4861765184 390.4201738806
2.1834451726 -1.1209511672 0.9264794814 1197.4673034049 621.4023107897
1.8489564548 -0.8233021713 0.0499289788 1099.7421836694 185.6034982922
2.0506481451 -0.8915399122 0.1756457601 1135.9574054297 246.4093321110
1.8428706516 -0.8046241369 0.6397838225 1250.8309831894 526.4124242210
1.8148677571 -0.9831299822 0.5822357699 1127.1157852640 519.3543374900
2.0602891066 -0.7588317401 0.4321516523 1268.3931287479 359.0782807959
1.9534167216 -0.7549891326 0.5780075232 1286.4866863979 459.9530250872
2.1753306282 -0.8351037718 0.6105572110 1281.4041416234 444.0202761696
2.1067069339 -0.6795458537 -0.1661413448 1187.0991763362 6.8653058800
1.9060279588 -0.5343612355 0.2312919742 1340.3965552972 219.6088279461

gimbalangles:
-2.8267159274 0.7273547344

end: