T_CW:
0.1433190654 0.8940971523 0.4243229050 0.0008399061
-0.0671593894 -0.4189743955 0.9055109454 -0.0313211297
0.9873951903 -0.1582742497 0.0000000000 -0.0400000000
0.0000000000 0.0000000000 0.0000000000 1.0000000000

T_CW_cov:
0.0000017772 -0.0000000212 -0.0000002177 0.0000000735 0.0000037638 -0.0000000157
-0.0000000212 0.0000008957 -0.0000000042 -0.0000020373 -0.0000000587 -0.0000004799
-0.0000002177 -0.0000000042 0.0000001344 0.0000000085 -0.0000004413 0.0000000059
0.0000000735 -0.0000020373 0.0000000085 0.0000047018 0.0000001878 0.0000010601
0.0000037638 -0.0000000587 -0.0000004413 0.0000001878 0.0000080378 -0.0000000290
-0.0000000157 -0.0000004799 0.0000000059 0.0000010601 -0.0000000290 0.0000007296

target_points_pix:
2.0334372040 -1.7098496250 -0.1674277110 22.4521583691 550.6281530171
2.0804284908 -1.4342990342 -0.5591014867 65.7676325072 306.3223640501
2.0202869862 -1.3816786268 -0.6436614308 47.9918513547 254.6457525698
2.1734113672 -1.5304661388 -0.3488565010 101.8778059805 418.9532072357
2.0360158626 -1.6413631920 -0.1266119045 59.6593473170 555.8316955119
2.1760079290 -1.5067753085 0.2146109058 228.1489510745 666.1189548131
2.1829607998 -1.2976571895 -1.1393445659 34.4032425611 13.4250716144
2.1785724693 -1.3671054240 -0.8981220472 54.8658105577 137.5944674621
1.9298402056 -1.3764245007 -0.3359090599 86.9855155020 407.9187616685
1.8800404546 -1.1561776933 -0.0820716904 230.3612313404 492.7156854188
1.9377411544 -1.1464049791 -0.1445223815 237.2057937738 452.3675988812
2.1125434404 -1.0593333462 0.0697296499 369.0382317402 521.5850647226
2.1461434616 -1.1768735850 0.4029253150 397.5817140210 696.0712921745
1.9570759444 -0.8701971078 -0.8886963553 195.0200822804 1.0376813122
2.1950641026 -0.9901943079 -0.7739551749 236.8078732732 109.5880303877
2.0073783830 -0.8101855643 -0.6565373428 291.5696849373 109.4991183927
2.0630315312 -0.9873049000 -0.4166250607 280.9449815719 274.1117685409
1.8489564548 -0.8233021713 0.0499289788 417.9573695716 488.8302396781
2.0506481451 -0.8915399122 0.1756457601 455.9365706615 545.3010784684
2.1242193271 -0.8479907540 -0.5599553179 325.6780587981 173.2689911354
2.1462577662 -0.8847763794 -0.4525485406 338.2526937120 233.7517646344
2.1605735270 -0.8488577758 -0.3398468232 381.5531887936 279.1612139406
2.1765978586 -0.6839881453 -0.1951020741 488.9921136695 310.8957568998
2.0602891066 -0.7588317401 0.4321516523 578.7408552743 643.3260902879
2.0607231527 -0.3568691784 -0.6240690148 525.6747560386 13.6307249734
1.8608577264 -0.6154256622 -0.5318944843 379.0433878146 112.6874496247
1.9673362565 -0.4932213503 -0.4475193608 484.8411285987 133.3108845363
2.1067069339 -0.6795458537 -0.1661413448 485.9331525426 325.5068226804
1.9060279588 -0.5343612355 0.2312919742 623.5293797665 512.1492651685
2.0636815123 -0.3878123219 -0.4885321114 543.0019415377 91.6329846893
2.1849937664 -0.1076724463 -0.3596361117 721.6237117092 95.5874081274
2.0022793552 -0.3407600927 0.0091227653 678.8750763474 337.8312296827
1.8643482217 -0.2351548738 0.1403036800 759.7576406652 390.2942695288
1.9661306703 -0.1937462224 0.4290557110 859.8849702582 531.3117206942
1.9644439287 -0.1031903077 0.6363600281 962.6165941248 623.8393884645
2.0676327225 0.0569281127 -0.3843215573 793.4529852750 28.6833099518
2.0149956616 -0.0249350183 -0.0543509498 830.2969400175 223.6427147801
1.9958726695 0.0686412089 -0.1886466928 847.2929251532 124.3640174435
1.9211683822 0.1359918091 0.3523883176 1029.6313253582 411.0055689698
2.1786073514 0.1163252008 0.3660038469 1001.2077729947 404.9099356460
1.8301410415 0.1063793643 0.6727950514 1109.4567557301 619.4378622701
2.0411823258 0.4248620549 -0.1403165224 1057.0251347673 56.2912179657
1.9438511651 0.1053696058 0.3538797141 1010.0649193420 418.0097436351
2.0492906402 0.1592700833 0.4628330884 1058.6486983768 455.5521445832
1.9615436432 0.1575010996 0.8011155563 1154.9515371328 654.9529077477
2.0594297914 0.3178684312 0.8304379352 1238.2584946154 615.1762041500
2.1946764291 0.4631732279 0.0532115749 1108.3120452348 161.5134706826
2.0632829037 0.5445962566 0.1285032323 1191.5454262643 173.8724565405
1.8979720761 0.3684671733 0.3103802266 1162.4171329686 324.9804052983

gimbalangles:
-2.6339189883 0.1410765652

end: