T_CW:
0.9145427800 -0.4041222308 -0.0172257403 -0.0505138047
-0.0157560142 0.0069623376 -0.9998516259 -0.0796510340
0.4041822010 0.9146784946 -0.0000000000 -0.0400000000
0.0000000000 0.0000000000 0.0000000000 1.0000000000

T_CW_cov:
0.0000009183 0.0000000239 0.0000001911 -0.0000000485 0.0000020517 -0.0000000770
0.0000000239 0.0000009475 -0.0000000329 -0.0000023158 0.0000000955 0.0000007034
0.0000001911 -0.0000000329 0.0000001316 0.0000000946 0.0000004036 -0.0000000459
-0.0000000485 -0.0000023158 0.0000000946 0.0000057261 -0.0000002135 -0.0000016962
0.0000020517 0.0000000955 0.0000004036 -0.0000002135 0.0000046528 -0.0000001292
-0.0000000770 0.0000007034 -0.0000000459 -0.0000016962 -0.0000001292 0.0000009578

target_points_pix:
-0.1470818764 2.0278346330 -0.3590369503 39.6103618926 540.5784059448
-0.1320941456 1.8887090879 -0.2943923727 39.3424586239 508.4905604775
0.1853169703 1.9556145586 -0.2926013520 268.8147827460 488.5764200129
0.1459432429 2.0821321832 0.0768023636 234.7381935241 258.9671051753
0.0606416587 1.9370533156 -0.6051155074 188.8437373092 700.5662366652
0.1622540602 1.9938421750 -0.2072898762 251.0731546426 433.4174271787
0.1326497219 2.1934063378 0.1317613825 223.5044936663 232.0636662304
0.3584381887 2.0127258478 0.3252687757 367.5625944528 109.0044901063
0.0874333717 2.0552167764 0.3189859915 195.0264767708 107.0945909560
0.4966650149 2.0206560720 -0.6076416902 457.3513323456 655.3573694135
0.4776390888 2.1635637503 -0.5185001840 429.2717368683 589.7164956892
0.6165630709 1.8861184111 -0.3081537565 542.0155960360 486.0340215684
0.5187396521 1.9175698469 -0.0342267122 477.4246364325 322.0281172214
0.4658259500 2.1446281117 0.1786821967 417.8608523780 207.9343590405
0.6471853462 2.0880566141 -0.6773740498 530.3965176508 674.7678527933
0.6892817683 2.0844330099 -0.6493308926 552.3942382576 657.2201611266
0.6149241260 2.1417820874 -0.0629871951 499.7689916423 340.2665749627
0.8744611877 1.9175934359 -0.1030143606 673.0668159654 359.4117202465
0.5774336625 2.1372701750 0.2631028182 477.8219059478 163.5851222320
1.0736411964 2.0509470802 -0.7346862221 744.9079748210 680.9825158950
0.9700709065 2.0495125061 -0.3789924060 694.1415633467 502.5992167748
1.1070298076 2.0352606546 -0.4010910561 760.5419898236 509.9126260014
0.9446028517 1.9229887471 0.1001881458 705.2926717089 245.7389973922
0.8794509136 1.9301087444 0.2419634107 669.6768528985 165.8625303485
1.2937655825 2.1835571116 -0.3637297557 805.3200417170 477.5816972735
1.3538238077 1.9785164330 -0.2940629520 881.5642238390 450.5668358407
1.2837850472 1.9308362974 0.0489517471 861.9168825492 276.0076022827
1.2067308529 1.8145079988 0.3760143933 857.6756625338 90.3050964830
1.3012936958 1.8779460917 -0.6268037580 890.6919905864 631.7374218801
1.3172141628 1.9516388669 -0.3603113483 874.0739876186 486.4707765193
1.5338095482 1.8798228867 0.1823071187 981.6127222634 207.6126660518
1.6517568517 2.0532827983 0.1027735693 975.2345779323 255.8323544533
1.3824741782 1.8443921632 0.4398958625 927.1462770497 66.4404184089
1.5526027690 2.0810396741 -0.7090886073 936.0056882828 636.0943492759
1.8629717589 1.9489552160 -0.3377369029 1088.3242001757 459.4798432860
1.7156691905 2.1057429675 -0.3842938436 987.1389679958 478.5052286515
1.6259144061 2.0315266510 -0.0616660815 973.1096365654 332.4395607411
1.8175531116 1.9386485974 0.2399735909 1071.1058882008 187.7532822040
1.9248890548 2.0591581315 0.4394950177 1068.8708674318 107.7162520452
1.8786372721 1.3992617700 0.3556715000 1317.5976506127 80.1241789915
1.9959423886 1.4846583959 -0.4470288691 1326.3930829660 535.5684630737
1.8442668460 1.6413290332 -0.3297220468 1196.7664880034 468.8820989490
2.1265666331 1.5613718496 -0.0476425790 1333.7204346465 317.4086904704
2.1621050722 1.6206868910 0.2900958392 1316.1460587467 148.0510846459
2.0529398181 1.6940371335 0.3906949376 1245.6167608963 100.9240049354
2.0264346805 1.6281954796 -0.7751321253 1273.0200222562 691.9401408517
2.1430706410 1.8094588362 -0.6250814690 1237.4691442008 592.0639383296
1.8403405299 1.6816472661 -0.4285474942 1179.3031344113 518.5127453730
2.1503249450 1.7195661166 0.1719919587 1270.4521868008 212.9609656119
2.0918025611 1.8737719338 0.2909391949 1189.5239872872 165.0187989614
2.0132330313 1.8802037180 -0.8206312277 1168.2102439829 683.3032673811
2.1964470952 2.1330003466 -0.9438032293 1143.3851678845 697.3020130935
1.8490905711 1.9411383311 -0.3451350033 1086.0209791731 463.6158748841
2.1806425045 1.9729155912 -0.1883639695 1186.6820969391 384.9017641516
1.8529430787 1.9351196944 0.1818550971 1085.5313986691 215.5685078200
1.8483799352 1.8597187954 0.2031048715 1109.6981962299 201.1660121638
2.1654789071 1.8911660364 0.5400688451 1205.7719181067 54.3266245371
2.1793564671 2.0487078518 0.6511816064 1154.7669685974 23.0084227366

gimbalangles:
0.0647856869 -1.1478945233

end: