T_CW:
0.2516294343 0.4443546052 -0.8597857946 -0.0660066711
-0.4236666084 -0.7481565462 -0.5106548613 -0.0481239299
-0.8701662098 0.4927583254 0.0000000000 -0.0400000000
0.0000000000 0.0000000000 0.0000000000 1.0000000000

T_CW_cov:
0.0000009014 0.0000001358 0.0000001468 -0.0000003401 0.0000020938 0.0000002236
0.0000001358 0.0000005072 0.0000000016 -0.0000012784 0.0000003150 0.0000003013
0.0000001468 0.0000000016 0.0000001045 -0.0000000039 0.0000003290 0.0000000254
-0.0000003401 -0.0000012784 -0.0000000039 0.0000032813 -0.0000007889 -0.0000007525
0.0000020938 0.0000003150 0.0000003290 -0.0000007889 0.0000049225 0.0000005128
0.0000002236 0.0000003013 0.0000000254 -0.0000007525 0.0000005128 0.0000006081

target_points_pix:
-1.9675215332 0.3735704689 0.1902147838 342.4270930964 602.0558798845
-2.0769750567 0.0640115888 0.5667352894 25.4261713977 663.0244308487
-1.8402832734 0.4158654489 -0.1641496241 554.8988662781 678.3925086510
-1.9344931987 0.4325288222 0.0665921622 428.9172396524 605.4744067282
-1.9133212325 0.3814166405 0.4228418836 219.3704608427 513.2890915046
-2.1177301546 0.5344848835 0.8821806181 68.7772371724 345.1019296653
-1.8701820746 0.5244063918 0.8043567602 71.9291465022 308.8590771418
-2.0155037014 0.8010569651 -0.8696889358 975.7281057654 705.6116509276
-1.9276225520 0.5546474071 -0.3245354469 671.2937859525 662.8020513451
-1.8713581895 0.5522859957 -0.2850187113 657.9857471898 644.9215815612
-1.8224931774 0.7448238787 0.1113938527 512.8517205653 413.3351552902
-2.1551667523 0.8701160953 0.2237557347 476.6894313170 397.6884753334
-1.8270632441 0.8325440399 0.3756327394 406.4387325208 293.6228053274
-1.9080112085 0.6435965993 0.5817299777 237.7424161144 335.1364689280
-1.9848264743 0.8316703432 1.1949187813 22.5067914421 102.9177713217
-2.1409529270 1.1389351377 -0.8455270628 989.5763074352 560.8350055719
-2.0448295142 0.8634092785 -0.7908746612 943.0468031050 656.4046798186
-2.1695389388 1.1810225265 -0.6431337417 906.9189734282 498.0377907727
-1.9948059239 1.0655745301 -0.1236212339 692.4956730279 379.5252222602
-2.1700906082 1.1508405723 -0.0162742313 645.1481600879 355.4450577145
-1.8367116007 0.8470277910 0.1536552899 521.4943523641 356.9654081191
-1.9986951364 1.1030106421 0.5814468094 390.7004718169 178.3353286120
-2.1424050024 0.9973981655 0.7258467959 297.9364287394 216.9441014061
-1.9724816085 0.8915645896 0.8103530575 220.1856747112 184.9845152805
-2.1613012954 1.0039976244 1.1786722693 111.5681799163 104.7070222143
-2.0399436914 1.3696646788 -1.0918728226 1148.6579467451 515.0009689508
-1.9984313436 1.4414017589 -1.0534970561 1153.3481960847 471.1059269188
-1.8286879200 1.4165005558 -0.8183910290 1099.4312247970 390.1946524732
-2.0290123060 1.2616487263 -0.4540971774 869.9151414351 395.8865151685
-2.0326420221 1.4386671003 -0.3715805411 866.3633889791 311.1909999192
-1.9996192975 1.1557197899 -0.0691214088 688.3056894684 330.8978307949
-1.8508449086 1.2533294366 0.1209409021 645.0475101815 205.9916857973
-1.8275087156 1.2445718864 0.4833325022 480.5575759946 102.9374103740
-2.0172029321 1.2486872717 0.8703872773 309.8126248803 60.5083091528
-1.9405160173 1.1789700837 0.9741703808 241.4905317389 30.3573589465
-2.1122188602 1.5154501049 -1.5816655415 1334.9192549244 583.9307440476
-2.0342884793 1.4538768698 -1.5469457062 1343.1892008377 591.1982169392
-2.0866935364 1.6184103766 -1.2425579830 1221.4966520190 463.6783059205
-2.0193434510 1.3647482125 -1.0727880773 1146.1489426448 509.2309721554
-1.9009715403 1.5663851847 -0.7367942106 1065.3236898833 327.4425729903
-2.1088004373 1.4267765867 -0.4272348695 872.7758312671 344.5625529159
-2.1735839590 1.4343336267 -0.3174998151 820.1034849306 329.0088193187
-2.1721225624 1.4984821487 -0.1178589294 755.0871838407 261.3351566442
-2.1038104307 1.5453454380 0.3154965260 605.4897797942 129.7135245309
-1.8756328916 1.4181544575 0.6779339873 441.0639097891 10.2682101831
-1.8274701935 1.3188779672 0.6038785279 447.3428504884 44.9477886518
-2.1801184842 1.6380492749 -1.2162635370 1187.1085729280 464.7566018650
-1.9639243003 1.5608595716 -1.1649375478 1222.2129003807 446.9668304382
-2.0007657291 1.7629935701 -0.6819514061 1045.0508789526 268.4304688982
-1.8246755636 1.8365637605 -0.4718921123 1013.6096248047 151.8593631759
-2.1978652673 1.5512577920 -0.0820733873 747.8188829597 242.1538567658
-1.8147805824 1.7005286935 -0.0912446736 837.3121138621 98.2865977133
-1.8687607905 1.6395216927 0.3740385226 624.6014781876 17.8678428166
-1.9677202375 1.9539953751 -0.8044858142 1123.0273831816 228.4367114003
-1.9339633712 2.1588428389 -0.7672586114 1140.2970137410 150.9767113829
-1.8537363930 2.1767514966 -0.4751485786 1053.7233033609 59.7304429502
-2.0009461426 1.8884255044 -0.3091342856 920.7243416807 144.2127323793
-2.0839185599 2.1121327543 -0.1787392208 891.8537982253 74.7862535454
-1.8550348308 1.9371888628 -1.2800201119 1336.5751220291 319.0664291912
-1.7817101151 1.8511826209 -0.8074481766 1163.0823400977 217.8784862010
-1.9389521875 2.1841326748 -0.6648628523 1104.5064668006 122.5639216288
-1.8042215426 1.8813328659 -0.2818446438 948.2011233271 86.0435668796
-1.7767929336 2.0072491973 -0.1782002063 932.1494875868 15.6915735333
-1.3492337722 2.1057609491 -0.8169929086 1339.6938845525 4.8103853233
-1.4983317879 2.0936842145 -0.5888533520 1185.1196851922 0.5378724599
-1.3996928611 1.9829751266 -0.7729069412 1288.8683610531 51.2070663705

gimbalangles:
1.0810934898 -2.5583101140

end: