T_CW:
-0.0715210479 0.6529137395 0.7540480014 0.0057578263
0.0821082786 -0.7495642861 0.6568193142 -0.0453763806
0.9940538065 0.1088899890 0.0000000000 -0.0400000000
0.0000000000 0.0000000000 0.0000000000 1.0000000000

T_CW_cov:
0.0000022214 -0.0000001459 0.0000000983 0.0000003201 0.0000046504 -0.0000001700
-0.0000001459 0.0000008588 -0.0000000451 -0.0000019584 -0.0000002955 0.0000000519
0.0000000983 -0.0000000451 0.0000001065 0.0000001126 0.0000002056 -0.0000000098
0.0000003201 -0.0000019584 0.0000001126 0.0000045296 0.0000006474 -0.0000001176
0.0000046504 -0.0000002955 0.0000002056 0.0000006474 0.0000097961 -0.0000003433
-0.0000001700 0.0000000519 -0.0000000098 -0.0000001176 -0.0000003433 0.0000004297

target_points_pix:
2.1242193271 -0.8479907540 -0.5599553179 41.8928791449 577.5330466537
2.1462577662 -0.8847763794 -0.4525485406 79.0699795716 633.4192662500
2.1605735270 -0.8488577758 -0.3398468232 144.5502634933 658.9637361041
2.1765978586 -0.6839881453 -0.1951020741 272.2590729729 639.3074257694
2.0607231527 -0.3568691784 -0.6240690148 196.1341755211 335.1129316865
1.8608577264 -0.6154256622 -0.5318944843 78.5509131563 491.5621849168
1.9673362565 -0.4932213503 -0.4475193608 199.2300861272 465.6825160976
2.1067069339 -0.6795458537 -0.1661413448 275.0369506612 655.3120825916
2.0798042420 -0.2424843764 -1.1012332417 42.4331951244 104.7989348725
2.0456334554 -0.2221397445 -0.8773607603 137.4587272973 176.6886377641
2.0972347930 -0.3532201075 -0.7509675666 150.8722221103 287.1700512626
2.0636815123 -0.3878123219 -0.4885321114 243.2405788335 401.5247415822
2.1849937664 -0.1076724463 -0.3596361117 420.4159882507 334.5644185150
2.0022793552 -0.3407600927 0.0091227653 475.1331838907 577.6755625817
1.8643482217 -0.2351548738 0.1403036800 574.0807256255 591.3314042059
1.9661306703 -0.1937462224 0.4290557110 724.3423061755 680.3516925054
1.8771705378 -0.1265291682 -0.6141926158 260.8142169309 217.9535581261
2.0676327225 0.0569281127 -0.3843215573 462.4294670253 247.9977802643
2.0149956616 -0.0249350183 -0.0543509498 571.8538038739 407.7258735638
1.9958726695 0.0686412089 -0.1886466928 548.4952834570 312.4853183180
1.9211683822 0.1359918091 0.3523883176 822.3766071107 496.1372535665
2.1786073514 0.1163252008 0.3660038469 794.9439508594 502.8065097938
1.8301410415 0.1063793643 0.6727950514 976.4466444168 650.2052710634
2.1709836927 0.2997486605 -0.5802434997 477.7871830770 90.0529340487
2.0977893427 0.1919665322 -0.4032312221 507.0395971111 187.3766454274
2.0411823258 0.4248620549 -0.1403165224 704.1646889421 181.0601401557
1.9438511651 0.1053696058 0.3538797141 808.6231759993 510.4097480238
2.0492906402 0.1592700833 0.4628330884 864.6202047309 524.4365160073
1.9615436432 0.1575010996 0.8011155563 1027.9985445064 662.9457291241
2.0594297914 0.3178684312 0.8304379352 1076.4021030521 592.2353158766
2.1728366635 0.3511639663 -0.4284264483 556.9893858040 123.9854590194
2.1946764291 0.4631732279 0.0532115749 786.8003304223 251.9724105651
2.0632829037 0.5445962566 0.1285032323 859.1023283171 233.7313050365
1.8979720761 0.3684671733 0.3103802266 896.5520322001 370.0012128930
1.9960923880 0.5722306000 0.7822565630 1160.4936216129 464.3631757314
2.0540377542 0.4992234204 1.0039734638 1213.2838971598 577.5227249792
1.8732712174 0.7386851116 0.1801451262 983.0311890655 145.5345552665
2.1830827873 0.8306619622 0.2050011929 969.9092320311 160.0073147250
2.0240914080 0.6092170477 0.6903022229 1126.5245602061 413.4758050328
2.1094725331 0.6303567883 0.5897954870 1071.6264958544 369.6979495032
2.1382943156 0.7007350108 1.1690553675 1320.3142251356 546.6442920263
1.9910756588 0.6830361682 1.0515137670 1315.9256108562 517.5233773803
1.9554318540 0.8479488833 -0.1032449947 883.7107913908 2.0868367378
2.0820885222 0.9153317630 -0.0671913434 904.9675015425 14.5871685686
2.0375524064 1.0028006463 0.4849500921 1170.6459967884 172.5209090227
2.0910844355 0.9079189113 0.8042084707 1254.8898984458 331.7338585580
2.0723865450 1.0737661855 0.0934347427 1025.6728857016 7.9488186601
1.9109174039 1.1165246120 0.6323720196 1311.1412642029 163.1757331726
2.0543776964 1.1066270637 0.8183922915 1336.3134000688 253.0724858363

gimbalangles:
-2.2756286118 -0.0590123106

end: