T_CW:
-0.1161170393 0.0857864165 0.9895238875 0.0025731013
0.7958799807 -0.5879902893 0.1443692352 -0.0654594007
0.5942153562 0.8043059806 -0.0000000000 -0.0400000000
0.0000000000 0.0000000000 0.0000000000 1.0000000000

T_CW_cov:
0.0000009932 0.0000001196 -0.0000000084 -0.0000003080 0.0000025306 -0.0000002973
0.0000001196 0.0000004098 0.0000000147 -0.0000011217 0.0000002918 0.0000000035
-0.0000000084 0.0000000147 0.0000000658 -0.0000000306 -0.0000000274 0.0000000050
-0.0000003080 -0.0000011217 -0.0000000306 0.0000031290 -0.0000007494 0.0000000008
0.0000025306 0.0000002918 -0.0000000274 -0.0000007494 0.0000065032 -0.0000007492
-0.0000002973 0.0000000035 0.0000000050 0.0000000008 -0.0000007492 0.0000004935

target_points_pix:
0.8744611877 1.9175934359 -0.1030143606 665.9133376726 50.9219958066
0.8440934580 2.1902962990 0.6325766983 1058.7932558650 36.0164320564
0.8537553440 2.0649362087 0.8229180708 1170.8944006420 81.8587715688
1.1110084514 1.9235336780 -1.2463510526 58.5460592111 82.5916008754
1.0736411964 2.0509470802 -0.7346862221 343.5388030860 75.3668677045
0.9700709065 2.0495125061 -0.3789924060 524.1225701143 51.1234864640
1.1070298076 2.0352606546 -0.4010910561 509.2394533084 119.3853084752
0.9446028517 1.9229887471 0.1001881458 773.8637196977 103.6589094808
0.8794509136 1.9301087444 0.2419634107 859.3308258825 79.1796352096
1.1616785174 2.1777586275 0.6995493964 1044.5310413025 190.3959019077
0.8423272991 2.1471504388 0.7368052803 1117.3409614189 51.7413886150
1.0297355581 2.0532547183 1.0164436037 1238.1081205982 185.0029043652
0.8969412305 2.0226041723 1.0853074672 1308.8407556273 134.2859038197
1.2164093231 2.0740255218 -1.1797555361 138.8173651266 105.4069644775
1.3344161846 2.0063298798 -1.0812565365 179.5244635425 179.5390875746
1.3342262769 1.8362976900 -0.8582992898 253.4017989670 238.1115511190
1.2937655825 2.1835571116 -0.3637297557 538.5035112822 171.7710671588
1.3538238077 1.9785164330 -0.2940629520 551.9543002329 250.5354134028
1.2837850472 1.9308362974 0.0489517471 720.5385214242 258.2832812365
1.2067308529 1.8145079988 0.3760143933 896.5914540430 282.0813728733
1.4475675925 2.0053292625 0.6828083204 1009.1756452817 349.2282694273
1.2925356877 2.1221237359 0.7482674025 1052.9606634501 261.5667847648
1.4208025720 2.1743944872 1.1375060109 1204.9592003056 323.6314941679
1.4005377943 1.9938989209 1.2676893864 1294.2953258212 374.9788024244
1.3882493757 1.8446951888 -1.0503425138 163.0372715070 245.2437352947
1.4025173724 2.1661699239 -1.0708342093 220.2424146348 173.0621704362
1.4991204295 2.1421111058 -0.9414363821 277.7032836103 225.1759079774
1.3012936958 1.8779460917 -0.6268037580 376.0877645928 229.8165007721
1.3172141628 1.9516388669 -0.3603113483 517.9133128919 237.1951289933
1.5338095482 1.8798228867 0.1823071187 766.5187049313 383.8078247958
1.6517568517 2.0532827983 0.1027735693 725.6592677198 371.9738746170
1.3824741782 1.8443921632 0.4398958625 907.6799903283 353.5352872168
1.6861608307 2.1883567292 0.9182671607 1068.3700363781 398.7090244658
1.5076132224 2.1773265826 0.9582797617 1111.5426102236 342.8235790038
1.5624885151 2.0575456184 1.4011593048 1312.5993373046 424.0053352394
1.8907629288 2.1738643441 -1.5539227425 55.5758660605 319.9421540860
1.7631702608 2.0808056352 -1.2812136364 136.7142316546 315.3870276085
1.8403879572 1.8908816600 -0.9234629898 258.8681795848 415.7210736056
1.5526027690 2.0810396741 -0.7090886073 372.2998067673 275.3743945429
1.8629717589 1.9489552160 -0.3377369029 520.6413344580 444.7999418377
1.7156691905 2.1057429675 -0.3842938436 516.2942530425 349.2083962091
1.6259144061 2.0315266510 -0.0616660815 653.6349093069 357.9371920071
1.8175531116 1.9386485974 0.2399735909 772.7682367207 470.2232399230
1.9248890548 2.0591581315 0.4394950177 849.1478873537 481.3402726723
1.6697997709 2.1160420786 0.7808222228 1017.2312352597 404.3587930553
1.9144294661 1.8857273882 1.0243400758 1106.9764171442 567.9574263894
1.6978781971 2.1856867385 1.4345623163 1282.4800297106 434.7405461222
1.7630507516 1.8737736220 1.4937019654 1343.1415531191 554.8399322897
1.8786372721 1.3992617700 0.3556715000 820.3855643596 694.5482256765
1.9202230750 1.6161276385 -1.1194604044 121.7739401065 515.2560676782
1.9959423886 1.4846583959 -0.4470288691 420.5118334638 637.0917870224
1.8442668460 1.6413290332 -0.3297220468 494.9588969495 537.2575847265
2.1265666331 1.5613718496 -0.0476425790 613.8191183400 675.8616653466
2.1621050722 1.6206868910 0.2900958392 766.6665246830 686.4558927195
2.0529398181 1.6940371335 0.3906949376 820.3641887909 634.5456864071
1.9360361756 1.5830980542 0.7712923458 1012.9206910920 666.8354909859
1.8327977077 1.5817081382 1.3363174112 1303.9646667049 674.6157848857
1.9394779084 1.6219278332 1.3698894550 1291.0086246916 693.3892832613
2.0565221317 1.8238578311 -1.3085013062 95.2019479962 481.4047341523
2.0220705762 1.7917713969 -1.0380102918 201.4481799811 497.8412276417
2.0264346805 1.6281954796 -0.7751321253 289.1928159431 570.5603334936
2.1430706410 1.8094588362 -0.6250814690 384.4775797164 556.3991346758
1.8403405299 1.6816472661 -0.4285474942 452.6993686381 514.9308706667
2.1503249450 1.7195661166 0.1719919587 717.5132794412 639.5605586716
2.0918025611 1.8737719338 0.2909391949 774.8090288971 578.4896431126
1.9771846623 1.8336429997 0.6802675694 952.3686233583 582.3177656729
1.8828069298 1.6701568415 0.7669332967 1012.2358388531 616.5938149428
1.8621534244 1.5897216240 1.1868119541 1224.1659037935 670.2086848249
2.0916889411 1.6903513042 1.1147404128 1138.5529673100 694.2958059201
1.9193735868 1.8956623311 1.3001632644 1224.7986489069 583.5296032512
2.0985304997 1.9546498073 -1.3409694483 112.0025457766 455.0781296686
2.0132330313 1.8802037180 -0.8206312277 308.4290259030 482.4461750692
2.1964470952 2.1330003466 -0.9438032293 301.3889792287 460.1455322341
1.8490905711 1.9411383311 -0.3451350033 516.9320180604 441.9999352421
2.1806425045 1.9729155912 -0.1883639695 578.4286828567 544.2238606025
1.8529430787 1.9351196944 0.1818550971 744.9705175782 479.0811781096
1.8483799352 1.8597187954 0.2031048715 753.2245130334 502.3320798341
2.1654789071 1.8911660364 0.5400688451 872.4508508336 609.1442871271
2.1793564671 2.0487078518 0.6511816064 912.0986761874 570.6813238844
2.0657604714 2.1119241864 1.0402043210 1074.3853710614 543.0172814285
2.0242875941 1.8931095134 1.1312505166 1135.8631883606 604.6985852081
2.0786566366 2.0356975105 1.6106889704 1307.1779433508 602.4834582870

gimbalangles:
-1.9447150971 -1.0703494753

end: