T_CW:
-0.4517430695 0.1193214755 0.8841326737 -0.0128207384
-0.8548161244 0.2257874622 -0.4672359311 -0.0816997314
-0.2553773534 -0.9668414593 -0.0000000000 -0.0400000000
0.0000000000 0.0000000000 0.0000000000 1.0000000000

T_CW_cov:
0.0000024284 0.0000000651 0.0000001269 -0.0000001495 0.0000052377 -0.0000004643
0.0000000651 0.0000014102 0.0000000101 -0.0000033005 0.0000001525 0.0000001539
0.0000001269 0.0000000101 0.0000001348 -0.0000000039 0.0000002687 -0.0000000238
-0.0000001495 -0.0000033005 -0.0000000039 0.0000078040 -0.0000003514 -0.0000003557
0.0000052377 0.0000001525 0.0000002687 -0.0000003514 0.0000113714 -0.0000009848
-0.0000004643 0.0000001539 -0.0000000238 -0.0000003557 -0.0000009848 0.0000006647

target_points_pix:
-1.3119388669 -2.0378495674 0.0669159930 887.3615146748 628.4822751413
-1.5361605155 -2.1257179523 0.3896727763 1055.2443799316 621.8810248281
-1.6094412696 -1.8973613024 0.6184070836 1225.7162250018 650.4556029674
-1.4521909499 -1.8210311860 0.8016191597 1310.2018571656 554.0631225181
-1.0540651075 -1.9318002681 0.1505068516 887.0956085166 520.4011453087
-1.3064759274 -1.9948704185 0.0836250030 900.2680049295 632.4681295967
-1.0817565838 -1.8792648318 0.4912548355 1070.9402165009 453.7420936630
-1.2632768288 -2.1108735220 0.5969392310 1099.4206723443 468.0475642273
-0.8996479791 -2.0374637846 -0.5070061223 528.5175581632 596.4981820399
-1.0352279963 -1.9014060949 -0.2873643345 672.0698729844 633.2851207959
-0.8524976807 -2.0244151995 0.1476430308 827.1211394840 412.5549074298
-0.9396370708 -1.8606308446 0.3999390077 999.1933740290 413.2052815287
-0.9669781436 -2.0218379039 0.4458862138 993.6107064158 389.5512724686
-1.1842472968 -1.9135240722 0.7839039684 1224.1681047036 419.0560385286
-0.9491580753 -1.9372463096 1.1221806772 1339.2089365654 215.2937595984
-0.7223513166 -2.0494162625 -1.0749999326 213.7795401856 659.6285148525
-0.5659483010 -2.1386425040 -0.8683584697 276.0180233761 519.8825747917
-0.9005062453 -1.9343387993 -0.4449024492 558.4733453594 605.8031631789
-0.9123079585 -2.1284580629 -0.2558047657 645.2365634596 520.9567658165
-0.6883316207 -1.8469608032 -0.1589367572 648.8863164552 445.9276179618
-0.8632153327 -2.1951362328 0.0753490344 777.1605314844 409.9721783421
-0.8519744113 -2.1769645328 0.5888393439 1005.7050628759 284.8557026006
-0.8775675189 -1.8920998899 0.6469472021 1103.8365867604 310.7860375096
-0.5895447936 -2.1814890315 1.0807681265 1178.8743239289 43.3209804780
-0.5530260388 -2.0939750219 -1.1044124804 156.0065747346 582.6450576217
-0.3947811777 -1.9984441214 -1.0106780799 133.5472279349 506.8740532988
-0.5097935959 -2.1148276580 -0.5873151168 389.1179435418 428.6135594944
-0.4729021202 -2.0583920602 -0.5698937838 382.9604727788 416.0200200745
-0.5877027471 -2.1220845631 -0.1952625424 594.4003970234 364.1389499858
-0.6397658702 -1.9962388135 0.1742825485 793.9724041450 308.3875530064
-0.6116385735 -1.9244833139 0.2116265258 814.9655525656 291.9622647856
-0.4325781601 -2.0189382781 0.6542944798 982.7624551502 72.7404918252
-0.5978313398 -1.8136166030 0.7968120605 1146.5740262930 125.4621602180
-0.6591070981 -1.8952607316 0.8360988004 1155.3063889239 145.3921956003
-0.2098812585 -2.0260061083 -0.8694235679 149.1698040964 373.3277853592
-0.2850391173 -1.8672154483 -0.9145653236 118.5637115164 451.6522797438
-0.1300626629 -2.1529462385 -0.6921622961 232.9095473647 271.4991091986
-0.1742632593 -2.0133338748 -0.0902612282 536.9498210357 140.1235801735
-0.0635647412 -2.0690742069 -0.0068415662 548.9113496328 56.4878699431
-0.1709999155 -1.9968155702 -0.8413978501 144.8820417782 350.0228883841
-0.0662106627 -1.9797613538 -0.6179389584 223.6372928373 233.4060909533
-0.1169270298 -2.1924969758 -0.1057671843 515.0738218376 110.1928207332
0.2140233409 -2.0485084606 -0.7707041703 60.9803745211 120.1944358800

gimbalangles:
-0.9179894949 1.7630906341

end: