T_CW:
-0.0496400381 0.2574983841 0.9650028232 0.0041948745
0.1826680509 -0.9475562421 0.2622394921 -0.0614328717
0.9819206942 0.1892927632 0.0000000000 -0.0400000000
0.0000000000 0.0000000000 0.0000000000 1.0000000000

T_CW_cov:
0.0000023517 -0.0000003830 0.0000000834 0.0000008558 0.0000049421 0.0000000469
-0.0000003830 0.0000010491 -0.0000000492 -0.0000023459 -0.0000007987 0.0000001122
0.0000000834 -0.0000000492 0.0000001162 0.0000001154 0.0000001688 -0.0000000030
0.0000008558 -0.0000023459 0.0000001154 0.0000053086 0.0000017842 -0.0000002379
0.0000049421 -0.0000007987 0.0000001688 0.0000017842 0.0000104463 0.0000000979
0.0000000469 0.0000001122 -0.0000000030 -0.0000002379 0.0000000979 0.0000004708

target_points_pix:
2.0607231527 -0.3568691784 -0.6240690148 214.9600737799 642.1617574255
2.0456334554 -0.2221397445 -0.8773607603 94.5313986995 521.7442978928
2.0972347930 -0.3532201075 -0.7509675666 152.2325717451 618.4532583389
2.0636815123 -0.3878123219 -0.4885321114 287.1073124317 682.5459351917
2.1849937664 -0.1076724463 -0.3596361117 423.3895224363 539.0036817692
1.8643482217 -0.2351548738 0.1403036800 677.8435761639 705.4187074696
1.9644439287 -0.1031903077 0.6363600281 990.3977291705 696.4656213964
1.8771705378 -0.1265291682 -0.6141926158 227.9432518194 502.8560138906
2.0676327225 0.0569281127 -0.3843215573 426.0693111699 440.3066221980
2.0149956616 -0.0249350183 -0.0543509498 594.6974487218 536.7648760065
1.9958726695 0.0686412089 -0.1886466928 532.5586615375 460.1068438420
1.9211683822 0.1359918091 0.3523883176 860.7929997275 504.0726837140
2.1786073514 0.1163252008 0.3660038469 837.7522712341 523.6031405884
1.8301410415 0.1063793643 0.6727950514 1068.3351770027 574.8676142428
1.9352554255 0.0193964355 0.9455744271 1195.6226333116 671.8755553979
1.8114395741 0.4329723722 -0.5928847570 342.7447168813 156.8267070554
2.1709836927 0.2997486605 -0.5802434997 373.7368196494 291.5606419701
2.0977893427 0.1919665322 -0.4032312221 441.2867045237 365.7020627061
2.0411823258 0.4248620549 -0.1403165224 617.2140666807 273.4800899838
1.9438511651 0.1053696058 0.3538797141 854.6554394726 523.3917074510
2.0492906402 0.1592700833 0.4628330884 910.4982755823 511.4541420557
1.9615436432 0.1575010996 0.8011155563 1119.0546689085 563.8516425195
2.0594297914 0.3178684312 0.8304379352 1128.8903146808 478.2956740502
1.9858728767 0.3186794377 -1.0625362128 85.9580249659 181.4781720873
1.9992997518 0.4851987211 -1.0367096055 136.8088248453 99.4831625778
1.8991071867 0.6234767567 -0.5807390885 397.5202573409 71.9436848824
2.1354501132 0.6857830925 -0.5689497110 437.8171004686 95.6827162249
2.1728366635 0.3511639663 -0.4284264483 459.8479627273 287.2671311100
2.1946764291 0.4631732279 0.0532115749 720.7583821775 301.1995455042
2.0632829037 0.5445962566 0.1285032323 777.8037816739 253.2053905649
1.8979720761 0.3684671733 0.3103802266 871.3375358589 357.2224987835
1.9960923880 0.5722306000 0.7822565630 1144.7730201842 326.6128649338
2.0540377542 0.4992234204 1.0039734638 1241.9071596010 404.5421314579
1.9280159722 0.5892995954 -0.8408584783 249.3309740084 57.2241454170
1.8819986643 0.6403023216 -0.5539885803 413.8554944043 62.6963241729
1.8710597108 0.8099321409 -0.1270716099 685.0075587096 34.9569930075
1.8732712174 0.7386851116 0.1801451262 849.8720501450 122.3579380770
2.1830827873 0.8306619622 0.2050011929 843.0416771567 141.8268953145
2.0240914080 0.6092170477 0.6903022229 1092.1331753973 296.4108674257
2.1094725331 0.6303567883 0.5897954870 1024.2345903679 281.8017494718
2.1382943156 0.7007350108 1.1690553675 1319.9075189951 330.7688354970
1.9910756588 0.6830361682 1.0515137670 1303.5334666405 306.3434889872
1.9554318540 0.8479488833 -0.1032449947 701.1806273016 40.4596596357
2.0820885222 0.9153317630 -0.0671913434 724.4764254393 42.9311048125
2.0375524064 1.0028006463 0.4849500921 1023.5747819264 67.9109793999
1.9247750093 1.1643136331 0.7865250118 1224.7020621173 3.7151127217
2.0910844355 0.9079189113 0.8042084707 1166.3024776293 170.2767828732
1.9109174039 1.1165246120 0.6323720196 1140.5829533293 1.2422634077
2.0543776964 1.1066270637 0.8183922915 1201.1091326102 68.1927333439

gimbalangles:
-1.6421029395 -0.2182096332

end: