T_CW:
0.2821902568 -0.9383815725 0.1995211352 -0.0044164955
-0.0574582024 0.1910686745 0.9798935231 -0.0245936170
-0.9576362639 -0.2879805307 0.0000000000 -0.0400000000
0.0000000000 0.0000000000 0.0000000000 1.0000000000

T_CW_cov:
0.0000017332 0.0000000647 0.0000003998 -0.0000001481 0.0000037538 -0.0000000119
0.0000000647 0.0000006309 0.0000000118 -0.0000014789 0.0000001439 0.0000003600
0.0000003998 0.0000000118 0.0000001983 -0.0000000238 0.0000008566 -0.0000000047
-0.0000001481 -0.0000014789 -0.0000000238 0.0000035304 -0.0000003301 -0.0000008381
0.0000037538 0.0000001439 0.0000008566 -0.0000003301 0.0000081925 -0.0000000229
-0.0000000119 0.0000003600 -0.0000000047 -0.0000008381 -0.0000000229 0.0000006953

target_points_pix:
-2.1751026614 -2.0680547056 -0.2528774066 1241.7048280035 105.8294470142
-2.1512036865 -2.0910517822 0.6218258585 1333.2687082593 482.9858646999
-2.1224839718 -1.9960204719 0.7841597400 1325.0049075081 565.4733316118
-2.0424396500 -1.6700568512 -0.4559551200 1116.9065607684 18.0343691711
-2.0356266141 -1.6670313584 -0.2216670401 1140.2559179129 129.3472947805
-2.0876913757 -1.8532165545 -0.1977258456 1197.5277901132 134.0261795730
-2.1047669438 -1.7534926241 0.2912902951 1199.3947501302 368.0266970144
-1.8466322311 -1.7286678988 0.3992838197 1294.4534180125 420.4836394357
-2.1872221107 -1.7737223126 0.6733064363 1214.3222890875 537.7445952565
-2.0382461791 -1.3326640660 -0.1757110182 1005.4728824297 176.1614379307
-1.9735375390 -1.6542454496 0.0160468711 1178.6644340223 239.8616281482
-1.9694449003 -1.5102548261 0.2682812325 1146.0386577174 378.3100844220
-1.8981907482 -1.3803410260 0.4931111575 1137.9923221878 509.0999943836
-2.1515454672 -1.3696679846 0.5936939434 1063.8427801410 548.6241929367
-1.8791834842 -1.2260730902 -0.3393922451 985.3378568424 78.9063914767
-2.0440471078 -1.0966304069 -0.2533872139 891.2544024378 155.4767628708
-1.9713422318 -1.2553782583 -0.1780519513 989.7175260412 174.0940648057
-2.1413915681 -1.1443759247 0.1206337022 926.9858016289 345.3849940753
-1.9976942520 -1.1816657871 0.4636784555 1015.5868497945 514.2973574539
-2.1349248961 -1.0739685817 -0.3356921987 852.6184442329 126.2531319509
-2.0329931114 -1.0364522726 -0.2506829583 866.2501452237 160.2493696574
-1.9964769104 -0.9789673083 -0.0633441457 867.1082788630 260.2106537986
-2.0871240887 -1.0260110717 0.1519259638 890.4123845043 371.3511076579
-1.9391714603 -1.1528304928 0.6438297627 1038.9309275719 616.0525370083
-1.8855696832 -0.5597975338 -0.3500282611 638.1743538105 124.6669191317
-2.0366653240 -0.5797354377 -0.1590398876 649.4158674586 248.6450590232
-1.9221818306 -0.9124272166 0.0901865197 868.9097627682 346.3610759751
-2.0876470204 -0.8959227815 0.3128667921 846.9831503549 467.8421727316
-2.1452367339 -0.9267502190 0.5820317656 875.9497545120 597.7459385602
-2.1952372272 -0.7046575153 0.5517900690 761.2981303729 607.5197419295
-1.8230665739 -0.3324337885 -0.5518839596 484.7836480933 7.1914052799
-2.0899565708 -0.6540210319 -0.0673717668 689.6430326518 294.6522592702
-1.8622674728 -0.4048797174 -0.1332856099 577.3694938343 267.7389209380
-1.8483290310 -0.4352708366 0.3157310814 652.7262183147 539.7496297133
-1.9499979981 -0.3936762340 0.4339978451 628.2357580271 608.8953121300
-1.9908447012 -0.3801654029 -0.5518766256 501.0266180159 37.4118766395
-1.9508663012 -0.4204201028 -0.3158605866 554.8449863400 165.5440714330
-1.9282228052 -0.3422863927 -0.1986349192 525.5585371229 240.0513202745
-1.8307278366 -0.3649187074 -0.1020312630 560.7648002933 289.3151023908
-2.1653125976 -0.3185303887 0.2228715646 539.6017110262 487.4488053819
-1.9953435832 -0.1856712384 0.4673006755 508.0672513218 656.0498596350
-2.1850709518 0.1766330917 -0.3112378666 201.7668495632 247.2456911807
-2.1302348748 0.1741631005 -0.1246265184 221.0813758486 351.4472262064
-2.0390392157 0.0266576880 0.1803748992 344.8078683148 513.6909915713
-2.1040212686 -0.1858632528 0.2189118048 471.7168930909 504.3415277529
-2.1494438675 -0.1759117361 0.4480410634 489.2527933926 629.8196232022
-2.0454334636 0.3772148178 -0.5915859606 24.0309770656 80.4132560509
-2.1816244200 0.2296391180 -0.0710292623 196.9655763316 389.9955540631
-1.9675215332 0.3735704689 0.1902147838 114.4218247522 576.7112985420
-2.0887152358 0.0614816292 0.3387705058 342.8652611046 608.7822805610
-2.0791652291 0.3295714681 -0.3363269805 92.0322713200 238.5840210717
-1.9344931987 0.4325288222 0.0665921622 50.7602276476 506.4728808951
-1.9063764253 -1.8660205765 0.3738369208 1322.0746124159 393.3441625039

gimbalangles:
-2.9976479695 3.0121408447

end: