T_CW:
-0.3062638297 -0.6143942924 0.7271328077 0.0055439206
0.3243925869 0.6507622989 0.6864968171 -0.0439477516
-0.8949703438 0.4461256368 0.0000000000 -0.0400000000
0.0000000000 0.0000000000 0.0000000000 1.0000000000

T_CW_cov:
0.0000010564 0.0000002000 -0.0000001921 -0.0000005011 0.0000024313 -0.0000003338
0.0000002000 0.0000006548 -0.0000000219 -0.0000016164 0.0000004538 -0.0000004386
-0.0000001921 -0.0000000219 0.0000001286 0.0000000647 -0.0000004271 0.0000000524
-0.0000005011 -0.0000016164 0.0000000647 0.0000040553 -0.0000011360 0.0000010654
0.0000024313 0.0000004538 -0.0000004271 -0.0000011360 0.0000056589 -0.0000007566
-0.0000003338 -0.0000004386 0.0000000524 0.0000010654 -0.0000007566 0.0000008076

target_points_pix:
-1.9675215332 0.3735704689 0.1902147838 1001.8760347045 155.3234143441
-2.0887152358 0.0614816292 0.3387705058 1216.1469644747 63.6129129482
-2.0769750567 0.0640115888 0.5667352894 1318.6229381426 164.5073286707
-1.8402832734 0.4158654489 -0.1641496241 811.3499677517 31.6830186223
-1.9344931987 0.4325288222 0.0665921622 919.1058248476 132.8905574839
-1.9133212325 0.3814166405 0.4228418836 1101.8782774004 266.2311155573
-2.1177301546 0.5344848835 0.8821806181 1218.0471672953 469.9542288701
-1.8701820746 0.5244063918 0.8043567602 1204.5714036564 497.6466110536
-1.9276225520 0.5546474071 -0.3245354469 698.0389447179 25.5932460114
-1.8713581895 0.5522859957 -0.2850187113 706.2380732277 44.0271114272
-1.8224931774 0.7448238787 0.1113938527 798.2688849646 301.5595169881
-2.1551667523 0.8701160953 0.2237557347 834.7623709347 334.5381524227
-1.8270632441 0.8325440399 0.3756327394 877.4988731151 443.1462768355
-1.9080112085 0.6435965993 0.5817299777 1049.9905385372 438.9770742669
-2.0781406045 0.7120699937 1.1639855175 1251.5713643648 642.4299287804
-2.1409529270 1.1389351377 -0.8455270628 372.6107956189 64.0915519003
-2.1695389388 1.1810225265 -0.6431337417 439.3886412342 144.5170052896
-1.9948059239 1.0655745301 -0.1236212339 620.1258322507 303.1551588597
-2.1700906082 1.1508405723 -0.0162742313 663.1940667514 341.5751097452
-1.8367116007 0.8470277910 0.1536552899 778.8596224696 356.4386539181
-1.9986951364 1.1030106421 0.5814468094 872.5837040790 567.3416708930
-2.1424050024 0.9973981655 0.7258467959 972.0589914353 551.4327216371
-1.9724816085 0.8915645896 0.8103530575 1039.1971194844 594.8343716122
-2.1613012954 1.0039976244 1.1786722693 1131.9273262766 702.7445163982
-2.0399436914 1.3696646788 -1.0918728226 207.2917824031 72.6359838588
-1.9984313436 1.4414017589 -1.0534970561 192.5008826296 114.1068374285
-1.8286879200 1.4165005558 -0.8183910290 224.8389286973 201.5492014469
-2.0290123060 1.2616487263 -0.4540971774 451.8214828237 250.3149671161
-2.0326420221 1.4386671003 -0.3715805411 437.2907398826 335.7054469443
-1.9996192975 1.1557197899 -0.0691214088 614.1960247398 352.6683417271
-1.8508449086 1.2533294366 0.1209409021 628.5388276376 482.6732041658
-1.8275087156 1.2445718864 0.4833325022 767.7383357876 619.9416152159
-2.0172029321 1.2486872717 0.8703872773 928.5544311611 703.2679343127
-2.0866935364 1.6184103766 -1.2425579830 125.6297571273 108.9230521264
-2.0193434510 1.3647482125 -1.0727880773 208.2014016036 78.3706418265
-1.9009715403 1.5663851847 -0.7367942106 245.2792543129 273.7110886874
-2.1088004373 1.4267765867 -0.4272348695 439.0289942085 302.8457377472
-2.1735839590 1.4343336267 -0.3174998151 487.6844952824 331.0352682181
-2.1721225624 1.4984821487 -0.1178589294 536.7270495390 412.4155996668
-2.1038104307 1.5453454380 0.3154965260 654.7087963174 574.5175273832
-1.8274701935 1.3188779672 0.6038785279 788.6518151777 685.5431511936
-2.1801184842 1.6380492749 -1.2162635370 160.2557738649 117.3669831194
-1.9639243003 1.5608595716 -1.1649375478 119.7948476108 122.3864375591
-2.0007657291 1.7629935701 -0.6819514061 253.3678512552 339.8144622169
-1.8246755636 1.8365637605 -0.4718921123 256.6157019597 459.4722829848
-2.1978652673 1.5512577920 -0.0820733873 540.0542859883 433.7249226735
-1.8147805824 1.7005286935 -0.0912446736 417.7971966348 550.5089061006
-1.8687607905 1.6395216927 0.3740385226 610.3132763489 677.9077229511
-1.9677202375 1.9539953751 -0.8044858142 167.9509577373 362.6010133803
-1.9339633712 2.1588428389 -0.7672586114 133.5280918620 436.3237095137
-1.8537363930 2.1767514966 -0.4751485786 197.5952102586 545.3330176816
-2.0009461426 1.8884255044 -0.3091342856 348.1302172443 491.3631750308
-2.0839185599 2.1121327543 -0.1787392208 362.4612126866 569.5973298588
-1.8007556983 1.9812678047 0.0551784552 397.8780372091 676.9235229532
-1.7817101151 1.8511826209 -0.8074481766 124.1221493218 359.7946573031
-1.9389521875 2.1841326748 -0.6648628523 162.4439000566 472.8458859464
-1.8042215426 1.8813328659 -0.2818446438 306.3078575298 539.4443670184
-1.7767929336 2.0072491973 -0.1782002063 306.6601015169 613.6956899583
-1.4983317879 2.0936842145 -0.5888533520 50.3182450456 567.3222261589
-1.6571184784 1.8321234448 -0.0621704696 353.9133460068 638.0816010051
-1.4194715783 2.0828748510 -0.3704728398 102.5073930949 665.3457884240

gimbalangles:
-2.4230220489 -2.6890036418

end: