T_CW:
-0.9111009908 -0.0725675291 -0.4057449178 -0.0604520747
0.4044640203 0.0322148202 -0.9139863575 -0.0693046924
0.0793967312 -0.9968430965 -0.0000000000 -0.0400000000
0.0000000000 0.0000000000 0.0000000000 1.0000000000

T_CW_cov:
0.0000029190 0.0000000217 -0.0000000432 -0.0000000314 0.0000060854 -0.0000001712
0.0000000217 0.0000012589 -0.0000000057 -0.0000027832 0.0000000364 -0.0000000108
-0.0000000432 -0.0000000057 0.0000001468 0.0000000230 -0.0000000907 0.0000000028
-0.0000000314 -0.0000027832 0.0000000230 0.0000062297 -0.0000000460 0.0000000099
0.0000060854 0.0000000364 -0.0000000907 -0.0000000460 0.0000127596 -0.0000003568
-0.0000001712 -0.0000000108 0.0000000028 0.0000000099 -0.0000003568 0.0000006012

target_points_pix:
-0.5659483010 -2.1386425040 -0.8683584697 1227.3211301646 588.7718417209
-0.9123079585 -2.1284580629 -0.2558047657 1276.1743128820 187.2356641033
-0.6883316207 -1.8469608032 -0.1589367572 1191.1427441569 170.8585576317
-0.8632153327 -2.1951362328 0.0753490344 1159.9863568062 32.6293095779
-0.5097935959 -2.1148276580 -0.5873151168 1138.1505902575 457.2947218158
-0.4729021202 -2.0583920602 -0.5698937838 1124.2411632599 460.8020187385
-0.5877027471 -2.1220845631 -0.1952625424 1088.5198498796 232.8196269724
-0.6397658702 -1.9962388135 0.1742825485 1048.4459825610 6.8073162997
-0.2098812585 -2.0260061083 -0.8694235679 1055.7883746305 687.4998746106
-0.1300626629 -2.1529462385 -0.6921622961 958.1348830118 591.8476682842
-0.1742632593 -2.0133338748 -0.0902612282 851.9714501398 273.4029539812
-0.0635647412 -2.0690742069 -0.0068415662 772.1316998465 256.5325252432
-0.0944812710 -2.1207718532 0.3757183913 701.6691501431 53.0964605053
-0.1709999155 -1.9968155702 -0.8413978501 1031.7171614091 686.7448111553
-0.0662106627 -1.9797613538 -0.6179389584 921.5677117173 591.1748214461
-0.1169270298 -2.1924969758 -0.1057671843 819.9874697934 296.9591103541
0.1530304316 -1.8975286955 -0.1486459519 685.2298172628 388.6101270778
0.1031985642 -2.0237017061 0.3770378668 593.6339889408 89.4296333185
0.3132888607 -1.9172675775 -0.3784857863 654.2956523605 556.3116026728
0.1798051282 -2.1376171259 -0.2101951836 695.1947487037 416.6509431411
0.1105084575 -1.8324156555 -0.0292469899 675.9493925614 309.5016246897
0.2272400275 -2.1411056604 0.1748769749 586.8761432234 232.6039600292
0.4405851561 -2.0683433711 0.4238748486 416.8195081211 150.8450562351
0.4815465084 -1.8793705061 -0.5230342546 594.4688498833 683.8551110766
0.3990427333 -1.9565363562 -0.4157579215 619.5832712609 591.6945600263
0.4486312133 -1.8539060129 -0.1883259814 525.7945573567 488.2516996211
0.3632319295 -1.8211024113 0.3728792086 425.5818062904 138.4955863733
0.5355660298 -2.0704793787 0.5698046772 337.7358589952 98.2846515885
0.5223772533 -1.8132336699 0.6615021006 261.0397096991 11.1864352458
0.7253359792 -2.1817755865 -0.2257816326 440.2266110939 537.4313271552
0.5521447994 -2.0609144530 0.1825896689 414.6022165589 301.5127883370
0.7303731863 -2.0822931857 0.3409704371 296.5709006370 261.4294051295
0.7727616955 -2.0767370502 0.6693295810 202.7601600135 104.1560730207
0.6476928819 -2.1574243192 0.5713258643 302.2058099680 131.4638687992
0.9861579955 -1.8556052624 -0.1516633468 225.4649281718 596.9373558852
0.9744884137 -2.0744573202 -0.0279052589 259.5564382791 502.5304005383
1.0497963986 -2.1500163623 0.1130776453 212.7108117062 443.0806777598
1.1645815082 -1.9323382726 0.3340032188 43.6830236930 365.7795197826
1.1414929988 -1.8889137699 0.0034042731 117.9501448218 542.6283064833
1.0945837433 -2.0389881176 0.3006338205 120.4281422067 364.3051170205

gimbalangles:
0.4829961744 1.2892941508

end: