T_CW:
-0.6533149303 -0.4734422259 0.5907893537 0.0038601975
0.4783826761 0.3466728656 0.8068258421 -0.0376110118
-0.5867960608 0.8097347609 0.0000000000 -0.0400000000
0.0000000000 0.0000000000 0.0000000000 1.0000000000

T_CW_cov:
0.0000006965 0.0000002960 0.0000000909 -0.0000007371 0.0000016514 0.0000001113
0.0000002960 0.0000010948 0.0000000590 -0.0000027767 0.0000006686 0.0000003661
0.0000000909 0.0000000590 0.0000001110 -0.0000001502 0.0000002095 0.0000000225
-0.0000007371 -0.0000027767 -0.0000001502 0.0000071049 -0.0000016636 -0.0000009222
0.0000016514 0.0000006686 0.0000002095 -0.0000016636 0.0000039774 0.0000002397
0.0000001113 0.0000003661 0.0000000225 -0.0000009222 0.0000002397 0.0000005987

target_points_pix:
-1.8367116007 0.8470277910 0.1536552899 1283.3918917215 8.2002056380
-1.9986951364 1.1030106421 0.5814468094 1328.9830061737 263.8670380209
-1.8508449086 1.2533294366 0.1209409021 1072.7811098979 124.5622019339
-1.8275087156 1.2445718864 0.4833325022 1191.1326771845 294.2892825346
-2.1721225624 1.4984821487 -0.1178589294 989.5149440566 34.9103620748
-2.1038104307 1.5453454380 0.3154965260 1078.7441646375 225.0096765324
-1.8756328916 1.4181544575 0.6779339873 1185.8773917513 400.8611154656
-1.8274701935 1.3188779672 0.6038785279 1196.3092868522 364.1589708031
-2.0616398675 1.6203105521 0.9227851073 1209.8534409536 478.7211634382
-1.8246755636 1.8365637605 -0.4718921123 708.3780573770 42.9142755528
-2.1978652673 1.5512577920 -0.0820733873 988.4596643696 58.3546395435
-1.8147805824 1.7005286935 -0.0912446736 844.8198365142 156.8273946115
-1.8687607905 1.6395216927 0.3740385226 1009.7185102336 316.2104328786
-1.8980237103 1.9209957642 0.3535455110 924.1799359257 348.8778565890
-1.8992891162 1.6958315500 0.5927369583 1058.8920327956 403.4468012253
-2.1280136359 1.9030231084 1.1200182238 1169.6045910895 561.3565015065
-2.0767536092 1.5913540197 1.1734617687 1292.5258281539 566.4991939248
-1.8253463033 1.5593904134 1.3326244354 1309.9831567070 703.1460526296
-1.9339633712 2.1588428389 -0.7672586114 602.6282424599 4.3575384747
-1.8537363930 2.1767514966 -0.4751485786 647.1154851076 116.7422166555
-2.0009461426 1.8884255044 -0.3091342856 787.8142265865 87.8801335771
-2.0839185599 2.1121327543 -0.1787392208 789.7516043345 166.2111577257
-1.8007556983 1.9812678047 0.0551784552 807.0517772155 271.7546041693
-2.0021261078 2.0086463683 0.6719158105 1002.2545124287 449.0422034148
-1.8671153541 2.1795732671 0.7269835846 939.7908181490 516.4818100213
-1.9047003350 1.8680613442 1.0806603821 1131.4860200784 602.9258128298
-1.9389521875 2.1841326748 -0.6648628523 623.9839281368 43.3507461153
-1.8042215426 1.8813328659 -0.2818446438 743.2236351299 127.8526934232
-1.7767929336 2.0072491973 -0.1782002063 734.1627621026 197.4179366659
-1.7534698406 2.0793769081 0.4493600074 871.6414211355 436.7866964429
-1.8353667562 2.1089405381 0.3759185790 865.1647626694 396.9411765838
-1.7604356880 2.0656598370 0.6575958443 930.0118314603 506.9336185993
-1.7705647096 1.9172214653 0.8435902795 1025.1773574755 556.8313245335
-1.3492337722 2.1057609491 -0.8169929086 409.3057200092 56.0108298788
-1.4983317879 2.0936842145 -0.5888533520 525.1074872294 114.6798445767
-1.6571184784 1.8321234448 -0.0621704696 773.2297032105 227.8859753918
-1.4726534281 2.0034281786 -0.0936720132 668.5907676000 287.7497198370
-1.5475518711 1.9219229687 0.2115461638 795.4561609118 374.8729961458
-1.4598821192 2.0390700871 0.4072914279 794.8877159897 487.9971657551
-1.6794329719 2.0021970623 0.8621467882 983.2899322450 595.5257803934
-1.3996928611 1.9829751266 -0.7729069412 457.3621405952 32.2171707681
-1.1860357705 2.0705200626 -0.6054671996 411.5975447166 158.7043211671
-1.4194715783 2.0828748510 -0.3704728398 559.6468709333 208.4054715124
-1.2776452368 1.8694489727 0.0047508315 663.7930500308 348.1092442791
-1.0730605838 2.0018530190 0.3056842560 654.1619593637 551.8064748049
-1.2085726006 2.0127526755 0.3547681015 711.4989932638 533.1358190391
-1.4250652760 2.0144635608 0.6554444686 860.9237127756 590.2753244781
-1.0708041261 1.9815980953 -0.8742083968 294.5681460284 44.7041225004
-0.9983895204 2.0661635568 -0.7131763571 302.9458258002 149.9103259687
-1.1448503223 1.9295688788 -0.5001948033 447.4576832945 176.4721670579
-1.0393066434 1.9475716529 -0.2178789547 489.7902858330 327.1937462627
-0.9593756649 2.0777024999 -0.1501370496 456.7621434911 400.5537389101
-0.8521590024 1.9558607454 0.3663922634 603.0663263254 647.2770683258
-1.1747783765 1.9710647288 0.4070187887 726.7137553698 560.3299532922
-0.8912000367 1.9609409745 -0.8172016176 230.9762572175 97.1446954019
-0.8567020351 2.0724969975 -0.4066799077 334.5207851096 315.2462220489
-0.7284212964 2.1001550914 -0.2330155620 328.9359244129 432.0060569274
-0.6547912955 2.0870834084 0.0211341981 380.5114554461 568.9702391279
-0.8817151466 2.0931652498 0.1051209762 502.3286248406 534.4880528957
-0.6297357995 1.8838706853 -0.9646989781 44.1302497155 55.8831310705
-0.6869895166 1.9199697802 -0.9263750375 89.9498148412 74.8972304385
-0.6486645931 2.0381515495 -0.4048343834 240.5488134988 364.8239718046
-0.3777328962 2.0709319294 -0.2918463810 132.9990493470 510.6427294510
-0.6412038263 2.0387083890 -0.1132956810 335.6000045242 504.7673988885
-0.3761262826 1.9359798530 -0.5684987763 33.3259499152 342.3824748517

gimbalangles:
-2.4909805329 -2.1604355406

end: