T_CW:
-0.0911480239 -0.7931630632 -0.6021498093 -0.0640321567
0.0687448968 0.5982127815 -0.7983831205 -0.0619084974
0.9934617139 -0.1141657703 0.0000000000 -0.0400000000
0.0000000000 0.0000000000 0.0000000000 1.0000000000

T_CW_cov:
0.0000024778 -0.0000004252 0.0000002087 0.0000009271 0.0000051795 -0.0000000670
-0.0000004252 0.0000010492 -0.0000000258 -0.0000023551 -0.0000008779 0.0000002341
0.0000002087 -0.0000000258 0.0000001274 0.0000000591 0.0000004267 -0.0000000034
0.0000009271 -0.0000023551 0.0000000591 0.0000053494 0.0000019129 -0.0000005243
0.0000051795 -0.0000008779 0.0000004267 0.0000019129 0.0000108883 -0.0000001449
-0.0000000670 0.0000002341 -0.0000000034 -0.0000005243 -0.0000001449 0.0000005036

target_points_pix:
2.0804284908 -1.4342990342 -0.5591014867 1327.9242147145 169.7082935832
2.1734113672 -1.5304661388 -0.3488565010 1269.7385146162 66.2209556466
1.9298402056 -1.3764245007 -0.3359090599 1283.1014403667 67.8824197113
1.8800404546 -1.1561776933 -0.0820716904 1116.2931343924 13.0192423475
1.9377411544 -1.1464049791 -0.1445223815 1118.3427415246 56.8794617171
2.1125434404 -1.0593333462 0.0697296499 972.7946691127 21.4039674858
1.9570759444 -0.8701971078 -0.8886963553 1250.8501737974 498.1513883449
2.1950641026 -0.9901943079 -0.7739551749 1190.7338750075 405.3672008172
2.0073783830 -0.8101855643 -0.6565373428 1131.2908126524 412.0637781316
2.0630315312 -0.9873049000 -0.4166250607 1110.7704315963 248.1578624776
1.8489564548 -0.8233021713 0.0499289788 924.2982748248 57.6678583993
2.0506481451 -0.8915399122 0.1756457601 878.8216671014 15.4764431457
2.0655593211 -0.6564244600 -0.8513982554 1116.9937326716 551.2977385391
2.1242193271 -0.8479907540 -0.5599553179 1086.0075558011 359.0873076786
2.1462577662 -0.8847763794 -0.4525485406 1061.6143587529 302.3925127195
2.1605735270 -0.8488577758 -0.3398468232 1008.8413293171 266.8598427377
2.1765978586 -0.6839881453 -0.1951020741 894.3601921399 258.4658337732
2.0607231527 -0.3568691784 -0.6240690148 914.9658143913 553.9305895840
1.8608577264 -0.6154256622 -0.5318944843 1038.5054468537 422.3801969098
1.9673362565 -0.4932213503 -0.4475193608 930.0422329384 426.6682308838
2.1067069339 -0.6795458537 -0.1661413448 893.3182525425 241.7208189049
1.9060279588 -0.5343612355 0.2312919742 714.6684984520 81.0482606956
2.0972347930 -0.3532201075 -0.7509675666 949.7694515109 609.5372911998
2.0636815123 -0.3878123219 -0.4885321114 882.1395382413 481.5559157231
2.1849937664 -0.1076724463 -0.3596361117 707.2271900373 515.6259552225
2.0022793552 -0.3407600927 0.0091227653 696.9441227143 267.0050876821
1.8643482217 -0.2351548738 0.1403036800 604.0060294715 228.2083523555
1.9661306703 -0.1937462224 0.4290557110 480.2574181656 114.3762664948
1.9644439287 -0.1031903077 0.6363600281 362.3446611421 45.5946906474
1.8771705378 -0.1265291682 -0.6141926158 833.3898348246 651.5541755636
2.0676327225 0.0569281127 -0.3843215573 648.6824162423 590.7299333173
2.0149956616 -0.0249350183 -0.0543509498 572.3601711490 408.7910883858
1.9958726695 0.0686412089 -0.1886466928 575.6921734758 507.1436890276
1.9211683822 0.1359918091 0.3523883176 340.8097604758 264.7412852466
2.1786073514 0.1163252008 0.3660038469 374.1929825173 271.9975250126
1.8301410415 0.1063793643 0.6727950514 220.3065265569 76.5032061047
2.0977893427 0.1919665322 -0.4032312221 593.2426006694 645.1154426346
2.0411823258 0.4248620549 -0.1403165224 390.0859188217 612.6706106757
1.9438511651 0.1053696058 0.3538797141 358.5116076735 254.7536034844
2.0492906402 0.1592700833 0.4628330884 306.8006962478 231.3573370320
1.9615436432 0.1575010996 0.8011155563 173.0997886561 55.7982103579
2.0594297914 0.3178684312 0.8304379352 105.1784924781 114.3086753162
2.1728366635 0.3511639663 -0.4284264483 531.0060710763 704.0644309306
2.1946764291 0.4631732279 0.0532115749 322.9488631187 526.3321556402
2.0632829037 0.5445962566 0.1285032323 239.9155495861 526.7613671377
1.8979720761 0.3684671733 0.3103802266 232.4933246800 372.6553163008
1.8732712174 0.7386851116 0.1801451262 77.7149761404 588.8845935333
2.1830827873 0.8306619622 0.2050011929 101.3717918471 585.6487035890
2.1094725331 0.6303567883 0.5897954870 48.2594689030 339.5343128143

gimbalangles:
0.8626119208 0.0859244882

end: