T_CW:
-0.9553050516 0.1734827094 -0.2393658452 -0.0177623864
-0.2355139209 0.0427691584 0.9709294476 -0.0160847997
0.1786769469 0.9839077948 -0.0000000000 -0.0400000000
0.0000000000 0.0000000000 0.0000000000 1.0000000000

T_CW_cov:
0.0000017766 -0.0000001298 -0.0000002285 0.0000003014 0.0000037583 -0.0000000117
-0.0000001298 0.0000010139 0.0000000256 -0.0000023263 -0.0000002762 -0.0000004324
-0.0000002285 0.0000000256 0.0000001351 -0.0000000574 -0.0000004751 -0.0000000023
0.0000003014 -0.0000023263 -0.0000000574 0.0000054048 0.0000006418 0.0000009815
0.0000037583 -0.0000002762 -0.0000004751 0.0000006418 0.0000080159 -0.0000000255
-0.0000000117 -0.0000004324 -0.0000000023 0.0000009815 -0.0000000255 0.0000006385

target_points_pix:
-0.6547912955 2.0870834084 0.0211341981 1271.6713374187 498.2777881483
-0.6486645931 2.0381515495 -0.4048343834 1341.4017264984 239.0142970084
-0.3777328962 2.0709319294 -0.2918463810 1147.2172034559 272.3493126319
-0.6412038263 2.0387083890 -0.1132956810 1292.8349915887 416.4832595977
-0.3102710352 1.9260298101 0.1150357669 1060.6344330573 508.9830071026
-0.3761262826 1.9359798530 -0.5684987763 1207.7560793488 88.2760305622
-0.1470818764 2.0278346330 -0.3590369503 1021.0897746375 198.9082312231
-0.1320941456 1.8887090879 -0.2943923727 1011.4725987989 222.5963034891
-0.3254142569 2.0063571584 0.0721937411 1069.1651021310 480.8646080351
-0.2945068937 2.1581701266 0.2369112271 1015.6952025180 561.9632729193
-0.3564413644 1.8880841855 0.3603360344 1056.2020126793 677.2564848803
-0.1733428557 2.0220748053 -0.3567373217 1037.0366928859 203.0719157234
0.1853169703 1.9556145586 -0.2926013520 815.1780017335 187.9538567208
0.1459432429 2.0821321832 0.0768023636 791.2920506465 411.3508563685
-0.1806544141 2.1115250387 0.4424313824 924.5363426093 663.7630534241
0.0606416587 1.9370533156 -0.6051155074 935.2397630169 13.2168241555
0.1622540602 1.9938421750 -0.2072898762 817.7816170535 244.5154792522
0.1326497219 2.1934063378 0.1317613825 796.1659959085 441.4542419463
0.3584381887 2.0127258478 0.3252687757 635.5700964146 521.6474558584
0.0874333717 2.0552167764 0.3189859915 789.3775435953 557.0429056812
0.4776390888 2.1635637503 -0.5185001840 700.0274529889 56.7444729163
0.6165630709 1.8861184111 -0.3081537565 563.8045740276 116.3892872711
0.5187396521 1.9175698469 -0.0342267122 584.2724050324 292.6649820977
0.4658259500 2.1446281117 0.1786821967 615.2211988340 421.9367827113
0.3919355060 2.1616707571 0.6632135215 593.2092511728 685.0773668006
0.6149241260 2.1417820874 -0.0629871951 571.1233517937 276.5843396970
0.8744611877 1.9175934359 -0.1030143606 402.6900416584 206.7583446495
0.5774336625 2.1372701750 0.2631028182 547.8579572603 451.1966832987
0.8440934580 2.1902962990 0.6325766983 385.8268574279 599.1135119948
0.9700709065 2.0495125061 -0.3789924060 420.8981632410 61.8740466848
1.1070298076 2.0352606546 -0.4010910561 354.5932055255 34.1003897556
0.9446028517 1.9229887471 0.1001881458 340.4367044931 312.2861445515
0.8794509136 1.9301087444 0.2419634107 356.4530502121 400.6828373673
1.1616785174 2.1777586275 0.6995493964 233.3436812781 588.4376282813
0.8423272991 2.1471504388 0.7368052803 364.5446975077 655.8530452954
1.2937655825 2.1835571116 -0.3637297557 301.1648811025 57.4626616338
1.3538238077 1.9785164330 -0.2940629520 209.2449122506 56.2541591587
1.2837850472 1.9308362974 0.0489517471 182.8265260222 241.3430358018
1.2067308529 1.8145079988 0.3760143933 136.2270926081 430.1624792367
1.4475675925 2.0053292625 0.6828083204 55.1733303611 552.4921144015
1.2925356877 2.1221237359 0.7482674025 154.6567333547 598.4709809013
1.3172141628 1.9516388669 -0.3603113483 226.7025703127 20.4603564663
1.5338095482 1.8798228867 0.1823071187 30.3458313349 279.0881348546
1.6517568517 2.0532827983 0.1027735693 53.4605043458 235.0233318161
1.3824741782 1.8443921632 0.4398958625 53.5293657127 439.8710199180
1.5076132224 2.1773265826 0.9582797617 59.0427737070 663.5446374700
1.6259144061 2.0315266510 -0.0616660815 76.4120969239 154.0830517684

gimbalangles:
2.9570349396 -1.4098521732

end: