T_CW:
0.6793223399 -0.6423081889 -0.3549103394 -0.0593453170
-0.2578868690 0.2438354195 -0.9349003428 -0.0709488035
0.6870338574 0.7266254047 0.0000000000 -0.0400000000
0.0000000000 0.0000000000 0.0000000000 1.0000000000

T_CW_cov:
0.0000005065 0.0000001893 0.0000000093 -0.0000004624 0.0000012078 -0.0000000233
0.0000001893 0.0000009936 -0.0000000345 -0.0000024921 0.0000004323 0.0000000448
0.0000000093 -0.0000000345 0.0000000998 0.0000000975 0.0000000185 -0.0000000021
-0.0000004624 -0.0000024921 0.0000000975 0.0000063119 -0.0000010551 -0.0000001158
0.0000012078 0.0000004323 0.0000000185 -0.0000010551 0.0000029391 -0.0000000488
-0.0000000233 0.0000000448 -0.0000000021 -0.0000001158 -0.0000000488 0.0000004569

target_points_pix:
0.6165630709 1.8861184111 -0.3081537565 204.1189021285 688.0703828254
0.5187396521 1.9175698469 -0.0342267122 69.7283748819 545.3396429672
0.6149241260 2.1417820874 -0.0629871951 102.0136978311 555.8242389366
0.8744611877 1.9175934359 -0.1030143606 300.0033124186 505.1962867190
0.8440934580 2.1902962990 0.6325766983 88.7658097339 157.6233566956
0.8537553440 2.0649362087 0.8229180708 75.5514036705 30.4029636534
0.9700709065 2.0495125061 -0.3789924060 371.8915229879 638.8323409468
1.1070298076 2.0352606546 -0.4010910561 440.7934059508 618.4315565437
0.9446028517 1.9229887471 0.1001881458 293.8502935438 381.3754344587
0.8794509136 1.9301087444 0.2419634107 228.6369833805 314.6118709493
1.1616785174 2.1777586275 0.6995493964 238.3878399160 100.9655912883
0.8423272991 2.1471504388 0.7368052803 74.1469313318 95.3424674921
1.2937655825 2.1835571116 -0.3637297557 473.0172189140 569.8547428968
1.3538238077 1.9785164330 -0.2940629520 535.6515616263 515.1255244998
1.2837850472 1.9308362974 0.0489517471 459.2003753142 358.3351482115
1.2067308529 1.8145079988 0.3760143933 393.5864499942 185.3797165321
1.4475675925 2.0053292625 0.6828083204 398.4103864136 59.5678555199
1.2925356877 2.1221237359 0.7482674025 298.7227901741 60.7204062939
1.3012936958 1.8779460917 -0.6268037580 604.4712039554 680.6234796805
1.3172141628 1.9516388669 -0.3603113483 540.7486076372 551.4366437094
1.5338095482 1.8798228867 0.1823071187 546.7299128013 258.9558114070
1.6517568517 2.0532827983 0.1027735693 556.5377040866 304.8381945286
1.3824741782 1.8443921632 0.4398958625 451.4833599398 144.8890945278
1.8403879572 1.8908816600 -0.9234629898 821.0424783588 695.4219918683
1.5526027690 2.0810396741 -0.7090886073 646.1605191033 666.8531003847
1.8629717589 1.9489552160 -0.3377369029 718.5235870466 451.6605591300
1.7156691905 2.1057429675 -0.3842938436 639.1278142600 503.3524450363
1.6259144061 2.0315266510 -0.0616660815 579.4589070617 375.1121974960
1.8175531116 1.9386485974 0.2399735909 618.3776273612 216.6209970952
1.9248890548 2.0591581315 0.4394950177 591.2710267302 146.5425927427
1.6697997709 2.1160420786 0.7808222228 443.2627576909 31.0293725554
1.8540951364 0.9024724960 -0.9291037044 1264.3189102620 678.1737798569
1.8710597108 0.8099321409 -0.1270716099 1149.0791161278 195.0414794589
1.8841264328 0.9616947949 -0.8001790908 1208.6157509992 599.9644664562
1.8413549133 1.1156033625 -0.8390002865 1122.9763456892 638.3745768085
1.9089759812 0.8085310986 -0.5822388722 1258.8624123733 457.7307844435
1.9554318540 0.8479488833 -0.1032449947 1143.1337384073 180.6225984390
2.0820885222 0.9153317630 -0.0671913434 1129.7334738641 163.1962910304
1.9718199071 1.1608418026 0.1337088444 946.3893312895 118.2019575659
2.1912169449 1.1472081868 -1.0971950733 1227.2045577444 684.8764724325
2.1198372318 1.2923371785 -0.8636543491 1105.0246710442 596.0448885979
1.9304306795 1.2228028837 -0.5695244456 1040.2770702400 486.7367754273
1.9332082462 1.2240534518 -0.3091263431 991.6355657030 355.9595211274
1.8825418409 1.0879971004 0.1379624357 952.2796037991 106.1695764870
2.0723865450 1.0737661855 0.0934347427 1019.4943359224 113.5918951536
1.8786372721 1.3992617700 0.3556715000 783.9326191804 64.7982197576
2.1719950041 1.3312834193 -0.8438112511 1095.5660111594 578.6359945860
1.9959423886 1.4846583959 -0.4470288691 925.8466773610 440.4483558205
1.8442668460 1.6413290332 -0.3297220468 808.1788986856 424.5228620566
2.1265666331 1.5613718496 -0.0476425790 866.2178728841 257.7215674962
2.1621050722 1.6206868910 0.2900958392 802.9614123294 121.7728439094
2.0529398181 1.6940371335 0.3906949376 734.5077832322 98.4205412614
2.0220705762 1.7917713969 -1.0380102918 917.0861100300 704.2997668652
2.0264346805 1.6281954796 -0.7751321253 934.3533349040 589.2136286257
2.1430706410 1.8094588362 -0.6250814690 877.3490543520 517.0710120810
1.8403405299 1.6816472661 -0.4285474942 809.9145541351 472.8711021310
2.1503249450 1.7195661166 0.1719919587 787.4426653661 186.9498242090
2.0918025611 1.8737719338 0.2909391949 709.3291230725 166.4050660845
1.9771846623 1.8336429997 0.6802675694 627.9889828722 7.5516799554
2.0132330313 1.8802037180 -0.8206312277 852.7382775267 619.7532825554
2.1964470952 2.1330003466 -0.9438032293 837.9030254560 641.6624795684
1.8490905711 1.9411383311 -0.3451350033 717.9344964949 456.0562276497
2.1806425045 1.9729155912 -0.1883639695 774.5113825531 356.0965171894
1.8529430787 1.9351196944 0.1818550971 639.3496910109 237.2941499803
1.8483799352 1.8597187954 0.2031048715 655.1219222577 218.0669076764
2.1654789071 1.8911660364 0.5400688451 688.7486144307 67.9551643932
2.1793564671 2.0487078518 0.6511816064 637.5027665929 52.3932753868

gimbalangles:
0.3371798787 -0.7026822697

end: