T_CW:
0.4272672947 0.8551845624 -0.2934314622 -0.0579225461
-0.1311467313 -0.2624929673 -0.9559801133 -0.0728107742
-0.8945631301 0.4469416140 -0.0000000000 -0.0400000000
0.0000000000 0.0000000000 0.0000000000 1.0000000000

T_CW_cov:
0.0000010842 0.0000001228 0.0000002467 -0.0000002958 0.0000024277 0.0000000423
0.0000001228 0.0000009486 0.0000000493 -0.0000023077 0.0000002657 0.0000006261
0.0000002467 0.0000000493 0.0000001619 -0.0000001155 0.0000005324 0.0000000248
-0.0000002958 -0.0000023077 -0.0000001155 0.0000056793 -0.0000006411 -0.0000015065
0.0000024277 0.0000002657 0.0000005324 -0.0000006411 0.0000055030 0.0000000785
0.0000000423 0.0000006261 0.0000000248 -0.0000015065 0.0000000785 0.0000009109

target_points_pix:
-2.1850709518 0.1766330917 -0.3112378666 257.5301839987 616.6514293477
-2.1302348748 0.1741631005 -0.1246265184 226.5752865901 513.2978808930
-2.0390392157 0.0266576880 0.1803748992 77.6640197487 355.6274297107
-2.1816244200 0.2296391180 -0.0710292623 247.9712015476 473.5085859603
-1.9675215332 0.3735704689 0.1902147838 301.2980276258 287.8673820852
-2.0887152358 0.0614816292 0.3387705058 73.9786363556 259.0911258564
-2.0769750567 0.0640115888 0.5667352894 34.7744963033 120.5217644370
-2.0791652291 0.3295714681 -0.3363269805 357.6612986397 603.0494665842
-1.8402832734 0.4158654489 -0.1641496241 404.9982501026 486.7306609743
-1.9344931987 0.4325288222 0.0665921622 361.6653646635 348.5824181475
-1.9133212325 0.3814166405 0.4228418836 268.2872439169 140.1839732288
-1.9276225520 0.5546474071 -0.3245354469 501.4545974128 553.9605460086
-1.8713581895 0.5522859957 -0.2850187113 502.7017505196 532.1135421339
-1.8224931774 0.7448238787 0.1113938527 547.7110241234 264.1214899798
-2.1551667523 0.8701160953 0.2237557347 535.0093071248 227.3892741004
-1.8270632441 0.8325440399 0.3756327394 548.2655085003 102.7572726514
-1.9080112085 0.6435965993 0.5817299777 397.2992930133 19.9145195949
-2.1409529270 1.1389351377 -0.8455270628 806.7772915292 696.6976508062
-2.1695389388 1.1810225265 -0.6431337417 787.6585423955 594.2801030157
-1.9948059239 1.0655745301 -0.1236212339 705.6796695368 360.8079886133
-2.1700906082 1.1508405723 -0.0162742313 688.1994387954 310.3817003879
-1.8367116007 0.8470277910 0.1536552899 591.7000315694 228.0545992209
-1.9986951364 1.1030106421 0.5814468094 615.3012866101 4.7845149366
-1.8286879200 1.4165005558 -0.8183910290 1002.3116950600 648.2178642575
-2.0290123060 1.2616487263 -0.4540971774 827.6576002277 494.1492496742
-2.0326420221 1.4386671003 -0.3715805411 882.5797407283 428.9954736908
-1.9996192975 1.1557197899 -0.0691214088 735.2717739656 321.8237574274
-1.8508449086 1.2533294366 0.1209409021 785.6250490147 199.0412447266
-1.8275087156 1.2445718864 0.4833325022 731.4497492933 8.8432060598
-1.9009715403 1.5663851847 -0.7367942106 1020.5162156621 578.2709891892
-2.1088004373 1.4267765867 -0.4272348695 865.3782299276 458.0440124252
-2.1735839590 1.4343336267 -0.3174998151 836.9167225383 410.2867789802
-2.1721225624 1.4984821487 -0.1178589294 833.9693328286 315.3087882666
-2.1038104307 1.5453454380 0.3154965260 810.1701659279 113.9265353693
-2.0007657291 1.7629935701 -0.6819514061 1046.8772788133 520.3442681050
-1.8246755636 1.8365637605 -0.4718921123 1102.1796975810 411.7420855146
-2.1978652673 1.5512577920 -0.0820733873 841.7424677378 295.9362973770
-1.8147805824 1.7005286935 -0.0912446736 1004.6940885022 249.6225813567
-1.8687607905 1.6395216927 0.3740385226 898.8676245706 42.1466980228
-1.8980237103 1.9209957642 0.3535455110 993.3112852658 36.9772356601
-1.9677202375 1.9539953751 -0.8044858142 1133.7867861643 544.5965273493
-1.9339633712 2.1588428389 -0.7672586114 1200.9491473613 498.7273911563
-1.8537363930 2.1767514966 -0.4751485786 1197.8409909349 369.9793858422
-2.0009461426 1.8884255044 -0.3091342856 1038.2907932435 341.5143508958
-2.0839185599 2.1121327543 -0.1787392208 1065.1711131754 268.9898763640
-1.8007556983 1.9812678047 0.0551784552 1085.4681630336 151.4349498242
-1.7817101151 1.8511826209 -0.8074481766 1169.9522371677 564.8261918230
-1.9389521875 2.1841326748 -0.6648628523 1193.4773578604 452.5222480430
-1.8042215426 1.8813328659 -0.2818446438 1097.8469498769 316.8906510646
-1.7767929336 2.0072491973 -0.1782002063 1134.4948629040 252.4107904902
-1.8353667562 2.1089405381 0.3759185790 1071.9109733469 4.0592682491
-1.4983317879 2.0936842145 -0.5888533520 1337.3335046633 417.2055171942
-1.6571184784 1.8321234448 -0.0621704696 1103.6853997916 203.0848717269
-1.4726534281 2.0034281786 -0.0936720132 1244.9462946700 176.1188248008
-1.5475518711 1.9219229687 0.2115461638 1137.4135353898 40.3970068296
-1.4194715783 2.0828748510 -0.3704728398 1339.1949107879 302.9884401982
-1.2776452368 1.8694489727 0.0047508315 1276.6747370501 104.6735363713

gimbalangles:
0.2325365352 -2.8366974715

end: