T_CW:
-0.0024184242 0.0012941885 -0.9999962381 -0.0599450284
-0.8816884004 0.4718241631 0.0027429363 -0.0299177871
0.4718259380 0.8816917172 -0.0000000000 -0.0400000000
0.0000000000 0.0000000000 0.0000000000 1.0000000000

T_CW_cov:
0.0000008786 -0.0000000086 -0.0000000031 0.0000000150 0.0000020808 0.0000001702
-0.0000000086 0.0000004733 -0.0000000399 -0.0000012137 -0.0000000163 -0.0000000193
-0.0000000031 -0.0000000399 0.0000000818 0.0000001021 -0.0000000099 0.0000000010
0.0000000150 -0.0000012137 0.0000001021 0.0000031743 0.0000000251 0.0000000443
0.0000020808 -0.0000000163 -0.0000000099 0.0000000251 0.0000049878 0.0000004021
0.0000001702 -0.0000000193 0.0000000010 0.0000000443 0.0000004021 0.0000004481

target_points_pix:
0.4263787641 2.0360262969 -0.9802595292 1228.0810093369 674.4678869113
0.4966650149 2.0206560720 -0.6076416902 1006.0330115742 631.6975834151
0.4776390888 2.1635637503 -0.5185001840 939.2697135082 662.7148186243
0.6165630709 1.8861184111 -0.3081537565 836.1020794220 538.6638216066
0.5187396521 1.9175698469 -0.0342267122 671.7216284737 602.8922334459
0.4658259500 2.1446281117 0.1786821967 555.5236945571 667.5399939683
0.3855230494 1.8303712533 0.9299290393 47.0766977456 672.1871142521
0.6224160129 2.1468195859 1.0820508387 81.6824176583 581.4651279645
0.6768563379 2.1689097534 1.0870847263 91.1915424472 556.8976748800
0.8853459750 2.1074644930 -1.3019009516 1325.7484319243 439.7683708660
0.6604095905 2.0829714722 -0.9379156950 1166.1725145005 549.6231576133
0.6471853462 2.0880566141 -0.6773740498 1024.2562269049 558.2099432869
0.6892817683 2.0844330099 -0.6493308926 1006.3617530161 535.3179962292
0.6149241260 2.1417820874 -0.0629871951 688.8482017190 585.1894161410
0.8744611877 1.9175934359 -0.1030143606 710.5756541528 405.0207454656
0.5774336625 2.1372701750 0.2631028182 512.4389863668 604.7414476902
0.8440934580 2.1902962990 0.6325766983 340.6894827708 478.8084567056
0.8537553440 2.0649362087 0.8229180708 224.7890409837 449.2034405083
0.5751346934 1.9643899407 1.0068573744 68.9330802758 577.0924104523
1.1110084514 1.9235336780 -1.2463510526 1312.7444958216 289.4450146496
0.8192282989 1.9702689997 -1.0886141990 1254.8696697925 443.5563573178
1.0736411964 2.0509470802 -0.7346862221 1027.9191573955 340.7062511098
0.9700709065 2.0495125061 -0.3789924060 851.5021192801 388.7972898811
1.1070298076 2.0352606546 -0.4010910561 858.7582743490 322.4376157960
0.9446028517 1.9229887471 0.1001881458 598.9857189429 371.3372187983
0.8794509136 1.9301087444 0.2419634107 519.8226667255 405.9017753058
1.1616785174 2.1777586275 0.6995493964 328.3142504563 334.4190915462
0.8423272991 2.1471504388 0.7368052803 282.0209661579 471.3788031084
1.0297355581 2.0532547183 1.0164436037 142.0380527426 363.3176803292
0.8969412305 2.0226041723 1.0853074672 84.2701328131 418.8712258248
1.2164093231 2.0740255218 -1.1797555361 1232.1089136702 283.1828781736
1.3344161846 2.0063298798 -1.0812565365 1184.8937863956 215.9249254945
1.3342262769 1.8362976900 -0.8582992898 1102.4171450665 165.1345152893
1.2937655825 2.1835571116 -0.3637297557 826.2947922145 280.3115166988
1.3538238077 1.9785164330 -0.2940629520 801.0315592825 201.4942188372
1.2837850472 1.9308362974 0.0489517471 630.9484886625 217.5257651842
1.2067308529 1.8145079988 0.3760143933 451.2848803561 216.8383963562
1.4475675925 2.0053292625 0.6828083204 333.2307211587 173.3446936601
1.2925356877 2.1221237359 0.7482674025 307.2074202381 267.0188571125
1.4208025720 2.1743944872 1.1375060109 149.4896178774 230.4325678515
1.4005377943 1.9938989209 1.2676893864 50.2388771956 189.6483575686
1.3882493757 1.8446951888 -1.0503425138 1194.9348307896 144.6641983795
1.4025173724 2.1661699239 -1.0708342093 1146.0925577308 231.9785014134
1.4991204295 2.1421111058 -0.9414363821 1083.3098926944 189.1692619883
1.3012936958 1.8779460917 -0.6268037580 978.8283821452 192.8498539713
1.3172141628 1.9516388669 -0.3603113483 836.2308041445 208.7326774166
1.5338095482 1.8798228867 0.1823071187 567.0757423139 99.8783995344
1.6517568517 2.0532827983 0.1027735693 612.5991379352 109.7618819907
1.3824741782 1.8443921632 0.4398958625 429.9398810900 149.9184648962
1.6861608307 2.1883567292 0.9182671607 269.1318450133 137.5730344323
1.5076132224 2.1773265826 0.9582797617 236.6961814304 198.4225930972
1.5624885151 2.0575456184 1.4011593048 23.6371286779 146.0768961849
1.8907629288 2.1738643441 -1.5539227425 1306.9606548964 61.0613680754
1.7631702608 2.0808056352 -1.2812136364 1221.3662937630 76.4294617045
1.5526027690 2.0810396741 -0.7090886073 981.7779725109 152.6651873896
1.8629717589 1.9489552160 -0.3377369029 810.7704969746 2.0925540730
1.7156691905 2.1057429675 -0.3842938436 828.0406280570 101.7269335390
1.6259144061 2.0315266510 -0.0616660815 686.7103354652 112.3133205397
1.8175531116 1.9386485974 0.2399735909 549.5339839091 15.4012805592
1.9248890548 2.0591581315 0.4394950177 472.3257669937 18.7335793224
1.6697997709 2.1160420786 0.7808222228 317.6082519638 122.8610864824
1.6978781971 2.1856867385 1.4345623163 52.5982406737 133.7999107539
1.8490905711 1.9411383311 -0.3451350033 814.7825764832 4.1837821781
1.8529430787 1.9351196944 0.1818550971 576.4888337794 1.9497058899

gimbalangles:
1.3920866675 -1.0246692395

end: