T_CW:
0.1951014871 -0.5429200666 -0.8168067158 -0.0429659730
0.2762299354 -0.7686808400 0.5769114221 -0.0163565230
-0.9410804602 -0.3381827427 -0.0000000000 -0.0400000000
0.0000000000 0.0000000000 0.0000000000 1.0000000000

T_CW_cov:
0.0000012639 0.0000001435 0.0000002460 -0.0000003145 0.0000028036 -0.0000002439
0.0000001435 0.0000005811 0.0000000632 -0.0000013995 0.0000003098 0.0000002693
0.0000002460 0.0000000632 0.0000001412 -0.0000001408 0.0000005369 -0.0000000290
-0.0000003145 -0.0000013995 -0.0000001408 0.0000034325 -0.0000006778 -0.0000006563
0.0000028036 0.0000003098 0.0000005369 -0.0000006778 0.0000062791 -0.0000005416
-0.0000002439 0.0000002693 -0.0000000290 -0.0000006563 -0.0000005416 0.0000006463

target_points_pix:
-2.1084470842 -2.1437595431 -0.8462827436 1289.7907648720 590.5529486662
-2.1505036008 -1.8785447290 -0.6108959777 1150.4426904388 560.3009352652
-2.1201637352 -2.1673998295 -0.5899136888 1200.4664468403 659.4936884683
-2.1751026614 -2.0680547056 -0.2528774066 1052.6434301113 701.9044613963
-2.1809173402 -1.7582249058 -1.1945200920 1331.6586687264 365.2723093596
-2.0318098922 -1.9024736379 -0.8205725347 1264.3018659292 536.5034356888
-1.8643409561 -1.7298116612 -0.6347722235 1212.1440847126 565.0245527427
-2.0424396500 -1.6700568512 -0.4559551200 1080.2985976267 555.9757287367
-2.0356266141 -1.6670313584 -0.2216670401 990.9919273566 620.9713018777
-2.0876913757 -1.8532165545 -0.1977258456 1009.7463832204 673.8383537777
-2.0123749693 -1.3051194687 -1.2605724813 1339.7469547861 195.1557396721
-1.9479517706 -1.5926219219 -0.8849578553 1261.1796900602 425.5736428670
-1.9430668285 -1.4687702399 -0.9467022846 1265.0199046799 361.1086943281
-1.9987360977 -1.5831478012 -0.6409907786 1146.5921431819 482.9248200122
-2.0382461791 -1.3326640660 -0.1757110182 897.0038043925 518.5034790509
-1.9735375390 -1.6542454496 0.0160468711 907.5333053697 698.8302643688
-2.1794605583 -1.2973912472 -1.0600853036 1204.5671758056 235.1048431206
-2.1560010034 -1.2844100836 -0.7490828701 1088.2227302172 318.8524182507
-1.8791834842 -1.2260730902 -0.3393922451 972.7285291555 461.3489465287
-2.0440471078 -1.0966304069 -0.2533872139 870.3765016945 406.3654499783
-1.9713422318 -1.2553782583 -0.1780519513 891.5188391176 503.3534193622
-2.1413915681 -1.1443759247 0.1206337022 716.6040826111 514.9185269028
-1.9976942520 -1.1816657871 0.4636784555 599.6761070981 662.0952891058
-2.0394518501 -0.8909256961 -0.9693699009 1127.4257675300 102.8218008520
-2.0420969507 -0.8909787896 -0.6562326980 991.5323143794 199.5965080336
-2.1349248961 -1.0739685817 -0.3356921987 882.6179621295 359.3228997187
-2.0329931114 -1.0364522726 -0.2506829583 855.9871484433 385.3500310746
-1.9964769104 -0.9789673083 -0.0633441457 766.2560455514 426.0981879394
-2.0871240887 -1.0260110717 0.1519259638 677.7251168301 491.9343825914
-1.9513059150 -0.8941187468 0.7728669519 376.3878100796 665.9508530904
-2.0168946479 -0.8103344008 -1.0952591686 1171.7522166910 26.9504625992
-1.9320490032 -0.6699029896 -0.8540167730 1055.0838220525 38.5919160994
-1.8855696832 -0.5597975338 -0.3500282611 793.5104243789 158.9641739306
-2.0366653240 -0.5797354377 -0.1590398876 688.8209467678 219.7452077225
-1.9221818306 -0.9124272166 0.0901865197 688.4699487593 462.1186919380
-2.0876470204 -0.8959227815 0.3128667921 573.4301946059 490.8452699562
-2.1452367339 -0.9267502190 0.5820317656 469.7410885037 569.2648927868
-2.1952372272 -0.7046575153 0.5517900690 413.5417913164 468.2543426766
-2.1855105770 -0.6178990214 1.1340632223 143.8198002097 610.8432070959
-2.0899565708 -0.6540210319 -0.0673717668 664.6636411110 275.9747949170
-1.8622674728 -0.4048797174 -0.1332856099 638.2452896198 159.4185552984
-1.8483290310 -0.4352708366 0.3157310814 422.4919412777 339.9382716308
-1.9499979981 -0.3936762340 0.4339978451 351.3332428148 345.0726143893
-2.0153473087 -0.6477465008 0.7552951249 300.1904307815 547.9636265075
-1.9229062442 -0.3082140199 0.9843758897 45.8986830180 504.6110148037
-1.9508663012 -0.4204201028 -0.3158605866 723.7234045140 96.8572843735
-1.9282228052 -0.3422863927 -0.1986349192 643.3215067269 99.2016996935
-1.8307278366 -0.3649187074 -0.1020312630 610.9880345844 152.4013533920
-2.1653125976 -0.3185303887 0.2228715646 428.0049085664 212.9835192706
-1.9953435832 -0.1856712384 0.4673006755 257.2034838044 251.2099778686
-1.9613071819 -0.2579350469 0.9130657844 65.9080816632 447.8985879617
-1.9042070367 -0.3653525365 0.8507424860 132.5904759841 487.6328148718
-2.0390392157 0.0266576880 0.1803748992 317.6904986564 37.4880114162
-2.1040212686 -0.1858632528 0.2189118048 382.4441683652 155.3690109899
-2.1494438675 -0.1759117361 0.4480410634 275.8703242080 222.9558452430
-2.0283383872 -0.1246051895 0.8113888460 69.9222864495 338.0834970001
-2.0887152358 0.0614816292 0.3387705058 230.0769334063 74.4437933564
-2.0769750567 0.0640115888 0.5667352894 116.3863854834 154.4640862758

gimbalangles:
2.2665343076 2.6006194865

end: