T_CW:
-0.4505878793 0.4817491881 0.7515905021 -0.0206448846
-0.5134053608 0.5489109384 -0.6596299851 -0.0848207096
-0.7303324575 -0.6830918690 -0.0000000000 -0.0400000000
0.0000000000 0.0000000000 0.0000000000 1.0000000000

T_CW_cov:
0.0000006448 -0.0000003142 -0.0000000468 0.0000008057 0.0000015789 0.0000000281
-0.0000003142 0.0000008180 0.0000000151 -0.0000021124 -0.0000007679 -0.0000001470
-0.0000000468 0.0000000151 0.0000000952 -0.0000000302 -0.0000001121 -0.0000000005
0.0000008057 -0.0000021124 -0.0000000302 0.0000055134 0.0000019696 0.0000003764
0.0000015789 -0.0000007679 -0.0000001121 0.0000019696 0.0000039216 0.0000000699
0.0000000281 -0.0000001470 -0.0000000005 0.0000003764 0.0000000699 0.0000004924

target_points_pix:
-2.0367121883 -2.1929650405 -1.4116115292 213.8916494507 616.9340019720
-2.1338844780 -1.9512781232 -1.1561328228 338.5853530447 632.1932864825
-2.1084470842 -2.1437595431 -0.8462827436 400.7980339855 495.1084650315
-2.1505036008 -1.8785447290 -0.6108959777 517.0254126766 508.2233358227
-2.1201637352 -2.1673998295 -0.5899136888 474.3384839786 425.5204132531
-2.1751026614 -2.0680547056 -0.2528774066 598.3954667998 371.4726522797
-1.8436795053 -2.0972325809 -0.0518107199 586.1201337698 237.7582939093
-1.9077635645 -2.1704114228 0.3559764829 711.2042331105 127.6336262789
-2.1512036865 -2.0910517822 0.6218258585 845.4156105942 133.9260949257
-2.1224839718 -1.9960204719 0.7841597400 912.3057115936 99.1535152598
-2.0318098922 -1.9024736379 -0.8205725347 420.0251975744 539.3485012175
-1.8643409561 -1.7298116612 -0.6347722235 461.6748932663 505.1594066402
-2.0424396500 -1.6700568512 -0.4559551200 576.8740791285 502.7223939905
-2.0356266141 -1.6670313584 -0.2216670401 653.9199874977 432.8026423527
-2.0876913757 -1.8532165545 -0.1977258456 635.7128775955 388.9433470738
-2.1047669438 -1.7534926241 0.2912902951 815.2760311566 277.6199038198
-1.8466322311 -1.7286678988 0.3992838197 815.2793944364 182.7096268803
-2.1872221107 -1.7737223126 0.6733064363 942.7803282097 186.1851837824
-2.0845885632 -1.5763585853 1.2476485262 1180.2648841003 25.2629492748
-1.9479517706 -1.5926219219 -0.8849578553 420.1577243307 640.1859887559
-1.9430668285 -1.4687702399 -0.9467022846 415.8800465847 702.5997133784
-1.9987360977 -1.5831478012 -0.6409907786 519.5028741905 576.7711984253
-2.0382461791 -1.3326640660 -0.1757110182 746.6916256118 517.4610543727
-1.9735375390 -1.6542454496 0.0160468711 724.4004402449 350.9886884503
-1.9694449003 -1.5102548261 0.2682812325 847.7641201898 308.1620009916
-1.8981907482 -1.3803410260 0.4931111575 958.1535705516 247.7499315407
-2.1515454672 -1.3696679846 0.5936939434 1029.5776846812 287.7355720691
-1.9307807712 -1.5504385109 1.0265756852 1101.0063425125 47.1087284574
-1.8791834842 -1.2260730902 -0.3393922451 676.1223294211 577.7307663848
-2.0440471078 -1.0966304069 -0.2533872139 781.3036500392 626.7290336951
-1.9713422318 -1.2553782583 -0.1780519513 752.1252302835 530.1149101199
-2.1413915681 -1.1443759247 0.1206337022 927.6854501021 501.6278635306
-1.9976942520 -1.1816657871 0.4636784555 1027.0789505306 339.1081475851
-1.8217791191 -1.1265258298 0.8101272096 1170.9268411845 174.6860678355
-1.8395378398 -1.0530488176 0.9953930873 1283.6594745010 129.4440200968
-2.1349248961 -1.0739685817 -0.3356921987 774.1142492737 678.8537339798
-2.0329931114 -1.0364522726 -0.2506829583 797.3846878979 646.9267748082
-1.9964769104 -0.9789673083 -0.0633441457 884.6440197155 594.7365747300
-2.0871240887 -1.0260110717 0.1519259638 970.5483347540 518.9308271420
-1.9391714603 -1.1528304928 0.6438297627 1102.4791186017 266.9757202429
-1.9513059150 -0.8941187468 0.7728669519 1268.3374488779 297.0142103701
-1.9221818306 -0.9124272166 0.0901865197 960.6260888295 546.8912790241
-2.0876470204 -0.8959227815 0.3128667921 1083.5429136402 506.9104893368
-2.1452367339 -0.9267502190 0.5820317656 1185.8246983685 413.0172303769
-2.1952372272 -0.7046575153 0.5517900690 1273.6697769809 512.0405204786
-1.8483290310 -0.4352708366 0.3157310814 1286.9169600299 647.7630472950
-1.7576145065 -2.1605108836 -1.2885426793 167.3041730284 551.2600852993
-1.7565167600 -2.0307767892 -1.1690698993 215.0775997030 554.8758328680
-1.7809738419 -1.8342199357 -0.8692251670 342.8150554584 529.3822787686
-1.7169756673 -2.0306084985 -0.3442061790 472.9826342153 305.6912750504
-1.6501252226 -2.1518835387 -0.1868133351 488.6540311171 215.6554997093
-1.9076947486 -2.0906629332 0.0539072926 633.6532912444 225.4317424580
-1.7608405348 -1.9343170826 0.0562900857 634.1534316398 219.3598806502
-1.9063764253 -1.8660205765 0.3738369208 782.9521013819 178.8886885735
-1.8966016870 -2.0532493118 0.5599591477 797.7876842983 88.1900496685
-1.3399871004 -2.0056671780 -1.2549875334 32.9848508486 511.0520641508
-1.5718650262 -1.8348688483 -0.8367522059 286.8396340759 477.5367871583
-1.5796895824 -2.1471275155 -0.5889229412 337.6644599244 317.4552212700
-1.6623309028 -2.0764444490 -0.4483026474 417.1756180790 312.4712256693
-1.6185755682 -2.0335792471 -0.1038771344 528.1232626089 207.5204140446
-1.3119388669 -2.0378495674 0.0669159930 507.2866867755 56.6758354773
-1.4426495618 -1.8136163176 0.1905162106 634.9393699651 105.3546031543
-1.5361605155 -2.1257179523 0.3896727763 659.6056294176 14.7623698453
-1.6094412696 -1.8973613024 0.6184070836 807.4749553979 6.3296148121
-1.2364419598 -1.9084281885 -0.8859257635 134.1604809700 392.4171794173
-1.4358768580 -2.0111886180 -0.8261469596 224.2638228288 391.6207690465
-1.4013295484 -1.8286690344 -0.4892912054 359.1188349672 322.1133538938
-1.2231305079 -1.8176706409 -0.3259783931 363.6695255476 213.1578338253
-1.3064759274 -1.9948704185 0.0836250030 520.1620611964 57.4112593663
-0.9644520576 -1.8324325372 -0.7568478830 69.1919408081 287.5920915654
-0.8996479791 -2.0374637846 -0.5070061223 130.9868630845 110.8481816277
-1.0352279963 -1.9014060949 -0.2873643345 296.7319576219 110.8998243610
-0.9005062453 -1.9343387993 -0.4449024492 167.5375847636 111.9293208566
-0.9123079585 -2.1284580629 -0.2558047657 232.1265871127 1.8617102465

gimbalangles:
-0.8696533915 2.2752377971

end: