T_CW:
-0.7900112125 0.0849491869 -0.6071786555 -0.0323240529
-0.6036985524 0.0649151561 0.7945653405 -0.0140194667
0.1069127768 0.9942684035 -0.0000000000 -0.0400000000
0.0000000000 0.0000000000 0.0000000000 1.0000000000

T_CW_cov:
0.0000027546 -0.0000003150 -0.0000002206 0.0000006965 0.0000058036 -0.0000003813
-0.0000003150 0.0000011272 0.0000000149 -0.0000025409 -0.0000006726 -0.0000001030
-0.0000002206 0.0000000149 0.0000001413 -0.0000000223 -0.0000004692 0.0000000327
0.0000006965 -0.0000025409 -0.0000000223 0.0000057997 0.0000014872 0.0000002428
0.0000058036 -0.0000006726 -0.0000004692 0.0000014872 0.0000122969 -0.0000007873
-0.0000003813 -0.0000001030 0.0000000327 0.0000002428 -0.0000007873 0.0000005792

target_points_pix:
-0.9593756649 2.0777024999 -0.1501370496 1279.7366389096 697.0942872608
-0.8567020351 2.0724969975 -0.4066799077 1322.7145753406 535.7386991472
-0.7284212964 2.1001550914 -0.2330155620 1190.3090894998 569.0212809578
-0.6547912955 2.0870834084 0.0211341981 1066.4671144231 662.5215317620
-0.6486645931 2.0381515495 -0.4048343834 1226.1406257920 460.4981936936
-0.3777328962 2.0709319294 -0.2918463810 1046.6325773026 415.0245031346
-0.6412038263 2.0387083890 -0.1132956810 1115.8571501570 598.5357032418
-0.3102710352 1.9260298101 0.1150357669 877.8202097931 593.0449369441
-0.3573603580 1.9284946584 -1.0399192768 1340.5432795340 29.0069705500
-0.3761262826 1.9359798530 -0.5684987763 1169.9541914038 274.5531860833
-0.1470818764 2.0278346330 -0.3590369503 964.8177573974 299.3650032082
-0.1320941456 1.8887090879 -0.2943923727 945.9411774329 317.1786074795
-0.3254142569 2.0063571584 0.0721937411 896.8636351939 571.0837962899
-0.2945068937 2.1581701266 0.2369112271 819.3764564786 622.8468110681
0.1684447460 2.0863360526 -0.6863863826 927.0395283474 47.0896776790
-0.1733428557 2.0220748053 -0.3567373217 977.1636745460 309.5042110898
0.1853169703 1.9556145586 -0.2926013520 785.1093021094 206.0122369192
0.1459432429 2.0821321832 0.0768023636 676.6249057636 400.0969769245
-0.1806544141 2.1115250387 0.4424313824 698.5504896718 679.4327820342
0.1613635871 2.1800453551 0.7561633745 455.2829654746 688.0957479745
0.0606416587 1.9370533156 -0.6051155074 961.4184412103 95.8382335117
0.1622540602 1.9938421750 -0.2072898762 765.4646691360 258.7548588141
0.1326497219 2.1934063378 0.1317613825 669.9811957820 429.2440821644
0.3584381887 2.0127258478 0.3252687757 490.2739476767 438.8303640008
0.0874333717 2.0552167764 0.3189859915 617.7734342230 531.6860908999
0.4776390888 2.1635637503 -0.5185001840 733.9372485241 36.4995658573
0.6165630709 1.8861184111 -0.3081537565 582.6736912889 34.2899784299
0.5187396521 1.9175698469 -0.0342267122 532.0669739950 206.9680847461
0.4658259500 2.1446281117 0.1786821967 511.4306229352 338.7889048955
0.3919355060 2.1616707571 0.6632135215 388.0685845906 571.4306609032
0.6224160129 2.1468195859 1.0820508387 160.2719505556 672.3361428680
0.6768563379 2.1689097534 1.0870847263 144.0032476843 653.6390015372
0.6149241260 2.1417820874 -0.0629871951 527.7623923012 186.1482950566
0.8744611877 1.9175934359 -0.1030143606 395.5809195543 49.5818162604
0.5774336625 2.1372701750 0.2631028182 437.1601088848 338.3343461237
0.8440934580 2.1902962990 0.6325766983 226.2361486076 409.2953074040
0.8537553440 2.0649362087 0.8229180708 127.8309458027 488.2818816381
0.5751346934 1.9643899407 1.0068573744 149.6776249359 677.8120037029
0.9446028517 1.9229887471 0.1001881458 294.3140981678 122.2051708652
0.8794509136 1.9301087444 0.2419634107 274.6580480144 212.1467725159
1.1616785174 2.1777586275 0.6995493964 83.4658105604 336.5173002885
0.8423272991 2.1471504388 0.7368052803 183.3857089139 453.4662733864
1.2067308529 1.8145079988 0.3760143933 48.7534209676 146.2492034918

gimbalangles:
2.5199240080 -1.5860450036

end: