T_CW:
-0.4871459756 -0.1689202186 0.8568283131 0.0060168859
0.8095403166 0.2807120125 0.5156018249 -0.0516685115
-0.3276175731 0.9448104179 0.0000000000 -0.0400000000
0.0000000000 0.0000000000 0.0000000000 1.0000000000

T_CW_cov:
0.0000013954 -0.0000000405 0.0000002144 0.0000000908 0.0000030576 0.0000002164
-0.0000000405 0.0000007303 -0.0000000479 -0.0000017216 -0.0000000819 0.0000002657
0.0000002144 -0.0000000479 0.0000001394 0.0000001141 0.0000004632 0.0000000176
0.0000000908 -0.0000017216 0.0000001141 0.0000041265 0.0000001827 -0.0000006210
0.0000030576 -0.0000000819 0.0000004632 0.0000001827 0.0000067653 0.0000004731
0.0000002164 0.0000002657 0.0000000176 -0.0000006210 0.0000004731 0.0000006055

target_points_pix:
-1.8671153541 2.1795732671 0.7269835846 1198.8732077119 90.0822322106
-1.7534698406 2.0793769081 0.4493600074 1098.6432650113 39.5699488307
-1.8353667562 2.1089405381 0.3759185790 1077.1890396367 2.3079935717
-1.7604356880 2.0656598370 0.6575958443 1185.5798471797 84.1574945906
-1.7705647096 1.9172214653 0.8435902795 1307.0668073820 91.7603129737
-1.5475518711 1.9219229687 0.2115461638 997.6523199702 10.5561805261
-1.4598821192 2.0390700871 0.4072914279 1038.0355830083 123.3554266721
-1.6794329719 2.0021970623 0.8621467882 1273.6095935755 149.1953355586
-1.2776452368 1.8694489727 0.0047508315 856.5594052278 42.0567363558
-1.0730605838 2.0018530190 0.3056842560 922.8899770643 239.9106782703
-1.2085726006 2.0127526755 0.3547681015 971.4333581962 200.3338970210
-1.4250652760 2.0144635608 0.6554444686 1142.0107929645 194.7801629306
-1.3457046956 1.9663000365 1.0873481235 1329.0058510393 331.0784928947
-0.9983895204 2.0661635568 -0.7131763571 447.1446188097 9.2862111642
-1.0393066434 1.9475716529 -0.2178789547 684.7363197754 96.3209588494
-0.9593756649 2.0777024999 -0.1501370496 683.2467923596 178.2259251261
-0.8521590024 1.9558607454 0.3663922634 909.5291711577 344.3938152378
-1.1747783765 1.9710647288 0.4070187887 996.3980162966 219.5231936219
-0.9249999966 1.8887475075 0.8621447902 1179.0296814201 445.3473854653
-0.9069592067 2.1009950598 1.1466473560 1238.1339770417 551.3250963844
-0.8567020351 2.0724969975 -0.4066799077 542.7886606787 148.5318901143
-0.7284212964 2.1001550914 -0.2330155620 584.5734241361 254.5879927128
-0.6547912955 2.0870834084 0.0211341981 681.3192900366 354.6420136127
-0.8817151466 2.0931652498 0.1051209762 775.2529372922 281.6234043381
-0.8630691661 1.9261983014 0.5737511127 1017.1578646088 395.0698345134
-0.7731890428 2.0682027516 0.6651492623 1006.6788905572 478.7015939122
-0.6987685676 1.8456276545 1.1680146625 1302.0548032920 648.6530587935
-0.8565034793 2.1796840996 1.0994869736 1185.1571795014 565.8606579126
-0.5762992154 2.1179589578 -1.3554400287 34.2254293404 10.3815989487
-0.6297357995 1.8838706853 -0.9646989781 198.2164983967 29.6192080777
-0.6869895166 1.9199697802 -0.9263750375 242.0043256339 28.2799700156
-0.6486645931 2.0381515495 -0.4048343834 484.5604759814 227.8750631406
-0.3777328962 2.0709319294 -0.2918463810 456.0973208124 388.2784037354
-0.6412038263 2.0387083890 -0.1132956810 618.9417098491 314.8311855168
-0.3102710352 1.9260298101 0.1150357669 643.9943195299 530.4564387841
-0.6231705820 2.1520952738 0.5384759296 899.6601446058 519.2171816793
-0.4974786646 2.1872748934 0.6050544679 895.0941408352 597.4333076847
-0.6114223086 2.1682011349 0.8039420480 1012.6442285933 597.7773993186
-0.3573603580 1.9284946584 -1.0399192768 64.4240770326 140.8464960743
-0.3761262826 1.9359798530 -0.5684987763 312.3408735567 281.8652902350
-0.1470818764 2.0278346330 -0.3590369503 345.9125146232 475.2049474146
-0.1320941456 1.8887090879 -0.2943923727 365.7161500631 489.2452398554
-0.3254142569 2.0063571584 0.0721937411 620.6450115466 515.8596362041
-0.2945068937 2.1581701266 0.2369112271 679.9148157395 589.8474387165
-0.3564413644 1.8880841855 0.3603360344 791.1463566701 581.6852471614
0.1684447460 2.0863360526 -0.6863863826 69.6964716621 540.9908882973
-0.1733428557 2.0220748053 -0.3567373217 355.7394223680 461.9439868918
0.1853169703 1.9556145586 -0.2926013520 252.1202626528 675.5257707679
0.0606416587 1.9370533156 -0.6051155074 126.6806167956 495.9509660471
0.1622540602 1.9938421750 -0.2072898762 312.0573631081 691.1300726850

gimbalangles:
-2.0762781610 -2.0392107763

end: