T_CW:
-0.0900441630 0.2179378046 0.9717999599 -0.0055621368
-0.3710873522 0.8981588607 -0.2358067810 -0.0765102026
-0.9242219570 -0.3818556982 0.0000000000 -0.0400000000
0.0000000000 0.0000000000 0.0000000000 1.0000000000

T_CW_cov:
0.0000011327 0.0000001697 -0.0000001282 -0.0000004054 0.0000024903 0.0000001751
0.0000001697 0.0000005136 -0.0000000611 -0.0000012176 0.0000003702 -0.0000000842
-0.0000001282 -0.0000000611 0.0000001096 0.0000001508 -0.0000002793 -0.0000000101
-0.0000004054 -0.0000012176 0.0000001508 0.0000029453 -0.0000008844 0.0000001998
0.0000024903 0.0000003702 -0.0000002793 -0.0000008844 0.0000055317 0.0000003870
0.0000001751 -0.0000000842 -0.0000000101 0.0000001998 0.0000003870 0.0000004782

target_points_pix:
-2.1338844780 -1.9512781232 -1.1561328228 106.5082595185 14.6265949593
-2.1809173402 -1.7582249058 -1.1945200920 103.4976625474 98.4121446675
-2.0424396500 -1.6700568512 -0.4559551200 396.7544564424 13.0528080297
-2.0123749693 -1.3051194687 -1.2605724813 31.2505158781 243.4692583662
-1.9479517706 -1.5926219219 -0.8849578553 186.3039767346 63.8091989914
-1.9430668285 -1.4687702399 -0.9467022846 158.7701966516 119.7246978362
-1.9987360977 -1.5831478012 -0.6409907786 309.9585448833 54.0168902632
-2.0382461791 -1.3326640660 -0.1757110182 548.2984824079 110.6195535719
-2.1515454672 -1.3696679846 0.5936939434 903.9676607637 39.8973523676
-2.1048315546 -1.4420218644 -1.3322701860 25.8100680454 215.3658510089
-2.1794605583 -1.2973912472 -1.0600853036 167.4492085752 259.9666777580
-2.1560010034 -1.2844100836 -0.7490828701 302.5434684062 225.5500290105
-1.8791834842 -1.2260730902 -0.3393922451 456.8817963317 130.8565511246
-2.0440471078 -1.0966304069 -0.2533872139 531.1604244802 221.4114319599
-1.9713422318 -1.2553782583 -0.1780519513 547.0388685285 124.3845910602
-2.1413915681 -1.1443759247 0.1206337022 713.1052983187 180.3386952883
-1.9976942520 -1.1816657871 0.4636784555 873.8818736946 84.6112624990
-1.8217791191 -1.1265258298 0.8101272096 1075.5348264492 6.2970644537
-1.8395378398 -1.0530488176 0.9953930873 1188.0537682795 20.7081257850
-2.0394518501 -0.8909256961 -0.9693699009 185.6841058221 403.7842340130
-2.0420969507 -0.8909787896 -0.6562326980 344.3033217125 365.3121721694
-2.1349248961 -1.0739685817 -0.3356921987 503.4434979545 262.0113709611
-2.0329931114 -1.0364522726 -0.2506829583 536.4139043150 245.2892734297
-1.9964769104 -0.9789673083 -0.0633441457 633.3073943941 239.4034370490
-2.0871240887 -1.0260110717 0.1519259638 740.0742917427 213.7174455986
-1.9391714603 -1.1528304928 0.6438297627 972.0482256931 56.2946269723
-1.9513059150 -0.8941187468 0.7728669519 1083.9726574741 158.7409804286
-1.9165474694 -0.9352670540 1.1869769548 1302.1023607111 74.6586055151
-2.0168946479 -0.8103344008 -1.0952591686 117.3355608890 455.8631271715
-1.9792499143 -0.6263073313 -0.9225304137 202.3094806303 525.0497250309
-1.9320490032 -0.6699029896 -0.8540167730 225.5758486677 485.3859716635
-1.8855696832 -0.5597975338 -0.3500282611 508.1530007473 469.7304865016
-2.0366653240 -0.5797354377 -0.1590398876 629.0666978285 457.2048107127
-1.9221818306 -0.9124272166 0.0901865197 717.4631178656 232.2753583147
-2.0876470204 -0.8959227815 0.3128667921 836.5552356363 252.1072872702
-2.1452367339 -0.9267502190 0.5820317656 962.8103315211 219.1456601448
-2.1952372272 -0.7046575153 0.5517900690 979.4271238682 333.4595119342
-2.1855105770 -0.6178990214 1.1340632223 1288.4092016446 299.5812067765
-2.1605347700 -0.4990530025 -1.1397686372 141.6482981733 640.1307828661
-1.8230665739 -0.3324337885 -0.5518839596 395.9359250380 629.2791397318
-1.8149502794 -0.3269151280 -0.6100474934 358.1835167848 640.9493118423
-2.0899565708 -0.6540210319 -0.0673717668 672.7728340191 415.9174688485
-1.8622674728 -0.4048797174 -0.1332856099 651.6679173936 525.6594418385
-1.8483290310 -0.4352708366 0.3157310814 920.2216491435 437.9846688769
-1.9499979981 -0.3936762340 0.4339978451 990.8396173002 462.9734204958
-2.0153473087 -0.6477465008 0.7552951249 1114.1091550969 296.2240276574
-1.9229062442 -0.3082140199 0.9843758897 1341.9713279176 426.2533804059
-1.9908447012 -0.3801654029 -0.5518766256 424.4576021369 615.7900318894
-1.9508663012 -0.4204201028 -0.3158605866 550.2982756756 554.7984094013
-1.9282228052 -0.3422863927 -0.1986349192 625.5288111199 581.7544290692
-1.8307278366 -0.3649187074 -0.1020312630 674.0431923955 541.0435978210
-2.1653125976 -0.3185303887 0.2228715646 872.2405608098 563.7965578461
-1.9953435832 -0.1856712384 0.4673006755 1047.0164961140 586.8653766521
-1.9613071819 -0.2579350469 0.9130657844 1302.5451867041 473.1232188684
-1.9042070367 -0.3653525365 0.8507424860 1251.6006722833 409.5327516837
-2.1040212686 -0.1858632528 0.2189118048 893.7162420415 632.8785158912
-2.1494438675 -0.1759117361 0.4480410634 1020.5904849653 611.0793029230
-2.0283383872 -0.1246051895 0.8113888460 1259.7850536619 576.7419066051

gimbalangles:
-1.3047325600 2.7615924137

end: