T_CW:
0.5995645071 0.6106294641 0.5173529351 0.0026360307
-0.3624638454 -0.3691531121 0.8557721312 -0.0346738948
0.7135421239 -0.7006123303 -0.0000000000 -0.0400000000
0.0000000000 0.0000000000 0.0000000000 1.0000000000

T_CW_cov:
0.0000005504 0.0000002611 -0.0000000156 -0.0000006559 0.0000013321 -0.0000000710
0.0000002611 0.0000010373 0.0000000216 -0.0000026492 0.0000006021 -0.0000000248
-0.0000000156 0.0000000216 0.0000000947 -0.0000000484 -0.0000000461 0.0000000034
-0.0000006559 -0.0000026492 -0.0000000484 0.0000068263 -0.0000015114 0.0000000826
0.0000013321 0.0000006021 -0.0000000461 -0.0000015114 0.0000032825 -0.0000001669
-0.0000000710 -0.0000000248 0.0000000034 0.0000000826 -0.0000001669 0.0000004681

target_points_pix:
0.7253359792 -2.1817755865 -0.2257816326 111.9413580883 527.5315539335
1.1100875946 -1.8342238030 -0.8506871293 186.4190868564 67.7903378035
1.1317356309 -2.0884930166 -0.7438131423 185.0878806342 184.3807412070
1.1412416106 -1.8295073638 -0.6345165439 264.3991044055 167.4475437642
0.9861579955 -1.8556052624 -0.1516633468 326.4937464017 442.8102942106
0.9744884137 -2.0744573202 -0.0279052589 310.0507473158 541.2285627105
1.0497963986 -2.1500163623 0.1130776453 365.2439703390 595.5113906228
1.1645815082 -1.9323382726 0.3340032188 523.0161710873 640.5025457670
1.1606328789 -2.0272679930 -0.9586497824 151.3948861776 68.7240122604
1.0563890159 -2.0877781419 -0.8747438649 114.4161302543 135.0929749865
1.4392129643 -1.8700391144 -0.5937131543 395.3114096909 156.6432644437
1.0957124707 -1.9729375961 -0.3804741473 286.7131947277 330.2697882414
1.1414929988 -1.8889137699 0.0034042731 432.7081489958 486.0079664181
1.0945837433 -2.0389881176 0.3006338205 459.4378946853 656.2804715392
1.4393964913 -1.9257707133 0.4658256223 652.5526870535 622.1003705164
1.5652340844 -2.0355103116 -0.8807376614 339.9764438580 65.1818286917
1.4552108980 -2.1534895360 -0.3988016236 391.0482468961 295.9691957430
1.4738540436 -2.1896147329 -0.4198177334 385.7537481452 291.5128013782
1.6178416807 -2.1438940522 -0.1704101383 500.1997308351 357.3351903340
1.4202388581 -1.9292284751 0.1519875394 565.4236779499 493.1182144218
1.4540855342 -1.8634546581 0.3616523237 648.4731240643 566.7870041594
1.6515776837 -1.9582625309 0.6261781571 741.9451971513 636.6066921000
1.6820347564 -1.9920003807 -0.9201346647 381.1986724090 28.9366458175
1.5500197577 -1.8331921533 -0.5554902840 454.7602065030 150.4471087147
1.5846467715 -1.9336166739 -0.6639477059 418.5665338050 125.5480888022
1.9321190477 -2.1599753080 -0.0702477115 608.1711222206 347.3895989241
1.6246449477 -1.8284173664 -0.1805362603 574.8435789938 296.3846146859
1.8287333310 -2.1096127800 0.4298580792 700.4024491516 537.2717285990
1.8189521181 -1.8687795054 0.3772446023 752.3382519773 491.2260107748
1.7038480056 -1.8301909512 0.6306533232 795.3883806994 613.3357023923
1.8578249553 -1.8757907193 0.9352734524 887.6624445101 697.8906170588
1.9274821332 -1.8498540672 -0.8353092798 510.7249392290 7.2661271355
2.0374027157 -2.1244149509 -0.3365820874 588.5934027778 235.1516660728
2.1491235341 -1.9917465812 -0.1360297587 688.2144512224 267.7916016835
2.1669461480 -2.0348379959 0.1746042754 745.0584290693 378.4986815258
1.9176417327 -2.0436961438 0.4066997927 734.2434056001 503.8956141845
2.0354595881 -2.0156551074 0.4343671524 774.6894567808 488.2120273785
1.9655835433 -1.8632290172 0.7976405260 882.9880813824 618.6561950756
2.0273682765 -2.1577992668 0.9862121687 848.3014288427 693.9406534968
2.1049719466 -1.9664742607 1.0985364536 942.4292639387 702.4530193766
1.9957364715 -1.7797589391 -0.6344362442 592.3759856299 60.8423125388
1.9042748829 -1.9042753353 -0.4328866630 581.5173203259 173.9186259590
1.8846077334 -1.9057062088 -0.2031318719 627.1267025455 263.3484168547
2.0334372040 -1.7098496250 -0.1674277110 726.5748471855 219.4845434419
2.1236293352 -1.8015306133 0.1567353075 794.3088135257 344.2258647237
1.9732330312 -1.8708953160 0.5405975112 825.0375331391 522.0303818789
2.0004682479 -1.7322488842 0.9316387829 963.3118704389 649.5890482015
2.0700970581 -1.7877601958 0.8939736929 949.2290898597 623.6625436831
2.1040546643 -1.5953632293 1.1211174053 1074.2959690478 685.3609169316
2.1734113672 -1.5304661388 -0.3488565010 771.4717453266 95.0525697626
2.0360158626 -1.6413631920 -0.1266119045 756.2441984537 221.1444457378
2.1760079290 -1.5067753085 0.2146109058 909.6624633364 308.4263299074
2.1510524493 -1.3680571994 0.4953890559 1021.0461277889 400.8266466542
1.9485776196 -1.5771893034 0.8674528474 993.9931925245 623.3220100973
1.9779646776 -1.3399022997 1.0300613741 1136.0384573459 661.0022424701
1.9298402056 -1.3764245007 -0.3359090599 759.2427857004 85.8589642239
1.8800404546 -1.1561776933 -0.0820716904 894.4109594822 147.4610769779
1.9377411544 -1.1464049791 -0.1445223815 895.5604486825 108.1747484259
2.1125434404 -1.0593333462 0.0697296499 1029.7027566883 161.3650839763
2.1461434616 -1.1768735850 0.4029253150 1073.8365294687 329.4269935522
2.1834451726 -1.1209511672 0.9264794814 1239.0871241834 538.5377744569
1.8952865478 -1.3855401085 0.9591116109 1083.9058955776 657.7704154354
2.1283005077 -1.4210392393 1.2035832250 1166.6467541361 698.2167177835
1.8489564548 -0.8233021713 0.0499289788 1080.1533994807 120.7116141648
2.0506481451 -0.8915399122 0.1756457601 1124.4258742238 175.8389898230
1.8428706516 -0.8046241369 0.6397838225 1279.2438181488 435.8768961944
1.8148677571 -0.9831299822 0.5822357699 1155.2197512085 447.3711928102
2.0602891066 -0.7588317401 0.4321516523 1272.2669443737 267.6529402865
1.9534167216 -0.7549891326 0.5780075232 1304.9510931518 364.8088776544
2.1753306282 -0.8351037718 0.6105572110 1297.1654799535 350.0897679360
1.9060279588 -0.5343612355 0.2312919742 1324.2950254564 118.2724783783

gimbalangles:
-2.6637633547 0.7992593696

end: