T_CW:
0.0189274917 0.0748216692 0.9970172856 -0.0016330529
0.2445113412 0.9665700554 -0.0771785730 -0.0722557029
-0.9694616826 0.2452428305 0.0000000000 -0.0400000000
0.0000000000 0.0000000000 0.0000000000 1.0000000000

T_CW_cov:
0.0000018985 0.0000000526 0.0000000236 -0.0000001144 0.0000040839 -0.0000003215
0.0000000526 0.0000010260 0.0000000513 -0.0000023500 0.0000001080 0.0000000666
0.0000000236 0.0000000513 0.0000001291 -0.0000001076 0.0000000476 -0.0000000000
-0.0000001144 -0.0000023500 -0.0000001076 0.0000054548 -0.0000002345 -0.0000001470
0.0000040839 0.0000001080 0.0000000476 -0.0000002345 0.0000088546 -0.0000006949
-0.0000003215 0.0000000666 -0.0000000000 -0.0000001470 -0.0000006949 0.0000006142

target_points_pix:
-2.0318886577 -0.0355871548 -0.8882548857 135.2655447747 22.7783951650
-2.0547946455 0.0862210311 -0.8260042083 189.9696999051 94.2819191870
-2.1850709518 0.1766330917 -0.3112378666 502.5531477779 120.1158203324
-2.1302348748 0.1741631005 -0.1246265184 601.4251987718 112.1971947170
-2.0390392157 0.0266576880 0.1803748992 770.4887567274 10.4849371675
-1.9661344430 0.3035449742 -0.9097239979 143.3573539350 232.6856738354
-2.0454334636 0.3772148178 -0.5915859606 347.6917572427 253.5783941349
-2.1816244200 0.2296391180 -0.0710292623 634.4268675706 139.3578247426
-1.9675215332 0.3735704689 0.1902147838 791.3672672315 223.1159912198
-2.0887152358 0.0614816292 0.3387705058 859.9700735226 25.2982895178
-2.0769750567 0.0640115888 0.5667352894 992.8232238307 16.1804541460
-1.9941609900 0.2033970308 0.8960104621 1201.7391304325 86.1021893103
-2.0626335454 0.1726966725 0.9732564367 1228.7898182878 63.1848919608
-1.8840413096 0.5647228005 -1.1197764381 29.2572254632 405.4545779777
-1.9473455670 0.4126422685 -0.7818783690 224.7178804895 292.9284039149
-2.0066460326 0.6115724411 -0.6800587517 312.3142712821 391.8982472885
-2.0791652291 0.3295714681 -0.3363269805 490.2230950913 212.5777852248
-1.8402832734 0.4158654489 -0.1641496241 581.2598205808 278.4958434566
-1.9344931987 0.4325288222 0.0665921622 722.2246031965 266.9253031826
-1.9133212325 0.3814166405 0.4228418836 935.1362809588 221.4677315911
-2.1177301546 0.5344848835 0.8821806181 1157.9524591141 269.0107138176
-1.8701820746 0.5244063918 0.8043567602 1173.4205539599 294.0433705377
-2.0155037014 0.8010569651 -0.8696889358 228.0612630795 498.0870088647
-2.1673274956 0.7457347923 -0.9069004719 232.6912427386 443.7196878973
-1.9276225520 0.5546474071 -0.3245354469 499.4418834339 356.8401926277
-1.8713581895 0.5522859957 -0.2850187113 518.2160044444 362.2940803912
-1.8224931774 0.7448238787 0.1113938527 765.0551525250 464.6176385627
-2.1551667523 0.8701160953 0.2237557347 811.2805994383 462.2041998602
-1.8270632441 0.8325440399 0.3756327394 924.4929496787 501.1170454044
-1.9080112085 0.6435965993 0.5817299777 1031.8461234423 369.0644850950
-2.0781406045 0.7120699937 1.1639855175 1314.4404973523 355.6045451584
-2.1409529270 1.1389351377 -0.8455270628 291.8744710819 632.0838618242
-2.0448295142 0.8634092785 -0.7908746612 280.9374326448 520.5059251981
-2.1695389388 1.1810225265 -0.6431337417 397.0598956128 636.8410013438
-1.9948059239 1.0655745301 -0.1236212339 642.4169057884 605.4922891183
-2.1700906082 1.1508405723 -0.0162742313 699.8405766478 600.0380225085
-1.8367116007 0.8470277910 0.1536552899 792.7250868832 517.3082035123
-1.9986951364 1.1030106421 0.5814468094 1016.8215368376 593.7844433907
-2.1424050024 0.9973981655 0.7258467959 1067.7760373498 505.7263162175
-1.9724816085 0.8915645896 0.8103530575 1146.4019842784 482.6305430601
-2.1613012954 1.0039976244 1.1786722693 1290.1043009543 487.0361563901
-2.0290123060 1.2616487263 -0.4540971774 482.8433875306 702.8389044462
-1.9996192975 1.1557197899 -0.0691214088 675.0855514311 645.8845590253
-2.0172029321 1.2486872717 0.8703872773 1163.2961280076 647.1525021412
-1.9405160173 1.1789700837 0.9741703808 1237.4995426372 628.9125703004

gimbalangles:
-1.5351072358 -2.7464819907

end: