T_CW:
0.7531507807 0.4631013196 0.4672269998 -0.0336659379
0.3980064436 0.2447282987 -0.8841373936 -0.0858686618
-0.5237888624 0.8518481247 0.0000000000 -0.0400000000
0.0000000000 0.0000000000 0.0000000000 1.0000000000

T_CW_cov:
0.0000007993 -0.0000002183 -0.0000001409 0.0000005293 0.0000018478 0.0000000885
-0.0000002183 0.0000011039 0.0000000522 -0.0000027414 -0.0000004936 -0.0000006029
-0.0000001409 0.0000000522 0.0000001156 -0.0000001212 -0.0000003154 -0.0000000236
0.0000005293 -0.0000027414 -0.0000001212 0.0000068687 0.0000011972 0.0000014813
0.0000018478 -0.0000004936 -0.0000003154 0.0000011972 0.0000043305 0.0000001940
0.0000000885 -0.0000006029 -0.0000000236 0.0000014813 0.0000001940 0.0000007632

target_points_pix:
-1.9948059239 1.0655745301 -0.1236212339 31.7537589632 37.0566880531
-1.8286879200 1.4165005558 -0.8183910290 76.7428445014 485.6349472935
-2.0290123060 1.2616487263 -0.4540971774 40.3884473001 244.5869511660
-2.0326420221 1.4386671003 -0.3715805411 142.6266075216 235.4458140673
-1.9996192975 1.1557197899 -0.0691214088 93.2761613074 32.7585781137
-1.9009715403 1.5663851847 -0.7367942106 146.2601955336 443.3527088690
-2.1088004373 1.4267765867 -0.4272348695 105.6729912519 245.0227170124
-2.1735839590 1.4343336267 -0.3174998151 118.5828905107 186.2786739033
-2.1721225624 1.4984821487 -0.1178589294 190.5032901141 111.4218506020
-1.9639243003 1.5608595716 -1.1649375478 32.5643529586 617.0010982289
-2.0007657291 1.7629935701 -0.6819514061 211.7750828076 416.5034031765
-1.8246755636 1.8365637605 -0.4718921123 327.3782117105 371.8514182528
-2.1978652673 1.5512577920 -0.0820733873 212.4709888911 103.1763095834
-1.8147805824 1.7005286935 -0.0912446736 368.0462166845 192.6497323041
-1.8980237103 1.9209957642 0.3535455110 505.7193009369 38.6290799669
-1.9677202375 1.9539953751 -0.8044858142 261.7398630043 486.3175032494
-1.9339633712 2.1588428389 -0.7672586114 340.9899381286 491.4001486342
-1.8537363930 2.1767514966 -0.4751485786 421.5292658087 400.3302775593
-2.0009461426 1.8884255044 -0.3091342856 331.6942532555 280.9911035076
-2.0839185599 2.1121327543 -0.1787392208 401.5271619666 248.1533033814
-1.8007556983 1.9812678047 0.0551784552 488.6677955874 181.5195849111
-1.8550348308 1.9371888628 -1.2800201119 187.2573530074 696.4773977677
-1.6410654609 2.1004963161 -1.1101007541 329.5572607342 682.6734827206
-1.7817101151 1.8511826209 -0.8074481766 272.1291354526 521.0125503107
-1.9389521875 2.1841326748 -0.6648628523 366.2464978981 454.8705419294
-1.8042215426 1.8813328659 -0.2818446438 388.0278225974 302.5234546243
-1.7767929336 2.0072491973 -0.1782002063 454.6251235668 281.7629303101
-1.7534698406 2.0793769081 0.4493600074 607.9678350440 50.4260742205
-1.8353667562 2.1089405381 0.3759185790 575.1446540634 74.8898574818
-1.3492337722 2.1057609491 -0.8169929086 474.2161806775 636.8643669605
-1.4983317879 2.0936842145 -0.5888533520 474.4608205402 507.8656118915
-1.6571184784 1.8321234448 -0.0621704696 464.4084360908 228.2996544626
-1.4726534281 2.0034281786 -0.0936720132 564.5242721820 299.1683154811
-1.5475518711 1.9219229687 0.2115461638 586.1526244854 143.6829580637
-1.4598821192 2.0390700871 0.4072914279 687.2016201525 96.0620950783
-1.3996928611 1.9829751266 -0.7729069412 431.5676308814 602.8590822049
-1.1860357705 2.0705200626 -0.6054671996 563.8267818377 586.7173197554
-1.4194715783 2.0828748510 -0.3704728398 542.2806214335 434.1069635476
-1.2776452368 1.8694489727 0.0047508315 620.2277501837 272.4050976100
-1.0730605838 2.0018530190 0.3056842560 804.2354049974 192.6619270078
-1.2085726006 2.0127526755 0.3547681015 763.2233324154 150.1255056142
-0.9983895204 2.0661635568 -0.7131763571 603.9117528693 685.0536875799
-1.1448503223 1.9295688788 -0.5001948033 563.6249368580 543.5060991043
-1.0393066434 1.9475716529 -0.2178789547 677.7455417234 437.9562144436
-0.9593756649 2.0777024999 -0.1501370496 756.3239919400 437.1246039695
-0.8521590024 1.9558607454 0.3663922634 909.4584061938 194.0147520805
-1.1747783765 1.9710647288 0.4070187887 780.6696850468 123.2079495339
-0.8567020351 2.0724969975 -0.4066799077 734.5153194873 582.2073589296
-0.7284212964 2.1001550914 -0.2330155620 838.3006063000 534.8072626461
-0.6547912955 2.0870834084 0.0211341981 934.9945698474 428.0409491650
-0.8817151466 2.0931652498 0.1051209762 853.7368433925 337.1771928330
-0.8630691661 1.9261983014 0.5737511127 953.7844565054 81.5169144496
-0.7731890428 2.0682027516 0.6651492623 1039.9635423171 84.9723946428
-0.6486645931 2.0381515495 -0.4048343834 817.7594393293 639.7771808197
-0.3777328962 2.0709319294 -0.2918463810 988.2970884881 666.7384630859
-0.6412038263 2.0387083890 -0.1132956810 898.3933710640 494.4901228353
-0.3102710352 1.9260298101 0.1150357669 1129.2513627030 452.2270221256
-0.6231705820 2.1520952738 0.5384759296 1091.4211974017 190.0455648615
-0.4974786646 2.1872748934 0.6050544679 1176.9245329180 187.1358748801
-0.6114223086 2.1682011349 0.8039420480 1166.0699334526 66.3365566649
-0.3254142569 2.0063571584 0.0721937411 1114.4348152024 480.4976230835
-0.2945068937 2.1581701266 0.2369112271 1190.2693441162 415.1443461346
-0.3564413644 1.8880841855 0.3603360344 1172.4087762500 290.0206570032
-0.2678971448 1.9786763423 0.6461625591 1320.0219561646 163.1170430496
-0.1806544141 2.1115250387 0.4424313824 1316.6832361314 325.5444472009

gimbalangles:
-0.4638905428 -1.8009532589

end: