T_CW:
-0.4040271512 0.6593860705 -0.6340126743 -0.0335539271
-0.3312437996 0.5406011620 0.7733226551 -0.0141200669
0.8526661752 0.5224561165 0.0000000000 -0.0400000000
0.0000000000 0.0000000000 0.0000000000 1.0000000000

T_CW_cov:
0.0000007282 -0.0000003291 0.0000001348 0.0000008495 0.0000017135 -0.0000002250
-0.0000003291 0.0000008622 -0.0000000476 -0.0000022023 -0.0000007745 0.0000004336
0.0000001348 -0.0000000476 0.0000001068 0.0000001279 0.0000003111 -0.0000000358
0.0000008495 -0.0000022023 0.0000001279 0.0000056850 0.0000019989 -0.0000011110
0.0000017135 -0.0000007745 0.0000003111 0.0000019989 0.0000040896 -0.0000005252
-0.0000002250 0.0000004336 -0.0000000358 -0.0000011110 -0.0000005252 0.0000006204

target_points_pix:
1.1070298076 2.0352606546 -0.4010910561 1338.1125077096 587.9160953487
1.2937655825 2.1835571116 -0.3637297557 1267.7063460216 587.1503005266
1.3538238077 1.9785164330 -0.2940629520 1174.0884529280 552.1060018913
1.3012936958 1.8779460917 -0.6268037580 1290.5017401461 394.3960061894
1.3172141628 1.9516388669 -0.3603113483 1205.9917254497 526.7632765092
1.5338095482 1.8798228867 0.1823071187 926.9832345259 675.1284028208
1.6517568517 2.0532827983 0.1027735693 963.3469755925 646.2025697722
1.7631702608 2.0808056352 -1.2812136364 1335.6692707633 133.4579106802
1.8403879572 1.8908816600 -0.9234629898 1169.3130167197 199.6007909175
1.5526027690 2.0810396741 -0.7090886073 1250.0643757644 369.6858295213
1.8629717589 1.9489552160 -0.3377369029 1006.1165946494 419.6197786967
1.7156691905 2.1057429675 -0.3842938436 1099.4459077100 465.8614554072
1.6259144061 2.0315266510 -0.0616660815 1015.2010267904 587.3597372102
1.8175531116 1.9386485974 0.2399735909 849.7403951967 631.5967249921
1.9248890548 2.0591581315 0.4394950177 801.5476531596 694.9204742286
1.9211683822 0.1359918091 0.3523883176 42.6914691742 134.4157609681
2.1786073514 0.1163252008 0.3660038469 38.3882358736 105.3115187809
2.0411823258 0.4248620549 -0.1403165224 395.1026390496 1.4907185321
1.9438511651 0.1053696058 0.3538797141 23.7036885363 119.0190060247
2.1946764291 0.4631732279 0.0532115749 328.3175236001 93.8577882353
2.0632829037 0.5445962566 0.1285032323 349.4420269123 169.7858350644
1.8979720761 0.3684671733 0.3103802266 199.7113779561 212.4930026725
1.9960923880 0.5722306000 0.7822565630 129.0388424688 487.1713800389
1.8710597108 0.8099321409 -0.1270716099 584.9298400250 172.9283464656
1.8732712174 0.7386851116 0.1801451262 440.0169278178 288.8405650151
2.1830827873 0.8306619622 0.2050011929 433.3258042520 279.4077149189
2.0240914080 0.6092170477 0.6903022229 181.0101092620 449.4229287663
2.1094725331 0.6303567883 0.5897954870 224.4040624036 392.8382725679
2.1382943156 0.7007350108 1.1690553675 64.2415352981 647.1120588396
1.9910756588 0.6830361682 1.0515137670 91.1790817755 637.8754703797
1.9554318540 0.8479488833 -0.1032449947 576.0455773290 186.8509889502
2.0820885222 0.9153317630 -0.0671913434 567.8261216093 208.9704719450
1.9718199071 1.1608418026 0.1337088444 609.9819479492 379.4978386000
2.0375524064 1.0028006463 0.4849500921 426.9819447855 465.8457647666
1.9247750093 1.1643136331 0.7865250118 405.9458763019 654.3847647960
2.0910844355 0.9079189113 0.8042084707 279.5754688354 558.7264770449
2.1198372318 1.2923371785 -0.8636543491 926.8807640879 18.4211974115
1.9304306795 1.2228028837 -0.5695244456 867.9618412607 121.1031409819
1.9332082462 1.2240534518 -0.3091263431 782.8715264107 226.0505308496
1.8825418409 1.0879971004 0.1379624357 598.0132524319 377.6985442409
2.0723865450 1.0737661855 0.0934347427 574.9486467884 322.0772746411
1.8786372721 1.3992617700 0.3556715000 638.7226966993 547.1729273096
1.9109174039 1.1165246120 0.6323720196 438.6714054917 584.7772451713
2.0543776964 1.1066270637 0.8183922915 360.5922081477 618.3964531008
1.9202230750 1.6161276385 -1.1194604044 1142.3070479834 38.8313019124
2.1719950041 1.3312834193 -0.8438112511 916.9784538125 35.8228770169
1.9959423886 1.4846583959 -0.4470288691 885.8713726356 241.7838936531
1.8442668460 1.6413290332 -0.3297220468 933.2388457207 349.9439464634
2.1265666331 1.5613718496 -0.0476425790 760.5392638403 386.4454277166
2.1621050722 1.6206868910 0.2900958392 676.7542184173 509.2487076515
2.0529398181 1.6940371335 0.3906949376 689.3170624523 581.5372648214
2.0565221317 1.8238578311 -1.3085013062 1191.0030262726 30.0953714063
2.0220705762 1.7917713969 -1.0380102918 1121.3232421177 115.1730431590
2.0264346805 1.6281954796 -0.7751321253 1009.8481438166 160.0693890745
2.1430706410 1.8094588362 -0.6250814690 977.1621706021 248.3605426776
1.8403405299 1.6816472661 -0.4285474942 974.9163273758 324.0157986606
2.1503249450 1.7195661166 0.1719919587 738.7015832717 492.0831406800
2.0918025611 1.8737719338 0.2909391949 759.2319663678 573.7105152378
2.0985304997 1.9546498073 -1.3409694483 1209.3636692525 55.3183581624
2.0132330313 1.8802037180 -0.8206312277 1081.9881910219 214.7664956037
2.1964470952 2.1330003466 -0.9438032293 1110.0390586341 219.9513030037
1.8490905711 1.9411383311 -0.3451350033 1010.4399365428 417.6259686382
2.1806425045 1.9729155912 -0.1883639695 890.5264339312 421.9356461081
1.8529430787 1.9351196944 0.1818550971 857.0363134628 601.7468266429
1.8483799352 1.8597187954 0.2031048715 831.8460115434 595.5571428546
2.1654789071 1.8911660364 0.5400688451 685.0172331010 641.6710563692
2.1793564671 2.0487078518 0.6511816064 696.2161856256 698.9739153038

gimbalangles:
2.4883166598 -0.5462758696

end: