T_CW:
0.4156255787 0.6541890067 0.6318956574 -0.0265441996
0.3388566198 0.5333557097 -0.7750534679 -0.0858895172
-0.8440566151 0.5362540727 0.0000000000 -0.0400000000
0.0000000000 0.0000000000 0.0000000000 1.0000000000

T_CW_cov:
0.0000007847 -0.0000003114 0.0000001131 0.0000007934 0.0000018441 -0.0000002455
-0.0000003114 0.0000008357 -0.0000000197 -0.0000021061 -0.0000007377 0.0000004192
0.0000001131 -0.0000000197 0.0000001067 0.0000000587 0.0000002542 -0.0000000235
0.0000007934 -0.0000021061 0.0000000587 0.0000053675 0.0000018783 -0.0000010460
0.0000018441 -0.0000007377 0.0000002542 0.0000018783 0.0000043927 -0.0000005827
-0.0000002455 0.0000004192 -0.0000000235 -0.0000010460 -0.0000005827 0.0000006622

target_points_pix:
-2.1850709518 0.1766330917 -0.3112378666 77.0118417410 46.1506942662
-2.0454334636 0.3772148178 -0.5915859606 80.5775377507 272.6219402833
-1.9473455670 0.4126422685 -0.7818783690 25.3492179822 396.6569555172
-2.0066460326 0.6115724411 -0.6800587517 173.5207173191 397.2166433535
-2.0791652291 0.3295714681 -0.3363269805 150.7832877909 128.7146093322
-1.8402832734 0.4158654489 -0.1641496241 275.9193195532 104.6926389938
-2.0155037014 0.8010569651 -0.8696889358 200.7348475927 530.4975485388
-2.1673274956 0.7457347923 -0.9069004719 158.8132531950 494.4645669535
-1.9276225520 0.5546474071 -0.3245354469 279.6162584258 227.8656384309
-1.8713581895 0.5522859957 -0.2850187113 297.8853493460 216.5907074085
-1.8224931774 0.7448238787 0.1113938527 549.5609429479 105.1665979566
-2.1551667523 0.8701160953 0.2237557347 578.3130202562 73.4198363451
-1.8270632441 0.8325440399 0.3756327394 684.3518785648 15.6713091522
-2.1409529270 1.1389351377 -0.8455270628 347.1125555097 566.8284682635
-2.0448295142 0.8634092785 -0.7908746612 255.0355102773 505.3638756192
-2.1695389388 1.1810225265 -0.6431337417 420.9182397035 493.8069031082
-1.9948059239 1.0655745301 -0.1236212339 563.7243330248 295.0318412455
-2.1700906082 1.1508405723 -0.0162742313 597.7574227423 252.1327523189
-1.8367116007 0.8470277910 0.1536552899 605.3858082375 123.3711455888
-1.9986951364 1.1030106421 0.5814468094 805.7638862054 20.0163658389
-1.8286879200 1.4165005558 -0.8183910290 495.9737296148 697.7320318904
-2.0290123060 1.2616487263 -0.4540971774 524.6101021265 471.0660502613
-2.0326420221 1.4386671003 -0.3715805411 609.0352995662 480.0897921221
-1.9996192975 1.1557197899 -0.0691214088 612.8058951723 298.3854307221
-1.8508449086 1.2533294366 0.1209409021 739.0712688446 272.8961676420
-1.8275087156 1.2445718864 0.4833325022 863.4084120506 122.4687535791
-1.9009715403 1.5663851847 -0.7367942106 563.9539364045 673.6046937692
-2.1088004373 1.4267765867 -0.4272348695 576.6806189975 482.0695346016
-2.1735839590 1.4343336267 -0.3174998151 600.3211101037 432.2273835268
-2.1721225624 1.4984821487 -0.1178589294 675.9740903596 377.3079192774
-2.1038104307 1.5453454380 0.3154965260 825.2078063449 246.6821453166
-1.8756328916 1.4181544575 0.6779339873 961.4825793411 97.5247774033
-1.8274701935 1.3188779672 0.6038785279 925.3300781036 97.9789440082
-2.0616398675 1.6203105521 0.9227851073 1027.1640285868 57.2024969865
-2.0007657291 1.7629935701 -0.6819514061 626.6600892000 662.6696045455
-1.8246755636 1.8365637605 -0.4718921123 741.2772048572 646.8777605437
-2.1978652673 1.5512577920 -0.0820733873 696.3284692989 373.0671085889
-1.8147805824 1.7005286935 -0.0912446736 817.4656490115 480.7926520335
-1.8687607905 1.6395216927 0.3740385226 927.2673811823 281.3364785684
-1.8980237103 1.9209957642 0.3535455110 981.5604890229 356.0220891671
-1.8992891162 1.6958315500 0.5927369583 997.5649879575 211.9287806554
-2.1280136359 1.9030231084 1.1200182238 1118.6954789088 68.3997779455
-1.8537363930 2.1767514966 -0.4751485786 826.0456063533 699.0056758780
-2.0009461426 1.8884255044 -0.3091342856 764.9804508049 557.9059743220
-2.0839185599 2.1121327543 -0.1787392208 838.0727274459 539.8394387345
-1.8007556983 1.9812678047 0.0551784552 937.9903767028 492.2304788357
-2.0021261078 2.0086463683 0.6719158105 1058.0320474971 254.6736866091
-1.8671153541 2.1795732671 0.7269835846 1147.4102513488 294.5077284800
-1.9047003350 1.8680613442 1.0806603821 1173.7194135902 85.7660863145
-1.9973255520 2.0750879804 1.4269123231 1271.9094406029 23.4922190323
-1.8124172708 1.9439885406 1.3066086394 1285.5777735877 34.3079693436
-1.8042215426 1.8813328659 -0.2818446438 813.8889670193 591.7984891388
-1.7767929336 2.0072491973 -0.1782002063 883.8854112469 585.7486884997
-1.7534698406 2.0793769081 0.4493600074 1086.9480336261 383.0844102002
-1.8353667562 2.1089405381 0.3759185790 1047.3550187752 401.8163229352
-1.7604356880 2.0656598370 0.6575958443 1141.2924447442 304.8047364762
-1.7705647096 1.9172214653 0.8435902795 1161.9657097335 196.8793010705
-1.6571184784 1.8321234448 -0.0621704696 904.5227873452 534.6585533547
-1.4726534281 2.0034281786 -0.0936720132 995.9010090807 630.9481515190
-1.5475518711 1.9219229687 0.2115461638 1047.7844612957 473.6816638963
-1.4598821192 2.0390700871 0.4072914279 1168.8619666571 443.7408959289
-1.6794329719 2.0021970623 0.8621467882 1217.4020703049 224.3743630001
-1.2776452368 1.8694489727 0.0047508315 1063.1231429569 617.2420426424
-1.0730605838 2.0018530190 0.3056842560 1297.2354847792 574.8247856963
-1.2085726006 2.0127526755 0.3547681015 1251.7595004587 517.5101970493
-1.4250652760 2.0144635608 0.6554444686 1257.7524901354 344.6984627682
-1.1747783765 1.9710647288 0.4070187887 1277.4253956375 492.0496377289

gimbalangles:
-0.6667761969 -2.6030270914

end: