T_CW:
0.7318898446 0.0779601439 -0.6769486475 -0.0650290644
-0.6731405951 -0.0717022350 -0.7360302498 -0.0585419345
-0.1059197552 0.9943746806 0.0000000000 -0.0400000000
0.0000000000 0.0000000000 0.0000000000 1.0000000000

T_CW_cov:
0.0000029876 -0.0000001075 -0.0000002467 0.0000002054 0.0000062582 -0.0000001962
-0.0000001075 0.0000010724 0.0000000176 -0.0000024195 -0.0000002158 -0.0000001410
-0.0000002467 0.0000000176 0.0000001416 -0.0000000300 -0.0000005214 0.0000000147
0.0000002054 -0.0000024195 -0.0000000300 0.0000055273 0.0000004090 0.0000003217
0.0000062582 -0.0000002158 -0.0000005214 0.0000004090 0.0000131752 -0.0000004149
-0.0000001962 -0.0000001410 0.0000000147 0.0000003217 -0.0000004149 0.0000005348

target_points_pix:
-1.4598821192 2.0390700871 0.4072914279 23.4184687130 603.5393821044
-1.0730605838 2.0018530190 0.3056842560 188.1644784423 511.9381578812
-1.2085726006 2.0127526755 0.3547681015 123.1758372096 539.7025545449
-0.9593756649 2.0777024999 -0.1501370496 415.8195466696 645.9965829948
-0.8521590024 1.9558607454 0.3663922634 237.1192450353 407.3578013962
-1.1747783765 1.9710647288 0.4070187887 103.1263846115 510.9294772537
-0.7284212964 2.1001550914 -0.2330155620 537.3356796710 594.2579273193
-0.6547912955 2.0870834084 0.0211341981 470.8286879631 466.4250508896
-0.8817151466 2.0931652498 0.1051209762 355.0165039080 513.7268907722
-0.8630691661 1.9261983014 0.5737511127 143.8225837950 323.5611459414
-0.7731890428 2.0682027516 0.6651492623 185.5648174411 248.6648052596
-0.8565034793 2.1796840996 1.0994869736 36.4623454939 112.0105645335
-0.6486645931 2.0381515495 -0.4048343834 627.0092872013 646.5037536285
-0.3777328962 2.0709319294 -0.2918463810 696.2091914240 494.7989285431
-0.6412038263 2.0387083890 -0.1132956810 519.8334789721 522.1766106465
-0.3102710352 1.9260298101 0.1150357669 554.1242125963 302.1806550414
-0.6231705820 2.1520952738 0.5384759296 307.0207131948 244.3373335473
-0.4974786646 2.1872748934 0.6050544679 336.6419004462 172.8925203128
-0.6114223086 2.1682011349 0.8039420480 221.1287432697 136.0131194181
-0.3761262826 1.9359798530 -0.5684987763 803.2042872729 633.4552419292
-0.1470818764 2.0278346330 -0.3590369503 818.2723483214 439.7618195328
-0.1320941456 1.8887090879 -0.2943923727 801.1328174207 416.7816061100
-0.3254142569 2.0063571584 0.0721937411 573.4751564903 325.0766674262
-0.2945068937 2.1581701266 0.2369112271 539.9322140612 243.1073448067
-0.3564413644 1.8880841855 0.3603360344 428.0049948769 210.1806671770
-0.2678971448 1.9786763423 0.6461625591 367.7993086595 51.1640978890
0.1684447460 2.0863360526 -0.6863863826 1077.6679335620 452.5056858529
-0.1733428557 2.0220748053 -0.3567373217 806.1878629808 449.5119216275
0.1853169703 1.9556145586 -0.2926013520 943.5973934560 279.3588203831
0.1459432429 2.0821321832 0.0768023636 773.3376447629 136.2953064348
-0.1806544141 2.1115250387 0.4424313824 503.1523098390 114.2113326146
0.0772792683 2.0876626451 -0.8678561815 1107.2904558501 563.8251237511
0.1825358325 1.8096035881 -0.9249628995 1238.7844055491 593.4203079132
0.0606416587 1.9370533156 -0.6051155074 1016.9923975814 474.8715464772
0.1622540602 1.9938421750 -0.2072898762 895.3288636716 250.4686766187
0.1326497219 2.1934063378 0.1317613825 748.0717958560 125.7148158662
0.0874333717 2.0552167764 0.3189859915 653.8970446466 54.0863236400
0.4263787641 2.0360262969 -0.9802595292 1320.6221644388 483.9734559403
0.4966650149 2.0206560720 -0.6076416902 1207.5531985429 290.8840814844
0.4776390888 2.1635637503 -0.5185001840 1135.8975823707 259.1026951549
0.6165630709 1.8861184111 -0.3081537565 1169.2710473929 93.9811655644
0.5187396521 1.9175698469 -0.0342267122 996.3739508591 10.9024499452
0.6471853462 2.0880566141 -0.6773740498 1289.0774470584 259.6609587333
0.6892817683 2.0844330099 -0.6493308926 1298.3444718974 230.2722049820
0.6149241260 2.1417820874 -0.0629871951 1024.9034315940 11.6903495594

gimbalangles:
0.7468110032 -1.7102022429

end: