T_CW:
-0.2771585556 -0.2404605678 -0.9302482735 -0.0505688339
-0.7026565434 -0.6096192520 0.3669307150 -0.0203871131
-0.6553296248 0.7553430233 0.0000000000 -0.0400000000
0.0000000000 0.0000000000 0.0000000000 1.0000000000

T_CW_cov:
0.0000010781 -0.0000003806 0.0000000243 0.0000010226 0.0000027256 -0.0000001889
-0.0000003806 0.0000005716 -0.0000000100 -0.0000015500 -0.0000009565 0.0000001630
0.0000000243 -0.0000000100 0.0000000711 0.0000000312 0.0000000517 -0.0000000047
0.0000010226 -0.0000015500 0.0000000312 0.0000042612 0.0000025691 -0.0000004266
0.0000027256 -0.0000009565 0.0000000517 0.0000025691 0.0000069472 -0.0000004706
-0.0000001889 0.0000001630 -0.0000000047 -0.0000004266 -0.0000004706 0.0000004723

target_points_pix:
-2.1409529270 1.1389351377 -0.8455270628 1232.3712811099 597.1633254251
-2.0448295142 0.8634092785 -0.7908746612 1300.8117997242 703.1370217719
-2.1695389388 1.1810225265 -0.6431337417 1123.9572854937 627.0146279719
-2.0399436914 1.3696646788 -1.0918728226 1279.3140002274 434.6091817245
-1.9984313436 1.4414017589 -1.0534970561 1241.2326836984 404.6094555507
-1.8286879200 1.4165005558 -0.8183910290 1139.5005414434 398.8990872059
-2.0290123060 1.2616487263 -0.4540971774 1009.9807111940 590.3939245616
-2.0326420221 1.4386671003 -0.3715805411 934.2380651485 539.7729771650
-1.9996192975 1.1557197899 -0.0691214088 842.0579358305 702.0802416117
-1.8508449086 1.2533294366 0.1209409021 712.8966175920 654.2992542322
-2.0866935364 1.6184103766 -1.2425579830 1270.8360589833 347.4089293528
-2.0193434510 1.3647482125 -1.0727880773 1272.6666177800 433.0326685510
-1.9009715403 1.5663851847 -0.7367942106 1064.7252488185 390.2655255226
-2.1088004373 1.4267765867 -0.4272348695 966.0676182945 555.8984701267
-2.1735839590 1.4343336267 -0.3174998151 920.5059031741 590.1213549426
-2.1721225624 1.4984821487 -0.1178589294 823.9146667399 600.8412937418
-2.1038104307 1.5453454380 0.3154965260 625.9381726763 639.7702748569
-1.8756328916 1.4181544575 0.6779339873 432.4711132787 696.6340413751
-2.0616398675 1.6203105521 0.9227851073 358.9184575917 702.8853197519
-2.1801184842 1.6380492749 -1.2162635370 1252.4519202890 375.5374267767
-1.9639243003 1.5608595716 -1.1649375478 1256.8974361577 336.5941142585
-2.0007657291 1.7629935701 -0.6819514061 1002.3522329572 373.4413291243
-1.8246755636 1.8365637605 -0.4718921123 891.1523329257 332.1656722926
-2.1978652673 1.5512577920 -0.0820733873 803.5161517302 594.8012433005
-1.8147805824 1.7005286935 -0.0912446736 747.0226819138 434.9512988973
-1.8687607905 1.6395216927 0.3740385226 556.4339253450 553.2554537292
-1.8980237103 1.9209957642 0.3535455110 550.1594404752 465.7474501474
-1.8992891162 1.6958315500 0.5927369583 463.7966519307 579.3244547946
-2.1280136359 1.9030231084 1.1200182238 293.8004157520 647.7509103730
-2.1470381419 2.1145932488 -1.6135478239 1283.5199337734 191.1421737690
-1.9564693180 1.9434128026 -1.6015795891 1329.6681801084 165.7639743576
-1.9105360566 1.9809712425 -1.4134013561 1246.6776873871 171.6798007410
-1.9677202375 1.9539953751 -0.8044858142 1013.1136543682 293.0984847830
-1.9339633712 2.1588428389 -0.7672586114 960.3861913355 240.4584667021
-1.8537363930 2.1767514966 -0.4751485786 842.2432283337 255.6409490691
-2.0009461426 1.8884255044 -0.3091342856 830.2662520853 398.7613781754
-2.0839185599 2.1121327543 -0.1787392208 759.3453064047 382.7035715045
-1.8007556983 1.9812678047 0.0551784552 651.8635081959 371.8455812569
-2.0021261078 2.0086463683 0.6719158105 438.5248903322 516.7224464639
-1.8671153541 2.1795732671 0.7269835846 389.5724462512 440.7137173545
-1.9047003350 1.8680613442 1.0806603821 260.5242535093 601.1466583929
-1.9973255520 2.0750879804 1.4269123231 154.8126278672 607.9699826180
-1.8124172708 1.9439885406 1.3066086394 150.1462933598 588.3646486232
-1.7577251011 1.9604673058 -1.4822890344 1283.4264891863 109.7787542726
-1.8550348308 1.9371888628 -1.2800201119 1205.2052175324 183.3445859742
-1.6410654609 2.1004963161 -1.1101007541 1095.9097874227 98.8085237517
-1.7817101151 1.8511826209 -0.8074481766 1028.0069566132 256.9071030342
-1.9389521875 2.1841326748 -0.6648628523 918.2485709943 251.7349038414
-1.8042215426 1.8813328659 -0.2818446438 802.7103737966 345.1131306174
-1.7767929336 2.0072491973 -0.1782002063 740.8003600364 319.5356079591
-1.7534698406 2.0793769081 0.4493600074 479.8688587228 393.7598920324
-1.8353667562 2.1089405381 0.3759185790 520.4116303080 397.8095275057
-1.7604356880 2.0656598370 0.6575958443 398.9261566798 432.7638168999
-1.7705647096 1.9172214653 0.8435902795 327.6716781306 511.1507842260
-1.5673731990 2.1856570907 1.4301868938 51.1796279827 465.6788096271
-1.5671864977 2.1306784232 -1.2809612645 1158.1801226700 36.4818593485
-1.3492337722 2.1057609491 -0.8169929086 959.5267760489 31.5733545013
-1.4983317879 2.0936842145 -0.5888533520 873.0859430901 133.4429782652
-1.6571184784 1.8321234448 -0.0621704696 698.6716393302 348.5392923966
-1.4726534281 2.0034281786 -0.0936720132 668.9627230015 230.9861325953
-1.5475518711 1.9219229687 0.2115461638 553.6131340463 333.4732224054
-1.4598821192 2.0390700871 0.4072914279 445.9671491380 304.5669669092
-1.6794329719 2.0021970623 0.8621467882 300.3150345253 461.5948398321
-1.4209454531 1.8676090554 1.0841520386 134.3250265465 465.4695440994
-1.3899147558 2.1238306384 1.3530480406 26.7630595638 419.5882366504
-1.3996928611 1.9829751266 -0.7729069412 967.5412763262 85.8943455368
-1.1860357705 2.0705200626 -0.6054671996 858.4746138941 5.5327142402
-1.4194715783 2.0828748510 -0.3704728398 773.6346514052 143.2380211528
-1.2776452368 1.8694489727 0.0047508315 608.2214869732 208.8864538204
-1.0730605838 2.0018530190 0.3056842560 413.0115448640 145.7260204305
-1.2085726006 2.0127526755 0.3547681015 419.2175988886 208.9595389067
-1.4250652760 2.0144635608 0.6554444686 331.0489171333 343.0814731725
-1.3457046956 1.9663000365 1.0873481235 117.0083857175 408.4250242985
-1.1448503223 1.9295688788 -0.5001948033 828.9249364312 36.1242759022
-1.0393066434 1.9475716529 -0.2178789547 671.3057622172 38.4178006779
-0.8521590024 1.9558607454 0.3663922634 327.6883240198 66.5828049033
-1.1747783765 1.9710647288 0.4070187887 388.0949523268 216.5922493845
-0.9249999966 1.8887475075 0.8621447902 85.4607092545 226.2833884856
-0.8630691661 1.9261983014 0.5737511127 219.9678356784 124.4519874404
-0.7731890428 2.0682027516 0.6651492623 150.7520476908 63.3686886306

gimbalangles:
1.9852684248 -2.2525637176

end: