T_CW:
-0.4043014473 0.8720969913 -0.2756577178 -0.0190446144
-0.1159408429 0.2500897805 0.9612558570 -0.0156491699
0.9072475189 0.4205971224 0.0000000000 -0.0400000000
0.0000000000 0.0000000000 0.0000000000 1.0000000000

T_CW_cov:
0.0000010966 -0.0000000275 0.0000002905 0.0000000818 0.0000024779 -0.0000000873
-0.0000000275 0.0000010331 -0.0000000179 -0.0000025131 -0.0000000463 0.0000007133
0.0000002905 -0.0000000179 0.0000001895 0.0000000544 0.0000006434 -0.0000000317
0.0000000818 -0.0000025131 0.0000000544 0.0000061825 0.0000001459 -0.0000017294
0.0000024779 -0.0000000463 0.0000006434 0.0000001459 0.0000056671 -0.0000001766
-0.0000000873 0.0000007133 -0.0000000317 -0.0000017294 -0.0000001766 0.0000010330

target_points_pix:
1.5338095482 1.8798228867 0.1823071187 1196.4765008676 591.8436286778
1.6517568517 2.0532827983 0.1027735693 1219.2043758752 549.3539667709
1.8403879572 1.8908816600 -0.9234629898 1228.1788126194 35.9348681302
1.8629717589 1.9489552160 -0.3377369029 1162.2434019694 313.5319145029
1.7156691905 2.1057429675 -0.3842938436 1275.7404121248 318.0334252001
1.6259144061 2.0315266510 -0.0616660815 1245.4546065169 470.5480613456
1.8175531116 1.9386485974 0.2399735909 1099.5620952919 581.3948997909
1.9248890548 2.0591581315 0.4394950177 1078.6318475164 662.5767926129
2.0149956616 -0.0249350183 -0.0543509498 146.7079484333 144.9775609255
1.9958726695 0.0686412089 -0.1886466928 232.8577712645 80.4612837466
1.9211683822 0.1359918091 0.3523883176 184.1489302403 434.6196371327
2.1786073514 0.1163252008 0.3660038469 169.3415831719 411.8676877311
1.8301410415 0.1063793643 0.6727950514 104.6320615431 655.2716190406
2.0411823258 0.4248620549 -0.1403165224 435.7925953122 181.9260877782
1.9438511651 0.1053696058 0.3538797141 163.0875657084 428.3602462050
2.0492906402 0.1592700833 0.4628330884 180.4338823511 488.3872849733
2.1354501132 0.6857830925 -0.5689497110 619.6630351145 5.4706870296
2.1728366635 0.3511639663 -0.4284264483 425.7244434787 14.7788371043
2.1946764291 0.4631732279 0.0532115749 410.1995037666 290.3936400713
2.0632829037 0.5445962566 0.1285032323 456.2122845328 349.1334750872
1.8979720761 0.3684671733 0.3103802266 343.3257331970 444.2676909744
1.8710597108 0.8099321409 -0.1270716099 666.7561063972 257.6157735822
1.8732712174 0.7386851116 0.1801451262 580.4448462953 420.4335850180
2.1830827873 0.8306619622 0.2050011929 569.2361774672 415.6820957169
2.0240914080 0.6092170477 0.6903022229 410.0317507891 666.3748198079
2.1094725331 0.6303567883 0.5897954870 427.1147781974 598.7154079722
1.9089759812 0.8085310986 -0.5822388722 728.9943348877 4.8264841892
1.9554318540 0.8479488833 -0.1032449947 663.4832611425 274.1844561430
2.0820885222 0.9153317630 -0.0671913434 663.7208419233 298.0577580920
1.9718199071 1.1608418026 0.1337088444 768.2220872361 437.4911095658
2.0375524064 1.0028006463 0.4849500921 634.0779415134 589.2607204781
1.9304306795 1.2228028837 -0.5695244456 905.7989937209 93.8141569589
1.9332082462 1.2240534518 -0.3091263431 868.2231745057 225.4617888268
1.8825418409 1.0879971004 0.1379624357 757.0454264841 440.1951854116
2.0723865450 1.0737661855 0.0934347427 713.3394397994 398.6094764400
1.8786372721 1.3992617700 0.3556715000 861.8287810548 583.5770564444
1.9109174039 1.1165246120 0.6323720196 690.8164135575 696.0423631909
1.9959423886 1.4846583959 -0.4470288691 971.0384426196 197.3394433127
1.8442668460 1.6413290332 -0.3297220468 1061.9074316739 277.9011326303
2.1265666331 1.5613718496 -0.0476425790 910.5425317376 384.2123917994
2.1621050722 1.6206868910 0.2900958392 880.8974472430 533.5921363957
2.0529398181 1.6940371335 0.3906949376 922.6027953889 597.2328749965
2.0264346805 1.6281954796 -0.7751321253 1055.4434008152 69.3093866204
2.1430706410 1.8094588362 -0.6250814690 1060.2151713533 165.4262163848
1.8403405299 1.6816472661 -0.4285474942 1091.3620585706 236.0260303384
2.1503249450 1.7195661166 0.1719919587 932.6255541395 492.7116720272
2.0918025611 1.8737719338 0.2909391949 986.0312792420 562.3197873390
2.0132330313 1.8802037180 -0.8206312277 1148.1969936497 88.7776407525
2.1964470952 2.1330003466 -0.9438032293 1176.9230036295 82.0436930924
1.8490905711 1.9411383311 -0.3451350033 1165.7190713554 309.7671356763
2.1806425045 1.9729155912 -0.1883639695 1048.9942641446 364.7602377299
1.8529430787 1.9351196944 0.1818550971 1093.8245609885 549.6319906169
1.8483799352 1.8597187954 0.2031048715 1066.6651535826 553.6961785741
2.1654789071 1.8911660364 0.5400688451 942.5595174655 657.0554141770

gimbalangles:
2.8306523921 -0.5791164306

end: