sensor_name: gimbal
sensor_id: M
model_type: pinhole
distortion_type: radtan
width: 1280
height: 720
fx: 1106.5755154
fy: 1106.9114540
cx: 645.01789683
cy: 350.82169300
k1: -0.002274514
k2: -0.003783092
k3: 0
p1: 0.000867685
p2: 0.001817207
