T_CW:
-0.4369555543 -0.8430367254 -0.3136222620 -0.0425448905
-0.2602918033 0.4522623233 -0.8530574237 -0.0653380299
0.8609982699 -0.2911148753 -0.4170540836 -0.0546498191
0.0000000000 0.0000000000 0.0000000000 1.0000000000

T_CW_cov:
0.0000006549 -0.0000000522 0.0000001570 0.0000001483 0.0000015864 -0.0000001560
-0.0000000522 0.0000005980 0.0000000133 -0.0000015729 -0.0000001404 0.0000005464
0.0000001570 0.0000000133 0.0000001120 -0.0000000271 0.0000003602 -0.0000000134
0.0000001483 -0.0000015729 -0.0000000271 0.0000041971 0.0000003948 -0.0000014144
0.0000015864 -0.0000001404 0.0000003602 0.0000003948 0.0000039041 -0.0000003934
-0.0000001560 0.0000005464 -0.0000000134 -0.0000014144 -0.0000003934 0.0000009206

target_points_pix:
1.1646618641 -1.3994225008 -1.8999604189 1340.9371934775 681.0045216363
1.3366147058 -1.5107727898 -2.0124757643 1304.7670474142 649.6596276625
1.5999598486 -1.9341720935 -1.5824400126 1312.6441523389 342.7747563459
1.5798023544 -1.8746761661 -1.3568949353 1292.8234755855 265.2827579448
1.5652340844 -2.0355103116 -0.8807376614 1333.1197899692 13.3068971711
1.4528564790 -1.6598804076 -1.8320190018 1296.6848301528 521.6243641957
1.6979698655 -1.3455571882 -1.9570761194 1110.2970449488 592.9397038243
1.7663122043 -1.8342091207 -1.7349238641 1225.7488041736 399.6891137927
1.7984505393 -2.0074320268 -1.3755868466 1248.9652955952 227.9991758408
1.6677061205 -2.0403325325 -1.2331624542 1304.1394550264 172.2513427900
1.6820347564 -1.9920003807 -0.9201346647 1268.0166970496 39.2641944573
1.6699498579 -1.6756908929 -1.8676287179 1218.8758691192 493.5672362005
1.7503482467 -1.4139824944 -1.9330663828 1113.3779733581 559.5146243798
1.6086240389 -1.3759422775 -2.1769863102 1164.4817058528 677.3509604176
1.8099044246 -1.1685900485 -2.1964658196 1036.6549580989 687.5550959186
1.8517101813 -1.8158071205 -1.9202430645 1200.4413297858 455.6232006034
2.0612107624 -2.0207807403 -1.5899707244 1174.4071911702 283.4161549037
2.1079238686 -1.9359357685 -1.5871010164 1136.2473221573 293.0681181826
2.0096760173 -2.1288364080 -1.1688124664 1199.9811082271 113.4281874822
2.0471600104 -1.9719186906 -0.9509305647 1126.7426566802 50.0457495290
1.9274821332 -1.8498540672 -0.8353092798 1119.5969125670 22.1042787784
1.8652701462 -1.8208169787 -2.1046506354 1206.4925860047 511.9321520976
1.8596756203 -1.9310635161 -1.8207909020 1225.8046309323 399.0784369372
2.0422816431 -1.6552998450 -1.4431634057 1063.6496010809 298.2817261668
2.1282697156 -1.9395770402 -1.2939864247 1113.4883770375 186.9962161169
1.9530555861 -1.9476085270 -1.1788937501 1165.0282004870 150.8346050224
1.8838081623 -1.6556635258 -2.1633819886 1157.5128147727 559.7955375412
1.9935738669 -1.4877829304 -1.5690665399 1035.0716994130 380.8363395243
2.0514362961 -1.6443114163 -1.6249753399 1070.5526518708 363.8289049876
2.1471450446 -1.4406520659 -1.0608778431 932.0290105765 183.2668065800
1.8687685884 -1.3169604258 -1.0557104289 968.3409042846 225.1029025756
2.0202869862 -1.3816786268 -0.6436614308 902.3549773165 15.5098211433
2.1646167347 -1.1212737102 -1.9130174607 904.7451051878 543.5892757332
2.1417190529 -1.3373523818 -1.7110508861 959.1936467887 439.9601518194
1.8336712306 -1.1288074433 -1.3115825326 935.3690536358 378.3423665950
2.1758911287 -1.3998298589 -1.1849767330 922.7197245241 237.3483952633
2.1829607998 -1.2976571895 -1.1393445659 881.9337425115 238.0247745351
2.1785724693 -1.3671054240 -0.8981220472 881.6549454790 128.1439900388
2.1857920555 -0.8874492296 -2.0660135117 841.8880513665 633.7242693848
1.8330203597 -0.9506125522 -1.6966504631 911.1273590544 567.1950767026
2.0685977208 -1.1828960926 -1.6875075128 926.9024126276 472.8674523077
1.9582976991 -0.9784727864 -1.1980075723 830.3501860561 348.5598765826
1.9570759444 -0.8701971078 -0.8886963553 744.8786725454 237.6240647437
2.1950641026 -0.9901943079 -0.7739551749 722.1187470010 143.9662046048
2.0073783830 -0.8101855643 -0.6565373428 670.2987297326 135.7272537156
1.9675984183 -0.6681374839 -1.8991578230 798.8296673986 674.7695911775
1.9263270606 -0.9148012062 -1.9037353806 895.3311145030 627.8635031230
1.9567773808 -0.6855267087 -1.3530006329 736.6644601446 477.7215162235
2.1601176345 -0.5862448586 -1.2289727654 637.1222083083 419.3930462422
2.0655593211 -0.6564244600 -0.8513982554 623.2899979811 257.2739779796
2.1242193271 -0.8479907540 -0.5599553179 645.6737210084 75.1490623100
2.1462577662 -0.8847763794 -0.4525485406 639.1868475345 13.9018216685
1.8908101503 -0.5555868176 -1.5651401600 730.0610043920 603.2537480439
1.9001765489 -0.4824218917 -1.3558220626 665.9356756359 539.2527393683
2.0068793587 -0.6261871060 -1.2771031287 690.7179442437 453.1620179412
1.8714258920 -0.3141366888 -1.0082598803 531.5548026239 439.6716802012
2.0607231527 -0.3568691784 -0.6240690148 440.7494348127 217.3509568424
1.8608577264 -0.6154256622 -0.5318944843 586.2867602003 122.3389315720
1.9673362565 -0.4932213503 -0.4475193608 484.9387538737 98.5300249194
2.0443564240 -0.3482602204 -1.3012287353 572.1460191556 522.4216146299
2.0798042420 -0.2424843764 -1.1012332417 483.2626061719 461.0097219859
2.0456334554 -0.2221397445 -0.8773607603 432.1956128342 373.7028491837
2.0972347930 -0.3532201075 -0.7509675666 461.1244582521 276.3082467975
2.0636815123 -0.3878123219 -0.4885321114 425.4650208773 139.9683348630
2.1849937664 -0.1076724463 -0.3596361117 234.4975219296 128.4336319234
2.0749550863 0.0247220718 -1.3704456468 417.3911515209 637.1982018202
1.9811569292 -0.1196215702 -1.3969824230 500.1544655202 631.7060812140
2.1374943649 0.0698232034 -1.1778551054 348.9144213200 559.7626538364
1.8771705378 -0.1265291682 -0.6141926158 338.4593372613 291.5399211304
2.0676327225 0.0569281127 -0.3843215573 152.9119734658 190.7515581709
1.9958726695 0.0686412089 -0.1886466928 82.1266292325 81.3633917683
2.1709836927 0.2997486605 -0.5802434997 71.9112253537 345.8967074689
2.0977893427 0.1919665322 -0.4032312221 78.1103618485 233.5150242960
1.9858728767 0.3186794377 -1.0625362128 205.5514446789 616.6963136829
1.9992997518 0.4851987211 -1.0367096055 105.3657389610 651.8995974476

gimbalangles:
-0.4570546817 0.3119343828 0.6469034924

end: