T_CW:
0.7511872423 0.5218640745 -0.4041974947 -0.0461678998
0.1559130217 -0.7352870931 -0.6595786688 -0.0525267289
-0.6414116125 0.4324474286 -0.6337036885 -0.0597703417
0.0000000000 0.0000000000 0.0000000000 1.0000000000

T_CW_cov:
0.0000003332 -0.0000000909 0.0000000319 0.0000002448 0.0000008546 0.0000000214
-0.0000000909 0.0000005623 -0.0000000617 -0.0000015322 -0.0000002213 0.0000001177
0.0000000319 -0.0000000617 0.0000000758 0.0000001724 0.0000000765 -0.0000000105
0.0000002448 -0.0000015322 0.0000001724 0.0000042244 0.0000005955 -0.0000003211
0.0000008546 -0.0000002213 0.0000000765 0.0000005955 0.0000022396 0.0000000626
0.0000000214 0.0000001177 -0.0000000105 -0.0000003211 0.0000000626 0.0000003840

target_points_pix:
-2.1323124597 -0.0853491397 -1.4956774616 128.6953039903 692.1428637548
-2.0489798470 0.0967352262 -1.5659864992 236.9609979176 644.8423767285
-1.8167122418 0.1568885131 -1.5440816022 312.4087531937 652.1375760454
-1.9581490399 0.0886200913 -1.2052964765 125.6072385513 561.5127370224
-2.0752253339 0.4044434237 -2.0040710625 440.4884267928 623.8143143810
-2.1825678826 0.3116185314 -1.5813675429 278.6988018028 543.5602214555
-2.0098296911 0.1005257098 -1.4875995864 221.9960603843 629.3493931341
-1.9188018807 0.0506425308 -1.1352139082 89.7678457281 563.6212450926
-1.9169883940 0.1195774110 -1.1625619137 131.2780298381 539.6634036949
-1.9661344430 0.3035449742 -0.9097239979 91.0454168088 356.6558766894
-2.0916418165 0.3164314712 -1.8431441868 373.8447658159 617.7078015353
-2.0036208889 0.5847712081 -1.8948754516 481.0986057351 543.9747780810
-2.0180561632 0.5574448090 -1.3903307919 341.9215114875 415.3513980821
-1.8339332329 0.6816269267 -1.3275965161 416.0003897162 364.9613945111
-1.8840413096 0.5647228005 -1.1197764381 297.7128171923 333.5411521246
-1.9473455670 0.4126422685 -0.7818783690 88.1437998793 256.3439405450
-2.0066460326 0.6115724411 -0.6800587517 117.1655552792 124.7218911776
-2.1835710067 0.7113300082 -1.9318055951 473.2233530585 491.5161423080
-2.0143150859 0.8005527293 -1.8945758840 531.3468035695 469.8076307905
-1.9231742053 0.8110639259 -1.5432094472 482.9951303368 378.5851962693
-1.8807234739 0.5757652317 -1.3228588133 366.6220794801 400.1654721458
-2.0155037014 0.8010569651 -0.8696889358 261.9658150640 137.5570425791
-2.1673274956 0.7457347923 -0.9069004719 215.1221309888 168.3908491529
-1.8227064158 1.0494738780 -1.8443991983 635.0214820953 392.6312224539
-1.8509328536 1.0386621013 -1.7974766609 615.3463370371 381.1386189670
-1.8015030399 1.1161808712 -1.5534731021 601.6752786183 287.5471738767
-2.1081355453 1.0398044225 -1.3625749935 450.3146710809 235.9122529852
-2.1409529270 1.1389351377 -0.8455270628 335.4374650244 15.1465292867
-2.0448295142 0.8634092785 -0.7908746612 249.8322096682 81.1529629584
-2.0488126483 1.4380370230 -1.8834289392 658.8861837956 275.3822572488
-2.0567037251 1.1028909532 -1.7309193584 558.3717536014 328.9842665410
-1.9389057584 1.4372610854 -1.5758196013 639.0440189358 191.5584105181
-2.0399436914 1.3696646788 -1.0918728226 495.2373674346 43.7304815184
-1.9984313436 1.4414017589 -1.0534970561 517.9987294628 8.0636750208
-2.0911182403 1.3804638920 -2.1341007448 674.2929438545 351.5387970650
-2.1122188602 1.5154501049 -1.5816655415 607.6044846505 167.4987080788
-2.0342884793 1.4538768698 -1.5469457062 609.8522865707 175.4305273977
-2.0866935364 1.6184103766 -1.2425579830 575.8442927726 30.7978662665
-2.0193434510 1.3647482125 -1.0727880773 495.5316855032 37.7339208761
-2.0014347219 1.7078845289 -2.1012093477 753.0625509198 263.3898549587
-1.8547618140 1.7225401945 -1.8078244384 758.8767064083 185.6984890599
-2.0072416156 1.6140671196 -1.6908236948 675.6244474378 176.2721643391
-2.1801184842 1.6380492749 -1.2162635370 549.1829088435 17.4551706376
-1.9639243003 1.5608595716 -1.1649375478 582.9262362221 16.9042061392
-2.0038303013 2.0575135301 -2.1270901508 813.3884895584 186.3203088197
-2.1470381419 2.1145932488 -1.6135478239 720.8133150717 31.4681357965
-1.9564693180 1.9434128026 -1.6015795891 741.5164351132 66.9318911246
-1.7632616332 0.4374488688 -2.0163576747 538.8494868330 658.3728267317
-1.9167180805 0.6502726713 -2.0705326719 557.9799154579 572.3173131247
-1.6238184307 1.0130904683 -2.1368105390 738.7979509806 497.2590776240
-1.8572581003 1.1555460819 -2.1060237815 691.4164479070 424.0664473065
-1.9452187938 1.6869499342 -1.8862993651 736.4446994939 214.4417114648
-1.6263414072 1.9009207450 -1.9029763512 875.0322637242 172.3695562525
-1.7938627340 1.8660562055 -2.0782733968 836.8109667792 225.2803515259
-1.6184308787 1.8073958723 -1.7668520918 844.5239404118 156.4058128465
-1.7577251011 1.9604673058 -1.4822890344 789.6876097364 23.0399876280
-1.5791355639 0.5374848681 -1.9457535413 608.1546096798 630.0860182633
-1.6501355010 0.7157043292 -2.1087474774 660.5500656715 590.8019540273
-1.3592904140 1.0909658465 -2.1851856090 852.4496477168 510.1687563584
-1.5590499261 1.1874940771 -2.1526605445 797.5776054573 450.4006154811
-1.5757745729 1.6288697621 -1.9103398014 843.9287846978 250.3220047301
-1.3244016479 1.8144413868 -1.9336562919 969.1583511394 213.7482922838
-1.5376634344 2.0569827124 -1.9344095317 934.0780563973 143.2350537616
-1.5380738672 2.0249670526 -1.9402045005 929.2983640045 153.1010885779
-1.5041704561 2.1644575621 -1.6799082148 937.2531912687 36.4844309531
-1.2803984165 0.4564333986 -1.8119563847 666.3160676522 681.8708886106
-1.3917419720 0.5734831894 -1.8785099623 669.8851442529 627.2789143690
-1.3356328486 0.9193998904 -1.8476235929 772.4856417210 485.4201425601
-1.1329537274 1.0838303633 -2.1376926140 932.3429719003 526.1672073456
-1.2190813476 1.3798719968 -1.9537120089 932.9776570151 360.7275763571
-1.3077586703 1.7380747572 -1.8915694221 957.7086319129 223.6098484996
-1.1073062340 1.9143356816 -1.8099389513 1060.5788261633 150.8641226643
-1.3141370620 2.1921020916 -1.7686534849 1019.9733308019 58.3535071985
-0.9213923119 0.6936566719 -1.8158918035 893.9446653625 635.3563532598
-0.8537358509 0.8313946700 -2.0701052063 997.0001583449 653.0481408505
-0.9197688999 1.1763899925 -2.0413765988 1032.7141976318 489.1007527597
-0.8764536400 1.4059935960 -1.9572111547 1088.1651996253 379.9540852104
-0.9414224818 1.3385083174 -2.0996017911 1058.8234190693 442.0312645793
-0.9187346701 1.7351181522 -1.8963780792 1120.7200112873 242.2413359546
-1.1529967376 2.0563168113 -2.1661465793 1092.2291623321 220.8911424150
-0.8820781729 2.0234199063 -1.6435393472 1167.4943066126 59.7325838794
-0.7638126571 0.6804874394 -1.8599272787 980.6604162249 685.8734065999
-0.8706004692 0.7609955734 -2.0348282237 968.5557100819 673.3217862487
-0.7257215869 1.1637273095 -1.9809265724 1120.6671633963 499.8932383827
-0.7639138346 1.1025790106 -2.0546763088 1095.7450486148 543.0386774008
-0.7660079664 1.5533281780 -2.0204985617 1172.2318565555 355.1791680072
-0.8418474935 1.8492723780 -1.8767407226 1173.9706087160 201.4786989686
-0.6214503911 2.0011163030 -2.0804553279 1312.6910025327 230.8152745435
-0.5780201406 1.9503515961 -1.5578764583 1313.8644497054 46.5627181319
-0.3940264734 1.1357138824 -1.8565624263 1305.1445029731 518.3643005911
-0.5995646106 1.0924402375 -2.1580213671 1188.9371729057 601.2466936631
-0.6448091371 1.8818765999 -1.8338778347 1276.0192915480 181.9346416638
-0.5617061682 2.0176884646 -1.7492960367 1338.2429823063 105.4603830578
-0.4015102129 1.1785525036 -2.0463174815 1314.2400414322 559.6555348824

gimbalangles:
-0.6673578455 0.2254851149 -2.2398980218

end: