T_CW:
-0.9699978924 0.2409114973 0.0326456604 -0.0286941736
-0.0060973811 0.1101318099 -0.9938982877 -0.0776476339
-0.2430368503 -0.9642782974 -0.1053586943 -0.0441029144
0.0000000000 0.0000000000 0.0000000000 1.0000000000

T_CW_cov:
0.0000012521 -0.0000000434 0.0000002490 0.0000001051 0.0000026902 -0.0000001860
-0.0000000434 0.0000006640 -0.0000000155 -0.0000015818 -0.0000000774 0.0000003953
0.0000002490 -0.0000000155 0.0000001343 0.0000000457 0.0000005227 -0.0000000416
0.0000001051 -0.0000015818 0.0000000457 0.0000038312 0.0000001866 -0.0000009323
0.0000026902 -0.0000000774 0.0000005227 0.0000001866 0.0000058415 -0.0000003870
-0.0000001860 0.0000003953 -0.0000000416 -0.0000009323 -0.0000003870 0.0000006345

target_points_pix:
-2.1084470842 -2.1437595431 -0.8462827436 1331.2189102616 585.3781241623
-2.1201637352 -2.1673998295 -0.5899136888 1338.1309988785 471.4193011897
-1.8436795053 -2.0972325809 -0.0518107199 1279.6246033744 227.8531792824
-1.9077635645 -2.1704114228 0.3559764829 1296.1674671734 35.1375852869
-1.7809738419 -1.8342199357 -0.8692251670 1314.0640146184 653.6593436215
-1.7169756673 -2.0306084985 -0.3442061790 1238.9732862583 371.2449136179
-1.6501252226 -2.1518835387 -0.1868133351 1178.4449647616 289.4353266345
-1.9076947486 -2.0906629332 0.0539072926 1311.8337179919 177.7808684987
-1.7608405348 -1.9343170826 0.0562900857 1310.1554540092 171.0550663207
-1.5718650262 -1.8348688483 -0.8367522059 1224.0604280309 643.8040080390
-1.5796895824 -2.1471275155 -0.5889229412 1136.6318546387 478.6654926697
-1.6623309028 -2.0764444490 -0.4483026474 1197.1002501434 418.3796745086
-1.6185755682 -2.0335792471 -0.1038771344 1206.4360975752 251.1906575799
-1.3119388669 -2.0378495674 0.0669159930 1076.0475936628 157.5160223572
-1.4426495618 -1.8136163176 0.1905162106 1218.4541747858 83.2083927750
-1.5361605155 -2.1257179523 0.3896727763 1160.5220812511 1.4928715382
-1.2364419598 -1.9084281885 -0.8859257635 1044.5249442901 665.5396835451
-1.4358768580 -2.0111886180 -0.8261469596 1107.0996877547 611.4913617863
-1.4013295484 -1.8286690344 -0.4892912054 1162.9002577834 465.3432926647
-1.2231305079 -1.8176706409 -0.3259783931 1086.6152106899 376.8906080592
-1.0540651075 -1.9318002681 0.1505068516 984.7997579539 100.2594288695
-1.3064759274 -1.9948704185 0.0836250030 1086.9399760212 147.3026648226
-0.9644520576 -1.8324325372 -0.7568478830 935.2027221719 620.2204944088
-0.8996479791 -2.0374637846 -0.5070061223 862.9356732302 456.7621393069
-1.0352279963 -1.9014060949 -0.2873643345 968.7205833549 349.0910580049
-0.8524976807 -2.0244151995 0.1476430308 859.4015387342 100.3977812781
-0.5659483010 -2.1386425040 -0.8683584697 674.6976740371 633.1377266339
-0.9005062453 -1.9343387993 -0.4449024492 887.1865731542 434.2021162440
-0.9123079585 -2.1284580629 -0.2558047657 857.2224939034 319.4013917547
-0.6883316207 -1.8469608032 -0.1589367572 799.4783666184 274.1962751011
-0.8632153327 -2.1951362328 0.0753490344 829.2859748023 146.6477880582
-0.5097935959 -2.1148276580 -0.5873151168 653.3449017073 494.0989141590
-0.4729021202 -2.0583920602 -0.5698937838 640.5961216426 492.4011221335
-0.5877027471 -2.1220845631 -0.1952625424 699.0012882822 285.2115239826
-0.6397658702 -1.9962388135 0.1742825485 753.0562209426 76.2951917594
-0.6116385735 -1.9244833139 0.2116265258 750.6305909034 47.4341510193
-0.2098812585 -2.0260061083 -0.8694235679 496.0541409204 666.2242239068
-0.1300626629 -2.1529462385 -0.6921622961 448.5606435581 549.9725727208
-0.1742632593 -2.0133338748 -0.0902612282 481.7963763909 221.6709894081
-0.0635647412 -2.0690742069 -0.0068415662 415.0444443918 169.6811225357
-0.1709999155 -1.9968155702 -0.8413978501 475.2909259956 658.2503964525
-0.0662106627 -1.9797613538 -0.6179389584 414.8949496364 536.8927998243
-0.1169270298 -2.1924969758 -0.1057671843 443.4701296688 228.5908878582
0.1530304316 -1.8975286955 -0.1486459519 271.9078154732 254.0177024703
0.2140233409 -2.0485084606 -0.7707041703 246.9661643798 619.1095416765
0.3132888607 -1.9172675775 -0.3784857863 165.5827093474 402.0897055588
0.1798051282 -2.1376171259 -0.2101951836 270.8084121052 284.8596439546
0.1105084575 -1.8324156555 -0.0292469899 296.8765085387 174.2981712473
0.2272400275 -2.1411056604 0.1748769749 240.6828010259 54.3009613294
0.3227284739 -1.9644121863 -0.7667976864 169.7965273232 637.4232464320
0.4815465084 -1.8793705061 -0.5230342546 42.5037063877 503.2398886679
0.3990427333 -1.9565363562 -0.4157579215 112.4744839186 422.1304393440
0.4486312133 -1.8539060129 -0.1883259814 55.1409925630 277.5884452749
0.5574486502 -2.0322558777 -0.7031584427 23.4173719865 591.1958465377

gimbalangles:
-0.2545253449 -0.0739646648 1.7986061634

end: