T_CW:
-0.7561075268 0.6542999124 0.0138936139 -0.0294442554
0.1211662231 0.1608188233 -0.9795182757 -0.0751628358
-0.6431330767 -0.7389377042 -0.2008753719 -0.0476272715
0.0000000000 0.0000000000 0.0000000000 1.0000000000

T_CW_cov:
0.0000004489 0.0000000343 0.0000000240 -0.0000000884 0.0000010840 -0.0000000835
0.0000000343 0.0000009045 0.0000000026 -0.0000023077 0.0000000907 0.0000001069
0.0000000240 0.0000000026 0.0000000901 0.0000000035 0.0000000533 -0.0000000046
-0.0000000884 -0.0000023077 0.0000000035 0.0000059464 -0.0000002340 -0.0000002698
0.0000010840 0.0000000907 0.0000000533 -0.0000002340 0.0000026739 -0.0000001951
-0.0000000835 0.0000001069 -0.0000000046 -0.0000002698 -0.0000001951 0.0000004365

target_points_pix:
-2.0367121883 -2.1929650405 -1.4116115292 706.8772890410 606.9326685075
-2.1338844780 -1.9512781232 -1.1561328228 798.0594349698 534.9746564670
-2.1084470842 -2.1437595431 -0.8462827436 742.8132772231 404.9652510947
-2.1505036008 -1.8785447290 -0.6108959777 831.4554002795 330.2637219755
-2.1201637352 -2.1673998295 -0.5899136888 742.1657185379 306.9645215470
-2.1751026614 -2.0680547056 -0.2528774066 787.9518188614 177.6355596278
-1.8436795053 -2.0972325809 -0.0518107199 682.9805827073 93.3236696378
-2.1809173402 -1.7582249058 -1.1945200920 866.2303412340 567.1121137277
-2.0318098922 -1.9024736379 -0.8205725347 788.2203642222 419.2147383684
-1.8643409561 -1.7298116612 -0.6347722235 794.1127850024 365.8692261714
-2.0424396500 -1.6700568512 -0.4559551200 871.0306848403 281.2664662708
-2.0356266141 -1.6670313584 -0.2216670401 875.0786440901 174.8295844936
-2.0876913757 -1.8532165545 -0.1977258456 828.5035346987 159.6336240223
-2.1899931001 -1.4689067442 -1.4424310350 957.6087138460 702.2241768430
-2.0123749693 -1.3051194687 -1.2605724813 976.0542903254 679.9809347661
-1.9479517706 -1.5926219219 -0.8849578553 861.1998952496 482.9180811282
-1.9430668285 -1.4687702399 -0.9467022846 902.5343485670 525.5193928399
-1.9987360977 -1.5831478012 -0.6409907786 884.6379180805 372.1498623014
-2.0382461791 -1.3326640660 -0.1757110182 1007.9239790042 159.8522773212
-1.9735375390 -1.6542454496 0.0160468711 866.0765390398 61.0977705823
-2.1048315546 -1.4420218644 -1.3322701860 947.8458573376 674.2282174085
-2.1794605583 -1.2973912472 -1.0600853036 1030.2328952482 572.7091846545
-2.1560010034 -1.2844100836 -0.7490828701 1040.3693667928 437.5822557716
-1.8791834842 -1.2260730902 -0.3393922451 1001.6413967981 254.6177676662
-2.0440471078 -1.0966304069 -0.2533872139 1116.7436211900 208.3863708171
-1.9713422318 -1.2553782583 -0.1780519513 1022.5792009124 163.5427020807
-2.1413915681 -1.1443759247 0.1206337022 1137.8092665731 0.2426079072
-2.0394518501 -0.8909256961 -0.9693699009 1184.1410370935 612.3962061202
-2.0420969507 -0.8909787896 -0.6562326980 1202.8867503256 446.4159120136
-2.1349248961 -1.0739685817 -0.3356921987 1148.6436095768 251.1675730038
-2.0329931114 -1.0364522726 -0.2506829583 1144.7773049692 209.6044150895
-1.9964769104 -0.9789673083 -0.0633441457 1176.2902030540 101.7950641983
-2.0168946479 -0.8103344008 -1.0952591686 1214.3818876028 696.5211739154
-1.9792499143 -0.6263073313 -0.9225304137 1326.9429504195 648.7625700176
-1.9320490032 -0.6699029896 -0.8540167730 1292.3496959980 608.2463895038
-1.9221818306 -0.9124272166 0.0901865197 1203.6342192116 2.1540934986
-1.7576145065 -2.1605108836 -1.2885426793 634.9866103297 594.7720252270
-1.7565167600 -2.0307767892 -1.1690698993 667.6376842210 565.8130341137
-1.7809738419 -1.8342199357 -0.8692251670 732.3057821177 464.2832580992
-1.7169756673 -2.0306084985 -0.3442061790 658.1306176574 225.3502665778
-1.6501252226 -2.1518835387 -0.1868133351 602.8166848349 152.8999106781
-1.9076947486 -2.0906629332 0.0539072926 706.0210792379 47.2381786390
-1.7608405348 -1.9343170826 0.0562900857 703.6625952272 41.0219480957
-1.3399871004 -2.0056671780 -1.2549875334 531.0701992463 651.8116898593
-1.5718650262 -1.8348688483 -0.8367522059 661.8870094133 467.8115011449
-1.5796895824 -2.1471275155 -0.5889229412 579.8300079906 331.1945469401
-1.6623309028 -2.0764444490 -0.4483026474 626.7386061468 270.9110839310
-1.6185755682 -2.0335792471 -0.1038771344 623.6787171729 116.2226613899
-1.3119388669 -2.0378495674 0.0669159930 501.1574665237 26.7344952021
-1.2364419598 -1.9084281885 -0.8859257635 511.9348476969 513.8202697404
-1.4358768580 -2.0111886180 -0.8261469596 563.3299029465 455.5067617775
-1.4013295484 -1.8286690344 -0.4892912054 600.0265432682 316.2057427096
-1.2231305079 -1.8176706409 -0.3259783931 526.8974664316 239.8308508638
-1.3064759274 -1.9948704185 0.0836250030 510.3298407415 16.6691244842
-0.9575045136 -1.9115817110 -1.1792712318 391.4782145005 690.0085395648
-0.8443794031 -1.8071398690 -1.0955409877 358.6800408242 688.6374391122
-0.9644520576 -1.8324325372 -0.7568478830 405.6345822124 488.8249849938
-0.8996479791 -2.0374637846 -0.5070061223 317.3758838279 337.9736496012
-1.0352279963 -1.9014060949 -0.2873643345 413.8405436323 220.4609962858
-0.9432146670 -2.0560567738 -1.2161047290 352.8555846509 681.6048886491
-0.7223513166 -2.0494162625 -1.0749999326 240.6888038090 648.8322590932
-0.5659483010 -2.1386425040 -0.8683584697 129.1251479942 548.8963237937
-0.9005062453 -1.9343387993 -0.4449024492 339.8963127792 312.4726434090
-0.9123079585 -2.1284580629 -0.2558047657 297.0964931621 197.0128065558
-0.6883316207 -1.8469608032 -0.1589367572 227.2532673156 151.5414063282
-0.8632153327 -2.1951362328 0.0753490344 247.5622872015 12.5757859401
-0.5530260388 -2.0939750219 -1.1044124804 140.3902217800 681.6985376665
-0.3947811777 -1.9984441214 -1.0106780799 52.6091552471 679.8136288884
-0.5097935959 -2.1148276580 -0.5873151168 84.3920358813 403.9042255720
-0.4729021202 -2.0583920602 -0.5698937838 68.2714433062 403.8113558902
-0.5877027471 -2.1220845631 -0.1952625424 111.6670815244 168.4395874067

gimbalangles:
-0.2790605763 -0.0595430140 2.3481421473

end: