T_CW:
0.8572602343 0.5042139238 -0.1042746843 -0.0341709874
0.1349013290 -0.4153973181 -0.8995814024 -0.0674543062
-0.4968968928 0.7571085703 -0.4241227307 -0.0550551556
0.0000000000 0.0000000000 0.0000000000 1.0000000000

T_CW_cov:
0.0000004500 0.0000000119 -0.0000000261 -0.0000000240 0.0000011750 -0.0000001644
0.0000000119 0.0000007299 0.0000000395 -0.0000019739 0.0000000203 -0.0000003212
-0.0000000261 0.0000000395 0.0000000957 -0.0000000917 -0.0000000544 -0.0000000080
-0.0000000240 -0.0000019739 -0.0000000917 0.0000054006 -0.0000000325 0.0000008309
0.0000011750 0.0000000203 -0.0000000544 -0.0000000325 0.0000031271 -0.0000004087
-0.0000001644 -0.0000003212 -0.0000000080 0.0000008309 -0.0000004087 0.0000007254

target_points_pix:
-1.8339332329 0.6816269267 -1.3275965161 27.3868537863 701.1560462318
-1.8015030399 1.1161808712 -1.5534731021 270.8279046029 654.5524401665
-2.1081355453 1.0398044225 -1.3625749935 118.6961557171 562.9857303832
-2.1409529270 1.1389351377 -0.8455270628 69.4333336065 310.0828826419
-2.1695389388 1.1810225265 -0.6431337417 45.8554780391 201.7652186856
-2.0488126483 1.4380370230 -1.8834289392 338.2010464797 652.9067154260
-2.0567037251 1.1028909532 -1.7309193584 209.8912880000 690.4227553660
-1.9389057584 1.4372610854 -1.5758196013 340.0201842334 560.5433726246
-2.0399436914 1.3696646788 -1.0918728226 231.5248399923 379.4931198803
-1.9984313436 1.4414017589 -1.0534970561 265.7216972808 351.7656700516
-1.8286879200 1.4165005558 -0.8183910290 282.5490094727 261.0924278089
-2.0290123060 1.2616487263 -0.4540971774 94.9194336851 93.7078808428
-2.0326420221 1.4386671003 -0.3715805411 161.6274352568 26.9198318680
-2.1122188602 1.5154501049 -1.5816655415 314.1164121864 528.3470873644
-2.0342884793 1.4538768698 -1.5469457062 313.9604079025 537.1304771629
-2.0866935364 1.6184103766 -1.2425579830 319.1162678462 387.3108583465
-2.0193434510 1.3647482125 -1.0727880773 233.5694015567 373.9138158575
-1.9009715403 1.5663851847 -0.7367942106 304.2881356337 194.3197038375
-2.1088004373 1.4267765867 -0.4272348695 140.8082374429 57.4390386389
-2.0014347219 1.7078845289 -2.1012093477 441.3000780389 660.0426241999
-1.8547618140 1.7225401945 -1.8078244384 465.3807548271 581.1999785275
-2.0072416156 1.6140671196 -1.6908236948 382.7551354930 552.9770996988
-2.1801184842 1.6380492749 -1.2162635370 295.8525894874 367.9876528020
-1.9639243003 1.5608595716 -1.1649375478 329.6279441847 376.3566084701
-2.0007657291 1.7629935701 -0.6819514061 333.8135295514 139.0620153887
-1.8246755636 1.8365637605 -0.4718921123 394.1962882388 35.3303252345
-2.0038303013 2.0575135301 -2.1270901508 520.4820752458 593.1066140952
-2.1470381419 2.1145932488 -1.6135478239 463.7754335835 422.6787914973
-1.9564693180 1.9434128026 -1.6015795891 475.4875835570 461.0319392486
-1.9105360566 1.9809712425 -1.4134013561 484.9669213319 394.4175023569
-1.9677202375 1.9539953751 -0.8044858142 414.0245724777 167.6145850561
-1.9339633712 2.1588428389 -0.7672586114 476.8971184688 128.8129534351
-1.8537363930 2.1767514966 -0.4751485786 485.4914155823 5.3759872132
-1.9452187938 1.6869499342 -1.8862993651 435.8797558794 605.4951609554
-1.6263414072 1.9009207450 -1.9029763512 582.7509190101 593.0273484989
-1.7938627340 1.8660562055 -2.0782733968 534.9399728321 638.0657544759
-1.6184308787 1.8073958723 -1.7668520918 556.1162031004 570.8996292785
-1.7577251011 1.9604673058 -1.4822890344 530.6665859816 431.6728328334
-1.8550348308 1.9371888628 -1.2800201119 481.3507039584 358.1852904514
-1.6410654609 2.1004963161 -1.1101007541 578.0783289617 279.1965085314
-1.7817101151 1.8511826209 -0.8074481766 444.1025359812 187.7597653762
-1.9389521875 2.1841326748 -0.6648628523 474.4647537868 84.7925579727
-1.5757745729 1.6288697621 -1.9103398014 535.9736202890 666.0729435691
-1.3244016479 1.8144413868 -1.9336562919 664.8770932320 654.2737333665
-1.5376634344 2.0569827124 -1.9344095317 644.3313953289 576.9106614855
-1.5380738672 2.0249670526 -1.9402045005 638.1018687766 585.5180840575
-1.5041704561 2.1644575621 -1.6799082148 664.8720433764 477.3445768603
-1.5671864977 2.1306784232 -1.2809612645 618.6782404013 341.7686966547
-1.3157817243 1.9429941230 -1.1422706580 657.8844643644 335.2896188668
-1.3492337722 2.1057609491 -0.8169929086 666.7323649163 168.7429490546
-1.4983317879 2.0936842145 -0.5888533520 594.8631571315 64.6853272667
-1.3077586703 1.7380747572 -1.8915694221 652.1196051960 662.0783730514
-1.1073062340 1.9143356816 -1.8099389513 758.7638011764 611.1095059563
-1.3141370620 2.1921020916 -1.7686534849 735.7144304452 515.3401256372
-1.2916984902 2.1033183010 -1.5281295457 718.2552401501 453.3997232827
-1.1413049017 1.8521756327 -1.2503095271 710.6891743855 410.3835801540
-1.0720818380 2.0508822425 -1.1769081994 778.9252752644 344.0275062990
-1.3996928611 1.9829751266 -0.7729069412 614.9896195326 164.7029578981
-1.1860357705 2.0705200626 -0.6054671996 713.9667207758 77.7199440501
-1.1529967376 2.0563168113 -2.1661465793 778.7411772055 685.3771150620
-0.8820781729 2.0234199063 -1.6435393472 863.0568676011 547.9578122011
-0.8748797260 2.0718850172 -1.3880594780 870.1196456090 439.5762301269
-0.9465772767 1.9306066900 -1.1333201170 806.3716639825 357.5431436149
-1.0708041261 1.9815980953 -0.8742083968 754.0964452131 222.8444509501
-0.9983895204 2.0661635568 -0.7131763571 799.2182686743 134.4673582076
-1.1448503223 1.9295688788 -0.5001948033 691.5984736514 40.2921489386
-0.8418474935 1.8492723780 -1.8767407226 853.7013340777 682.7146701069
-0.5780201406 1.9503515961 -1.5578764583 985.5383333050 565.7213767795
-0.7511423649 2.1572910155 -1.4183356052 937.6624686116 442.8178356823
-0.6866916911 1.8731422773 -1.2897438849 919.4670115311 461.4671472734
-0.8291176503 1.8463283609 -1.0492262872 840.8646808330 345.1673261411
-0.8912000367 1.9609409745 -0.8172016176 829.4415424701 205.8575194740
-0.6448091371 1.8818765999 -1.8338778347 944.1572061139 683.1179108169
-0.5617061682 2.0176884646 -1.7492960367 1001.9327350400 623.1191248979
-0.5762992154 2.1179589578 -1.3554400287 1011.6682206334 440.4257696586
-0.6100145261 2.0163725987 -1.3029655622 980.8276971032 438.9985693457
-0.6297357995 1.8838706853 -0.9646989781 948.3972031370 308.9090161229
-0.6869895166 1.9199697802 -0.9263750375 924.7187475407 278.2999203990
-0.2953695788 2.0744306739 -1.6007389710 1141.1761168381 580.6251490408
-0.3327855196 2.0041277111 -1.3840576797 1120.5020549722 504.2866093212
-0.4466021864 1.8242623228 -1.1806339484 1038.0225994585 446.8597626527
-0.3573603580 1.9284946584 -1.0399192768 1107.6260719574 356.9911746566
-0.3761262826 1.9359798530 -0.5684987763 1111.8104548969 84.9972959798
0.0496567715 2.1804640802 -1.6243674711 1335.8689512578 600.5348263765

gimbalangles:
-0.5683841069 0.0691286336 -2.2063853315

end: