T_CW:
-0.5238217707 0.7804957050 -0.3412289656 -0.0436491586
0.4186272753 -0.1129994095 -0.9011006258 -0.0703514533
-0.7418638398 -0.6148638776 -0.2675452396 -0.0498745670
0.0000000000 0.0000000000 0.0000000000 1.0000000000

T_CW_cov:
0.0000003870 0.0000001470 -0.0000000095 -0.0000003761 0.0000009505 -0.0000001034
0.0000001470 0.0000007661 0.0000000588 -0.0000019834 0.0000003460 -0.0000000816
-0.0000000095 0.0000000588 0.0000000966 -0.0000001464 -0.0000000288 -0.0000000008
-0.0000003761 -0.0000019834 -0.0000001464 0.0000051943 -0.0000008852 0.0000002155
0.0000009505 0.0000003460 -0.0000000288 -0.0000008852 0.0000023917 -0.0000002588
-0.0000001034 -0.0000000816 -0.0000000008 0.0000002155 -0.0000002588 0.0000004616

target_points_pix:
-1.9802765316 -1.8045886900 -1.7091154059 751.3776310889 675.7706002696
-2.0367121883 -2.1929650405 -1.4116115292 612.1010056094 564.5214890188
-2.1338844780 -1.9512781232 -1.1561328228 665.9007044044 460.9006832361
-2.1084470842 -2.1437595431 -0.8462827436 564.9403681921 366.2028125246
-2.1505036008 -1.8785447290 -0.6108959777 616.2403811639 261.8130428445
-2.1201637352 -2.1673998295 -0.5899136888 525.1334829173 276.2573237298
-2.1751026614 -2.0680547056 -0.2528774066 515.6436721166 137.8112222023
-1.8436795053 -2.0972325809 -0.0518107199 381.7796208124 98.1543786326
-1.9952865137 -1.5586000442 -1.6116522055 823.0401531946 644.9984607814
-1.9585876503 -1.7206606709 -1.6496159000 766.6184985253 663.6450467202
-2.1809173402 -1.7582249058 -1.1945200920 738.3079309815 461.0597897860
-2.0318098922 -1.9024736379 -0.8205725347 612.0670011417 360.1814242660
-1.8643409561 -1.7298116612 -0.6347722235 596.6376492353 308.5963925866
-2.0424396500 -1.6700568512 -0.4559551200 632.9568272608 201.0544403632
-2.0356266141 -1.6670313584 -0.2216670401 594.9756540099 101.4083954790
-2.0876913757 -1.8532165545 -0.1977258456 546.1572320745 105.1496939466
-2.0340556057 -1.5717316181 -1.5723282968 820.4092662962 621.7588477943
-2.1899931001 -1.4689067442 -1.4424310350 866.7983508134 541.2897809178
-2.0123749693 -1.3051194687 -1.2605724813 874.3045251763 513.7651979169
-1.9479517706 -1.5926219219 -0.8849578553 702.0771893120 387.3886967976
-1.9430668285 -1.4687702399 -0.9467022846 754.4369558407 408.4040239130
-1.9987360977 -1.5831478012 -0.6409907786 680.3323416215 278.3185363699
-2.0382461791 -1.3326640660 -0.1757110182 708.2748542122 38.2369590843
-1.8156937678 -1.2788976583 -1.4720111433 877.4671922150 647.6170869127
-2.1048315546 -1.4420218644 -1.3322701860 848.3821386570 520.8282674083
-2.1794605583 -1.2973912472 -1.0600853036 880.6164265391 398.9119279056
-2.1560010034 -1.2844100836 -0.7490828701 839.9021600994 276.1991878109
-1.8791834842 -1.2260730902 -0.3393922451 738.8210719785 126.3273407329
-2.0440471078 -1.0966304069 -0.2533872139 820.8358402680 42.9309990455
-1.9713422318 -1.2553782583 -0.1780519513 722.6496758106 36.0700214059
-2.0740832194 -1.1457875937 -1.8085477659 1015.2537611166 703.1927442799
-1.8048856477 -0.8113928394 -1.5416979154 1101.5875595714 692.7834585347
-2.0263796769 -1.1692429330 -1.4253872039 952.8785694154 573.6757437345
-2.0394518501 -0.8909256961 -0.9693699009 1021.1040330967 372.0322018897
-2.0420969507 -0.8909787896 -0.6562326980 978.2194591856 221.8368635543
-2.1349248961 -1.0739685817 -0.3356921987 863.4468421495 70.0767691487
-2.0329931114 -1.0364522726 -0.2506829583 845.1399835219 33.9585676310
-2.0424561488 -0.9183195632 -1.6014494401 1086.8429678226 640.7342964198
-2.0168946479 -0.8103344008 -1.0952591686 1074.3357473247 431.6772562983
-1.9792499143 -0.6263073313 -0.9225304137 1146.4127619932 347.9131085927
-1.9320490032 -0.6699029896 -0.8540167730 1105.7345587573 326.6181622036
-1.8855696832 -0.5597975338 -0.3500282611 1090.5156121651 31.6220012107
-2.1493942445 -0.4797543549 -1.7357695462 1334.5029065016 672.8847072492
-1.8641180002 -0.5218672308 -1.4602447271 1261.9799312650 644.2952554539
-2.1605347700 -0.4990530025 -1.1397686372 1264.6388586996 404.4512357363
-1.8230665739 -0.3324337885 -0.5518839596 1271.2028472621 135.1569040079
-1.8149502794 -0.3269151280 -0.6100474934 1282.7837774254 174.7297752851
-1.9908447012 -0.3801654029 -0.5518766256 1253.7637811692 111.2177123156
-1.9130254349 -1.8860765796 -1.6464160941 705.2606033600 670.0579010457
-1.7576145065 -2.1605108836 -1.2885426793 541.8072954703 584.6061148438
-1.7565167600 -2.0307767892 -1.1690698993 560.3183650090 543.8505118299
-1.7809738419 -1.8342199357 -0.8692251670 579.2251183034 423.7752777906
-1.7169756673 -2.0306084985 -0.3442061790 412.9855762451 233.0323978996
-1.6501252226 -2.1518835387 -0.1868133351 329.0313452319 186.5098944345
-1.9076947486 -2.0906629332 0.0539072926 384.7401645992 45.3139642655
-1.7608405348 -1.9343170826 0.0562900857 380.1028419552 39.8150000040
-1.3399871004 -2.0056671780 -1.2549875334 468.5766919019 682.1294435212
-1.5718650262 -1.8348688483 -0.8367522059 515.9582529576 456.3385644517
-1.5796895824 -2.1471275155 -0.5889229412 381.8975988468 364.9660436483
-1.6623309028 -2.0764444490 -0.4483026474 401.8439169698 288.7336412221
-1.6185755682 -2.0335792471 -0.1038771344 334.0280384196 142.8169136539
-1.3119388669 -2.0378495674 0.0669159930 173.3651988400 104.0916764849
-1.2364419598 -1.9084281885 -0.8859257635 393.4776575070 563.7100438473
-1.4358768580 -2.0111886180 -0.8261469596 418.1105760690 487.5972695621
-1.4013295484 -1.8286690344 -0.4892912054 395.5110458536 341.4374801327
-1.2231305079 -1.8176706409 -0.3259783931 292.2103703503 299.2675486928
-1.0540651075 -1.9318002681 0.1505068516 49.9073865032 81.3374943056
-1.3064759274 -1.9948704185 0.0836250030 178.3380467801 90.4570311124
-0.9644520576 -1.8324325372 -0.7568478830 279.6825087665 587.6143255534
-0.8996479791 -2.0374637846 -0.5070061223 123.9945101658 484.6519675926
-1.0352279963 -1.9014060949 -0.2873643345 170.4775722444 328.3354219828
-0.9005062453 -1.9343387993 -0.4449024492 135.9020476906 449.5551061949
-0.9123079585 -2.1284580629 -0.2558047657 38.8481558721 356.5874202100

gimbalangles:
-0.5050304017 0.2341427277 2.4370929814

end: