T_CW:
-0.1473939411 0.9331192721 0.3279686724 -0.0168812531
0.9880765840 0.1538307383 0.0063849857 -0.0197450574
-0.0444937098 0.3249992738 -0.9446670217 -0.0576515043
0.0000000000 0.0000000000 0.0000000000 1.0000000000

T_CW_cov:
0.0000012300 -0.0000000431 0.0000003337 0.0000001162 0.0000026838 -0.0000000166
-0.0000000431 0.0000007964 0.0000000103 -0.0000019067 -0.0000001100 0.0000004943
0.0000003337 0.0000000103 0.0000001838 -0.0000000210 0.0000007239 0.0000000100
0.0000001162 -0.0000019067 -0.0000000210 0.0000046259 0.0000002915 -0.0000011936
0.0000026838 -0.0000001100 0.0000007239 0.0000002915 0.0000059151 -0.0000000517
-0.0000000166 0.0000004943 0.0000000100 -0.0000011936 -0.0000000517 0.0000007182

target_points_pix:
-0.9187346701 1.7351181522 -1.8963780792 1235.9362316040 10.0708741728
-0.7257215869 1.1637273095 -1.9809265724 959.0821424248 46.6319792079
-0.7639138346 1.1025790106 -2.0546763088 914.6362708726 29.0186697731
-0.7660079664 1.5533281780 -2.0204985617 1112.0423739613 76.9934222937
-0.8418474935 1.8492723780 -1.8767407226 1282.0027138220 58.6795799133
-0.6214503911 2.0011163030 -2.0804553279 1247.5094608681 192.7536437107
-0.4371965137 -0.3097518600 -2.1603245863 116.9105303280 32.8547831157
-0.3519356275 0.0019469352 -1.8945751371 303.8234743299 93.7784207828
-0.5182162399 0.0584582647 -2.1374499208 351.0786008089 34.5354377064
-0.6001629434 0.3259827887 -2.0581514561 516.5781499156 13.8992331680
-0.4989809361 0.9160976353 -2.1709690747 785.6907630854 151.7115902879
-0.3940264734 1.1357138824 -1.8565624263 958.4575803779 208.2437685221
-0.5995646106 1.0924402375 -2.1580213671 873.1564046627 119.9943039410
-0.3082166681 1.6907242396 -2.0314835105 1132.8543169180 308.9730336405
-0.6448091371 1.8818765999 -1.8338778347 1299.5640801925 154.7079192232
-0.4035810572 1.8196444843 -1.9633355322 1211.2532558666 272.6799866158
-0.2601348120 -0.3406750859 -1.8347724314 37.7683397203 95.2335858802
-0.2642132143 -0.2524614731 -1.8866649884 112.6052627766 113.2717343018
-0.2408813975 0.1413283700 -2.1010650757 375.3447565867 199.9048304174
-0.1022075754 0.1730192857 -1.9861493936 386.5595049861 280.1645221342
-0.3208123668 0.3495978570 -1.8800079703 524.8350311508 160.1321961945
-0.1141203188 0.8982665961 -1.9209505513 802.9108915675 342.7136079477
-0.1833770196 0.8149241496 -1.9777709131 753.6662824993 297.0656526700
-0.4015102129 1.1785525036 -2.0463174815 924.5833927408 218.9906759337
-0.2295808476 1.5833745047 -1.9280668241 1120.1849684733 338.3410515217
-0.2288478029 1.7229587019 -2.1713108242 1096.2319928361 348.6171816085
-0.2971911650 2.0186508778 -2.0714460476 1238.3262418000 338.6531846058
0.0892096609 -0.3198192371 -2.0221768162 39.1899701254 349.9295647124
0.1323965302 -0.1037267078 -1.8561336447 174.9312198087 404.3724882699
-0.0856700127 -0.1030147636 -2.0582686413 209.1741375574 262.6388051226
0.1452134591 0.1922630782 -2.0373477326 372.5518705274 431.1811948199
-0.0050098914 0.5257213546 -2.1110537171 567.6865489946 370.0685591579
0.0873430322 0.7294019174 -1.9107975949 700.4281088498 444.5356719835
0.0852945478 1.0882388706 -2.0811940265 840.9162267193 459.3901979752
-0.1245320248 1.0722616496 -1.8954113751 896.1256812316 352.0297359419
0.0580140353 1.6564749291 -2.0056001193 1104.7586594178 483.6592179143
0.1129876959 1.7098210899 -1.9997964193 1124.1105417367 513.6831443361
0.0202068271 2.1113784809 -2.0826427717 1248.3229794393 486.0043622673
0.1765238807 -0.1629660990 -2.0507528715 142.2050057921 420.2599014508
0.3494449580 -0.0041648674 -2.1863865269 233.6499334982 527.3655075628
0.2033738897 0.2628093811 -2.0669977459 407.8058461540 469.3486497482
0.3473636227 0.3182278702 -1.9402510749 436.0898238678 571.0577817177
0.3565354082 0.8722584079 -1.9663293335 741.8575617900 602.3642077946
0.1374260910 1.1569632659 -1.9912398308 890.5962119205 496.0162154709
0.2951990550 1.4166859272 -1.9840087220 996.7864729540 592.0468338975
0.0611186388 1.5047945352 -1.9279269025 1067.9778063641 480.9711760789
0.0867318516 1.5644867443 -2.1461084051 1024.2101905159 484.4131218403
0.3565648583 2.1885430665 -2.1504974543 1232.3490043300 631.9459847885
0.3044646466 -0.0546113516 -1.8985050385 194.0703100770 523.3595313326
0.3684139713 0.2646838209 -2.1916892182 388.0489324767 553.4137077171
0.4516216484 0.5414670465 -2.0961669823 540.0982495514 624.2656710006
0.3549734842 0.6235175838 -2.1005371298 590.8422556375 574.2271708887
0.4395085623 1.3030301233 -2.0955778568 907.3903474740 647.7345571696
0.3407057507 1.5573456301 -1.8639331961 1092.5439776081 635.3892201657
0.4556518638 1.6963466740 -1.9118353382 1126.1523126250 693.0905005704

gimbalangles:
-1.6386162990 -0.3327947185 3.0173591774

end: