T_CW:
-0.8776408373 -0.4792517000 0.0080230127 -0.0296790795
-0.4504466719 0.8303814134 0.3279702791 -0.0079875013
-0.1638424744 0.2842261710 -0.9446539722 -0.0512265422
0.0000000000 0.0000000000 0.0000000000 1.0000000000

T_CW_cov:
0.0000011983 -0.0000000007 0.0000000283 0.0000000043 0.0000026649 -0.0000002934
-0.0000000007 0.0000005553 0.0000000258 -0.0000013356 -0.0000000003 0.0000000437
0.0000000283 0.0000000258 0.0000000810 -0.0000000558 0.0000000620 -0.0000000051
0.0000000043 -0.0000013356 -0.0000000558 0.0000032716 0.0000000064 -0.0000001087
0.0000026649 -0.0000000003 0.0000000620 0.0000000064 0.0000059834 -0.0000006457
-0.0000002934 0.0000000437 -0.0000000051 -0.0000001087 -0.0000006457 0.0000004368

target_points_pix:
-1.7632616332 0.4374488688 -2.0163576747 1341.4406396417 596.4137693479
-1.9167180805 0.6502726713 -2.0705326719 1319.1916551492 692.3014994021
-1.5002121632 0.1470386231 -2.1716073200 1289.6515388108 385.4556881568
-1.5791355639 0.5374848681 -1.9457535413 1252.8535419135 616.8911703402
-1.6501355010 0.7157043292 -2.1087474774 1190.5119624649 653.7495882237
-1.0935209420 -0.2851008651 -2.1257090529 1274.6647561675 90.6163793700
-1.2372617489 0.0363480423 -2.1678719484 1218.7296044488 276.5267653255
-1.3390051896 0.2640417268 -2.1356634694 1196.5699398651 404.8788549172
-1.2803984165 0.4564333986 -1.8119563847 1181.5759662664 552.1240305747
-1.3917419720 0.5734831894 -1.8785099623 1176.9979840459 610.0511927999
-1.1329537274 1.0838303633 -2.1376926140 886.3752341591 678.1560079622
-1.0861999588 -0.0724070378 -2.0085048335 1228.0763373597 207.5146364567
-1.0935183022 -0.1864478285 -1.9655495041 1284.7282425164 155.5805632237
-1.1577294112 0.1871402594 -2.0430681388 1164.1909294282 345.4552718365
-0.9213923119 0.6936566719 -1.8158918035 933.3125917154 570.8874836730
-0.8537358509 0.8313946700 -2.0701052063 839.9645300031 544.8101605673
-0.9197688999 1.1763899925 -2.0413765988 782.5969051606 698.1361571863
-0.8678678142 -0.1876486862 -1.9304275451 1185.6096831758 91.2379043768
-0.6059505876 0.0021046849 -2.1397186428 955.7585722047 100.7504655417
-0.7139063026 0.1884068236 -2.0970261339 954.9147249635 225.2522642941
-0.7638126571 0.6804874394 -1.8599272787 856.6161953485 514.1520906764
-0.8706004692 0.7609955734 -2.0348282237 868.6409667190 528.7874995290
-0.7257215869 1.1637273095 -1.9809265724 703.6554000685 672.3981160121
-0.7639138346 1.1025790106 -2.0546763088 733.8572639431 635.4686303508
-0.3519356275 0.0019469352 -1.8945751371 855.1287358377 41.3083400895
-0.5182162399 0.0584582647 -2.1374499208 897.9012395907 105.2918092871
-0.6001629434 0.3259827887 -2.0581514561 865.4821610530 266.8699812276
-0.4989809361 0.9160976353 -2.1709690747 662.7805649885 478.6077468799
-0.3940264734 1.1357138824 -1.8565624263 553.2964097454 626.8109197897
-0.5995646106 1.0924402375 -2.1580213671 665.2675575041 570.7923030336
-0.2408813975 0.1413283700 -2.1010650757 742.0664720632 73.1191342192
-0.1022075754 0.1730192857 -1.9861493936 662.9920627940 56.5120938597
-0.3208123668 0.3495978570 -1.8800079703 728.8438917005 228.4346246649
-0.1141203188 0.8982665961 -1.9209505513 475.1482947800 437.4392255580
-0.1833770196 0.8149241496 -1.9777709131 534.5163984254 403.9786587275
-0.4015102129 1.1785525036 -2.0463174815 556.6847943388 591.3618117236
-0.0050098914 0.5257213546 -2.1110537171 525.1197865907 200.7470114039
0.0873430322 0.7294019174 -1.9107975949 408.9642287729 305.4783052096
0.0852945478 1.0882388706 -2.0811940265 353.4749951816 438.2014444792
-0.1245320248 1.0722616496 -1.8954113751 437.0816355094 524.9006271461
0.0580140353 1.6564749291 -2.0056001193 245.8989077198 689.8432490069
0.1129876959 1.7098210899 -1.9997964193 209.9153368509 700.2156520471
0.2033738897 0.2628093811 -2.0669977459 479.5742285312 10.7703125776
0.3473636227 0.3182278702 -1.9402510749 369.4739409470 2.0615080421
0.3565354082 0.8722584079 -1.9663293335 241.5652396883 294.2073468146
0.1374260910 1.1569632659 -1.9912398308 300.5469117478 475.5533316709
0.2951990550 1.4166859272 -1.9840087220 171.2014291729 550.8393998474
0.0611186388 1.5047945352 -1.9279269025 258.8260984319 654.4690565604
0.0867318516 1.5644867443 -2.1461084051 272.3525930335 610.4686551652
0.4516216484 0.5414670465 -2.0961669823 286.4358976211 85.9942306590
0.3549734842 0.6235175838 -2.1005371298 319.9485306872 153.9611826041
0.5652056574 1.0015562950 -1.9226686031 91.4814148061 309.4439917372
0.4395085623 1.3030301233 -2.0955778568 145.0263533686 444.2748168475
0.3407057507 1.5573456301 -1.8639331961 94.9310717324 632.9627355345
0.4556518638 1.6963466740 -1.9118353382 25.9107039325 649.1653586394
0.8275756550 0.6713905884 -2.0761826814 52.3656357057 48.5085452480
0.6431571738 0.7320305461 -1.8576399939 80.6581738495 153.8456981272
0.5889345469 1.1772651812 -2.0652336531 85.3207365169 360.4777528389

gimbalangles:
-1.9584097286 0.0271711915 0.8903546646

end: