T_CW:
-0.8609494772 -0.5057728927 -0.0544038487 -0.0321761539
-0.3101719394 0.6067168444 -0.7319071244 -0.0556715544
0.4031865149 -0.6132605088 -0.6792291090 -0.0618290179
0.0000000000 0.0000000000 0.0000000000 1.0000000000

T_CW_cov:
0.0000005562 0.0000001277 -0.0000000720 -0.0000003542 0.0000014460 0.0000000084
0.0000001277 0.0000005258 -0.0000000442 -0.0000014463 0.0000003306 -0.0000001637
-0.0000000720 -0.0000000442 0.0000000866 0.0000001244 -0.0000001829 0.0000000083
-0.0000003542 -0.0000014463 0.0000001244 0.0000040323 -0.0000009170 0.0000004420
0.0000014460 0.0000003306 -0.0000001829 -0.0000009170 0.0000038112 0.0000000206
0.0000000084 -0.0000001637 0.0000000083 0.0000004420 0.0000000206 0.0000004871

target_points_pix:
-0.1465099906 -1.8328272246 -1.8981954512 1250.7132266196 481.7817311877
-0.3426600909 -1.6986843663 -2.0131679466 1327.0857993433 605.7521973128
-0.1400668675 -1.5443412508 -1.8055001948 1228.0748739078 557.0815757083
0.1335359145 -1.8428479847 -1.9814673882 1102.7484712232 457.3320139760
0.1715342562 -1.8377072737 -1.7077555890 1109.2397372063 359.4467958883
0.1240992140 -1.9843450146 -1.0759655747 1235.6938331991 37.9816760951
-0.0493717641 -1.9211444237 -1.8066152366 1221.6203392467 404.4117833357
-0.0107507729 -1.4624962367 -2.1410767009 1105.7510938513 665.9976760400
0.4152243284 -1.8347950724 -1.8048647437 984.6407842154 357.4181948855
0.0848713846 -1.9450227874 -1.7652455950 1161.0371876732 360.8736733089
0.2709930666 -2.0229951985 -1.3936351784 1116.1272528328 164.6891743656
0.3935839552 -2.0181614624 -1.1510837010 1074.2817536752 37.1756837674
0.2146649190 -1.8495797719 -1.0119872249 1169.1311548182 27.3669199919
0.2918924149 -1.8026157144 -1.9498619558 1026.4099767921 434.1984023141
0.3887196067 -1.5483946661 -1.8073259798 947.0051281871 452.7416061559
0.2030463646 -1.2799541855 -2.0787731241 973.5050112564 675.3798329372
0.6613401754 -1.8611822663 -1.9317589166 878.9348759598 356.8945769095
0.4035577717 -1.8051025498 -1.6202255344 996.3879069204 300.6919181697
0.4569104633 -1.8505142371 -1.3525835505 995.5402203267 169.0220372221
0.3786794710 -2.0383437217 -1.1978401556 1081.0857239490 57.0638746308
0.5109429233 -1.6663972622 -2.1643527627 899.5382163507 505.2122654672
0.4919235673 -1.5187523918 -1.9572107497 887.3929072133 493.7441560069
0.6904453826 -1.1610471457 -1.8405569797 718.4985256772 545.9014371399
0.6549097224 -0.8437372576 -1.8678088051 647.6806288727 695.3758757906
0.6051791213 -2.1125326224 -1.8346550447 946.3639262124 268.1947699966
0.8885854279 -2.0502117149 -1.9125103482 825.0384871353 274.6556259762
0.6754756322 -1.9665131575 -1.5812143502 902.2461098093 205.2146099475
0.8306860570 -1.5674480567 -2.0795252806 755.2518053431 460.0124271484
0.8551874529 -1.3042941348 -1.8165584212 681.4768963427 455.8217520337
0.7895796516 -1.2201316833 -2.0024037326 693.3284615973 555.7181107001
0.7746400239 -0.8335446310 -1.8636761699 587.0920327016 669.0767607526
1.0954692453 -1.8581825129 -2.0326651252 716.1367292088 332.3476900409
0.8384879369 -2.0700739021 -1.8890727619 847.3477522501 268.3880326881
1.0345126857 -1.8546994919 -1.3746466354 729.1832151679 107.9070318636
0.9500477222 -1.9913988195 -1.4115719724 794.1113154216 101.0865302241
0.8471038268 -1.6157640771 -1.8657793855 757.6005738264 377.2039275611
1.1646618641 -1.3994225008 -1.8999604189 585.9235986116 403.2787858436
0.8616797140 -1.4018883489 -2.1571992865 709.4955355410 527.4477339866
1.0168398722 -0.9545678627 -1.8721677156 518.6377402040 568.0692844824
1.1335969285 -0.5690045652 -1.8004655743 325.2264809992 679.6288124120
1.3633144213 -1.9058175939 -1.8359840971 630.1745684956 229.5251468994
1.1850730598 -1.9429122452 -1.5874276585 693.5651750569 155.1380530777
1.1108721872 -1.8917124848 -1.6494058011 711.4134322568 197.2979415439
1.2995741576 -2.1101608759 -1.3471534802 682.1447561777 17.3363235589
1.1428546488 -1.8734027375 -1.9583861169 701.5358197305 300.4946603017
1.3366147058 -1.5107727898 -2.0124757643 558.2357950960 382.6622621126
1.2127418960 -1.4389323406 -2.1131114121 588.7499127323 449.0844396571
1.0745265784 -1.0422826553 -1.8230717188 517.7178790642 508.4483940808
1.1600619218 -0.8068272071 -1.9987279613 426.0620965141 633.4138920665
1.3600971057 -2.1394947090 -1.9308683015 680.5088726540 210.4860638878
1.5999598486 -1.9341720935 -1.5824400126 547.1183867012 113.8235234866
1.4599674712 -1.8730458234 -1.4548000087 573.2975059030 92.3487751975
1.5798023544 -1.8746761661 -1.3568949353 525.9913247685 42.3564050825
1.4024912873 -1.7454236654 -1.8753919523 583.6328472426 273.9613473002
1.4528564790 -1.6598804076 -1.8320190018 544.7380932425 274.2591396038
1.6979698655 -1.3455571882 -1.9570761194 394.7076451598 360.4550294570
1.6315111392 -1.0550464774 -2.1687695799 355.6278982867 511.2692772308
1.6338089804 -0.6764502541 -1.8334104163 182.5107549910 535.6206161043
1.3752629996 -0.5013956868 -1.8451442328 207.8572280522 664.2706500336
1.6696960735 -2.1335143978 -1.8174720010 580.2471458465 147.5564326540
1.7663122043 -1.8342091207 -1.7349238641 480.2652266925 170.1593735207
1.7984505393 -2.0074320268 -1.3755868466 487.7678506838 6.5007412086
1.6699498579 -1.6756908929 -1.8676287179 480.9224571219 256.8782406605
1.7503482467 -1.4139824944 -1.9330663828 394.7236769534 329.1693199287
1.6086240389 -1.3759422775 -2.1769863102 448.9232387999 427.9800951658
1.8099044246 -1.1685900485 -2.1964658196 336.3724080003 460.0613618884
1.8744068534 -0.7564096408 -2.0234271969 166.8995008885 522.2686596737
1.8496731403 -0.5125324509 -2.1388159692 106.5994835295 640.8640282451
1.8517101813 -1.8158071205 -1.9202430645 463.2820225944 223.8521690683
2.0612107624 -2.0207807403 -1.5899707244 427.3722802502 60.6102898434
2.1079238686 -1.9359357685 -1.5871010164 393.2213086684 70.6992300758
1.8652701462 -1.8208169787 -2.1046506354 472.7957141537 274.9226343339
1.8596756203 -1.9310635161 -1.8207909020 480.7066025042 169.6396243816
2.0422816431 -1.6552998450 -1.4431634057 323.2632404504 77.2370175055
1.8838081623 -1.6556635258 -2.1633819886 434.6008918654 324.0136809102
1.9935738669 -1.4877829304 -1.5690665399 303.2058694213 163.0197079719
2.0514362961 -1.6443114163 -1.6249753399 336.8922405354 143.8757334431
2.1646167347 -1.1212737102 -1.9130174607 186.4520763052 343.0540324012
2.1417190529 -1.3373523818 -1.7110508861 231.9335571361 229.6250636307
1.8336712306 -1.1288074433 -1.3115825326 196.8342137367 166.5134021486
2.1758911287 -1.3998298589 -1.1849767330 164.8158633792 12.1849037383
2.1829607998 -1.2976571895 -1.1393445659 116.7554827792 12.5347321081
2.1857920555 -0.8874492296 -2.0660135117 128.8500271226 446.5168012384
1.8330203597 -0.9506125522 -1.6966504631 195.2923942715 365.7076055152
2.0685977208 -1.1828960926 -1.6875075128 200.9877125337 267.0371024262
1.9582976991 -0.9784727864 -1.1980075723 70.1341844282 140.1566377100
1.9675984183 -0.6681374839 -1.8991578230 84.4672462590 497.6164192016
1.9263270606 -0.9148012062 -1.9037353806 186.6444192481 429.6979719343

gimbalangles:
-0.6100531622 0.0645138081 1.0747993025

end: