T_CW:
-0.4625937655 -0.8821460988 0.0884605477 -0.0264615781
-0.8718080823 0.4344886348 -0.2262085185 -0.0295709063
0.1611138595 -0.1817632708 -0.9700538324 -0.0633441297
0.0000000000 0.0000000000 0.0000000000 1.0000000000

T_CW_cov:
0.0000023721 -0.0000003072 0.0000002191 0.0000006938 0.0000050422 0.0000002278
-0.0000003072 0.0000009508 -0.0000000652 -0.0000021530 -0.0000006523 0.0000001903
0.0000002191 -0.0000000652 0.0000001543 0.0000001508 0.0000004650 0.0000000124
0.0000006938 -0.0000021530 0.0000001508 0.0000049469 0.0000014734 -0.0000004411
0.0000050422 -0.0000006523 0.0000004650 0.0000014734 0.0000107871 0.0000004853
0.0000002278 0.0000001903 0.0000000124 -0.0000004411 0.0000004853 0.0000006340

target_points_pix:
-0.5661656735 -0.8955550283 -2.1500965413 1145.1035879630 658.3221903019
-0.3824353557 -0.9165060577 -2.1160848033 1110.3771524178 560.1260518194
-0.2770033012 -1.3320833847 -1.9451609895 1315.4190676091 388.0232440911
-0.1016370398 -0.8478833114 -1.8389819135 1061.6929483233 413.2248567523
-0.3325738895 -0.8965445115 -1.9779077857 1121.7373429905 535.0617921827
-0.2601348120 -0.3406750859 -1.8347724314 840.1292681545 657.8247767589
-0.2642132143 -0.2524614731 -1.8866649884 784.9636234887 687.0483794647
-0.0107507729 -1.4624962367 -2.1410767009 1232.1012810916 258.1627171700
-0.0377600212 -1.2511955147 -2.1143219560 1159.6268001768 313.3250918348
0.1874298682 -1.0887540870 -1.9766534841 1058.3749156516 223.4298658955
-0.1494214754 -0.9296626480 -2.1805353935 1037.3598464216 447.2233171530
0.0892096609 -0.3198192371 -2.0221768162 707.1183714145 471.3756885642
0.1323965302 -0.1037267078 -1.8561336447 582.8925057601 497.0616776917
-0.0856700127 -0.1030147636 -2.0582686413 640.4020448320 626.3105746535
0.1452134591 0.1922630782 -2.0373477326 419.5462289847 583.7006998921
0.2918924149 -1.8026157144 -1.9498619558 1342.7755068001 14.1481429026
0.2030463646 -1.2799541855 -2.0787731241 1114.7117194351 192.1475127290
0.1329317930 -1.0930724451 -2.0607536919 1057.1619813198 262.6759345187
0.3966472926 -0.6178209378 -1.9947524702 775.4914612278 236.6706702039
0.3553297135 -0.3276689618 -2.0093469550 640.7559906480 330.6436449853
0.1765238807 -0.1629660990 -2.0507528715 602.0909064343 469.5695323535
0.3494449580 -0.0041648674 -2.1863865269 481.5312604512 433.7097395854
0.2033738897 0.2628093811 -2.0669977459 368.7078240021 572.3843780484
0.3473636227 0.3182278702 -1.9402510749 284.0708049372 502.6644908559
0.5109429233 -1.6663972622 -2.1643527627 1169.7417311540 3.8299164998
0.6549097224 -0.8437372576 -1.8678088051 829.7512378075 29.4851468663
0.6287320914 -0.8865639983 -2.0414822743 836.6229778830 77.8234035888
0.6235847773 -0.4553609724 -1.9114135080 638.5619449326 146.2427029334
0.5992728709 -0.0948969172 -1.9782163520 456.3951833044 260.1562823519
0.3044646466 -0.0546113516 -1.8985050385 507.1835327863 416.6176402578
0.3684139713 0.2646838209 -2.1916892182 342.0246898409 492.0066671255
0.4516216484 0.5414670465 -2.0961669823 159.4006053605 516.5892576700
0.3549734842 0.6235175838 -2.1005371298 136.1717056540 591.6667921092
0.6130182170 -0.8421000308 -2.1969690064 804.7880697187 128.4609265219
0.6737092761 -0.3896397273 -2.1104051242 590.2985593457 179.9208361903
0.7425085479 -0.1209141871 -1.8887678018 428.1673225451 162.0730346847
0.6065040061 0.0125160386 -1.9812612160 397.0579686689 283.9426034441
0.7128410050 0.4465180968 -2.1775363231 169.5556249589 365.8327643738
0.8898566496 -0.1034774906 -2.0419124720 395.7892872954 128.7653380511
1.0501020800 0.0433538328 -1.9744460320 274.4852412567 69.0797168787
0.8458239714 0.2527812607 -2.0225750652 215.3652429252 229.4734804580
1.1118900727 0.0687026901 -1.8634442179 228.3147918189 13.0359967585
1.2032753547 0.2645148242 -1.8238494440 84.9353942870 0.7865948096

gimbalangles:
-1.3196635294 -0.1772804937 0.5198557658

end: