T_CW:
0.8947699326 -0.3213990763 -0.3099829050 -0.0423993162
-0.2355985525 0.2499074616 -0.9391696240 -0.0806777973
0.3793152906 0.9133722649 0.1478885255 -0.0338410174
0.0000000000 0.0000000000 0.0000000000 1.0000000000

T_CW_cov:
0.0000011081 -0.0000001031 0.0000001775 0.0000002596 0.0000025085 0.0000000943
-0.0000001031 0.0000007745 -0.0000000399 -0.0000019170 -0.0000002281 0.0000004120
0.0000001775 -0.0000000399 0.0000001212 0.0000001010 0.0000003812 0.0000000023
0.0000002596 -0.0000019170 0.0000001010 0.0000048124 0.0000005732 -0.0000009918
0.0000025085 -0.0000002281 0.0000003812 0.0000005732 0.0000057476 0.0000002062
0.0000000943 0.0000004120 0.0000000023 -0.0000009918 0.0000002062 0.0000006894

target_points_pix:
-0.2945068937 2.1581701266 0.2369112271 30.7104356846 535.5796817083
-0.0743889678 1.9947732545 0.8872855405 68.7922918532 101.8696373242
0.1459432429 2.0821321832 0.0768023636 328.9547259547 546.3042565009
-0.1806544141 2.1115250387 0.4424313824 72.1445617592 391.1758529535
0.0637301572 1.9298115973 0.6674237794 185.1192291457 195.3307749505
0.1613635871 2.1800453551 0.7561633745 239.2524155192 191.1254411216
0.1326497219 2.1934063378 0.1317613825 311.0559245823 524.2266219639
0.3584381887 2.0127258478 0.3252687757 415.8753126462 365.3153167072
0.0874333717 2.0552167764 0.3189859915 256.3637291492 414.2581297150
0.1362588165 1.9407112360 0.8236560383 208.6598907847 102.1694559771
0.0850174751 2.1932606518 1.1592334350 145.4931993015 3.4015124117
0.6165630709 1.8861184111 -0.3081537565 685.8153017058 678.0403005365
0.5187396521 1.9175698469 -0.0342267122 575.9636209457 534.5777184985
0.4658259500 2.1446281117 0.1786821967 486.9192798715 443.6466123553
0.3919355060 2.1616707571 0.6632135215 376.2722294700 210.2085660092
0.6149241260 2.1417820874 -0.0629871951 600.4122451565 546.5845542045
0.8744611877 1.9175934359 -0.1030143606 774.3829580069 512.2659350335
0.5774336625 2.1372701750 0.2631028182 531.2676165502 384.0788772810
0.8440934580 2.1902962990 0.6325766983 596.1222098724 186.5637437480
0.8537553440 2.0649362087 0.8229180708 587.9716990149 72.9329459870
0.9700709065 2.0495125061 -0.3789924060 838.5174729256 649.2381482258
1.1070298076 2.0352606546 -0.4010910561 906.5193406142 636.3056764529
0.9446028517 1.9229887471 0.1001881458 770.7007247712 392.8167701941
0.8794509136 1.9301087444 0.2419634107 713.3091189184 328.2577255963
1.1616785174 2.1777586275 0.6995493964 723.4273765806 128.2444052888
0.8423272991 2.1471504388 0.7368052803 585.4735288764 131.2613181018
1.2937655825 2.1835571116 -0.3637297557 938.8317917773 590.3601389358
1.3538238077 1.9785164330 -0.2940629520 1006.5435413048 539.1791828992
1.2837850472 1.9308362974 0.0489517471 929.8798864158 374.4230861148
1.2067308529 1.8145079988 0.3760143933 868.2807794957 201.7444072806
1.4475675925 2.0053292625 0.6828083204 873.0946945631 78.2356719487
1.2925356877 2.1221237359 0.7482674025 778.4452734533 86.5013698186
1.3172141628 1.9516388669 -0.3603113483 1011.6636994363 577.4099522294
1.5338095482 1.8798228867 0.1823071187 1022.7027946023 273.1629987778
1.6517568517 2.0532827983 0.1027735693 1031.2543679777 321.2498975576
1.3824741782 1.8443921632 0.4398958625 925.6868015185 159.3563468177
1.6861608307 2.1883567292 0.9182671607 887.5989014870 8.0790520061
1.8629717589 1.9489552160 -0.3377369029 1214.5578172444 484.1612266383
1.7156691905 2.1057429675 -0.3842938436 1119.6627449597 535.0636528818
1.6259144061 2.0315266510 -0.0616660815 1055.3667962456 395.2032835305
1.8175531116 1.9386485974 0.2399735909 1101.1739786757 227.6549807666
1.9248890548 2.0591581315 0.4394950177 1070.9569516566 155.0232799020
1.6697997709 2.1160420786 0.7808222228 916.8674631739 46.9023891250
1.8786372721 1.3992617700 0.3556715000 1304.4596998602 50.9853894783
1.8442668460 1.6413290332 -0.3297220468 1329.2089291051 458.4994572100
2.1621050722 1.6206868910 0.2900958392 1325.1958678533 114.6171102031
2.0529398181 1.6940371335 0.3906949376 1239.7981478369 93.5491441735
1.8403405299 1.6816472661 -0.4285474942 1330.4002015287 513.9477852014
2.1503249450 1.7195661166 0.1719919587 1304.1306175896 189.2095423143
2.0918025611 1.8737719338 0.2909391949 1207.3176283206 170.1924006497
1.9771846623 1.8336429997 0.6802675694 1114.9468840857 5.1764573799
1.8490905711 1.9411383311 -0.3451350033 1213.8632879871 488.9720473435
2.1806425045 1.9729155912 -0.1883639695 1284.0350967144 380.1866001067
1.8529430787 1.9351196944 0.1818550971 1124.6459636330 249.2224178411
1.8483799352 1.8597187954 0.2031048715 1143.5323202723 228.0703093218
2.1654789071 1.8911660364 0.5400688451 1183.7123054570 64.4797940276
2.1793564671 2.0487078518 0.6511816064 1123.6132052109 52.5147797824

gimbalangles:
0.2255393885 0.0893773962 -1.4384166365

end: