T_CW:
0.8562738994 -0.4926047417 -0.1553562927 -0.0362142517
-0.4750931251 -0.8691503338 0.1373470780 -0.0147003680
-0.2026857955 -0.0437980114 -0.9782638716 -0.0563498514
0.0000000000 0.0000000000 0.0000000000 1.0000000000

T_CW_cov:
0.0000015408 -0.0000002314 -0.0000002211 0.0000005042 0.0000032726 -0.0000001781
-0.0000002314 0.0000006985 0.0000000661 -0.0000015839 -0.0000004818 -0.0000001869
-0.0000002211 0.0000000661 0.0000001397 -0.0000001443 -0.0000004659 0.0000000144
0.0000005042 -0.0000015839 -0.0000001443 0.0000036575 0.0000010491 0.0000004231
0.0000032726 -0.0000004818 -0.0000004659 0.0000010491 0.0000070147 -0.0000003832
-0.0000001781 -0.0000001869 0.0000000144 0.0000004231 -0.0000003832 0.0000005388

target_points_pix:
-1.9180268305 -0.1096057180 -2.0836827944 64.4333177217 688.8301504116
-1.6050720677 -0.1570880062 -2.1723311699 213.4977444890 628.9738450501
-1.9483527284 -0.0672251213 -2.1691429618 70.7943299624 660.7556457217
-1.7025217749 0.2005152844 -2.1416149571 82.2033445263 504.6272286236
-1.5322625065 0.0726475877 -2.0453616294 146.6100341086 535.9542187614
-1.5002121632 0.1470386231 -2.1716073200 177.0433859692 479.3840705425
-1.0935209420 -0.2851008651 -2.1257090529 431.9685849624 583.6231505423
-1.2372617489 0.0363480423 -2.1678719484 302.4227439596 468.6626050558
-1.3390051896 0.2640417268 -2.1356634694 197.6428147428 396.0119753582
-1.2803984165 0.4564333986 -1.8119563847 59.5968768741 315.0134951179
-1.0861999588 -0.0724070378 -2.0085048335 354.3854591108 503.5537161507
-1.0935183022 -0.1864478285 -1.9655495041 372.4691985229 566.3336940924
-1.1577294112 0.1871402594 -2.0430681388 263.3679242040 395.5007491502
-0.9213923119 0.6936566719 -1.8158918035 148.3094917771 80.3824680432
-0.8537358509 0.8313946700 -2.0701052063 222.4365450940 6.0133691038
-0.8690239338 -0.5462702463 -2.0546615520 584.4517471553 665.5112201894
-0.8678678142 -0.1876486862 -1.9304275451 466.5136914491 516.9707929721
-0.6059505876 0.0021046849 -2.1397186428 567.4680200109 334.2945228051
-0.7139063026 0.1884068236 -2.0970261339 463.3392657972 276.8115600103
-0.7638126571 0.6804874394 -1.8599272787 240.6181309213 39.0286748143
-0.8706004692 0.7609955734 -2.0348282237 224.1637621059 42.8349792562
-0.6464942885 -0.6169893022 -1.8797235077 690.3300822290 688.5924445371
-0.4371965137 -0.3097518600 -2.1603245863 727.7120691491 435.8744332108
-0.5449677676 -0.4256999261 -1.8409050742 682.1234919799 571.1382947621
-0.3519356275 0.0019469352 -1.8945751371 659.2073940328 278.1581776573
-0.5182162399 0.0584582647 -2.1374499208 591.4454789554 284.8677905794
-0.6001629434 0.3259827887 -2.0581514561 469.2017996090 179.5221402899
-0.1016370398 -0.8478833114 -1.8389819135 1056.9383495439 681.3090542135
-0.2601348120 -0.3406750859 -1.8347724314 809.8297824580 445.2626454556
-0.2642132143 -0.2524614731 -1.8866649884 782.5210911962 391.2286162966
-0.2408813975 0.1413283700 -2.1010650757 694.5227687709 168.2754014091
-0.1022075754 0.1730192857 -1.9861493936 746.8254083001 107.1521229320
-0.3208123668 0.3495978570 -1.8800079703 566.8339758203 76.2918372860
0.1874298682 -1.0887540870 -1.9766534841 1275.5656792503 697.8827250752
-0.1494214754 -0.9296626480 -2.1805353935 1025.1225281248 652.6732450644
0.0892096609 -0.3198192371 -2.0221768162 993.6932411457 311.6983962517
0.1323965302 -0.1037267078 -1.8561336447 962.6108747564 183.3265543648
-0.0856700127 -0.1030147636 -2.0582686413 838.1202997967 247.8022481107
0.1452134591 0.1922630782 -2.0373477326 874.5218805054 19.9059801350
0.1329317930 -1.0930724451 -2.0607536919 1229.6790045268 692.1371342656
0.3966472926 -0.6178209378 -1.9947524702 1259.9727010006 383.8442640597
0.3553297135 -0.3276689618 -2.0093469550 1147.7581299151 235.9145790015
0.1765238807 -0.1629660990 -2.0507528715 994.4327009124 201.2211924295
0.3494449580 -0.0041648674 -2.1863865269 1032.7706332757 68.9756043908
0.5992728709 -0.0948969172 -1.9782163520 1229.8294574483 22.0558559453
0.3044646466 -0.0546113516 -1.8985050385 1047.8706460880 96.2182616398
0.6737092761 -0.3896397273 -2.1104051242 1332.8042511988 169.0894540659

gimbalangles:
-1.6724977987 0.1139772971 -1.0067949552

end: