T_CW:
-0.2396406834 0.9034817776 -0.3553772929 -0.0442150917
0.7687411316 -0.0469841593 -0.6378319225 -0.0508932380
-0.5929666225 -0.4260436201 -0.6832842881 -0.0609788791
0.0000000000 0.0000000000 0.0000000000 1.0000000000

T_CW_cov:
0.0000004679 -0.0000000721 -0.0000000361 0.0000002001 0.0000012297 0.0000000472
-0.0000000721 0.0000005612 -0.0000000255 -0.0000015779 -0.0000001943 -0.0000001401
-0.0000000361 -0.0000000255 0.0000000710 0.0000000764 -0.0000000912 0.0000000043
0.0000002001 -0.0000015779 0.0000000764 0.0000044893 0.0000005400 0.0000003853
0.0000012297 -0.0000001943 -0.0000000912 0.0000005400 0.0000032828 0.0000001295
0.0000000472 -0.0000001401 0.0000000043 0.0000003853 0.0000001295 0.0000004152

target_points_pix:
-1.9221166002 -1.9663354306 -2.1468861812 483.9221311901 323.4208479421
-1.9802765316 -1.8045886900 -1.7091154059 463.5214697381 194.1963356885
-2.0367121883 -2.1929650405 -1.4116115292 297.2408382916 111.9377669567
-1.8813091829 -1.6492230086 -2.0987515410 564.9421093086 316.8668169682
-1.9952865137 -1.5586000442 -1.6116522055 526.8608625207 151.1360274574
-1.9585876503 -1.7206606709 -1.6496159000 475.9520605367 179.6637759264
-2.0979104363 -1.5458682890 -2.0934762486 618.2317108249 255.3029324812
-2.0340556057 -1.5717316181 -1.5723282968 520.4135142418 129.3439350709
-2.1899931001 -1.4689067442 -1.4424310350 552.0438084377 41.2394485335
-2.0123749693 -1.3051194687 -1.2605724813 554.6626002588 11.2770446778
-2.1330431348 -1.1238264740 -2.1749385310 767.8897302357 254.1388933037
-1.8931619140 -1.4242961790 -1.8619772805 602.1673180815 246.6301453250
-1.8156937678 -1.2788976583 -1.4720111433 578.4311891187 142.9367824032
-2.1048315546 -1.4420218644 -1.3322701860 530.3706561429 23.2295944971
-2.0275988338 -1.0451784956 -1.8548879915 749.5312491896 192.0836615357
-2.0740832194 -1.1457875937 -1.8085477659 710.4407347793 169.7345813231
-1.8048856477 -0.8113928394 -1.5416979154 783.5083333993 144.2808158747
-2.0263796769 -1.1692429330 -1.4253872039 638.8923408002 58.5119562141
-1.8072466993 -0.9142648409 -2.0509648423 806.1555322062 309.3413154080
-1.8873716097 -0.8301472013 -1.9077868950 828.7992004334 240.6747871934
-2.0424561488 -0.9183195632 -1.6014494401 767.1372171905 99.8991652659
-2.0752258472 -0.3109300675 -2.1110600714 1073.5369209187 224.8664011057
-2.1493942445 -0.4797543549 -1.7357695462 975.8992740885 88.9397298067
-1.8641180002 -0.5218672308 -1.4602447271 915.3301261987 73.9259215159
-1.9147247312 -0.2548115522 -2.0326057316 1092.5082274953 248.8212884579
-2.0556831739 -0.2172783453 -1.6982966545 1095.3488852396 85.5680371048
-1.9180268305 -0.1096057180 -2.0836827944 1164.3934280315 258.4249682619
-2.0489798470 0.0967352262 -1.5659864992 1261.9065733677 8.0419421459
-1.8167122418 0.1568885131 -1.5440816022 1307.7260730445 72.1745911235
-1.6528525047 -1.8988645247 -1.9727573103 439.4342463775 356.2169264299
-1.9130254349 -1.8860765796 -1.6464160941 417.2961535412 197.8186511053
-1.6971427193 -1.9147061648 -1.5994332875 365.6689646024 246.1925376486
-1.7576145065 -2.1605108836 -1.2885426793 227.4075171011 146.1154436737
-1.7565167600 -2.0307767892 -1.1690698993 235.7425055820 99.8815509905
-1.8882251437 -1.7216178320 -1.9143727145 513.5868641832 271.0415774055
-1.6982756279 -1.3603867850 -1.9128438210 610.7442587175 316.6488118792
-1.8876670961 -1.4066149089 -1.9187156197 616.4196113458 263.1255298820
-1.8462753154 -1.0571684346 -2.1965330153 772.5484224374 338.8396145143
-1.9317673488 -0.6338474593 -2.1627174347 936.1946956221 294.1333198987
-1.7579705380 -0.5772389801 -2.1935923520 954.5222848774 356.6148560083
-1.6050720677 -0.1570880062 -2.1723311699 1143.9525947503 397.8361797962
-1.9483527284 -0.0672251213 -2.1691429618 1187.2313257869 273.4530436996
-1.7025217749 0.2005152844 -2.1416149571 1332.4604117966 344.2066933774
-1.4411075920 -2.0047310802 -2.1884385161 419.4857463622 469.0033185799
-1.5636460166 -2.1015147070 -1.7670923026 323.8722587041 335.6430669494
-1.4260408633 -1.8229054887 -1.5300131216 332.4832585420 308.0543499712
-1.3399871004 -2.0056671780 -1.2549875334 177.6749422664 257.5723015235
-1.5718650262 -1.8348688483 -0.8367522059 159.1777765396 12.2919909015
-1.5219180490 -1.8699384584 -1.8978367480 415.2108430691 377.0949645902
-1.4682522470 -1.5686725384 -2.0065486827 526.7191150241 417.5584457132
-1.5548618276 -1.2661538459 -2.0485354989 650.4705594209 396.4177584383
-1.5594104961 -0.9227059103 -1.8929279979 762.3643355271 346.9497351674
-1.5268858466 -0.9034280657 -1.9429658399 774.4907565789 372.5071948511
-1.4357686636 -0.5273511537 -2.0349748541 947.8545558410 427.9346955996
-1.3346818081 -0.4072892248 -1.9128016578 992.1645411322 431.9811263614
-1.5322625065 0.0726475877 -2.0453616294 1266.3093880225 384.0454407271
-1.5002121632 0.1470386231 -2.1716073200 1310.2829894602 436.0125905035
-1.0892432491 -2.1781532013 -2.1928852506 317.6019383724 582.5419579752
-1.1045450740 -2.0836019116 -1.7259294662 236.1815702545 476.4702963234
-1.1903101363 -1.9710198513 -1.5405061849 239.3556888980 396.1588932272
-1.2890348075 -1.9994550703 -1.3783793257 205.0051250138 314.1198611070
-1.2364419598 -1.9084281885 -0.8859257635 55.7542664717 153.6125678896
-1.4358768580 -2.0111886180 -0.8261469596 56.3976691533 66.3725324717
-1.2316108156 -1.6002939991 -2.0136714895 484.9884277273 500.8622916029
-1.1236390632 -1.6723554829 -1.9513804356 430.5360948617 525.6044289661
-1.4317858123 -1.0551176296 -1.9035718307 696.3900141091 398.0195016003
-1.1364814913 -1.1054498984 -1.9291642293 645.8167345540 520.0502681026
-1.0697359937 -0.8988463701 -2.1613215268 765.9079986000 608.6327133479
-1.3989814388 -0.5673341385 -2.1783087477 940.8256063343 481.6411709970
-1.0935209420 -0.2851008651 -2.1257090529 1067.3068356977 603.8575233809
-1.2372617489 0.0363480423 -2.1678719484 1254.1547418762 552.4576238950
-0.9278648461 -2.1623143671 -1.9122754340 226.1396440679 583.9100182719
-1.1970903097 -2.0119519131 -1.8409716733 305.3511246844 471.3554224431
-1.0262459419 -2.1327927978 -1.4283592435 115.5695293179 427.6264110934
-0.9575045136 -1.9115817110 -1.1792712318 84.7560987777 375.8329350148
-0.8443794031 -1.8071398690 -1.0955409877 55.2064226441 395.2730959592
-1.0920435109 -1.8769257744 -1.8507553072 332.3398104140 512.0861938383
-0.8217986006 -1.4231447447 -2.0815741753 503.2366143038 683.4552317102
-1.0911494608 -1.1818016687 -1.9649873378 614.7027295045 547.1715028602
-1.0321968910 -0.8729605601 -2.1287663411 769.1340806599 618.1059558139
-1.1280067953 -0.8565214532 -2.0582172524 775.1911608219 559.5586414300
-0.8450867383 -0.6142765335 -1.9706636513 856.8955876655 679.1716589160
-1.0861999588 -0.0724070378 -2.0085048335 1187.0217939711 579.9201379583
-1.0935183022 -0.1864478285 -1.9655495041 1114.5293035521 561.3422239816
-0.6316084140 -2.0274981562 -1.8786262742 197.2560895559 702.1938253976
-0.9035524778 -1.8286837590 -1.7451155714 284.9050710630 561.4217675604
-0.9479648369 -1.9014220938 -1.5210612308 203.3934876139 484.2422208281
-0.9432146670 -2.0560567738 -1.2161047290 44.2983300247 396.3183441157
-0.8635723492 -1.6173579517 -1.8943794162 392.7319209618 618.1075646158
-0.9203595300 -1.1508216233 -2.0333945953 618.3226785043 638.1460810111
-0.8690239338 -0.5462702463 -2.0546615520 906.7669474824 690.1668995954
-0.8678678142 -0.1876486862 -1.9304275451 1108.6335446063 674.3596197101
-0.6620010583 -2.1660087974 -1.6901725747 100.0555937318 643.4882419448

gimbalangles:
-0.8580606123 0.2223259879 2.9625978184

end: