T_CW:
0.2385683654 -0.8663987511 0.4386779447 -0.0124528822
-0.0065353193 -0.4531431848 -0.8914137892 -0.0731245639
0.9711037147 0.2097962301 -0.1137678214 -0.0443897914
0.0000000000 0.0000000000 0.0000000000 1.0000000000

T_CW_cov:
0.0000016275 0.0000000620 -0.0000002409 -0.0000001671 0.0000034763 -0.0000002562
0.0000000620 0.0000007666 -0.0000000096 -0.0000017571 0.0000001316 -0.0000003830
-0.0000002409 -0.0000000096 0.0000001401 0.0000000359 -0.0000005019 0.0000000383
-0.0000001671 -0.0000017571 0.0000000359 0.0000040936 -0.0000003539 0.0000008638
0.0000034763 0.0000001316 -0.0000005019 -0.0000003539 0.0000074890 -0.0000005428
-0.0000002562 -0.0000003830 0.0000000383 0.0000008638 -0.0000005428 0.0000006764

target_points_pix:
2.1765978586 -0.6839881453 -0.1951020741 1284.8271729125 582.9332195672
1.9673362565 -0.4932213503 -0.4475193608 1122.5275767572 690.5765765220
2.1067069339 -0.6795458537 -0.1661413448 1302.3858696136 574.7701067961
2.0636815123 -0.3878123219 -0.4885321114 1044.1467145497 662.2810536993
2.1849937664 -0.1076724463 -0.3596361117 930.2947967249 503.3234716794
2.0022793552 -0.3407600927 0.0091227653 1168.0289520869 384.4553034691
1.8643482217 -0.2351548738 0.1403036800 1158.8203452679 274.8131974798
1.9661306703 -0.1937462224 0.4290557110 1213.7231315231 95.6020986245
1.8771705378 -0.1265291682 -0.6141926158 860.3678165108 678.4660368558
2.0676327225 0.0569281127 -0.3843215573 836.1227876158 479.3965321949
2.0149956616 -0.0249350183 -0.0543509498 966.7710836553 330.1460779733
1.9958726695 0.0686412089 -0.1886466928 878.0508828182 377.2020918764
1.9211683822 0.1359918091 0.3523883176 993.7356363498 48.3475339763
2.1786073514 0.1163252008 0.3660038469 1004.5138538265 80.9900953843
1.8114395741 0.4329723722 -0.5928847570 554.4576850732 500.2332705809
2.1709836927 0.2997486605 -0.5802434997 681.8491988964 502.7883714575
2.0977893427 0.1919665322 -0.4032312221 766.4622676337 450.6071061797
2.0411823258 0.4248620549 -0.1403165224 711.6385899769 258.5503904021
1.9438511651 0.1053696058 0.3538797141 1011.7110611005 58.7870628407
1.9992997518 0.4851987211 -1.0367096055 464.6798534905 685.6133398658
1.8991071867 0.6234767567 -0.5807390885 482.9380699515 433.6591596073
2.1354501132 0.6857830925 -0.5689497110 508.6665777002 403.3319293928
2.1728366635 0.3511639663 -0.4284264483 693.5979628362 418.6695653736
2.1946764291 0.4631732279 0.0532115749 756.7978555627 161.6113837298
2.0632829037 0.5445962566 0.1285032323 722.4667278653 92.4246363843
1.8979720761 0.3684671733 0.3103802266 847.5092157394 10.5523869163
1.8540951364 0.9024724960 -0.9291037044 263.3443462633 535.2106762391
1.9280159722 0.5892995954 -0.8408584783 444.9003281815 571.7601987199
1.8819986643 0.6403023216 -0.5539885803 477.2624151957 415.9344650558
1.8710597108 0.8099321409 -0.1270716099 496.7585555628 144.3963379048
2.1830827873 0.8306619622 0.2050011929 624.0364819166 7.5560675187
1.9294212385 1.0134778323 -1.3523070024 155.9448587999 693.9975425920
2.0193486403 0.9251526220 -1.2053517240 249.4146292039 639.6048639749
1.8841264328 0.9616947949 -0.8001790908 275.3078533940 453.5640513074
1.8413549133 1.1156033625 -0.8390002865 186.4789720108 434.0438368568
1.9089759812 0.8085310986 -0.5822388722 399.0491349365 384.4843039595
1.9554318540 0.8479488833 -0.1032449947 503.5291300824 130.7464328917
2.0820885222 0.9153317630 -0.0671913434 508.2151712209 109.9020694951
1.9038611655 1.1755829434 -1.4194943058 70.5148879824 683.6352269768
2.1912169449 1.1472081868 -1.0971950733 236.4235778887 521.8277344490
2.1198372318 1.2923371785 -0.8636543491 204.5987094494 393.4675027214
1.9304306795 1.2228028837 -0.5695244456 228.8003421994 274.7355716423
1.9332082462 1.2240534518 -0.3091263431 283.9755331929 146.4397216839
2.0506832390 1.3181927661 -1.3523290782 84.1206983720 599.6292280956
2.1719950041 1.3312834193 -0.8438112511 209.7886837954 375.4069611352
1.9959423886 1.4846583959 -0.4470288691 170.7665658921 160.4721746418
1.8442668460 1.6413290332 -0.3297220468 76.6557766534 54.4055786288
2.0264346805 1.6281954796 -0.7751321253 66.6712229596 280.2120482714
2.1430706410 1.8094588362 -0.6250814690 71.0189391934 182.7659418900
1.8403405299 1.6816472661 -0.4285474942 39.5187626878 94.4360038032

gimbalangles:
-0.3623816358 -0.3464911558 -0.3850630693

end: