T_CW:
-0.9237524469 0.1635284348 -0.3463233574 -0.0438529343
0.1580376433 0.9864412633 0.0442463258 -0.0182524048
0.3488631826 -0.0138594755 -0.9370711791 -0.0565395446
0.0000000000 0.0000000000 0.0000000000 1.0000000000

T_CW_cov:
0.0000011068 0.0000001417 -0.0000002422 -0.0000003333 0.0000024185 -0.0000001598
0.0000001417 0.0000007370 -0.0000000097 -0.0000017380 0.0000003163 -0.0000005922
-0.0000002422 -0.0000000097 0.0000001459 0.0000000240 -0.0000005136 0.0000000174
-0.0000003333 -0.0000017380 0.0000000240 0.0000041609 -0.0000007438 0.0000013688
0.0000024185 0.0000003163 -0.0000005136 -0.0000007438 0.0000053458 -0.0000003585
-0.0000001598 -0.0000005922 0.0000000174 0.0000013688 -0.0000003585 0.0000009189

target_points_pix:
-0.2642132143 -0.2524614731 -1.8866649884 1262.9763404275 63.4907619709
-0.2408813975 0.1413283700 -2.1010650757 1272.2792795520 339.5901086076
-0.1022075754 0.1730192857 -1.9861493936 1186.1051313357 378.0285580427
0.0892096609 -0.3198192371 -2.0221768162 1007.2205085060 91.1776875683
0.1323965302 -0.1037267078 -1.8561336447 992.3511810353 223.5949414471
-0.0856700127 -0.1030147636 -2.0582686413 1143.3042892015 203.8967574023
0.1452134591 0.1922630782 -2.0373477326 1024.9636834666 410.2900200295
-0.0050098914 0.5257213546 -2.1110537171 1154.2314965671 593.5890687420
0.3553297135 -0.3276689618 -2.0093469550 845.5906678310 122.7935117045
0.1765238807 -0.1629660990 -2.0507528715 970.9788541982 199.8599914615
0.3494449580 -0.0041648674 -2.1863865269 898.6055618883 311.1251702313
0.2033738897 0.2628093811 -2.0669977459 997.8410520096 455.1711495384
0.3473636227 0.3182278702 -1.9402510749 906.3961785178 510.7694755853
0.6235847773 -0.4553609724 -1.9114135080 667.5580729578 76.1730293980
0.5992728709 -0.0948969172 -1.9782163520 727.7063797439 285.6198007259
0.3044646466 -0.0546113516 -1.8985050385 889.8854268341 277.4621006825
0.3684139713 0.2646838209 -2.1916892182 913.0749545640 458.6124977399
0.4516216484 0.5414670465 -2.0961669823 883.9423092358 626.4270840646
0.3549734842 0.6235175838 -2.1005371298 946.0585906181 668.1677835984
0.6737092761 -0.3896397273 -2.1104051242 687.0088429307 136.1026255487
0.7425085479 -0.1209141871 -1.8887678018 630.8709009824 285.1672506845
0.6065040061 0.0125160386 -1.9812612160 734.4350900072 347.7999644016
0.7128410050 0.4465180968 -2.1775363231 750.8931294959 575.9662312668
1.1335969285 -0.5690045652 -1.8004655743 370.8228462340 71.4331102249
1.1208194171 -0.5124663437 -1.8037057435 382.8840967393 101.8514232088
0.8898566496 -0.1034774906 -2.0419124720 593.3898054400 308.8054005966
1.0501020800 0.0433538328 -1.9744460320 514.8034024533 402.0515191736
0.8458239714 0.2527812607 -2.0225750652 641.5029477944 497.0445655141
1.1152554375 0.5688691258 -2.1215293469 564.5904218898 660.9104972371
1.1137863020 -0.3982487863 -1.8896055521 423.5428945906 170.2414091004
1.1825745387 -0.3637445210 -2.0927826974 453.8128683948 204.4863163058
1.1118900727 0.0687026901 -1.8634442179 457.6612328169 426.4412536433
1.2032753547 0.2645148242 -1.8238494440 420.5225524172 544.3031217406
1.4306274339 0.4308040841 -1.9543672687 374.8838347028 626.0935499116
1.6338089804 -0.6764502541 -1.8334104163 162.3347780047 82.5012937047
1.3752629996 -0.5013956868 -1.8451442328 285.1414054556 142.9953940124
1.5696691048 -0.2374520310 -1.8092501578 213.4767947851 301.2802874439
1.3618475632 0.0845802788 -1.8129035773 329.4453584876 456.2302095954
1.6255085224 0.2358285422 -1.9199901380 269.3780480661 540.6227029878
1.5302247761 0.5208145433 -2.0427081241 367.8707759577 661.3198522122
1.8744068534 -0.7564096408 -2.0234271969 140.3422979210 87.4005623600
1.8496731403 -0.5125324509 -2.1388159692 204.8560403797 200.3214469643
1.9386255175 -0.3329192843 -1.8096530681 66.3517030296 285.6995790863
1.8304743292 0.0130800510 -2.1917570920 264.0909922420 428.5811564916
1.8760928665 0.2945310113 -2.0520699411 224.7346886384 566.3940454275
1.9227470392 0.4291212663 -2.0033337260 202.0667438591 635.2254949256
2.1857920555 -0.8874492296 -2.0660135117 46.1769834957 66.5526624900
1.9675984183 -0.6681374839 -1.8991578230 67.8784802459 129.9472227439
1.9263270606 -0.9148012062 -1.9037353806 66.3290884241 9.2552893583
1.8885494940 -0.3425903546 -1.8054157975 81.8050941714 276.4476768679
2.0455430596 -0.3773170723 -1.9307038423 74.6388142210 274.2594893400
2.0480357724 -0.3184675408 -1.8653327192 52.2182255148 301.9157157087
2.1516010315 0.0514003866 -1.8782818612 49.7156424282 482.2598016774
1.8457720871 0.0187633843 -1.6776015658 71.9903232402 462.5863063525
1.8634769485 0.0715380034 -1.8618622747 145.3527072664 477.1380391563
1.9109171222 0.2273973581 -1.9251597013 163.7238276835 549.2873504722
2.0085784985 0.5661478600 -2.1355031077 225.2596442500 681.3254717454

gimbalangles:
-1.6276872686 0.1982113763 1.7519819385

end: