T_CW:
-0.0455400491 -0.9853504754 0.1643488502 -0.0234260460
-0.4028733236 -0.1324314649 -0.9056240899 -0.0682983703
0.9141220865 -0.1074539330 -0.3909404856 -0.0539997848
0.0000000000 0.0000000000 0.0000000000 1.0000000000

T_CW_cov:
0.0000009547 0.0000000774 0.0000001071 -0.0000001552 0.0000022168 -0.0000003216
0.0000000774 0.0000005129 0.0000000581 -0.0000012669 0.0000001623 0.0000001153
0.0000001071 0.0000000581 0.0000000986 -0.0000001322 0.0000002432 -0.0000000218
-0.0000001552 -0.0000012669 -0.0000001322 0.0000031897 -0.0000003177 -0.0000002980
0.0000022168 0.0000001623 0.0000002432 -0.0000003177 0.0000052043 -0.0000007543
-0.0000003216 0.0000001153 -0.0000000218 -0.0000002980 -0.0000007543 0.0000005634

target_points_pix:
2.1079238686 -1.9359357685 -1.5871010164 1335.7387329668 679.8315111076
2.0422816431 -1.6552998450 -1.4431634057 1261.1724049835 635.3121760566
1.9935738669 -1.4877829304 -1.5690665399 1181.1717848215 687.9943808916
2.0514362961 -1.6443114163 -1.6249753399 1225.9898868160 697.1269611158
2.1471450446 -1.4406520659 -1.0608778431 1208.4210944655 448.7378769795
1.8687685884 -1.3169604258 -1.0557104289 1215.5620132504 509.3072986523
2.0804284908 -1.4342990342 -0.5591014867 1310.2876754678 235.3652808540
2.0202869862 -1.3816786268 -0.6436614308 1285.0713974860 283.9643148156
2.1417190529 -1.3373523818 -1.7110508861 1073.9826279571 687.2841794447
1.8336712306 -1.1288074433 -1.3115825326 1089.0400715157 620.0860083677
2.1758911287 -1.3998298589 -1.1849767330 1165.9816839334 489.6217586012
2.1829607998 -1.2976571895 -1.1393445659 1127.6855861731 464.3444320077
2.1785724693 -1.3671054240 -0.8981220472 1195.4795526878 369.2474463433
2.0685977208 -1.1828960926 -1.6875075128 1024.1279466685 693.9198962491
1.9582976991 -0.9784727864 -1.1980075723 1012.5239392141 526.7344825357
1.9570759444 -0.8701971078 -0.8886963553 1003.1912448960 380.2823155355
2.1950641026 -0.9901943079 -0.7739551749 1039.9878800255 286.6248969432
2.0073783830 -0.8101855643 -0.6565373428 998.3543927798 250.0169089998
2.0630315312 -0.9873049000 -0.4166250607 1118.0264095596 128.4878808730
1.9567773808 -0.6855267087 -1.3530006329 853.9712127806 575.5698701645
2.1601176345 -0.5862448586 -1.2289727654 804.8583037928 465.7771592312
2.0655593211 -0.6564244600 -0.8513982554 886.6430559318 324.2459801781
2.1242193271 -0.8479907540 -0.5599553179 1013.1130305048 184.3213352672
2.1462577662 -0.8847763794 -0.4525485406 1043.8289185703 128.6495576436
2.1605735270 -0.8488577758 -0.3398468232 1040.2849473039 63.7711923854
1.8908101503 -0.5555868176 -1.5651401600 775.0623280119 674.4849061146
1.9001765489 -0.4824218917 -1.3558220626 758.8145165301 582.0516668471
2.0068793587 -0.6261871060 -1.2771031287 829.6061767613 526.6220635150
1.8714258920 -0.3141366888 -1.0082598803 705.7794795502 420.5806674285
2.0607231527 -0.3568691784 -0.6240690148 758.2198320563 188.3123386432
1.8608577264 -0.6154256622 -0.5318944843 932.6551853853 191.4286846425
1.9673362565 -0.4932213503 -0.4475193608 861.2547920975 115.2429423088
2.0443564240 -0.3482602204 -1.3012287353 692.6617235416 510.6775468019
2.0798042420 -0.2424843764 -1.1012332417 656.3749943082 408.8413764921
2.0456334554 -0.2221397445 -0.8773607603 664.3272359870 309.8963477085
2.0972347930 -0.3532201075 -0.7509675666 741.7807051547 247.3564381892
2.0636815123 -0.3878123219 -0.4885321114 789.2651257363 116.8765218701
2.1849937664 -0.1076724463 -0.3596361117 645.0320468164 7.4436620520
2.1516010315 0.0514003866 -1.8782818612 478.3507399165 680.3173964004
1.8457720871 0.0187633843 -1.6776015658 485.7034262544 704.4702071593
2.0749550863 0.0247220718 -1.3704456468 509.1110376032 509.8658246078
1.9811569292 -0.1196215702 -1.3969824230 574.8857268938 554.8330259337
2.1374943649 0.0698232034 -1.1778551054 499.6297787929 409.7862199254
1.8771705378 -0.1265291682 -0.6141926158 635.3455207174 193.2318910240
2.0676327225 0.0569281127 -0.3843215573 549.3409597472 16.0858968145
2.0922931957 0.1693856270 -1.6973200950 428.5369413584 626.4368165869
2.0659552518 0.2229873537 -1.4230803426 410.1710066538 522.5498536509
1.8640985772 0.4482088153 -1.1681110844 274.3071428758 447.3353171017
1.8114395741 0.4329723722 -0.5928847570 283.0805492156 138.8750102617
2.1709836927 0.2997486605 -0.5802434997 409.8051169686 95.7276503475
2.0977893427 0.1919665322 -0.4032312221 472.0046178653 12.1034005634
2.0066888307 0.6813156892 -1.5906695522 173.5951643362 581.6554374414
1.8102394135 0.4653526895 -1.4241076530 253.8695711473 583.1396689059
1.9858728767 0.3186794377 -1.0625362128 364.3293627275 374.3799780833
1.9992997518 0.4851987211 -1.0367096055 276.0241847296 346.6563523583
1.8991071867 0.6234767567 -0.5807390885 178.2362303430 100.0707285032
2.1354501132 0.6857830925 -0.5689497110 189.8838602814 59.8648415474
2.1728366635 0.3511639663 -0.4284264483 387.2533333786 6.1464885819
2.1263971905 0.8643097482 -1.4336555297 102.6723367365 473.1310088270
1.9280159722 0.5892995954 -0.8408584783 205.7838614779 250.9710457812
1.8819986643 0.6403023216 -0.5539885803 163.4272281483 83.8010597349
2.1466583260 0.9021488065 -1.8376978670 96.3118584810 625.5204979604
2.0193486403 0.9251526220 -1.2053517240 41.7645408678 392.4354669270
1.9089759812 0.8085310986 -0.5822388722 62.8538573866 81.8374522958

gimbalangles:
-0.4047986007 -0.1572072688 -0.0967739760

end: