T_CW:
-0.8106928573 0.5641144859 0.1566905805 -0.0237323768
0.5541872918 0.8256953783 -0.1053735631 -0.0243290990
-0.1888214415 0.0014103335 -0.9820104247 -0.0614142459
0.0000000000 0.0000000000 0.0000000000 1.0000000000

T_CW_cov:
0.0000017831 -0.0000001964 0.0000002568 0.0000003947 0.0000037280 -0.0000000856
-0.0000001964 0.0000012264 -0.0000001004 -0.0000027509 -0.0000003566 0.0000005712
0.0000002568 -0.0000001004 0.0000001729 0.0000002242 0.0000005194 -0.0000000478
0.0000003947 -0.0000027509 0.0000002242 0.0000062448 0.0000007031 -0.0000012675
0.0000037280 -0.0000003566 0.0000005194 0.0000007031 0.0000078683 -0.0000001467
-0.0000000856 0.0000005712 -0.0000000478 -0.0000012675 -0.0000001467 0.0000008060

target_points_pix:
-1.7025217749 0.2005152844 -2.1416149571 1239.1244108277 61.0586022118
-1.5322625065 0.0726475877 -2.0453616294 1170.1304470726 33.7513496632
-1.5002121632 0.1470386231 -2.1716073200 1144.0236439305 95.3010289033
-1.0935209420 -0.2851008651 -2.1257090529 876.8776373223 10.4765551902
-1.2372617489 0.0363480423 -2.1678719484 1016.9184601888 116.9813064482
-1.3390051896 0.2640417268 -2.1356634694 1127.3385135785 181.1273451991
-1.2803984165 0.4564333986 -1.8119563847 1266.6860826466 246.9986072332
-1.3917419720 0.5734831894 -1.8785099623 1323.9762384664 275.0284218903
-1.1329537274 1.0838303633 -2.1376926140 1284.0377464980 587.7437763872
-1.0861999588 -0.0724070378 -2.0085048335 959.3587199576 84.3366779613
-1.0935183022 -0.1864478285 -1.9655495041 936.1238222903 21.3230451791
-1.1577294112 0.1871402594 -2.0430681388 1059.2224572871 186.3413039513
-0.9213923119 0.6936566719 -1.8158918035 1190.0040120933 486.9545709006
-0.8537358509 0.8313946700 -2.0701052063 1124.7645805510 568.6069455094
-0.9197688999 1.1763899925 -2.0413765988 1264.3288663673 704.0986382045
-0.8678678142 -0.1876486862 -1.9304275451 842.9632146405 79.3050295305
-0.6059505876 0.0021046849 -2.1397186428 757.6145191572 274.4399993265
-0.7139063026 0.1884068236 -2.0970261339 865.8721877449 322.6534680040
-0.7638126571 0.6804874394 -1.8599272787 1100.7918692318 535.5950782476
-0.8706004692 0.7609955734 -2.0348282237 1120.1895650724 532.5333037939
-0.4371965137 -0.3097518600 -2.1603245863 588.5701924996 185.9555997101
-0.5449677676 -0.4256999261 -1.8409050742 617.9298946667 41.0016013349
-0.3519356275 0.0019469352 -1.8945751371 665.3222322393 335.1491641944
-0.5182162399 0.0584582647 -2.1374499208 737.2201243672 325.7012598290
-0.6001629434 0.3259827887 -2.0581514561 866.2462830726 419.0863508809
-0.2601348120 -0.3406750859 -1.8347724314 498.8148389868 179.2993757917
-0.2642132143 -0.2524614731 -1.8866649884 532.0328246613 232.1764287872
-0.2408813975 0.1413283700 -2.1010650757 642.6932631804 449.0964002781
-0.1022075754 0.1730192857 -1.9861493936 593.5764403959 511.9566168049
-0.3208123668 0.3495978570 -1.8800079703 772.9724007515 526.2360982503
0.0892096609 -0.3198192371 -2.0221768162 330.1986587011 330.4765959186
0.1323965302 -0.1037267078 -1.8561336447 369.6056317550 452.8063705895
-0.0856700127 -0.1030147636 -2.0582686413 491.9815841170 381.8002546675
0.1452134591 0.1922630782 -2.0373477326 475.5840026733 607.6354832189
0.3966472926 -0.6178209378 -1.9947524702 56.9691732230 279.3572929313
0.3553297135 -0.3276689618 -2.0093469550 183.9832011369 417.6366590108
0.1765238807 -0.1629660990 -2.0507528715 340.3998455720 440.2167339608
0.3494449580 -0.0041648674 -2.1863865269 317.4738341830 574.0946744279
0.2033738897 0.2628093811 -2.0669977459 470.6423815577 661.3746531350
0.5992728709 -0.0948969172 -1.9782163520 124.2796329434 632.5297198999
0.3044646466 -0.0546113516 -1.8985050385 294.2957105816 545.3823676419
0.6065040061 0.0125160386 -1.9812612160 159.7984594370 693.0981350875

gimbalangles:
-1.4189051268 -0.3359276895 2.1574169540

end: