T_CW:
-0.3146918023 -0.9482844381 -0.0415414726 -0.0316616589
-0.9469419710 0.3106315008 0.0825165095 -0.0167676638
-0.0653450319 0.0653046331 -0.9957235217 -0.0581771848
0.0000000000 0.0000000000 0.0000000000 1.0000000000

T_CW_cov:
0.0000023228 -0.0000000916 -0.0000000702 0.0000002047 0.0000047967 -0.0000001952
-0.0000000916 0.0000010478 0.0000000124 -0.0000023268 -0.0000001910 -0.0000000430
-0.0000000702 0.0000000124 0.0000001216 -0.0000000243 -0.0000001474 0.0000000055
0.0000002047 -0.0000023268 -0.0000000243 0.0000052319 0.0000004265 0.0000000963
0.0000047967 -0.0000001910 -0.0000001474 0.0000004265 0.0000099684 -0.0000004025
-0.0000001952 -0.0000000430 0.0000000055 0.0000000963 -0.0000004025 0.0000004842

target_points_pix:
-0.8450867383 -0.6142765335 -1.9706636513 1224.8943255070 607.0180139784
-0.5661656735 -0.8955550283 -2.1500965413 1292.2899903152 381.9350483394
-0.8690239338 -0.5462702463 -2.0546615520 1170.3129103447 616.8911718462
-0.8678678142 -0.1876486862 -1.9304275451 987.4155514554 704.7722083310
-0.6059505876 0.0021046849 -2.1397186428 820.2866011932 556.7942054712
-0.7139063026 0.1884068236 -2.0970261339 742.3633182857 650.1356447511
-0.3824353557 -0.9165060577 -2.1160848033 1284.2205164179 279.8528634550
-0.6464942885 -0.6169893022 -1.8797235077 1215.6183508041 505.7153832313
-0.4371965137 -0.3097518600 -2.1603245863 954.4159693159 414.5461851515
-0.5449677676 -0.4256999261 -1.8409050742 1086.6710630901 487.0143229624
-0.3519356275 0.0019469352 -1.8945751371 783.2279052333 447.7489823028
-0.5182162399 0.0584582647 -2.1374499208 776.2799722244 521.0971950921
-0.6001629434 0.3259827887 -2.0581514561 649.4348660517 620.5234304898
-0.4989809361 0.9160976353 -2.1709690747 346.6058612298 642.9407180044
-0.3940264734 1.1357138824 -1.8565624263 140.1588483994 686.1453067397
-0.1016370398 -0.8478833114 -1.8389819135 1274.7106020091 118.6173267625
-0.3325738895 -0.8965445115 -1.9779077857 1303.9012722520 256.4666375291
-0.2601348120 -0.3406750859 -1.8347724314 979.8103615634 328.0189623918
-0.2642132143 -0.2524614731 -1.8866649884 919.7324762011 345.9545793837
-0.2408813975 0.1413283700 -2.1010650757 684.9328594050 392.8508506339
-0.1022075754 0.1730192857 -1.9861493936 638.3144398569 328.3404239540
-0.3208123668 0.3495978570 -1.8800079703 572.7201183844 497.2407035084
-0.1141203188 0.8982665961 -1.9209505513 229.7707169978 474.1446896487
-0.1833770196 0.8149241496 -1.9777709131 301.8884471333 491.3234680763
-0.4015102129 1.1785525036 -2.0463174815 173.4301187661 657.7366223439
-0.1494214754 -0.9296626480 -2.1805353935 1238.0333678486 151.1591584302
0.0892096609 -0.3198192371 -2.0221768162 882.0081018171 123.8124397238
0.1323965302 -0.1037267078 -1.8561336447 752.7019273557 130.9386748591
-0.0856700127 -0.1030147636 -2.0582686413 789.5571474777 265.8081514385
0.1452134591 0.1922630782 -2.0373477326 584.5682972324 191.2019699904
-0.0050098914 0.5257213546 -2.1110537171 443.1709295431 333.5401693303
0.0873430322 0.7294019174 -1.9107975949 279.1708567058 327.3522120538
0.0852945478 1.0882388706 -2.0811940265 135.5614061396 384.3124159239
-0.1245320248 1.0722616496 -1.8954113751 130.2771315766 514.7250068300
0.1765238807 -0.1629660990 -2.0507528715 775.9712827379 106.0553583057
0.3494449580 -0.0041648674 -2.1863865269 660.9077316448 51.5973511042
0.2033738897 0.2628093811 -2.0669977459 538.0627844667 172.8518027726
0.3473636227 0.3182278702 -1.9402510749 464.6088688200 92.9680027244
0.3565354082 0.8722584079 -1.9663293335 161.1528214859 198.4441291599
0.1374260910 1.1569632659 -1.9912398308 63.1412521526 373.8349597015
0.3044646466 -0.0546113516 -1.8985050385 688.6468049848 37.4660637207
0.3684139713 0.2646838209 -2.1916892182 519.8209105434 90.7154605835
0.4516216484 0.5414670465 -2.0961669823 348.7078294538 89.2547181716
0.3549734842 0.6235175838 -2.1005371298 325.0118918560 157.5260712756
0.5652056574 1.0015562950 -1.9226686031 34.4288080077 100.1873365308

gimbalangles:
-1.8354805442 0.0650918451 0.3334638849

end: