T_CW:
0.7915064572 0.6105023162 0.0283628302 -0.0288654868
0.6091274319 -0.7842406082 -0.1180272858 -0.0248609973
-0.0498126482 0.1106959367 -0.9926052134 -0.0620657043
0.0000000000 0.0000000000 0.0000000000 1.0000000000

T_CW_cov:
0.0000020760 0.0000000852 0.0000000673 -0.0000001930 0.0000043171 0.0000000796
0.0000000852 0.0000007981 -0.0000000248 -0.0000017921 0.0000001786 0.0000000268
0.0000000673 -0.0000000248 0.0000001123 0.0000000615 0.0000001395 0.0000000018
-0.0000001930 -0.0000017921 0.0000000615 0.0000040871 -0.0000004048 -0.0000000664
0.0000043171 0.0000001786 0.0000001395 -0.0000004048 0.0000090382 0.0000001728
0.0000000796 0.0000000268 0.0000000018 -0.0000000664 0.0000001728 0.0000004408

target_points_pix:
-1.0935209420 -0.2851008651 -2.1257090529 65.2374460222 224.6465026090
-1.2372617489 0.0363480423 -2.1678719484 132.0973294064 49.1671494752
-1.0861999588 -0.0724070378 -2.0085048335 115.5558386420 115.5355158921
-1.0935183022 -0.1864478285 -1.9655495041 56.0022987132 157.2814628896
-0.5661656735 -0.8955550283 -2.1500965413 70.6167364519 684.2741077715
-0.8690239338 -0.5462702463 -2.0546615520 42.6255067888 414.6797201869
-0.8678678142 -0.1876486862 -1.9304275451 147.9347716542 235.5604029324
-0.6059505876 0.0021046849 -2.1397186428 375.4167378949 266.7072071466
-0.7139063026 0.1884068236 -2.0970261339 389.2397243275 144.3495938055
-0.6464942885 -0.6169893022 -1.8797235077 61.6030608662 533.6841866916
-0.4371965137 -0.3097518600 -2.1603245863 340.6885971109 462.3925518626
-0.5449677676 -0.4256999261 -1.8409050742 181.3256986844 475.1943406718
-0.3519356275 0.0019469352 -1.8945751371 461.5799738651 335.5156142690
-0.5182162399 0.0584582647 -2.1374499208 432.0950562704 271.7054793080
-0.6001629434 0.3259827887 -2.0581514561 482.8831696203 116.7740168193
-0.2601348120 -0.3406750859 -1.8347724314 360.0890903141 547.5773217266
-0.2642132143 -0.2524614731 -1.8866649884 402.2906457653 498.4456451791
-0.2408813975 0.1413283700 -2.1010650757 578.4358917811 326.8842666748
-0.1022075754 0.1730192857 -1.9861493936 650.4526407550 353.4826412938
-0.3208123668 0.3495978570 -1.8800079703 610.6253666675 175.3791696739
-0.1141203188 0.8982665961 -1.9209505513 907.9138243663 3.5287682883
-0.1833770196 0.8149241496 -1.9777709131 840.4734084045 29.7526887664
0.0892096609 -0.3198192371 -2.0221768162 559.8303392467 663.2219650246
0.1323965302 -0.1037267078 -1.8561336447 660.4454383387 581.8774418654
-0.0856700127 -0.1030147636 -2.0582686413 559.7704438315 491.9973134903
0.1452134591 0.1922630782 -2.0373477326 771.2076113970 437.0258463281
-0.0050098914 0.5257213546 -2.1110537171 811.9439110853 239.8062889129
0.0873430322 0.7294019174 -1.9107975949 946.4005132631 151.8312691886
0.0852945478 1.0882388706 -2.0811940265 1036.4928664671 26.1597886223
0.1765238807 -0.1629660990 -2.0507528715 658.9854917956 617.1083387048
0.3494449580 -0.0041648674 -2.1863865269 787.1890946207 596.9202233749
0.2033738897 0.2628093811 -2.0669977459 820.3132617270 425.9571853888
0.3473636227 0.3182278702 -1.9402510749 921.9768480729 449.4270608472
0.3565354082 0.8722584079 -1.9663293335 1113.6624561106 192.0602796655
0.3044646466 -0.0546113516 -1.8985050385 766.2184392350 622.9280344378
0.3684139713 0.2646838209 -2.1916892182 882.4818037357 484.0548357169
0.4516216484 0.5414670465 -2.0961669823 1022.1640123310 387.7402809876
0.3549734842 0.6235175838 -2.1005371298 1004.5434729203 318.3241291845
0.5652056574 1.0015562950 -1.9226686031 1268.7166692905 201.1974578302
0.4395085623 1.3030301233 -2.0955778568 1254.1889433070 55.8755812033
0.6065040061 0.0125160386 -1.9812612160 933.2470017720 699.3756178117
0.7128410050 0.4465180968 -2.1775363231 1092.7257249323 520.7110054020
0.8275756550 0.6713905884 -2.0761826814 1239.8723406350 459.4710502743
0.6431571738 0.7320305461 -1.8576399939 1236.2915356582 353.6604808670
0.5889345469 1.1772651812 -2.0652336531 1291.4028528453 152.7101624501
0.8458239714 0.2527812607 -2.0225750652 1125.5389288433 666.2570945890
1.1152554375 0.5688691258 -2.1215293469 1325.7111166838 606.0864207857

gimbalangles:
-1.2596958075 -0.0021516002 -2.1702549346

end: