T_CW:
-0.6690527220 0.5407065751 0.5099067119 -0.0096037315
0.7410633670 0.4331753908 0.5130147824 -0.0034252082
0.0565114268 0.7211071213 -0.6905150094 -0.0356932098
0.0000000000 0.0000000000 0.0000000000 1.0000000000

T_CW_cov:
0.0000006612 -0.0000002915 -0.0000000343 0.0000007357 0.0000016025 0.0000000191
-0.0000002915 0.0000009190 0.0000000558 -0.0000023767 -0.0000006774 -0.0000000944
-0.0000000343 0.0000000558 0.0000000914 -0.0000001466 -0.0000000790 -0.0000000063
0.0000007357 -0.0000023767 -0.0000001466 0.0000062055 0.0000017077 0.0000002397
0.0000016025 -0.0000006774 -0.0000000790 0.0000017077 0.0000039413 0.0000000339
0.0000000191 -0.0000000944 -0.0000000063 0.0000002397 0.0000000339 0.0000004557

target_points_pix:
-1.0720818380 2.0508822425 -1.1769081994 1324.3738916683 72.9489358307
-0.8820781729 2.0234199063 -1.6435393472 1070.7254162827 55.6452002002
-0.8748797260 2.0718850172 -1.3880594780 1167.3554353705 115.9455843082
-0.9465772767 1.9306066900 -1.1333201170 1288.1241421241 93.9754215540
-0.6214503911 2.0011163030 -2.0804553279 861.6995998267 70.0412439542
-0.5780201406 1.9503515961 -1.5578764583 990.5435845499 159.3949984019
-0.7511423649 2.1572910155 -1.4183356052 1125.3963542893 178.1921956242
-0.6866916911 1.8731422773 -1.2897438849 1114.4353548272 150.6660969096
-0.8291176503 1.8463283609 -1.0492262872 1274.9473948501 135.0720613629
-0.3082166681 1.6907242396 -2.0314835105 720.0759302343 100.2716122194
-0.6448091371 1.8818765999 -1.8338778347 914.1289940531 68.4175307108
-0.4035810572 1.8196444843 -1.9633355322 793.7467705334 113.0169526505
-0.5617061682 2.0176884646 -1.7492960367 937.2261067387 146.8993494588
-0.5762992154 2.1179589578 -1.3554400287 1085.5882205739 244.5529287189
-0.6100145261 2.0163725987 -1.3029655622 1102.2685806336 218.0424427086
-0.6297357995 1.8838706853 -0.9646989781 1239.6911170730 256.9280425089
-0.6869895166 1.9199697802 -0.9263750375 1286.3222417342 252.4276343979
-0.2295808476 1.5833745047 -1.9280668241 694.5778368115 116.8712840672
-0.2288478029 1.7229587019 -2.1713108242 672.8428248794 112.1521331849
-0.2971911650 2.0186508778 -2.0714460476 777.5889286021 176.6999988298
-0.2953695788 2.0744306739 -1.6007389710 909.2287294171 279.9909488527
-0.3327855196 2.0041277111 -1.3840576797 976.3530864830 300.5723133253
-0.4466021864 1.8242623228 -1.1806339484 1061.2049623286 261.6743198822
-0.3573603580 1.9284946584 -1.0399192768 1102.5684665953 365.3145468225
0.0852945478 1.0882388706 -2.0811940265 404.3498365967 61.0552043962
-0.1245320248 1.0722616496 -1.8954113751 510.5545126571 1.2470129477
0.0580140353 1.6564749291 -2.0056001193 607.2997497025 221.9811782340
0.1129876959 1.7098210899 -1.9997964193 606.2256062038 253.9645516338
0.0202068271 2.1113784809 -2.0826427717 708.6045296416 289.7360937033
0.0496567715 2.1804640802 -1.6243674711 819.4386905176 409.8427679721
0.0781686940 2.0424144230 -1.4188405458 837.8900903867 448.2733157570
0.1446138243 1.8968936248 -1.4479249870 775.3059081416 437.4957509431
0.0202740849 2.0286689315 -1.1369204904 943.1664466817 508.2205739216
0.3565354082 0.8722584079 -1.9663293335 234.5301402714 127.8301182794
0.1374260910 1.1569632659 -1.9912398308 428.2400734049 120.9626006297
0.2951990550 1.4166859272 -1.9840087220 467.5112742208 253.6638671726
0.0611186388 1.5047945352 -1.9279269025 580.4992510330 201.9600051941
0.0867318516 1.5644867443 -2.1461084051 545.7780559053 182.5672547653
0.3565648583 2.1885430665 -2.1504974543 625.5778791183 386.8717894076
0.2727735389 1.9261418884 -1.5732305862 708.4815934409 453.8068189842
0.1087447546 2.0311814710 -1.5708012065 784.4621928452 416.4564160171
0.4034252920 1.8647997388 -1.1615968393 760.0143933582 623.4308438133
0.0772792683 2.0876626451 -0.8678561815 1033.1029891467 634.5653542394
0.1825358325 1.8096035881 -0.9249628995 911.2877857725 614.4447123454
0.3549734842 0.6235175838 -2.1005371298 93.2658018264 8.7146648595
0.5652056574 1.0015562950 -1.9226686031 224.5697636029 268.2590497218
0.4395085623 1.3030301233 -2.0955778568 364.4619589874 254.0161687649
0.3407057507 1.5573456301 -1.8639331961 520.5522766913 330.5806445789
0.4556518638 1.6963466740 -1.9118353382 517.8908647362 387.0175089947
0.6412921871 2.0289669724 -2.1399220346 517.6610629754 446.5670841187
0.5283331526 1.8357102497 -1.7207979409 572.9143697363 486.1173488350
0.4402235346 2.1324318888 -1.5393273289 714.8510678186 552.0136832381
0.5082307072 1.8258267294 -1.3142278063 669.7117734176 603.7698783757
0.6431571738 0.7320305461 -1.8576399939 62.7124103803 241.6958921515
0.7704231043 1.1919401564 -2.1147852834 215.5954436156 345.5552308973
0.5889345469 1.1772651812 -2.0652336531 273.5177474788 286.5705795625
0.6182712278 1.6636683500 -1.8178750298 475.9215718882 461.5795750404
0.6917889005 1.6605628289 -1.9153363064 436.1234931412 459.7980644301
0.6861369922 2.0177549577 -2.1359962891 503.9096339475 458.8866604954
0.9073355203 2.1983192295 -1.6524884766 573.5578014402 674.5260942795
0.5964458937 2.0839945609 -1.3115970185 710.1939484413 669.8005430634
0.8347556225 0.9123398415 -1.9235444340 84.0639449272 359.5316700678
1.1653186556 1.2451867740 -2.0812263958 119.1648661961 508.4577269970
0.8890987780 1.6535147810 -1.8036159092 392.4357607765 557.9350188620
1.0812056918 1.6101957530 -2.0611834659 286.4795768618 541.0299710066
0.8168996091 1.8783696711 -1.9477449235 460.8302226060 525.1583688083
0.8460622909 2.0547894297 -1.8492642470 517.9467107918 583.6490583134
1.2166538022 1.1243311453 -2.0984095424 48.3329310053 501.5447024533
1.2534387693 1.4042816883 -2.1271438066 154.7629926300 549.7415892901
1.3301668377 1.7488035525 -2.0715025133 264.2517011736 633.7379009071
1.2979871322 1.8572265450 -1.8891421815 330.0755748548 689.6897803962
1.3608744688 1.3786190287 -1.8404976115 137.1605281522 676.0330072981
1.3328779171 1.9303904193 -2.0943921518 319.1565254786 647.0853978377

gimbalangles:
-2.0908502757 -0.2653900056 2.3338481813

end: