T_CW:
0.9329877263 0.3579690449 0.0373103943 -0.0285075842
0.3344201110 -0.8239268001 -0.4575017130 -0.0405191753
-0.1330304174 0.4393208292 -0.8884256396 -0.0646934352
0.0000000000 0.0000000000 0.0000000000 1.0000000000

T_CW_cov:
0.0000010519 -0.0000000290 0.0000000007 0.0000000843 0.0000024579 0.0000003273
-0.0000000290 0.0000005323 -0.0000000305 -0.0000013420 -0.0000000651 0.0000000341
0.0000000007 -0.0000000305 0.0000000972 0.0000000700 -0.0000000080 -0.0000000029
0.0000000843 -0.0000013420 0.0000000700 0.0000034501 0.0000001903 -0.0000000656
0.0000024579 -0.0000000651 -0.0000000080 0.0000001903 0.0000058081 0.0000007461
0.0000003273 0.0000000341 -0.0000000029 -0.0000000656 0.0000007461 0.0000005940

target_points_pix:
-1.6238184307 1.0130904683 -2.1368105390 110.0814993413 140.9636725402
-1.8572581003 1.1555460819 -2.1060237815 52.3379773571 51.5971022187
-1.3592904140 1.0909658465 -2.1851856090 241.1931752373 165.4478860395
-1.5590499261 1.1874940771 -2.1526605445 181.9230075071 95.6290745485
-1.3917419720 0.5734831894 -1.8785099623 21.7710694953 278.1985199157
-1.3356328486 0.9193998904 -1.8476235929 149.8947418473 131.1247880038
-1.1329537274 1.0838303633 -2.1376926140 324.8158126103 188.1350492409
-1.2190813476 1.3798719968 -1.9537120089 337.0207480377 16.3606240703
-1.1577294112 0.1871402594 -2.0430681388 46.4276516699 551.1331176730
-0.9213923119 0.6936566719 -1.8158918035 276.6759057967 293.5822247303
-0.8537358509 0.8313946700 -2.0701052063 378.9488747202 313.2790247906
-0.9197688999 1.1763899925 -2.0413765988 426.3770670993 159.2856803143
-0.8764536400 1.4059935960 -1.9572111547 488.4263453072 57.5699681293
-0.9414224818 1.3385083174 -2.0996017911 455.6249237620 115.6743815418
-0.7139063026 0.1884068236 -2.0970261339 279.0696226305 654.2493339139
-0.7638126571 0.6804874394 -1.8599272787 359.8181185882 342.9588831712
-0.8706004692 0.7609955734 -2.0348282237 349.9838020019 331.5737952276
-0.7257215869 1.1637273095 -1.9809265724 505.5964011973 176.4428380239
-0.7639138346 1.1025790106 -2.0546763088 479.5292821581 215.0844387036
-0.7660079664 1.5533281780 -2.0204985617 566.7300693534 43.8944497550
-0.6001629434 0.3259827887 -2.0581514561 370.7362958120 598.7730998780
-0.4989809361 0.9160976353 -2.1709690747 564.7896725414 361.9619584706
-0.3940264734 1.1357138824 -1.8565624263 654.7675253366 205.1695990526
-0.5995646106 1.0924402375 -2.1580213671 554.3944384678 272.1029074861
-0.3082166681 1.6907242396 -2.0314835105 783.8372537981 65.4364177623
-0.3208123668 0.3495978570 -1.8800079703 513.1043140816 620.2755878273
-0.1141203188 0.8982665961 -1.9209505513 750.7566492752 380.6199973134
-0.1833770196 0.8149241496 -1.9777709131 696.5406403313 420.4177218015
-0.4015102129 1.1785525036 -2.0463174815 657.9407015549 241.2417454018
-0.2295808476 1.5833745047 -1.9280668241 808.7573300471 80.8856168394
-0.2288478029 1.7229587019 -2.1713108242 813.9881503636 107.1303550574
-0.0050098914 0.5257213546 -2.1110537171 729.4328322049 626.1308316480
0.0873430322 0.7294019174 -1.9107975949 830.1801606712 503.7465977069
0.0852945478 1.0882388706 -2.0811940265 871.8984775622 368.9932575539
-0.1245320248 1.0722616496 -1.8954113751 778.3247457887 291.9042243399
0.0580140353 1.6564749291 -2.0056001193 943.4148766800 121.8041545167
0.1129876959 1.7098210899 -1.9997964193 975.5217855449 109.2956467476
0.3565354082 0.8722584079 -1.9663293335 996.0181848476 496.4190775744
0.1374260910 1.1569632659 -1.9912398308 916.9350811990 326.7983410108
0.2951990550 1.4166859272 -1.9840087220 1029.7397156284 243.1562815550
0.0611186388 1.5047945352 -1.9279269025 934.2870640043 154.4937352252
0.0867318516 1.5644867443 -2.1461084051 929.8866844151 198.5012132828
0.3565648583 2.1885430665 -2.1504974543 1107.0224926804 32.6218979238
0.3549734842 0.6235175838 -2.1005371298 940.1565718348 648.2239257856
0.5652056574 1.0015562950 -1.9226686031 1136.6711530764 464.0255029658
0.4395085623 1.3030301233 -2.0955778568 1069.9450856219 341.9819461293
0.3407057507 1.5573456301 -1.8639331961 1087.9658780275 159.1789301266
0.4556518638 1.6963466740 -1.9118353382 1149.8122778486 138.9384421988
0.6412921871 2.0289669724 -2.1399220346 1216.6373180371 116.7172013636
0.5283331526 1.8357102497 -1.7207979409 1239.9485309693 33.3429926558
0.6431571738 0.7320305461 -1.8576399939 1168.9392812080 615.5369382452
0.7704231043 1.1919401564 -2.1147852834 1220.9040421590 451.7078954360
0.5889345469 1.1772651812 -2.0652336531 1137.3848020278 415.5103382805
0.6182712278 1.6636683500 -1.8178750298 1250.0337410658 147.9690183614
0.6917889005 1.6605628289 -1.9153363064 1263.6046725939 191.3606387703
0.6861369922 2.0177549577 -2.1359962891 1236.1391105174 125.4256139551
0.8347556225 0.9123398415 -1.9235444340 1284.0543285297 566.8964432734
0.8168996091 1.8783696711 -1.9477449235 1330.7808976559 138.1487841284

gimbalangles:
-1.1374811870 -0.0109839791 -1.9790797133

end: