T_CW:
-0.1202811523 -0.9780587831 -0.1700983868 -0.0368039355
-0.4669703025 0.2069447500 -0.8597165853 -0.0646138974
0.8760543254 -0.0239768064 -0.4816159588 -0.0567132472
0.0000000000 0.0000000000 0.0000000000 1.0000000000

T_CW_cov:
0.0000008028 -0.0000001380 0.0000000660 0.0000003579 0.0000019248 -0.0000002769
-0.0000001380 0.0000004644 0.0000000122 -0.0000012115 -0.0000003197 0.0000001313
0.0000000660 0.0000000122 0.0000000762 -0.0000000222 0.0000001589 -0.0000000192
0.0000003579 -0.0000012115 -0.0000000222 0.0000032187 0.0000008286 -0.0000003521
0.0000019248 -0.0000003197 0.0000001589 0.0000008286 0.0000046697 -0.0000006551
-0.0000002769 0.0000001313 -0.0000000192 -0.0000003521 -0.0000006551 0.0000004850

target_points_pix:
1.6338089804 -0.6764502541 -1.8334104163 1060.7596510569 658.0913690128
1.8099044246 -1.1685900485 -2.1964658196 1241.1772051982 673.8795359269
1.8744068534 -0.7564096408 -2.0234271969 1053.0161475655 636.9421183367
1.9386255175 -0.3329192843 -1.8096530681 852.1844939131 585.4435587535
2.1471450446 -1.4406520659 -1.0608778431 1315.3291304571 122.5407464434
1.8687685884 -1.3169604258 -1.0557104289 1341.1524406634 179.4705208203
2.1646167347 -1.1212737102 -1.9130174607 1150.8015053852 487.2051661403
2.1417190529 -1.3373523818 -1.7110508861 1247.6701623500 402.4242137568
1.8336712306 -1.1288074433 -1.3115825326 1244.1491841314 331.7388197670
2.1758911287 -1.3998298589 -1.1849767330 1283.4538235386 178.5851872538
2.1829607998 -1.2976571895 -1.1393445659 1236.7241418759 167.1107527250
2.1785724693 -1.3671054240 -0.8981220472 1278.3601908248 47.2693724093
2.1857920555 -0.8874492296 -2.0660135117 1054.5272614375 552.0260767272
1.8330203597 -0.9506125522 -1.6966504631 1149.3440054195 512.7527205361
2.0685977208 -1.1828960926 -1.6875075128 1199.9401903644 424.8504281863
1.9582976991 -0.9784727864 -1.1980075723 1139.3273528469 267.7488757325
1.9570759444 -0.8701971078 -0.8886963553 1085.6961626515 127.3561560505
2.1950641026 -0.9901943079 -0.7739551749 1093.4794342155 21.2923800864
1.9675984183 -0.6681374839 -1.8991578230 997.7428256939 575.6906412664
1.9263270606 -0.9148012062 -1.9037353806 1111.7746117349 565.4153163526
1.9567773808 -0.6855267087 -1.3530006329 997.4722724162 367.8852283124
2.1601176345 -0.5862448586 -1.2289727654 915.4184686653 280.3441889966
2.0655593211 -0.6564244600 -0.8513982554 951.6331755624 114.0854438650
1.8885494940 -0.3425903546 -1.8054157975 862.1044943873 598.1805865459
1.8908101503 -0.5555868176 -1.5651401600 951.5090575410 485.8774948969
1.9001765489 -0.4824218917 -1.3558220626 907.6933033651 404.8717313776
2.0068793587 -0.6261871060 -1.2771031287 958.6703043997 329.6229902465
1.8714258920 -0.3141366888 -1.0082598803 806.5625881524 269.5661387162
2.0607231527 -0.3568691784 -0.6240690148 781.9765818042 26.1599939548
2.0455430596 -0.3773170723 -1.9307038423 864.6991080988 591.3488228575
2.0480357724 -0.3184675408 -1.8653327192 836.7550031572 574.3001198528
2.0443564240 -0.3482602204 -1.3012287353 821.9455664079 359.9226366634
2.0798042420 -0.2424843764 -1.1012332417 755.1017413837 275.8445554903
2.0456334554 -0.2221397445 -0.8773607603 730.9173182376 178.3238346961
2.0972347930 -0.3532201075 -0.7509675666 785.0515383531 90.4254413323
2.1516010315 0.0514003866 -1.8782818612 675.4395065197 583.5770428091
1.8457720871 0.0187633843 -1.6776015658 690.5177854752 602.0483641057
2.0749550863 0.0247220718 -1.3704456468 649.6407868645 418.6080226286
1.9811569292 -0.1196215702 -1.3969824230 725.2068461435 438.8472767646
2.1374943649 0.0698232034 -1.1778551054 608.3288427393 328.9949546665
1.8771705378 -0.1265291682 -0.6141926158 665.6320012873 74.6182213802
1.8634769485 0.0715380034 -1.8618622747 680.0479792765 667.1051659156
1.9109171222 0.2273973581 -1.9251597013 613.7362478317 687.8361284218
2.0922931957 0.1693856270 -1.6973200950 613.1933811914 550.0092889576
2.0659552518 0.2229873537 -1.4230803426 563.1836704310 461.4669829498
1.8640985772 0.4482088153 -1.1681110844 416.8529633954 434.8866247596
1.8114395741 0.4329723722 -0.5928847570 320.3342701785 145.6325494547
2.1709836927 0.2997486605 -0.5802434997 419.9746612538 61.5646651149
2.0066888307 0.6813156892 -1.5906695522 371.9593119413 586.5649377119
1.8102394135 0.4653526895 -1.4241076530 443.5969602200 563.0843388354
1.9858728767 0.3186794377 -1.0625362128 473.1610397800 339.7302482089
1.9992997518 0.4851987211 -1.0367096055 384.2858955636 342.8356463960
1.8991071867 0.6234767567 -0.5807390885 212.4436683526 145.4431052170
2.1354501132 0.6857830925 -0.5689497110 207.8706573684 104.4346714462
1.8199059012 0.9119807045 -1.4911488719 229.9483253569 634.7537502770
2.1263971905 0.8643097482 -1.4336555297 273.7285816778 512.1352013380
1.8540951364 0.9024724960 -0.9291037044 123.0626901422 377.9899117634
1.9280159722 0.5892995954 -0.8408584783 289.3018589307 277.1766917728
1.8819986643 0.6403023216 -0.5539885803 193.6056537225 135.1251255280
2.1466583260 0.9021488065 -1.8376978670 318.9453244919 648.3272629018
1.9294212385 1.0134778323 -1.3523070024 166.8040198153 554.5448175020
2.0193486403 0.9251526220 -1.2053517240 193.8789264772 458.5535873539
1.8841264328 0.9616947949 -0.8001790908 64.3373929178 311.7508183786
1.9089759812 0.8085310986 -0.5822388722 104.0909818370 167.7612524980
2.1086544945 1.2399808035 -1.5814687387 129.2271816598 606.1090335030
1.9038611655 1.1755829434 -1.4194943058 96.9196802662 606.1677668139
1.8729445368 1.0765853595 -1.4097697702 138.9581883292 602.4364456427
2.1912169449 1.1472081868 -1.0971950733 90.5097558362 391.3797344574
1.9900729549 1.3513069061 -1.6751795088 80.2386292051 686.5996533785
2.0997648301 1.3486116044 -1.6412098306 91.4142098674 639.3508567380
2.0506832390 1.3181927661 -1.3523290782 39.2878727368 548.2204751492

gimbalangles:
-0.4658820275 0.1004243455 0.0890372809

end: