T_CW:
-0.4341679986 0.8999529829 0.0397841368 -0.0284086345
-0.1503097067 -0.0288284419 -0.9882185553 -0.0824868453
-0.8882033219 -0.4350328143 0.1477880559 -0.0338685088
0.0000000000 0.0000000000 0.0000000000 1.0000000000

T_CW_cov:
0.0000009413 -0.0000000656 -0.0000002253 0.0000001136 0.0000021277 -0.0000000192
-0.0000000656 0.0000008090 -0.0000000287 -0.0000019490 -0.0000001680 -0.0000005834
-0.0000002253 -0.0000000287 0.0000001577 0.0000000958 -0.0000004962 0.0000000392
0.0000001136 -0.0000019490 0.0000000958 0.0000047607 0.0000003055 0.0000013934
0.0000021277 -0.0000001680 -0.0000004962 0.0000003055 0.0000048699 -0.0000000113
-0.0000000192 -0.0000005834 0.0000000392 0.0000013934 -0.0000000113 0.0000009163

target_points_pix:
-2.1751026614 -2.0680547056 -0.2528774066 291.0677021822 579.1707142727
-1.8436795053 -2.0972325809 -0.0518107199 178.0434534539 487.6612093868
-1.9077635645 -2.1704114228 0.3559764829 196.5876094865 308.9423353421
-2.1512036865 -2.0910517822 0.6218258585 307.9877408205 219.5678547477
-2.1224839718 -1.9960204719 0.7841597400 334.2786513237 148.8713740887
-2.0413765948 -2.0406984330 1.0719464675 307.4645672973 26.5567067102
-2.0424396500 -1.6700568512 -0.4559551200 376.1285101666 690.4389069930
-2.0356266141 -1.6670313584 -0.2216670401 383.2867992469 577.4519073455
-2.0876913757 -1.8532165545 -0.1977258456 335.2894616079 560.9954461505
-2.1047669438 -1.7534926241 0.2912902951 390.9743269377 344.8207306314
-1.8466322311 -1.7286678988 0.3992838197 323.3634624862 274.2181662312
-2.1872221107 -1.7737223126 0.6733064363 419.0851435542 192.1568388218
-2.0382461791 -1.3326640660 -0.1757110182 514.4597807337 564.1096210103
-1.9735375390 -1.6542454496 0.0160468711 377.0073645246 463.5138814431
-1.9694449003 -1.5102548261 0.2682812325 438.3698861228 342.4927827362
-1.8981907482 -1.3803410260 0.4931111575 475.8191833239 223.7794238090
-2.1515454672 -1.3696679846 0.5936939434 550.4426135716 206.9538995412
-1.8791834842 -1.2260730902 -0.3393922451 508.5376681237 659.6162179647
-2.0440471078 -1.0966304069 -0.2533872139 615.3372219509 612.0230940343
-1.9713422318 -1.2553782583 -0.1780519513 527.9692851070 568.0352672524
-2.1413915681 -1.1443759247 0.1206337022 626.7726507934 421.3703520398
-1.9976942520 -1.1816657871 0.4636784555 584.5315872784 242.8551252387
-1.8217791191 -1.1265258298 0.8101272096 571.9714138912 39.7479889274
-2.1349248961 -1.0739685817 -0.3356921987 645.6941756563 653.2991111271
-2.0329931114 -1.0364522726 -0.2506829583 640.1250946161 613.1601054953
-1.9964769104 -0.9789673083 -0.0633441457 662.4073641226 513.1722887245
-2.0871240887 -1.0260110717 0.1519259638 666.5273693549 402.8642548996
-1.9391714603 -1.1528304928 0.6438297627 586.7788488149 145.2974207826
-1.9513059150 -0.8941187468 0.7728669519 710.0049086107 66.9860790243
-1.8855696832 -0.5597975338 -0.3500282611 857.4390574492 704.0684114269
-2.0366653240 -0.5797354377 -0.1590398876 874.5260724449 577.6749912612
-1.9221818306 -0.9124272166 0.0901865197 680.1014312802 426.8446130576
-2.0876470204 -0.8959227815 0.3128667921 729.2471053664 319.5609517963
-2.1452367339 -0.9267502190 0.5820317656 731.3050763890 193.9088754028
-2.1952372272 -0.7046575153 0.5517900690 842.5059955731 205.7671583633
-2.0899565708 -0.6540210319 -0.0673717668 844.1761827583 522.7614272336
-1.8622674728 -0.4048797174 -0.1332856099 952.1455084773 570.0266262312
-1.8483290310 -0.4352708366 0.3157310814 932.9500876290 280.4186005912
-1.9499979981 -0.3936762340 0.4339978451 972.9941483975 221.3159464508
-2.0153473087 -0.6477465008 0.7552951249 843.8196853727 70.7222187939
-1.9508663012 -0.4204201028 -0.3158605866 954.4015747107 685.9046571094
-1.9282228052 -0.3422863927 -0.1986349192 1001.6149126988 614.3116484859
-1.8307278366 -0.3649187074 -0.1020312630 973.9991076848 550.5943303804
-2.1653125976 -0.3185303887 0.2228715646 1040.5228362027 364.3515586479
-1.9953435832 -0.1856712384 0.4673006755 1107.0020796687 198.2979552045
-2.0390392157 0.0266576880 0.1803748992 1256.7944144913 375.2128005809
-2.1040212686 -0.1858632528 0.2189118048 1115.8202903668 359.8286765427
-2.1494438675 -0.1759117361 0.4480410634 1122.6869364469 232.0656478672
-2.0887152358 0.0614816292 0.3387705058 1277.6711346515 279.3990953531
-2.0769750567 0.0640115888 0.5667352894 1274.6470956560 138.1360639938
-1.7169756673 -2.0306084985 -0.3442061790 135.6093780289 631.9974191868
-1.6501252226 -2.1518835387 -0.1868133351 75.5858341364 549.6225922185
-1.9076947486 -2.0906629332 0.0539072926 208.1414881734 441.2061846308
-1.7608405348 -1.9343170826 0.0562900857 205.3101240980 435.0061765200
-1.9063764253 -1.8660205765 0.3738369208 294.4887179301 294.8523004099
-1.8966016870 -2.0532493118 0.5599591477 237.7894066641 217.0904843364
-1.6623309028 -2.0764444490 -0.4483026474 91.4853930329 685.6250089851
-1.6185755682 -2.0335792471 -0.1038771344 105.0249019706 509.9986232011
-1.4426495618 -1.8136163176 0.1905162106 119.1569982255 345.0087510250
-1.5361605155 -2.1257179523 0.3896727763 66.0555985078 257.9263349814
-1.6094412696 -1.8973613024 0.6184070836 186.2028860775 146.6009598162
-1.4521909499 -1.8210311860 0.8016191597 157.2195315714 22.3698444424

gimbalangles:
0.1521067974 0.0188589933 2.7569152449

end: