T_CW:
-0.8735240443 -0.1963109189 -0.4454410929 -0.0478176437
0.0634134513 0.8613854235 -0.5039780614 -0.0436287342
0.4826328608 -0.4684839114 -0.7399921259 -0.0608578494
0.0000000000 0.0000000000 0.0000000000 1.0000000000

T_CW_cov:
0.0000004204 -0.0000000044 -0.0000000369 0.0000000005 0.0000010795 0.0000001029
-0.0000000044 0.0000005507 -0.0000000432 -0.0000014889 -0.0000000036 -0.0000001865
-0.0000000369 -0.0000000432 0.0000000840 0.0000001166 -0.0000000882 0.0000000058
0.0000000005 -0.0000014889 0.0000001166 0.0000040815 -0.0000000192 0.0000004834
0.0000010795 -0.0000000036 -0.0000000882 -0.0000000192 0.0000028261 0.0000002557
0.0000001029 -0.0000001865 0.0000000058 0.0000004834 0.0000002557 0.0000005204

target_points_pix:
0.1335359145 -1.8428479847 -1.9814673882 1219.6199592136 33.6842811307
-0.0107507729 -1.4624962367 -2.1410767009 1314.6519579920 226.6360965631
-0.0377600212 -1.2511955147 -2.1143219560 1337.8379107140 312.9852596667
0.1874298682 -1.0887540870 -1.9766534841 1193.9655017587 361.5559524101
0.4152243284 -1.8347950724 -1.8048647437 1058.4246587538 1.8160751640
0.2918924149 -1.8026157144 -1.9498619558 1134.0260712061 52.4004530002
0.3887196067 -1.5483946661 -1.8073259798 1066.1635467604 110.4002227867
0.2030463646 -1.2799541855 -2.0787731241 1190.4995791330 300.0808044756
0.1329317930 -1.0930724451 -2.0607536919 1232.9243131802 381.3301442779
0.3966472926 -0.6178209378 -1.9947524702 1059.7978806042 625.6757496112
0.6613401754 -1.8611822663 -1.9317589166 956.6519375806 58.1365513215
0.5109429233 -1.6663972622 -2.1643527627 1043.9559702012 184.3532997001
0.4919235673 -1.5187523918 -1.9572107497 1027.8058359856 179.1089203794
0.6904453826 -1.1610471457 -1.8405569797 896.0534945668 307.6190581154
0.6549097224 -0.8437372576 -1.8678088051 900.1630089671 468.3472480888
0.6287320914 -0.8865639983 -2.0414822743 944.4251230724 487.0119772367
0.6235847773 -0.4553609724 -1.9114135080 900.8328306634 699.8560380381
0.8885854279 -2.0502117149 -1.9125103482 867.2027432952 10.2385555684
0.8306860570 -1.5674480567 -2.0795252806 889.2971878671 215.3961278360
0.8551874529 -1.3042941348 -1.8165584212 821.2356553353 246.5413357455
0.7895796516 -1.2201316833 -2.0024037326 877.3598254866 329.0083014486
0.7746400239 -0.8335446310 -1.8636761699 835.0967662834 473.4391312103
0.6130182170 -0.8421000308 -2.1969690064 972.3806817769 541.3467301186
1.0954692453 -1.8581825129 -2.0326651252 793.9638972123 120.3114790006
0.8471038268 -1.6157640771 -1.8657793855 853.4187761239 138.9763463451
1.1646618641 -1.3994225008 -1.8999604189 711.4627381716 247.3423366446
0.8616797140 -1.4018883489 -2.1571992865 878.5898003236 297.4486670320
1.0168398722 -0.9545678627 -1.8721677156 729.7079261697 419.7481372144
1.1335969285 -0.5690045652 -1.8004655743 618.1389338331 595.2099328514
1.1208194171 -0.5124663437 -1.8037057435 618.0317925977 626.8516986067
1.3633144213 -1.9058175939 -1.8359840971 667.7111296442 70.4503334008
1.1428546488 -1.8734027375 -1.9583861169 765.7348627367 98.6274915028
1.3366147058 -1.5107727898 -2.0124757643 677.1626254553 243.2668048719
1.2127418960 -1.4389323406 -2.1131114121 734.9064047062 286.7992535195
1.0745265784 -1.0422826553 -1.8230717188 701.5191889058 369.6016950493
1.1600619218 -0.8068272071 -1.9987279613 680.3813286469 515.7629856164
1.3600971057 -2.1394947090 -1.9308683015 703.4320203746 27.3520618733
1.5999598486 -1.9341720935 -1.5824400126 538.1262848238 7.3047162218
1.4024912873 -1.7454236654 -1.8753919523 647.8374278604 134.2580417676
1.4528564790 -1.6598804076 -1.8320190018 613.9796820504 153.7913582726
1.6979698655 -1.3455571882 -1.9570761194 526.5586725920 301.7920651907
1.6315111392 -1.0550464774 -2.1687695799 564.6597683510 447.0702331835
1.6338089804 -0.6764502541 -1.8334104163 435.8340517009 540.7314506685
1.3752629996 -0.5013956868 -1.8451442328 515.6192055528 632.3057082643
1.6696960735 -2.1335143978 -1.8174720010 583.3302652403 21.8147317034
1.7663122043 -1.8342091207 -1.7349238641 507.4910656754 93.2281345022
1.6699498579 -1.6756908929 -1.8676287179 550.1655608726 170.2687562514
1.7503482467 -1.4139824944 -1.9330663828 511.6200043487 274.9601192820
1.6086240389 -1.3759422775 -2.1769863102 603.9876338249 334.8196036238
1.8099044246 -1.1685900485 -2.1964658196 524.6181304921 413.3557863771
1.8744068534 -0.7564096408 -2.0234271969 416.5794276229 537.6559063373
1.8496731403 -0.5125324509 -2.1388159692 423.6348552247 657.0957862727
1.9386255175 -0.3329192843 -1.8096530681 267.8602248489 690.7700476358
1.8517101813 -1.8158071205 -1.9202430645 518.7985950229 150.1508038969
2.0612107624 -2.0207807403 -1.5899707244 407.9307635705 21.5447890666
2.1079238686 -1.9359357685 -1.5871010164 384.0309722423 48.1381940500
1.8652701462 -1.8208169787 -2.1046506354 551.3970186919 191.0330383610
1.8596756203 -1.9310635161 -1.8207909020 507.3909722798 92.9258483133
2.0422816431 -1.6552998450 -1.4431634057 329.1391701612 88.6318770725
1.8838081623 -1.6556635258 -2.1633819886 542.3453389037 252.4290883649
1.9935738669 -1.4877829304 -1.5690665399 355.0572533126 174.1488282559
2.0514362961 -1.6443114163 -1.6249753399 373.3055216327 141.2587982888
2.1471450446 -1.4406520659 -1.0608778431 139.2554829688 53.4134640249
1.8687685884 -1.3169604258 -1.0557104289 201.0530524639 72.3414426460
2.1646167347 -1.1212737102 -1.9130174607 347.2254029944 382.8362627070
2.1417190529 -1.3373523818 -1.7110508861 329.1812103850 266.0773803460
1.8336712306 -1.1288074433 -1.3115825326 270.9505172842 226.7204314808
2.1758911287 -1.3998298589 -1.1849767330 167.6261675945 109.1950468966
2.1829607998 -1.2976571895 -1.1393445659 129.6374822972 132.7967109186
2.1785724693 -1.3671054240 -0.8981220472 50.4973337211 27.5843983691
2.1857920555 -0.8874492296 -2.0660135117 350.5059249604 493.3471023521
1.8330203597 -0.9506125522 -1.6966504631 365.8743412397 396.4580631512
2.0685977208 -1.1828960926 -1.6875075128 322.5756531679 311.9050682269
1.9582976991 -0.9784727864 -1.1980075723 157.4325955733 263.4442916290
1.9675984183 -0.6681374839 -1.8991578230 340.1597369378 552.4820494443
1.9263270606 -0.9148012062 -1.9037353806 388.9514418085 453.7772566408
1.9567773808 -0.6855267087 -1.3530006329 158.8116886867 436.3562322319
1.8885494940 -0.3425903546 -1.8054157975 284.9350401731 687.4958743053
1.8908101503 -0.5555868176 -1.5651401600 237.1361807254 543.6783660923
1.9001765489 -0.4824218917 -1.3558220626 134.9731911388 537.3917428634
2.0068793587 -0.6261871060 -1.2771031287 97.4532032786 447.3050803396
2.0455430596 -0.3773170723 -1.9307038423 280.6548347215 682.3614580711
2.0480357724 -0.3184675408 -1.8653327192 248.7552126029 700.7472935002
2.0443564240 -0.3482602204 -1.3012287353 29.8194397448 594.5026299325

gimbalangles:
-0.9291695658 0.3284070220 1.1149703349

end: