T_CW:
0.9425391042 0.2947249288 0.1573443782 -0.0237062249
0.0309565753 0.3918878533 -0.9194920342 -0.0840754783
-0.3326585749 0.8715280413 0.3602459517 -0.0242119595
0.0000000000 0.0000000000 0.0000000000 1.0000000000

T_CW_cov:
0.0000007642 0.0000000624 -0.0000001390 -0.0000001692 0.0000017843 0.0000000491
0.0000000624 0.0000006338 -0.0000000415 -0.0000016041 0.0000001513 -0.0000003191
-0.0000001390 -0.0000000415 0.0000001044 0.0000001095 -0.0000003172 0.0000000062
-0.0000001692 -0.0000016041 0.0000001095 0.0000041189 -0.0000004088 0.0000007977
0.0000017843 0.0000001513 -0.0000003172 -0.0000004088 0.0000042235 0.0000001054
0.0000000491 -0.0000003191 0.0000000062 0.0000007977 0.0000001054 0.0000005602

target_points_pix:
-1.8916370934 1.3278553278 1.0832120916 28.5248969909 13.1222922056
-2.0616398675 1.6203105521 0.9227851073 50.0653081992 171.7233540387
-1.8687607905 1.6395216927 0.3740385226 31.8146224631 429.6202892128
-1.8980237103 1.9209957642 0.3535455110 122.8002713073 482.9917381027
-1.8992891162 1.6958315500 0.5927369583 81.1476407091 334.0946721610
-2.1280136359 1.9030231084 1.1200182238 149.0927952543 162.4521115843
-2.0767536092 1.5913540197 1.1734617687 75.6456573247 63.1738189436
-1.8007556983 1.9812678047 0.0551784552 133.0530660154 638.0146802148
-2.0021261078 2.0086463683 0.6719158105 160.7136270491 356.2628486819
-1.8671153541 2.1795732671 0.7269835846 260.7048843598 364.6304889957
-1.9047003350 1.8680613442 1.0806603821 208.5373005321 167.0738762858
-1.9973255520 2.0750879804 1.4269123231 273.2659226050 93.0420979204
-1.8124172708 1.9439885406 1.3066086394 288.8239377886 100.3437156508
-1.7534698406 2.0793769081 0.4493600074 238.5842418723 466.8355115722
-1.8353667562 2.1089405381 0.3759185790 207.8755870866 500.1622011285
-1.7604356880 2.0656598370 0.6575958443 259.2328151859 375.8067802950
-1.7705647096 1.9172214653 0.8435902795 238.5133771015 271.4323052015
-1.5673731990 2.1856570907 1.4301868938 438.1509663591 110.2388655142
-1.7142549144 1.9451759251 1.5629844682 351.6825405806 9.1459111901
-1.6571184784 1.8321234448 -0.0621704696 115.3417437242 697.8532932133
-1.5475518711 1.9219229687 0.2115461638 236.9683318408 566.9305713661
-1.4598821192 2.0390700871 0.4072914279 334.0497505460 490.1654506886
-1.6794329719 2.0021970623 0.8621467882 297.1500010426 281.4787962980
-1.4209454531 1.8676090554 1.0841520386 388.1883775442 160.7450268032
-1.3899147558 2.1238306384 1.3530480406 481.9928013511 120.1287396402
-1.3728960194 2.0609641576 1.3938533902 480.2622752030 90.0182282444
-1.2776452368 1.8694489727 0.0047508315 306.6570078945 691.3302310816
-1.0730605838 2.0018530190 0.3056842560 478.5441799231 551.7574673201
-1.2085726006 2.0127526755 0.3547681015 426.0610919463 521.9120057094
-1.4250652760 2.0144635608 0.6554444686 372.0762752937 374.2270097206
-1.3457046956 1.9663000365 1.0873481235 440.8915105819 182.8124958068
-1.1680323593 2.0223801191 1.2503392272 538.6790091167 130.4199988825
-1.0704080031 2.0702471482 1.3645704063 595.7211640110 97.5180715344
-0.8521590024 1.9558607454 0.3663922634 580.9238171663 523.7801906071
-1.1747783765 1.9710647288 0.4070187887 436.8678001860 491.2132729845
-0.9249999966 1.8887475075 0.8621447902 582.2098728840 260.4233878365
-0.9069592067 2.1009950598 1.1466473560 650.4764997357 187.6759367427
-1.1549661397 2.1099652787 1.3731370306 569.5371343226 105.8361818788
-0.8297485976 1.9743105077 1.4365170950 687.6075885667 38.4404364992
-0.8817151466 2.0931652498 0.1051209762 567.6919475201 680.5172807205
-0.8630691661 1.9261983014 0.5737511127 590.6305928490 409.6669599749
-0.7731890428 2.0682027516 0.6651492623 667.0639277476 393.0680847531
-0.6987685676 1.8456276545 1.1680146625 709.8603395954 108.3079320722
-0.8565034793 2.1796840996 1.0994869736 679.4060309942 224.4205245818
-0.6231705820 2.1520952738 0.5384759296 741.4723199382 473.2319985698
-0.4974786646 2.1872748934 0.6050544679 811.8792790091 450.1291830471
-0.6114223086 2.1682011349 0.8039420480 767.0747951467 350.1660939340
-0.5037735027 1.9408897283 1.3800152417 830.0321306748 41.8658394106
-0.5283252014 1.8501549681 1.3747778002 808.8487183668 15.7925007814
-0.2945068937 2.1581701266 0.2369112271 896.1441111841 651.7709277912
-0.3564413644 1.8880841855 0.3603360344 842.3123060732 541.9218913959
-0.2678971448 1.9786763423 0.6461625591 918.9065767384 397.7108201632
-0.0743889678 1.9947732545 0.8872855405 1040.8867418694 277.8943202578
-0.1226170872 2.1238853063 1.2828052043 1026.8999076369 128.0544398067
-0.2865145593 2.1985809668 1.4292790030 953.0579957097 91.5643050446
-0.1806544141 2.1115250387 0.4424313824 967.8292820828 535.9987047987
0.0637301572 1.9298115973 0.6674237794 1122.0283800688 383.7740292473
0.1613635871 2.1800453551 0.7561633745 1175.5638569250 390.6373631589
-0.1190076761 1.8096601584 1.0534739961 1015.4374111515 140.5411138342
-0.1483933964 1.9321229592 1.2020677421 1006.4386317216 108.0222930713
0.0495832199 1.9196771921 1.3363107131 1122.0318321784 37.1755513158
0.3584381887 2.0127258478 0.3252687757 1323.8739179295 626.4193039282
0.0874333717 2.0552167764 0.3189859915 1130.0422759630 617.0518093308
0.1362588165 1.9407112360 0.8236560383 1170.4079238454 299.4239225109
0.0850174751 2.1932606518 1.1592334350 1134.3486914527 198.4371962198
0.3638846465 1.8521095106 1.0731205333 1327.9694747085 135.9024320966
0.2864213038 1.9096663040 1.3389912810 1265.7668703169 24.5466548863
0.3919355060 2.1616707571 0.6632135215 1321.8511734803 443.7333175167

gimbalangles:
0.2717638190 -0.0897639191 -1.8408124643

end: