T_CW:
0.3641005738 -0.9304705488 -0.0406857473 -0.0316274299
-0.8374391233 -0.3079539686 -0.4515086577 -0.0402188002
0.4075861712 0.1984663979 -0.8913386573 -0.0646912027
0.0000000000 0.0000000000 0.0000000000 1.0000000000

T_CW_cov:
0.0000010558 0.0000001538 -0.0000000988 -0.0000003800 0.0000024104 0.0000002145
0.0000001538 0.0000007892 -0.0000000918 -0.0000019221 0.0000003470 -0.0000001633
-0.0000000988 -0.0000000918 0.0000001280 0.0000002256 -0.0000002206 0.0000000002
-0.0000003800 -0.0000019221 0.0000002256 0.0000047507 -0.0000008573 0.0000003865
0.0000024104 0.0000003470 -0.0000002206 -0.0000008573 0.0000055702 0.0000004909
0.0000002145 -0.0000001633 0.0000000002 0.0000003865 0.0000004909 0.0000006238

target_points_pix:
0.0873430322 0.7294019174 -1.9107975949 309.4511372895 680.8719131443
0.0852945478 1.0882388706 -2.0811940265 168.1057247332 625.6942259890
0.3473636227 0.3182278702 -1.9402510749 611.5512792116 624.6985218868
0.3565354082 0.8722584079 -1.9663293335 325.3351006307 508.6482969383
0.1374260910 1.1569632659 -1.9912398308 128.6738343352 570.7577888453
0.2951990550 1.4166859272 -1.9840087220 58.0988240990 440.4360416969
0.6235847773 -0.4553609724 -1.9114135080 1130.9954858270 631.0316580481
0.5992728709 -0.0948969172 -1.9782163520 898.8201775505 576.8517098522
0.3684139713 0.2646838209 -2.1916892182 656.6914863561 657.6947473266
0.4516216484 0.5414670465 -2.0961669823 530.1434344549 547.1195090186
0.3549734842 0.6235175838 -2.1005371298 467.4395452347 581.0669807428
0.5652056574 1.0015562950 -1.9226686031 312.1866350351 372.0486934787
0.4395085623 1.3030301233 -2.0955778568 177.5502921434 416.7791412684
0.6737092761 -0.3896397273 -2.1104051242 1064.6063237910 617.3621879604
0.7425085479 -0.1209141871 -1.8887678018 945.9489076654 486.5574324825
0.6065040061 0.0125160386 -1.9812612160 838.5679171430 551.1480932661
0.7128410050 0.4465180968 -2.1775363231 636.0292203727 454.2147785316
0.8275756550 0.6713905884 -2.0761826814 548.7654312837 345.1024014705
0.6431571738 0.7320305461 -1.8576399939 455.1819977531 366.4838734180
0.7704231043 1.1919401564 -2.1147852834 312.6256723450 298.3440820204
0.5889345469 1.1772651812 -2.0652336531 265.1977884905 365.0370703398
0.6917889005 1.6605628289 -1.9153363064 56.1172761038 208.9597646155
1.1335969285 -0.5690045652 -1.8004655743 1285.8601066608 345.0160363568
1.1208194171 -0.5124663437 -1.8037057435 1248.4953632216 341.8670586726
0.8898566496 -0.1034774906 -2.0419124720 945.1732636000 440.0567031141
1.0501020800 0.0433538328 -1.9744460320 897.2995299299 323.6818667259
0.8458239714 0.2527812607 -2.0225750652 752.8968391702 393.9584028306
1.1152554375 0.5688691258 -2.1215293469 653.4859404866 253.1490989419
0.8347556225 0.9123398415 -1.9235444340 423.2600508025 264.9598684548
1.1981999858 1.0113993311 -2.1238999532 481.3658837606 162.9780107419
1.1653186556 1.2451867740 -2.0812263958 375.7811398379 133.1473786935
0.8890987780 1.6535147810 -1.8036159092 87.7425578122 96.8079557193
1.0812056918 1.6101957530 -2.0611834659 211.6201879513 111.6549952998
1.1137863020 -0.3982487863 -1.8896055521 1160.5955136190 347.7785163074
1.1825745387 -0.3637445210 -2.0927826974 1114.8688858836 360.0994805028
1.1118900727 0.0687026901 -1.8634442179 901.2558347279 260.8294902018
1.2032753547 0.2645148242 -1.8238494440 814.7385156610 176.6531194443
1.4306274339 0.4308040841 -1.9543672687 768.8766806132 103.2414795510
1.2008567245 0.6297796265 -2.0475242118 639.4636312363 191.5270302151
1.3177547534 0.9829887943 -1.9275302017 499.9119919009 64.7835133032
1.2166538022 1.1243311453 -2.0984095424 436.9345324294 135.0305591570
1.2534387693 1.4042816883 -2.1271438066 338.9824810842 96.6631300105
1.3301668377 1.7488035525 -2.0715025133 220.1426070142 16.5055156063
1.3752629996 -0.5013956868 -1.8451442328 1256.7104058999 229.0001558711
1.5696691048 -0.2374520310 -1.8092501578 1135.5675248225 92.4922298603
1.3618475632 0.0845802788 -1.8129035773 935.5825821092 132.7273004109
1.6255085224 0.2358285422 -1.9199901380 891.2896681359 45.2521545622
1.5302247761 0.5208145433 -2.0427081241 744.0082193959 83.1993294270
1.6550291668 0.9849206446 -2.0816303475 574.1413345675 0.1975003832
1.3328779171 1.9303904193 -2.0943921518 160.6709098605 3.3175815023
1.8496731403 -0.5125324509 -2.1388159692 1243.3149378088 127.9007361571
1.8304743292 0.0130800510 -2.1917570920 997.3762107804 85.9882339634

gimbalangles:
-1.2024266266 -0.0268082649 -0.1475432158

end: