T_CW:
0.9536214789 0.2166316463 0.2089899633 -0.0216404015
0.2579654971 -0.2303901587 -0.9382825678 -0.0718950724
-0.1551124665 0.9486786098 -0.2755884942 -0.0502129355
0.0000000000 0.0000000000 0.0000000000 1.0000000000

T_CW_cov:
0.0000012783 -0.0000000230 -0.0000002348 0.0000000249 0.0000028259 -0.0000002321
-0.0000000230 0.0000007001 0.0000000250 -0.0000016727 -0.0000000509 -0.0000003485
-0.0000002348 0.0000000250 0.0000001405 -0.0000000419 -0.0000005063 0.0000000325
0.0000000249 -0.0000016727 -0.0000000419 0.0000040632 0.0000000562 0.0000008197
0.0000028259 -0.0000000509 -0.0000005063 0.0000000562 0.0000063102 -0.0000005053
-0.0000002321 -0.0000003485 0.0000000325 0.0000008197 -0.0000005053 0.0000006759

target_points_pix:
-1.8537363930 2.1767514966 -0.4751485786 23.7505075153 57.4264477615
-1.6410654609 2.1004963161 -1.1101007541 65.7373734714 374.7027342500
-1.5041704561 2.1644575621 -1.6799082148 121.9736964011 610.7389612066
-1.5671864977 2.1306784232 -1.2809612645 99.4017649827 451.8674264776
-1.3157817243 1.9429941230 -1.1422706580 146.4940532472 452.7083207952
-1.3492337722 2.1057609491 -0.8169929086 195.7275381667 278.5121421680
-1.4983317879 2.0936842145 -0.5888533520 137.9752831397 152.5832822029
-1.3141370620 2.1921020916 -1.7686534849 196.5601211067 662.6068659754
-1.2916984902 2.1033183010 -1.5281295457 190.0715924829 591.7575012347
-1.1413049017 1.8521756327 -1.2503095271 189.7760403762 543.8284239217
-1.0720818380 2.0508822425 -1.1769081994 281.2263255178 484.1211390661
-1.3996928611 1.9829751266 -0.7729069412 137.0089118204 261.4667166607
-1.1860357705 2.0705200626 -0.6054671996 266.8329904993 198.9189217728
-1.4194715783 2.0828748510 -0.3704728398 177.7946156072 51.3337012454
-0.8748797260 2.0718850172 -1.3880594780 358.8864532787 598.0557112470
-0.9465772767 1.9306066900 -1.1333201170 307.2301575229 503.0944144621
-1.0708041261 1.9815980953 -0.8742083968 279.1769972200 354.2975008127
-0.9983895204 2.0661635568 -0.7131763571 344.4493957444 276.1298604841
-1.1448503223 1.9295688788 -0.5001948033 249.9054082008 156.1402380687
-1.0393066434 1.9475716529 -0.2178789547 325.7511861302 9.3518848091
-0.7511423649 2.1572910155 -1.4183356052 427.3384964610 610.0858145747
-0.6866916911 1.8731422773 -1.2897438849 404.1825679605 627.4298894819
-0.8291176503 1.8463283609 -1.0492262872 345.3892306356 496.1967993978
-0.8912000367 1.9609409745 -0.8172016176 361.0199875019 353.3607155094
-0.8567020351 2.0724969975 -0.4066799077 434.6103753424 136.7051508061
-0.7284212964 2.1001550914 -0.2330155620 518.6954693423 57.5171674999
-0.5762992154 2.1179589578 -1.3554400287 499.4305235092 616.8762458135
-0.6100145261 2.0163725987 -1.3029655622 469.5971636387 611.7948589341
-0.6297357995 1.8838706853 -0.9646989781 459.6356738227 477.5882383405
-0.6869895166 1.9199697802 -0.9263750375 442.2565890685 443.3632603528
-0.6486645931 2.0381515495 -0.4048343834 531.2675998419 163.3761239903
-0.3777328962 2.0709319294 -0.2918463810 689.7305735397 134.6328469185
-0.3327855196 2.0041277111 -1.3840576797 589.3204330874 692.2383437379
-0.4466021864 1.8242623228 -1.1806339484 521.4533273225 626.8816546935
-0.3573603580 1.9284946584 -1.0399192768 598.8814599302 548.1156533966
-0.3761262826 1.9359798530 -0.5684987763 640.6102310337 298.9529100436
-0.1470818764 2.0278346330 -0.3590369503 803.1092876348 205.8992665166
-0.1320941456 1.8887090879 -0.2943923727 811.3142302620 178.6040718106
0.0202740849 2.0286689315 -1.1369204904 791.4927236335 630.5125040268
0.1684447460 2.0863360526 -0.6863863826 932.5216320861 421.6424303807
-0.1733428557 2.0220748053 -0.3567373217 788.3243415575 201.3126744036
0.1853169703 1.9556145586 -0.2926013520 1007.4180522957 220.4086409325
0.0772792683 2.0876626451 -0.8678561815 858.5361678321 498.5322938211
0.1825358325 1.8096035881 -0.9249628995 899.7198351660 608.7551762886
0.0606416587 1.9370533156 -0.6051155074 881.2216720958 385.5723507778
0.1622540602 1.9938421750 -0.2072898762 1007.2150587479 162.3518355554
0.4263787641 2.0360262969 -0.9802595292 1029.0300217387 619.4517694671
0.4966650149 2.0206560720 -0.6076416902 1135.0144725823 442.0325594853
0.4776390888 2.1635637503 -0.5185001840 1127.9240071939 368.3346104774
0.6165630709 1.8861184111 -0.3081537565 1292.8829112162 306.5298633935
0.5187396521 1.9175698469 -0.0342267122 1284.1589227802 106.7744417770
0.6604095905 2.0829714722 -0.9379156950 1163.3515745243 625.1126047013
0.6471853462 2.0880566141 -0.6773740498 1203.5056958550 490.3256906301
0.6892817683 2.0844330099 -0.6493308926 1234.0838176003 483.0053205633
0.6149241260 2.1417820874 -0.0629871951 1300.7356881545 132.6948425963

gimbalangles:
-0.2870197010 -0.2682817750 -1.9935483301

end: