T_CW:
-0.3619985771 -0.9321734833 -0.0031027551 -0.0301241102
-0.8927856978 0.3457415713 0.2887844587 -0.0093007473
-0.2681244634 0.1073096585 -0.9573891107 -0.0525198475
0.0000000000 0.0000000000 0.0000000000 1.0000000000

T_CW_cov:
0.0000013242 0.0000000542 0.0000000218 -0.0000001363 0.0000029001 -0.0000003890
0.0000000542 0.0000006631 0.0000000370 -0.0000015610 0.0000001191 0.0000000367
0.0000000218 0.0000000370 0.0000001023 -0.0000000785 0.0000000413 -0.0000000034
-0.0000001363 -0.0000015610 -0.0000000785 0.0000037395 -0.0000003002 -0.0000000758
0.0000029001 0.0000001191 0.0000000413 -0.0000003002 0.0000064139 -0.0000008418
-0.0000003890 0.0000000367 -0.0000000034 -0.0000000758 -0.0000008418 0.0000005725

target_points_pix:
-1.7579705380 -0.5772389801 -2.1935923520 1224.8848618359 690.3911507833
-1.6050720677 -0.1570880062 -2.1723311699 1018.1090396215 700.3215321147
-1.4357686636 -0.5273511537 -2.0349748541 1197.0550041780 609.2764749957
-1.3346818081 -0.4072892248 -1.9128016578 1147.2781721434 618.4039202493
-1.5002121632 0.1470386231 -2.1716073200 866.4215121585 705.4211192109
-1.0697359937 -0.8988463701 -2.1613215268 1313.0773940606 351.5322291482
-1.3989814388 -0.5673341385 -2.1783087477 1182.4115111695 551.9193587037
-1.0935209420 -0.2851008651 -2.1257090529 1013.4461870062 478.5791315059
-1.2372617489 0.0363480423 -2.1678719484 876.8581440046 584.5389931346
-1.3390051896 0.2640417268 -2.1356634694 790.4197915587 669.7696922439
-1.0321968910 -0.8729605601 -2.1287663411 1304.1661237565 343.4964045996
-1.1280067953 -0.8565214532 -2.0582172524 1325.9216154519 404.5357549357
-0.8450867383 -0.6142765335 -1.9706636513 1179.7004871989 324.8236828612
-1.0861999588 -0.0724070378 -2.0085048335 919.6697916704 538.8047848757
-1.0935183022 -0.1864478285 -1.9655495041 984.9724254514 532.1110453558
-1.1577294112 0.1871402594 -2.0430681388 800.1112625226 606.7093540818
-0.9213923119 0.6936566719 -1.8158918035 494.0699819627 652.5916401271
-0.8537358509 0.8313946700 -2.0701052063 437.0504614423 575.3126118683
-0.9197688999 1.1763899925 -2.0413765988 291.3713033668 666.9432080680
-0.9414224818 1.3385083174 -2.0996017911 235.7426003053 684.6245581462
-0.5661656735 -0.8955550283 -2.1500965413 1254.2092713974 99.9089454154
-0.8690239338 -0.5462702463 -2.0546615520 1127.4322046205 337.3911478562
-0.8678678142 -0.1876486862 -1.9304275451 952.8133928143 429.5635338698
-0.6059505876 0.0021046849 -2.1397186428 789.6967727739 300.2238991608
-0.7139063026 0.1884068236 -2.0970261339 717.7742608679 393.6450166233
-0.7638126571 0.6804874394 -1.8599272787 468.2411975141 561.3939505887
-0.8706004692 0.7609955734 -2.0348282237 469.9204978226 579.6868358777
-0.7257215869 1.1637273095 -1.9809265724 240.0986170096 597.5088645476
-0.7639138346 1.1025790106 -2.0546763088 290.7852671898 585.1077692850
-0.7660079664 1.5533281780 -2.0204985617 83.9773656289 667.9202329398
-0.6464942885 -0.6169893022 -1.8797235077 1173.9884936387 227.4826430391
-0.4371965137 -0.3097518600 -2.1603245863 918.7375585509 151.6641163533
-0.5449677676 -0.4256999261 -1.8409050742 1048.8679924104 216.1751528155
-0.3519356275 0.0019469352 -1.8945751371 749.2372747113 194.5075986913
-0.5182162399 0.0584582647 -2.1374499208 745.3152475768 268.0605557390
-0.6001629434 0.3259827887 -2.0581514561 626.4224744326 371.2191167680
-0.4989809361 0.9160976353 -2.1709690747 333.2362935786 411.1411310332
-0.3940264734 1.1357138824 -1.8565624263 137.0883756050 464.1136361428
-0.5995646106 1.0924402375 -2.1580213671 275.0161686721 488.3492888840
-0.2601348120 -0.3406750859 -1.8347724314 943.2887189642 60.6913908157
-0.2642132143 -0.2524614731 -1.8866649884 882.9784517771 82.7987775449
-0.2408813975 0.1413283700 -2.1010650757 648.0672437053 144.8880468332
-0.1022075754 0.1730192857 -1.9861493936 596.6944718607 80.5679910047
-0.3208123668 0.3495978570 -1.8800079703 542.7954597605 256.1261324961
-0.1141203188 0.8982665961 -1.9209505513 196.6347003806 254.0424659456
-0.1833770196 0.8149241496 -1.9777709131 271.4573927098 266.8163240308
-0.4015102129 1.1785525036 -2.0463174815 165.4969450951 435.8002203148
-0.0856700127 -0.1030147636 -2.0582686413 748.2382222755 5.8692137853
-0.0050098914 0.5257213546 -2.1110537171 397.0238867583 97.5753598742
0.0873430322 0.7294019174 -1.9107975949 227.3084110668 100.5633448087
0.0852945478 1.0882388706 -2.0811940265 87.1922391839 168.9767723967
-0.1245320248 1.0722616496 -1.8954113751 102.1868279595 300.5140957979

gimbalangles:
-1.8965290882 -0.1385442077 0.2567472280

end: