T_CW:
-0.7052538098 -0.7088907270 -0.0095394347 -0.0303815774
-0.1989456043 0.2108040675 -0.9570696378 -0.0724885005
0.6804687430 -0.6730791798 -0.2897010659 -0.0507303064
0.0000000000 0.0000000000 0.0000000000 1.0000000000

T_CW_cov:
0.0000003479 -0.0000000172 -0.0000000003 0.0000000488 0.0000008629 -0.0000000769
-0.0000000172 0.0000009344 0.0000000650 -0.0000024332 -0.0000000492 -0.0000000677
-0.0000000003 0.0000000650 0.0000000924 -0.0000001603 0.0000000010 -0.0000000049
0.0000000488 -0.0000024332 -0.0000001603 0.0000063930 0.0000001383 0.0000001674
0.0000008629 -0.0000000492 0.0000000010 0.0000001383 0.0000021937 -0.0000001892
-0.0000000769 -0.0000000677 -0.0000000049 0.0000001674 -0.0000001892 0.0000004433

target_points_pix:
0.6278400558 -2.0763393604 -0.9710114291 1250.6418598127 512.8180638801
0.4815465084 -1.8793705061 -0.5230342546 1343.7773932856 301.7429970196
0.7702598618 -2.1020624400 -1.1419530733 1167.2064011232 568.8514391493
0.8716978941 -1.8258617162 -0.9924107934 1054.5110015858 526.9677690352
0.5574486502 -2.0322558777 -0.7031584427 1306.5049134681 383.3755493368
0.6760474197 -1.9397994560 -0.6523280362 1215.0628323934 351.1690340790
0.7253359792 -2.1817755865 -0.2257816326 1273.0331256505 73.8448012431
1.0345126857 -1.8546994919 -1.3746466354 970.3843069791 673.7143521937
0.9500477222 -1.9913988195 -1.4115719724 1041.8028298578 678.8835848167
1.1100875946 -1.8342238030 -0.8506871293 947.0575928755 418.0145754556
1.1317356309 -2.0884930166 -0.7438131423 1010.5835287568 333.3180279854
1.1412416106 -1.8295073638 -0.6345165439 937.8546707084 303.8690665097
0.9861579955 -1.8556052624 -0.1516633468 1042.3931698823 31.8853921689
1.2995741576 -2.1101608759 -1.3471534802 930.7880690778 572.7751837475
1.1606328789 -2.0272679930 -0.9586497824 975.0637377976 437.8666199895
1.0563890159 -2.0877781419 -0.8747438649 1039.1190497861 403.6793205872
1.4392129643 -1.8700391144 -0.5937131543 825.8384421047 254.9806313296
1.0957124707 -1.9729375961 -0.3804741473 1009.9469598696 158.8200963206
1.5999598486 -1.9341720935 -1.5824400126 779.9335806197 644.4559709289
1.4599674712 -1.8730458234 -1.4548000087 809.8106491488 628.0753849492
1.5798023544 -1.8746761661 -1.3568949353 771.1155823438 571.1995091642
1.3351159698 -1.8509936034 -1.1426382576 852.2255934790 521.3931831816
1.5652340844 -2.0355103116 -0.8807376614 824.5525045059 359.6911529933
1.4552108980 -2.1534895360 -0.3988016236 904.2408914982 143.8020582760
1.4738540436 -2.1896147329 -0.4198177334 906.2730034601 151.2606236525
1.6178416807 -2.1438940522 -0.1704101383 845.0747925432 32.4904381845
1.6696960735 -2.1335143978 -1.8174720010 807.8863541735 684.5284625442
1.7663122043 -1.8342091207 -1.7349238641 702.8578898473 688.9032617699
1.7984505393 -2.0074320268 -1.3755868466 740.4763754215 531.1420723329
1.6677061205 -2.0403325325 -1.2331624542 789.1675974335 489.7464259776
1.6820347564 -1.9920003807 -0.9201346647 773.3180362630 369.6180216197
1.5500197577 -1.8331921533 -0.5554902840 773.3408745230 231.7639678870
1.5846467715 -1.9336166739 -0.6639477059 790.9059462848 272.4148321331
1.6246449477 -1.8284173664 -0.1805362603 746.4921899883 42.5441379868
2.0612107624 -2.0207807403 -1.5899707244 673.3484041672 571.5932626709
2.1079238686 -1.9359357685 -1.5871010164 639.2905660142 575.5718687919
2.0096760173 -2.1288364080 -1.1688124664 713.3842719956 421.0852125674
2.0471600104 -1.9719186906 -0.9509305647 660.1602174960 352.2839807765
1.9274821332 -1.8498540672 -0.8353092798 656.9287585903 326.7578925921
2.0374027157 -2.1244149509 -0.3365820874 703.3698716950 100.3528106349
2.1491235341 -1.9917465812 -0.1360297587 631.9899138426 16.2866885621
1.8596756203 -1.9310635161 -1.8207909020 703.4101660171 688.1392662822
2.0422816431 -1.6552998450 -1.4431634057 573.2727467150 570.8464421966
2.1282697156 -1.9395770402 -1.2939864247 632.6842286700 472.8074146559
1.9530555861 -1.9476085270 -1.1788937501 680.1742064984 448.5877632631
1.9957364715 -1.7797589391 -0.6344362442 613.7053943835 243.4339637775
1.9042748829 -1.9042753353 -0.4328866630 678.0972001758 153.4990555752
1.8846077334 -1.9057062088 -0.2031318719 683.6436554535 49.4023462766
2.0334372040 -1.7098496250 -0.1674277110 572.9028802736 34.4259462758
1.9935738669 -1.4877829304 -1.5690665399 534.4941248132 649.1789176463
2.0514362961 -1.6443114163 -1.6249753399 570.5039584870 636.2212433361
2.1471450446 -1.4406520659 -1.0608778431 467.4520389646 438.2329063603
1.8687685884 -1.3169604258 -1.0557104289 494.1774309988 485.5845871851
2.0804284908 -1.4342990342 -0.5591014867 467.5561367423 227.8019465289
2.0202869862 -1.3816786268 -0.6436614308 465.6913619994 274.9503781585
2.1734113672 -1.5304661388 -0.3488565010 473.6183441973 121.5685385321
2.0360158626 -1.6413631920 -0.1266119045 546.8550377206 15.5538895648
2.1417190529 -1.3373523818 -1.7110508861 451.3709245825 701.5971229226
1.8336712306 -1.1288074433 -1.3115825326 436.3766842778 634.8216451572
2.1758911287 -1.3998298589 -1.1849767330 449.5772081206 489.3593955895
2.1829607998 -1.2976571895 -1.1393445659 408.9580917415 483.0775753571
2.1785724693 -1.3671054240 -0.8981220472 427.8849228766 375.5455401272
1.9298402056 -1.3764245007 -0.3359090599 479.5000387139 129.6476165644
1.9377411544 -1.1464049791 -0.1445223815 365.7759911625 32.2125559242
1.9582976991 -0.9784727864 -1.1980075723 333.4413557771 589.0518543593
1.9570759444 -0.8701971078 -0.8886963553 263.8224216269 458.4148188036
2.1950641026 -0.9901943079 -0.7739551749 260.4701142565 357.5261972520
2.0073783830 -0.8101855643 -0.6565373428 204.1652384657 337.9895155804
2.0630315312 -0.9873049000 -0.4166250607 268.3154968826 187.1919633905
2.1601176345 -0.5862448586 -1.2289727654 95.8496080684 639.2097323848
2.0655593211 -0.6564244600 -0.8513982554 120.7736184281 455.4289953769
2.1242193271 -0.8479907540 -0.5599553179 191.2980082470 270.7595039594
2.1462577662 -0.8847763794 -0.4525485406 198.3190197096 208.5469956916
2.1605735270 -0.8488577758 -0.3398468232 167.6291426018 148.1126401133
2.1765978586 -0.6839881453 -0.1951020741 55.5546367849 70.2557541009
2.0068793587 -0.6261871060 -1.2771031287 151.6686498529 685.7277507686
1.8608577264 -0.6154256622 -0.5318944843 109.9994068651 304.7041594903
2.1067069339 -0.6795458537 -0.1661413448 63.4690413114 53.7300871144

gimbalangles:
-0.4470836323 0.1373898681 0.8715658720

end: