T_CW:
-0.1849074148 0.9441925208 0.2725981139 -0.0190960754
0.7578922226 0.3135853853 -0.5720695631 -0.0468021687
-0.6256265874 0.1008200864 -0.7735804310 -0.0628349732
0.0000000000 0.0000000000 0.0000000000 1.0000000000

T_CW_cov:
0.0000007555 0.0000002196 0.0000001079 -0.0000006072 0.0000019079 0.0000001484
0.0000002196 0.0000004404 0.0000000204 -0.0000012224 0.0000005511 0.0000001840
0.0000001079 0.0000000204 0.0000000805 -0.0000000562 0.0000002708 0.0000000176
-0.0000006072 -0.0000012224 -0.0000000562 0.0000034491 -0.0000015236 -0.0000005166
0.0000019079 0.0000005511 0.0000002708 -0.0000015236 0.0000048728 0.0000003687
0.0000001484 0.0000001840 0.0000000176 -0.0000005166 0.0000003687 0.0000004584

target_points_pix:
-2.1330431348 -1.1238264740 -2.1749385310 172.6489712316 30.5543452771
-1.8072466993 -0.9142648409 -2.0509648423 192.7645551024 105.7611496924
-1.8873716097 -0.8301472013 -1.9077868950 242.9085882741 46.8147677833
-2.0752258472 -0.3109300675 -2.1110600714 482.5004878449 137.0876457571
-1.9147247312 -0.2548115522 -2.0326057316 489.7570787501 165.9792706581
-2.0556831739 -0.2172783453 -1.6982966545 546.4741934311 21.1410758607
-1.9180268305 -0.1096057180 -2.0836827944 545.5682604626 200.4306246699
-2.0489798470 0.0967352262 -1.5659864992 698.0620824825 24.1976883033
-1.8167122418 0.1568885131 -1.5440816022 708.7151270068 95.3912051149
-2.0752253339 0.4044434237 -2.0040710625 767.8973808809 203.4090678287
-2.1825678826 0.3116185314 -1.5813675429 798.0445907381 27.3537490688
-2.0098296911 0.1005257098 -1.4875995864 707.1487732698 5.6535783261
-2.0916418165 0.3164314712 -1.8431441868 756.2632711952 139.8162002295
-2.0036208889 0.5847712081 -1.8948754516 850.4256940477 218.2789091152
-2.0180561632 0.5574448090 -1.3903307919 934.2232072616 42.5829925125
-1.8339332329 0.6816269267 -1.3275965161 1004.3820922263 97.8730446912
-2.1835710067 0.7113300082 -1.9318055951 898.9443020716 194.3298290018
-2.0143150859 0.8005527293 -1.8945758840 935.1434371635 244.8067185262
-1.9231742053 0.8110639259 -1.5432094472 1011.4130547929 168.7021058778
-1.8807234739 0.5757652317 -1.3228588133 954.9933462135 61.6198562845
-1.8227064158 1.0494738780 -1.8443991983 1041.9896503189 326.5823327168
-1.8509328536 1.0386621013 -1.7974766609 1048.1995450765 303.1452295281
-1.8015030399 1.1161808712 -1.5534731021 1143.7546063226 260.9588806754
-2.1081355453 1.0398044225 -1.3625749935 1154.4836733499 85.3569399609
-2.0488126483 1.4380370230 -1.8834289392 1177.9672271174 316.6082521775
-2.0567037251 1.1028909532 -1.7309193584 1087.3080112379 228.4673381919
-1.9389057584 1.4372610854 -1.5758196013 1266.6639790661 269.7196125209
-2.0911182403 1.3804638920 -2.1341007448 1099.5815956353 354.6933149577
-2.1122188602 1.5154501049 -1.5816655415 1285.6257843710 227.3322492026
-2.0342884793 1.4538768698 -1.5469457062 1276.3994110541 232.6399369130
-2.0014347219 1.7078845289 -2.1012093477 1222.3867729260 413.9345007473
-1.8547618140 1.7225401945 -1.8078244384 1314.6234602055 399.0352245917
-2.0072416156 1.6140671196 -1.6908236948 1298.0178776163 304.3798849769
-2.0038303013 2.0575135301 -2.1270901508 1334.2592628898 459.3176873307
-1.8462753154 -1.0571684346 -2.1965330153 144.5549594657 120.6745006311
-1.9317673488 -0.6338474593 -2.1627174347 333.1564656879 146.6486144058
-1.7579705380 -0.5772389801 -2.1935923520 328.2080049483 213.4772721770
-1.6050720677 -0.1570880062 -2.1723311699 482.6725085474 315.1986286325
-1.9483527284 -0.0672251213 -2.1691429618 559.0585479270 221.2145303339
-1.7025217749 0.2005152844 -2.1416149571 644.0296708625 325.1032189919
-1.7632616332 0.4374488688 -2.0163576747 760.4521353247 305.6456929349
-1.9167180805 0.6502726713 -2.0705326719 844.3347532503 300.1848329738
-1.6238184307 1.0130904683 -2.1368105390 964.7862978421 459.5049160842
-1.8572581003 1.1555460819 -2.1060237815 1026.8209761182 392.5550214012
-1.9452187938 1.6869499342 -1.8862993651 1273.3025860073 382.3726088089
-1.7938627340 1.8660562055 -2.0782733968 1293.9510088937 495.9568592495
-1.5594104961 -0.9227059103 -1.8929279979 127.9487090872 124.8357377245
-1.5268858466 -0.9034280657 -1.9429658399 132.0498918450 156.6591550878
-1.4357686636 -0.5273511537 -2.0349748541 294.8260832377 279.0005003844
-1.3346818081 -0.4072892248 -1.9128016578 335.0835353620 297.9486219792
-1.5322625065 0.0726475877 -2.0453616294 582.5578787137 339.3222257481
-1.5002121632 0.1470386231 -2.1716073200 599.3589367470 393.9092629208
-1.5791355639 0.5374848681 -1.9457535413 802.0894626305 364.3253549649
-1.6501355010 0.7157043292 -2.1087474774 852.8975537013 404.6571354089
-1.3592904140 1.0909658465 -2.1851856090 982.7196664977 578.4273490923
-1.5590499261 1.1874940771 -2.1526605445 1029.1938481381 508.6509504241
-1.5757745729 1.6288697621 -1.9103398014 1264.7533831107 510.6741504066
-1.4317858123 -1.0551176296 -1.9035718307 29.1958272382 148.8276815987
-1.0697359937 -0.8988463701 -2.1613215268 31.2958415474 397.0603783867
-1.3989814388 -0.5673341385 -2.1783087477 269.2637170755 327.6779917067
-1.0935209420 -0.2851008651 -2.1257090529 345.9403778860 476.7632606379
-1.2372617489 0.0363480423 -2.1678719484 520.0783113903 476.4385859050
-1.3390051896 0.2640417268 -2.1356634694 637.5697661386 461.8633593813
-1.2803984165 0.4564333986 -1.8119563847 767.7363908099 433.1762074276
-1.3917419720 0.5734831894 -1.8785099623 819.1163439256 423.3738443385
-1.3356328486 0.9193998904 -1.8476235929 983.3880209973 491.8454183479
-1.1329537274 1.0838303633 -2.1376926140 987.6516586457 664.2080232407
-1.2190813476 1.3798719968 -1.9537120089 1164.2707023865 633.3844205564
-1.3077586703 1.7380747572 -1.8915694221 1333.4877679640 632.1285757998
-1.0321968910 -0.8729605601 -2.1287663411 31.2618816217 407.8569992988
-1.1280067953 -0.8565214532 -2.0582172524 60.5913211593 349.6521407280
-0.8450867383 -0.6142765335 -1.9706636513 107.2994242883 494.5343206805
-1.0861999588 -0.0724070378 -2.0085048335 456.4479443770 484.2588895931
-1.0935183022 -0.1864478285 -1.9655495041 401.1486910229 450.6747224533
-1.1577294112 0.1871402594 -2.0430681388 592.4136324943 502.6896499428
-0.9213923119 0.6936566719 -1.8158918035 866.4134047490 645.9546378197
-0.8690239338 -0.5462702463 -2.0546615520 157.6688416040 517.7998495231
-0.8678678142 -0.1876486862 -1.9304275451 357.5097657387 548.9935531849
-0.6464942885 -0.6169893022 -1.8797235077 34.2996134760 575.7959625322
-0.5449677676 -0.4256999261 -1.8409050742 122.7105554219 666.4403557253

gimbalangles:
-0.9285390297 -0.3427346985 2.8329986171

end: