T_CW:
-0.9180205641 0.3889362112 -0.0772455014 -0.0330898201
0.0017152638 -0.1909055235 -0.9816069167 -0.0827665023
-0.3965290680 -0.9012678319 0.1745880681 -0.0327074502
0.0000000000 0.0000000000 0.0000000000 1.0000000000

T_CW_cov:
0.0000008549 -0.0000000499 0.0000002358 0.0000001391 0.0000018987 -0.0000000810
-0.0000000499 0.0000006227 -0.0000000411 -0.0000015157 -0.0000000993 0.0000003853
0.0000002358 -0.0000000411 0.0000001516 0.0000001136 0.0000005144 -0.0000000398
0.0000001391 -0.0000015157 0.0000001136 0.0000037487 0.0000002802 -0.0000009404
0.0000018987 -0.0000000993 0.0000005144 0.0000002802 0.0000042742 -0.0000001685
-0.0000000810 0.0000003853 -0.0000000398 -0.0000009404 -0.0000001685 0.0000006255

target_points_pix:
-2.1751026614 -2.0680547056 -0.2528774066 1198.1931545187 590.7978645401
-1.8436795053 -2.0972325809 -0.0518107199 1064.6017702841 511.4381126498
-1.9077635645 -2.1704114228 0.3559764829 1041.8999882843 337.2699265440
-2.1512036865 -2.0910517822 0.6218258585 1128.7745759766 222.5610391665
-2.1224839718 -1.9960204719 0.7841597400 1139.1114608862 143.9060593732
-2.0413765948 -2.0406984330 1.0719464675 1082.8992966921 34.0125340544
-1.9095943467 -2.1981756236 1.1398826170 994.6666303217 30.3620977548
-2.0356266141 -1.6670313584 -0.2216670401 1305.0705665627 579.7313203012
-2.0876913757 -1.8532165545 -0.1977258456 1243.7648646465 567.1830066214
-2.1047669438 -1.7534926241 0.2912902951 1251.7189734896 327.9228174699
-1.8466322311 -1.7286678988 0.3992838197 1161.0089137347 271.8969722102
-2.1872221107 -1.7737223126 0.6733064363 1243.1689126689 158.7911516270
-1.9735375390 -1.6542454496 0.0160468711 1268.0469461272 457.0810971641
-1.9694449003 -1.5102548261 0.2682812325 1309.3071968963 312.7211637943
-1.8981907482 -1.3803410260 0.4931111575 1323.5386471083 171.2975794700
-1.7169756673 -2.0306084985 -0.3442061790 1057.3458371776 654.4998898698
-1.6501252226 -2.1518835387 -0.1868133351 986.3298061340 580.8410058868
-1.9076947486 -2.0906629332 0.0539072926 1082.5748747209 462.2029546719
-1.7608405348 -1.9343170826 0.0562900857 1079.8267766367 456.3343490848
-1.9063764253 -1.8660205765 0.3738369208 1135.0721647250 300.3935546581
-1.8966016870 -2.0532493118 0.5599591477 1060.3945638380 239.5184277310
-1.9136592149 -2.1374174314 1.1705580242 1009.9281760524 8.0008888885
-1.6185755682 -2.0335792471 -0.1038771344 1004.3816835471 541.0163803938
-1.3119388669 -2.0378495674 0.0669159930 870.3218134002 465.4598697229
-1.4426495618 -1.8136163176 0.1905162106 984.2655491129 385.4596760087
-1.5361605155 -2.1257179523 0.3896727763 920.2698767511 318.0663045843
-1.6094412696 -1.8973613024 0.6184070836 999.4615450586 187.0471952017
-1.4521909499 -1.8210311860 0.8016191597 949.0552337532 82.6701131933
-1.2231305079 -1.8176706409 -0.3259783931 917.1229673486 679.7861294740
-1.0540651075 -1.9318002681 0.1505068516 778.0295914816 420.4293256617
-1.3064759274 -1.9948704185 0.0836250030 878.5843630507 454.9440296528
-1.0817565838 -1.8792648318 0.4912548355 787.4588840326 234.7936728985
-1.2632768288 -2.1108735220 0.5969392310 807.0619236069 220.0383197066
-1.0352279963 -1.9014060949 -0.2873643345 799.0983664844 666.2182178107
-0.8524976807 -2.0244151995 0.1476430308 660.1536400585 431.5590620609
-0.9396370708 -1.8606308446 0.3999390077 727.6891811098 278.3746912108
-0.9669781436 -2.0218379039 0.4458862138 703.6553800651 275.8983683737
-1.1842472968 -1.9135240722 0.7839039684 811.3409190228 97.9220884028
-0.9123079585 -2.1284580629 -0.2558047657 684.7179770214 649.3480874730
-0.6883316207 -1.8469608032 -0.1589367572 621.0184895089 609.8167995922
-0.8632153327 -2.1951362328 0.0753490344 636.4182059706 478.5736354250
-0.8519744113 -2.1769645328 0.5888393439 617.0262170139 225.0585023506
-0.8775675189 -1.8920998899 0.6469472021 679.2864116635 150.5442332073
-0.5877027471 -2.1220845631 -0.1952625424 519.1485752841 633.4251843744
-0.6397658702 -1.9962388135 0.1742825485 554.5248538847 418.1304570340
-0.6116385735 -1.9244833139 0.2116265258 549.4337398959 391.0563307098
-0.4325781601 -2.0189382781 0.6542944798 425.4933691732 155.0385119030
-0.5978313398 -1.8136166030 0.7968120605 540.8243327456 39.9554768319
-0.6591070981 -1.8952607316 0.8360988004 559.9582667174 42.4062614949
-0.1742632593 -2.0133338748 -0.0902612282 282.3979920980 592.7584463369
-0.0635647412 -2.0690742069 -0.0068415662 207.4667987275 545.3165288880
-0.0944812710 -2.1207718532 0.3757183913 224.8193657903 318.6354829810
-0.2052529308 -1.8765071645 0.6709729072 300.4653611751 105.9072323480
-0.0640343529 -1.8636812979 0.6053195840 207.0161958121 136.0957235411
-0.2626109524 -1.9012010245 0.8569957053 332.9373955643 8.3816521262
-0.1169270298 -2.1924969758 -0.1057671843 240.4585155536 604.6580929685
0.1530304316 -1.8975286955 -0.1486459519 43.7544410101 654.7608274807
0.1031985642 -2.0237017061 0.3770378668 93.6663868114 303.5090509868
-0.0867096381 -2.0599473734 0.6438311679 219.8222595436 156.3883814748
-0.0082648627 -1.8464519956 0.7489576395 168.2258848970 39.8193329013
0.1798051282 -2.1376171259 -0.2101951836 42.2966270426 689.5728146332
0.1105084575 -1.8324156555 -0.0292469899 73.9208740625 563.9193270880

gimbalangles:
0.0390858446 -0.1119442256 1.7953338330

end: