T_CW:
-0.9674976842 0.1291514374 0.2174123668 -0.0213035053
-0.0532656446 0.7363767001 -0.6744717390 -0.0525217855
-0.2472063958 -0.6641304554 -0.7055634175 -0.0620425483
0.0000000000 0.0000000000 0.0000000000 1.0000000000

T_CW_cov:
0.0000009203 0.0000000418 0.0000001328 -0.0000000994 0.0000023991 0.0000000184
0.0000000418 0.0000005226 0.0000000103 -0.0000014739 0.0000000959 0.0000002302
0.0000001328 0.0000000103 0.0000000853 -0.0000000255 0.0000003377 0.0000000052
-0.0000000994 -0.0000014739 -0.0000000255 0.0000042136 -0.0000002226 -0.0000006385
0.0000023991 0.0000000959 0.0000003377 -0.0000002226 0.0000063097 0.0000000354
0.0000000184 0.0000002302 0.0000000052 -0.0000006385 0.0000000354 0.0000005079

target_points_pix:
-1.9221166002 -1.9663354306 -2.1468861812 1084.3326491663 364.2333465880
-1.9802765316 -1.8045886900 -1.7091154059 1210.9874375734 295.2415193481
-2.0367121883 -2.1929650405 -1.4116115292 1227.4237377025 101.0959895648
-1.8813091829 -1.6492230086 -2.0987515410 1122.8579320651 443.6114780389
-1.9952865137 -1.5586000442 -1.6116522055 1286.6219298437 342.7571308304
-1.9585876503 -1.7206606709 -1.6496159000 1231.9433280986 302.0697872440
-2.0979104363 -1.5458682890 -2.0934762486 1212.6370479292 477.1578701390
-2.0340556057 -1.5717316181 -1.5723282968 1308.4511676452 327.3521676660
-2.1330431348 -1.1238264740 -2.1749385310 1282.5582973649 642.7514617743
-1.8931619140 -1.4242961790 -1.8619772805 1213.8416137000 457.7503555924
-1.8156937678 -1.2788976583 -1.4720111433 1318.8291619601 394.6404151544
-1.6528525047 -1.8988645247 -1.9727573103 1033.2783925522 333.7433680902
-1.9130254349 -1.8860765796 -1.6464160941 1187.0633315738 251.3808596061
-1.6971427193 -1.9147061648 -1.5994332875 1114.8470055092 221.9200083111
-1.7576145065 -2.1605108836 -1.2885426793 1161.4788024651 53.3210661742
-1.7565167600 -2.0307767892 -1.1690698993 1212.1132552489 40.5197207122
-1.8882251437 -1.7216178320 -1.9143727145 1149.9290679060 374.9045572102
-1.6982756279 -1.3603867850 -1.9128438210 1140.5210931120 491.9367436700
-1.8876670961 -1.4066149089 -1.9187156197 1201.9628808062 478.7336521321
-1.8462753154 -1.0571684346 -2.1965330153 1186.3972924385 675.5161970758
-1.4411075920 -2.0047310802 -2.1884385161 918.1163425391 355.2454291920
-1.5636460166 -2.1015147070 -1.7670923026 1010.8932796564 218.3693400060
-1.4260408633 -1.8229054887 -1.5300131216 1039.1442382617 216.3555490090
-1.3399871004 -2.0056671780 -1.2549875334 1030.8299954449 58.8486626692
-1.5219180490 -1.8699384584 -1.8978367480 1003.3608824600 318.7188911843
-1.4682522470 -1.5686725384 -2.0065486827 1003.6407530254 441.0467275483
-1.5548618276 -1.2661538459 -2.0485354989 1071.9411124070 560.6153681313
-1.5594104961 -0.9227059103 -1.8929279979 1170.5961209105 667.8697036069
-1.5268858466 -0.9034280657 -1.9429658399 1147.4580553142 689.3570904824
-1.0892432491 -2.1781532013 -2.1928852506 784.9974229065 302.9208970421
-1.1045450740 -2.0836019116 -1.7259294662 851.3427111391 195.2992029844
-1.1903101363 -1.9710198513 -1.5405061849 923.3896107891 167.8927293108
-1.2890348075 -1.9994550703 -1.3783793257 987.3498959273 105.6955358081
-1.2316108156 -1.6002939991 -2.0136714895 908.3012061241 428.9478197977
-1.1236390632 -1.6723554829 -1.9513804356 867.4940904329 386.1472212961
-1.4317858123 -1.0551176296 -1.9035718307 1087.1908547131 611.0073998114
-1.1364814913 -1.1054498984 -1.9291642293 942.8802360772 595.7781999218
-0.9278648461 -2.1623143671 -1.9122754340 757.0683166943 225.6309331421
-1.1970903097 -2.0119519131 -1.8409716733 877.6660743395 253.3468745900
-1.0262459419 -2.1327927978 -1.4283592435 856.2220970870 76.2101875112
-0.9575045136 -1.9115817110 -1.1792712318 889.8319058215 31.3312810238
-0.8443794031 -1.8071398690 -1.0955409877 862.5985269390 16.0658830855
-1.0920435109 -1.8769257744 -1.8507553072 849.1517439532 292.2063330215
-0.8217986006 -1.4231447447 -2.0815741753 748.2385985063 504.9179217087
-1.0911494608 -1.1818016687 -1.9649873378 906.1488247347 572.1545341184
-0.6316084140 -2.0274981562 -1.8786262742 652.9553926658 243.2140381996
-0.9035524778 -1.8286837590 -1.7451155714 791.0898654818 268.5578388673
-0.9479648369 -1.9014220938 -1.5210612308 833.0777157150 171.2171800041
-0.9432146670 -2.0560567738 -1.2161047290 860.3283514849 6.7922816895
-0.6319736503 -1.7177400197 -2.0925003425 649.6765608811 401.3359997103
-0.8635723492 -1.6173579517 -1.8943794162 773.1902435307 382.9895194069
-0.7482452858 -1.2476348032 -2.1539879505 720.5336965090 592.2486057910
-0.9203595300 -1.1508216233 -2.0333945953 821.8247329145 602.9777094426
-0.5144810341 -2.0414948860 -1.8602799657 605.8736768753 229.6564154895
-0.6620010583 -2.1660087974 -1.6901725747 674.6930757807 144.7309071335
-0.4142942321 -2.0953978622 -1.3107196396 600.8687376292 5.0983188868
-0.6599330818 -1.6619423208 -2.0552645162 667.2192065761 410.1755980660
-0.4940653931 -1.4320781224 -1.9938969174 609.6390457539 473.7183164839
-0.6363881488 -1.3993371856 -1.9196929323 684.6323175002 466.8779567061
-0.1465099906 -1.8328272246 -1.8981954512 446.7151610059 293.8681184099
-0.3223157237 -2.0889569064 -1.5800920492 539.4524184433 111.3541810206
-0.3090886800 -1.9464609966 -1.6565812355 531.6767067394 180.6175481427
-0.3426600909 -1.6986843663 -2.0131679466 531.5974990041 379.3771147683
-0.1400668675 -1.5443412508 -1.8055001948 445.3164322343 364.5651952629
-0.2770033012 -1.3320833847 -1.9451609895 510.0439853562 497.2576984848
0.1335359145 -1.8428479847 -1.9814673882 315.2389705892 309.3149537308
0.1715342562 -1.8377072737 -1.7077555890 293.9450349999 214.3560644776
-0.1848550685 -2.1502072710 -1.5052238707 479.0823481796 58.5279441811
-0.0493717641 -1.9211444237 -1.8066152366 404.7798806616 231.7424300351
-0.0107507729 -1.4624962367 -2.1410767009 372.0941596253 497.5857573006
-0.0377600212 -1.2511955147 -2.1143219560 381.0470597932 578.8183989725
0.1874298682 -1.0887540870 -1.9766534841 247.4096061457 616.8076881071
0.4152243284 -1.8347950724 -1.8048647437 169.9428009382 242.0323225777
0.0848713846 -1.9450227874 -1.7652455950 341.8312502328 204.6032786174
0.2709930666 -2.0229951985 -1.3936351784 245.5956761212 19.8846399110
0.2918924149 -1.8026157144 -1.9498619558 236.1169379428 307.8452288603
0.3887196067 -1.5483946661 -1.8073259798 159.4176162523 349.0099737397
0.2030463646 -1.2799541855 -2.0787731241 253.8439573391 554.7276709944
0.1329317930 -1.0930724451 -2.0607536919 281.7795632997 638.5024936231
0.6613401754 -1.8611822663 -1.9317589166 52.0976004788 269.9430447868
0.4035577717 -1.8051025498 -1.6202255344 164.1249658562 180.6430125229
0.4569104633 -1.8505142371 -1.3525835505 120.6449974615 41.2844232497
0.5109429233 -1.6663972622 -2.1643527627 126.0671922525 418.4588847033
0.4919235673 -1.5187523918 -1.9572107497 108.0793955635 410.5241958863
0.6051791213 -2.1125326224 -1.8346550447 99.8674497451 157.8473676311
0.6754756322 -1.9665131575 -1.5812143502 25.8494500428 97.4058166742

gimbalangles:
-1.0306036474 -0.2117962392 1.5643515838

end: