T_CW:
0.9721431399 -0.2341075640 -0.0114614169 -0.0304584567
-0.2212898309 -0.9328372441 0.2843334077 -0.0094522652
-0.0772562380 -0.2738764768 -0.9586569507 -0.0526592363
0.0000000000 0.0000000000 0.0000000000 1.0000000000

T_CW_cov:
0.0000016043 0.0000001426 -0.0000000138 -0.0000002882 0.0000034772 -0.0000003771
0.0000001426 0.0000007272 0.0000000400 -0.0000016899 0.0000002902 -0.0000000178
-0.0000000138 0.0000000400 0.0000001130 -0.0000000888 -0.0000000313 0.0000000045
-0.0000002882 -0.0000016899 -0.0000000888 0.0000039974 -0.0000005808 0.0000000275
0.0000034772 0.0000002902 -0.0000000313 -0.0000005808 0.0000076038 -0.0000008159
-0.0000003771 -0.0000000178 0.0000000045 0.0000000275 -0.0000008159 0.0000005792

target_points_pix:
-1.0697359937 -0.8988463701 -2.1613215268 280.0986831407 569.2437521962
-1.3989814388 -0.5673341385 -2.1783087477 75.6649751637 451.6091962163
-1.0935209420 -0.2851008651 -2.1257090529 153.5351835652 288.7437761375
-1.2372617489 0.0363480423 -2.1678719484 30.2014547642 133.9731396439
-1.0321968910 -0.8729605601 -2.1287663411 287.6510646572 561.6012330014
-1.1280067953 -0.8565214532 -2.0582172524 226.8417538086 580.9150055946
-0.8450867383 -0.6142765335 -1.9706636513 307.5414411090 453.0481362647
-1.0861999588 -0.0724070378 -2.0085048335 82.8479599483 185.9074330130
-1.0935183022 -0.1864478285 -1.9655495041 90.9047986393 256.0244392411
-0.7482452858 -1.2476348032 -2.1539879505 477.3505374349 687.2592817886
-0.9203595300 -1.1508216233 -2.0333945953 370.0795317901 696.8490007493
-0.5661656735 -0.8955550283 -2.1500965413 513.5320843489 518.6286424403
-0.8690239338 -0.5462702463 -2.0546615520 298.3107657281 405.1802790750
-0.8678678142 -0.1876486862 -1.9304275451 204.5015187789 230.1329018658
-0.6059505876 0.0021046849 -2.1397186428 352.9857277678 69.7008379465
-0.3824353557 -0.9165060577 -2.1160848033 603.3468626247 516.0113829852
-0.6464942885 -0.6169893022 -1.8797235077 399.5515408025 449.5947838320
-0.4371965137 -0.3097518600 -2.1603245863 494.0846548236 216.5889799387
-0.5449677676 -0.4256999261 -1.8409050742 417.1382987515 336.9102653576
-0.3519356275 0.0019469352 -1.8945751371 461.5188033527 39.0021793878
-0.5182162399 0.0584582647 -2.1374499208 389.7636749881 25.1604567808
-0.1016370398 -0.8478833114 -1.8389819135 739.6428537956 514.4758101033
-0.3325738895 -0.8965445115 -1.9779077857 620.6929971744 532.6871873272
-0.2601348120 -0.3406750859 -1.8347724314 571.1973599651 246.6194430880
-0.2642132143 -0.2524614731 -1.8866649884 557.9127974982 187.2469990470
-0.0377600212 -1.2511955147 -2.1143219560 810.3458232187 630.1205276786
0.1874298682 -1.0887540870 -1.9766534841 918.6523719874 567.2193159931
-0.1494214754 -0.9296626480 -2.1805353935 719.7916807416 483.5277767148
0.0892096609 -0.3198192371 -2.0221768162 776.7292883463 164.8558501798
0.1323965302 -0.1037267078 -1.8561336447 781.4439658008 31.9979055518
-0.0856700127 -0.1030147636 -2.0582686413 647.7791127031 60.1453755695
0.2030463646 -1.2799541855 -2.0787731241 934.3161364669 627.3511877806
0.1329317930 -1.0930724451 -2.0607536919 883.0825438547 554.5385220108
0.3966472926 -0.6178209378 -1.9947524702 987.5421206283 294.8452093225
0.3553297135 -0.3276689618 -2.0093469550 933.1539152183 132.8628469126
0.1765238807 -0.1629660990 -2.0507528715 806.6096988518 58.3020515073
0.6904453826 -1.1610471457 -1.8405569797 1229.7344809231 580.3114496811
0.6549097224 -0.8437372576 -1.8678088051 1181.5730146971 407.8785323349
0.6287320914 -0.8865639983 -2.0414822743 1131.6970928226 400.6371852010
0.6235847773 -0.4553609724 -1.9114135080 1123.4943708537 178.6465494986
0.8306860570 -1.5674480567 -2.0795252806 1268.3393457421 687.7648786357
0.8551874529 -1.3042941348 -1.8165584212 1340.3739972377 640.3816879977
0.7895796516 -1.2201316833 -2.0024037326 1248.4426611666 555.3887821643
0.7746400239 -0.8335446310 -1.8636761699 1254.6489648819 386.8909524651
0.6130182170 -0.8421000308 -2.1969690064 1091.9505308785 354.4308572183
0.6737092761 -0.3896397273 -2.1104051242 1107.3647158508 118.2024791934
0.8616797140 -1.4018883489 -2.1571992865 1258.2967872754 592.7076118224

gimbalangles:
-1.7506676993 0.1195728074 -1.1857655870

end: