T_CW:
0.9575545560 -0.1943695879 -0.2128608361 -0.0385144334
-0.2784618134 -0.4329299690 -0.8573392913 -0.0647001431
0.0744868496 0.8802227589 -0.4686785722 -0.0562961066
0.0000000000 0.0000000000 0.0000000000 1.0000000000

T_CW_cov:
0.0000008003 -0.0000000121 0.0000000905 0.0000000235 0.0000019276 -0.0000002628
-0.0000000121 0.0000004500 0.0000000088 -0.0000011756 -0.0000000152 0.0000001945
0.0000000905 0.0000000088 0.0000000810 -0.0000000114 0.0000002066 -0.0000000260
0.0000000235 -0.0000011756 -0.0000000114 0.0000031300 0.0000000187 -0.0000004903
0.0000019276 -0.0000000152 0.0000002066 0.0000000187 0.0000047003 -0.0000006127
-0.0000002628 0.0000001945 -0.0000000260 -0.0000004903 -0.0000006127 0.0000005522

target_points_pix:
-1.2916984902 2.1033183010 -1.5281295457 47.4581137128 677.8026826808
-1.0720818380 2.0508822425 -1.1769081994 64.6590635145 530.7478171043
-0.8820781729 2.0234199063 -1.6435393472 251.5319065975 686.7487059554
-0.8748797260 2.0718850172 -1.3880594780 209.4989599114 578.6833407879
-0.9465772767 1.9306066900 -1.1333201170 102.2339031064 530.1128649907
-0.5780201406 1.9503515961 -1.5578764583 375.0804859896 636.9583290501
-0.7511423649 2.1572910155 -1.4183356052 278.5089442925 548.1793960385
-0.6866916911 1.8731422773 -1.2897438849 268.2877334338 574.0447562925
-0.8291176503 1.8463283609 -1.0492262872 134.3031180648 500.3966285029
-0.8912000367 1.9609409745 -0.8172016176 56.1400180199 366.2783520210
-0.5617061682 2.0176884646 -1.7492960367 413.6619975606 680.1439043831
-0.5762992154 2.1179589578 -1.3554400287 346.3438814343 511.3559185405
-0.6100145261 2.0163725987 -1.3029655622 317.3052734324 523.9307326882
-0.6297357995 1.8838706853 -0.9646989781 229.6005912391 416.7944506710
-0.6869895166 1.9199697802 -0.9263750375 192.3702708159 397.6373205633
-0.6486645931 2.0381515495 -0.4048343834 98.1498697469 87.0146776961
-0.2953695788 2.0744306739 -1.6007389710 510.4252633152 575.5131658288
-0.3327855196 2.0041277111 -1.3840576797 464.2874181488 519.5138553587
-0.4466021864 1.8242623228 -1.1806339484 371.5077611615 504.7793496836
-0.3573603580 1.9284946584 -1.0399192768 395.2569969256 396.9764844517
-0.3761262826 1.9359798530 -0.5684987763 289.6714758863 154.5607991470
0.0202068271 2.1113784809 -2.0826427717 692.3502355282 681.8676453861
0.0496567715 2.1804640802 -1.6243674711 656.2968819134 510.5802255496
0.0781686940 2.0424144230 -1.4188405458 658.5027588765 465.2145396883
0.1446138243 1.8968936248 -1.4479249870 706.1286682199 506.0034979678
0.0202740849 2.0286689315 -1.1369204904 599.4351727921 359.9144425652
0.1684447460 2.0863360526 -0.6863863826 612.2775886320 111.1456111662
0.3565648583 2.1885430665 -2.1504974543 819.1748344674 640.1073798146
0.2727735389 1.9261418884 -1.5732305862 774.2741174563 528.4922697233
0.1087447546 2.0311814710 -1.5708012065 688.8576766962 521.7404673157
0.4034252920 1.8647997388 -1.1615968393 810.2459764868 352.6786774281
0.0772792683 2.0876626451 -0.8678561815 589.2729402658 215.6715048977
0.1825358325 1.8096035881 -0.9249628995 675.6276807650 284.1582992079
0.0606416587 1.9370533156 -0.6051155074 551.2783873531 104.6994214492
0.4556518638 1.6963466740 -1.9118353382 917.2080330305 697.2375440941
0.6412921871 2.0289669724 -2.1399220346 949.7668389258 645.1412579800
0.5283331526 1.8357102497 -1.7207979409 914.4232356645 573.5860066845
0.4402235346 2.1324318888 -1.5393273289 818.6673984792 441.2531184764
0.5082307072 1.8258267294 -1.3142278063 881.0220353862 415.2648264664
0.4263787641 2.0360262969 -0.9802595292 780.7712832073 228.7749589049
0.4966650149 2.0206560720 -0.6076416902 784.3740634348 28.2492225885
0.6182712278 1.6636683500 -1.8178750298 994.1549070901 650.1702533688
0.6917889005 1.6605628289 -1.9153363064 1032.6083275258 675.6679310997
0.6861369922 2.0177549577 -2.1359962891 968.9423876085 641.4178918340
0.9073355203 2.1983192295 -1.6524884766 1005.6956098935 409.6627795330
0.5964458937 2.0839945609 -1.3115970185 878.4062306046 342.3332562972
0.8853459750 2.1074644930 -1.3019009516 1001.2500807323 295.6027253916
0.6604095905 2.0829714722 -0.9379156950 883.8930361468 167.8883346497
0.6471853462 2.0880566141 -0.6773740498 857.8892007904 37.2850221997
0.6892817683 2.0844330099 -0.6493308926 877.8958558780 16.6221395074
0.8890987780 1.6535147810 -1.8036159092 1122.1725476573 607.5020130128
1.0812056918 1.6101957530 -2.0611834659 1222.3157126149 686.4268029616
0.8168996091 1.8783696711 -1.9477449235 1041.3323216791 602.2208526761
0.8460622909 2.0547894297 -1.8492642470 1014.9640689918 518.3357498816
1.0564090808 2.1003346994 -1.5296410924 1082.5302148720 365.7283576385
1.1110084514 1.9235336780 -1.2463510526 1144.7432664437 276.0189871087
0.8192282989 1.9702689997 -1.0886141990 990.8894298457 235.9496910961
1.0736411964 2.0509470802 -0.7346862221 1082.6818138553 11.9410704648
1.3301668377 1.7488035525 -2.0715025133 1288.0840779348 612.0843498113
1.2979871322 1.8572265450 -1.8891421815 1246.0155242328 523.2383186985
1.0969822034 1.9415982477 -1.5650981868 1137.8023537817 408.1257028750
1.1040556031 2.0115566509 -1.5430429039 1123.3012450941 383.1797442726
1.2164093231 2.0740255218 -1.1797555361 1151.5505055048 205.7706162099
1.3344161846 2.0063298798 -1.0812565365 1223.3268133807 155.4275856792
1.3342262769 1.8362976900 -0.8582992898 1281.2244031481 65.3898322214
1.3328779171 1.9303904193 -2.0943921518 1238.9151281998 570.1367118170
1.6905155624 2.1123487386 -1.8272960049 1330.2791276082 394.6152477581
1.3670437746 2.1085656360 -1.9470678720 1207.8876924674 474.9481756766
1.5911216728 1.9995606427 -1.6491432373 1328.2545419774 363.9531779954
1.3882493757 1.8446951888 -1.0503425138 1301.6899272738 157.3022306573
1.4025173724 2.1661699239 -1.0708342093 1207.5532114060 120.1993130719
1.4991204295 2.1421111058 -0.9414363821 1257.4430156838 50.6618440201
1.6545523353 2.1920472514 -1.8085601587 1295.3484924340 377.0696621952

gimbalangles:
-0.4307856089 0.1898800349 -1.2855188329

end: