T_CW:
0.9426202774 0.3034857233 -0.1391525363 -0.0355661015
0.3337547172 -0.8673535679 0.3691958518 -0.0066741169
-0.0086487787 -0.3944543116 -0.9188748526 -0.0492985328
0.0000000000 0.0000000000 0.0000000000 1.0000000000

T_CW_cov:
0.0000012027 -0.0000001243 -0.0000001591 0.0000003020 0.0000027064 -0.0000002188
-0.0000001243 0.0000006345 0.0000000538 -0.0000015501 -0.0000002765 -0.0000002083
-0.0000001591 0.0000000538 0.0000001128 -0.0000001261 -0.0000003490 0.0000000147
0.0000003020 -0.0000015501 -0.0000001261 0.0000038541 0.0000006718 0.0000004934
0.0000027064 -0.0000002765 -0.0000003490 0.0000006718 0.0000061553 -0.0000004904
-0.0000002188 -0.0000002083 0.0000000147 0.0000004934 -0.0000004904 0.0000005466

target_points_pix:
-1.0892432491 -2.1781532013 -2.1928852506 116.9465676994 635.4931007062
-1.2316108156 -1.6002939991 -2.0136714895 33.3631450186 453.1813023956
-1.1236390632 -1.6723554829 -1.9513804356 58.8123912319 512.8420178262
-1.1364814913 -1.1054498984 -1.9291642293 69.6491202902 271.3375028912
-1.0697359937 -0.8988463701 -2.1613215268 181.9545718205 153.1253500538
-1.0920435109 -1.8769257744 -1.8507553072 34.8768815028 621.6429664858
-0.8217986006 -1.4231447447 -2.0815741753 238.8167958495 434.4375782635
-1.0911494608 -1.1818016687 -1.9649873378 99.1447394653 308.8541566980
-1.0321968910 -0.8729605601 -2.1287663411 192.4001663787 150.7354322933
-1.1280067953 -0.8565214532 -2.0582172524 127.5828225382 133.8438801355
-0.8450867383 -0.6142765335 -1.9706636513 263.1859146382 66.5472280545
-0.9035524778 -1.8286837590 -1.7451155714 89.2277437114 666.5769459124
-0.6319736503 -1.7177400197 -2.0925003425 301.3948069624 573.1849842622
-0.8635723492 -1.6173579517 -1.8943794162 160.9913538636 548.6063369173
-0.7482452858 -1.2476348032 -2.1539879505 300.1278137264 360.8237799014
-0.9203595300 -1.1508216233 -2.0333945953 200.7883079476 312.2642496778
-0.5661656735 -0.8955550283 -2.1500965413 414.5153899728 237.9197018835
-0.8690239338 -0.5462702463 -2.0546615520 279.0080640973 18.0896140028
-0.6599330818 -1.6619423208 -2.0552645162 286.1294102225 557.8128386695
-0.4940653931 -1.4320781224 -1.9938969174 366.0560053080 511.5861063232
-0.6363881488 -1.3993371856 -1.9196929323 287.4106670045 492.3717176749
-0.3824353557 -0.9165060577 -2.1160848033 493.6060341523 284.2137919922
-0.6464942885 -0.6169893022 -1.8797235077 347.2943436523 115.8984040332
-0.5449677676 -0.4256999261 -1.8409050742 419.8923586480 25.9901699520
-0.3426600909 -1.6986843663 -2.0131679466 411.8490627293 632.4270082180
-0.1400668675 -1.5443412508 -1.8055001948 488.0923647752 670.7084504212
-0.2770033012 -1.3320833847 -1.9451609895 468.8700270621 520.0239366238
-0.1016370398 -0.8478833114 -1.8389819135 609.1977009779 355.8380788590
-0.3325738895 -0.8965445115 -1.9779077857 499.5936325923 307.8717087161
-0.2601348120 -0.3406750859 -1.8347724314 603.1600332114 33.6027430434
-0.0107507729 -1.4624962367 -2.1410767009 598.4103008065 564.7443905689
-0.0377600212 -1.2511955147 -2.1143219560 611.1094686768 485.7275695399
0.1874298682 -1.0887540870 -1.9766534841 731.3115864191 490.1273306182
-0.1494214754 -0.9296626480 -2.1805353935 609.6625366169 318.7307945745
0.0892096609 -0.3198192371 -2.0221768162 825.1028310897 77.0161851175
0.2030463646 -1.2799541855 -2.0787731241 713.9984079956 545.5189753824
0.1329317930 -1.0930724451 -2.0607536919 709.0233746419 461.8002074887
0.3966472926 -0.6178209378 -1.9947524702 930.0349928775 303.1743399451
0.3553297135 -0.3276689618 -2.0093469550 973.6339615126 136.2847298415
0.6904453826 -1.1610471457 -1.8405569797 971.4650474500 653.0746339944
0.6549097224 -0.8437372576 -1.8678088051 1024.3343265338 494.9711645057
0.6287320914 -0.8865639983 -2.0414822743 989.6666193517 463.7378955813
0.6235847773 -0.4553609724 -1.9114135080 1102.7171432931 278.3403843365
0.5992728709 -0.0948969172 -1.9782163520 1182.8008913324 51.0844687077
0.7895796516 -1.2201316833 -2.0024037326 999.7153503657 642.5443329206
0.7746400239 -0.8335446310 -1.8636761699 1092.7341410841 514.6984041127
0.6130182170 -0.8421000308 -2.1969690064 983.3233818336 405.9151702396
0.6737092761 -0.3896397273 -2.1104051242 1124.4554583006 218.3043119535
0.7425085479 -0.1209141871 -1.8887678018 1280.0466869698 108.4690624723
0.8616797140 -1.4018883489 -2.1571992865 988.6531212037 675.5099822437
1.0168398722 -0.9545678627 -1.8721677156 1190.5861866626 614.3138009716
0.8898566496 -0.1034774906 -2.0419124720 1339.9250181071 111.2831407688
1.0745265784 -1.0422826553 -1.8230717188 1204.9381787242 680.6527444457
1.1600619218 -0.8068272071 -1.9987279613 1285.3301983699 536.2496609903

gimbalangles:
-2.0060603709 0.0274439105 -1.7145695080

end: