T_CW:
0.9786211533 -0.1525062712 -0.1379944763 -0.0355197791
-0.1232995540 -0.9720375430 0.1998505318 -0.0124173653
-0.1646142711 -0.1785633005 -0.9700604566 -0.0547667989
0.0000000000 0.0000000000 0.0000000000 1.0000000000

T_CW_cov:
0.0000013660 -0.0000000088 -0.0000001962 0.0000000092 0.0000029364 -0.0000001482
-0.0000000088 0.0000006293 0.0000000327 -0.0000014674 -0.0000000078 -0.0000002427
-0.0000001962 0.0000000327 0.0000001222 -0.0000000740 -0.0000004155 0.0000000084
0.0000000092 -0.0000014674 -0.0000000740 0.0000034834 -0.0000000058 0.0000005589
0.0000029364 -0.0000000078 -0.0000004155 -0.0000000058 0.0000063723 -0.0000003280
-0.0000001482 -0.0000002427 0.0000000084 0.0000005589 -0.0000003280 0.0000005171

target_points_pix:
-1.8072466993 -0.9142648409 -2.0509648423 31.7330152782 677.7971847318
-1.7579705380 -0.5772389801 -2.1935923520 56.2293669962 499.2783088694
-1.6050720677 -0.1570880062 -2.1723311699 63.1215079095 298.3858671821
-1.5268858466 -0.9034280657 -1.9429658399 116.5266180263 689.0976528212
-1.4357686636 -0.5273511537 -2.0349748541 139.3143316359 485.3416870393
-1.3346818081 -0.4072892248 -1.9128016578 133.0075741505 437.7723322811
-1.5322625065 0.0726475877 -2.0453616294 22.9580772349 183.9726938841
-1.5002121632 0.1470386231 -2.1716073200 71.3949900787 139.5327830247
-1.0697359937 -0.8988463701 -2.1613215268 375.4167722115 620.4019467011
-1.3989814388 -0.5673341385 -2.1783087477 200.3374113722 480.1740706333
-1.0935209420 -0.2851008651 -2.1257090529 293.3245018704 333.0807181121
-1.2372617489 0.0363480423 -2.1678719484 201.5469737801 176.1044494526
-1.3390051896 0.2640417268 -2.1356634694 118.1066839812 64.7102734246
-1.0321968910 -0.8729605601 -2.1287663411 383.5673288632 613.8461502358
-1.1280067953 -0.8565214532 -2.0582172524 323.3639613640 625.1378127043
-0.8450867383 -0.6142765335 -1.9706636513 416.1894673316 509.3232457482
-1.0861999588 -0.0724070378 -2.0085048335 242.0544792752 229.3463036588
-1.0935183022 -0.1864478285 -1.9655495041 240.1523097537 295.9583212337
-1.1577294112 0.1871402594 -2.0430681388 184.9834010809 89.7111898105
-0.5661656735 -0.8955550283 -2.1500965413 608.0604720183 600.3710671530
-0.8690239338 -0.5462702463 -2.0546615520 413.5108302230 461.2058345474
-0.8678678142 -0.1876486862 -1.9304275451 347.6558239819 282.7879354120
-0.6059505876 0.0021046849 -2.1397186428 505.9268192361 144.3944299004
-0.7139063026 0.1884068236 -2.0970261339 423.4905616825 48.9493924785
-0.3824353557 -0.9165060577 -2.1160848033 697.9097238833 609.6500533061
-0.6464942885 -0.6169893022 -1.8797235077 504.7360541816 517.2468681537
-0.4371965137 -0.3097518600 -2.1603245863 623.8560726401 298.5086439994
-0.5449677676 -0.4256999261 -1.8409050742 535.2388790818 408.2738010224
-0.3519356275 0.0019469352 -1.8945751371 612.3609900811 124.8663184399
-0.5182162399 0.0584582647 -2.1374499208 545.7932145774 105.4667223912
-0.1016370398 -0.8478833114 -1.8389819135 836.7885390365 626.9287872967
-0.3325738895 -0.8965445115 -1.9779077857 713.4662761170 629.2387305822
-0.2601348120 -0.3406750859 -1.8347724314 695.8348011174 336.3536610053
-0.2642132143 -0.2524614731 -1.8866649884 689.3283155382 276.6849259051
-0.2408813975 0.1413283700 -2.1010650757 684.9854906794 30.8933134040
-0.1494214754 -0.9296626480 -2.1805353935 819.7047209273 591.7781950495
0.0892096609 -0.3198192371 -2.0221768162 910.5509566101 276.4898475979
0.1323965302 -0.1037267078 -1.8561336447 928.3201532804 145.9794862098
-0.0856700127 -0.1030147636 -2.0582686413 791.5765209464 161.2697560981
0.1329317930 -1.0930724451 -2.0607536919 982.7129926119 688.3469082130
0.3966472926 -0.6178209378 -1.9947524702 1118.1787993030 431.3752173023
0.3553297135 -0.3276689618 -2.0093469550 1075.1743616178 260.3344861045
0.1765238807 -0.1629660990 -2.0507528715 951.3615697144 173.8645973558
0.3494449580 -0.0041648674 -2.1863865269 1035.5416716519 62.2243540757
0.6549097224 -0.8437372576 -1.8678088051 1319.8589331764 574.5970649095
0.6287320914 -0.8865639983 -2.0414822743 1265.2332722488 559.9657296284
0.6235847773 -0.4553609724 -1.9114135080 1274.2847375897 327.0756427168
0.5992728709 -0.0948969172 -1.9782163520 1228.2272617781 90.8449332489
0.3044646466 -0.0546113516 -1.8985050385 1037.8769758458 94.4943000601
0.6130182170 -0.8421000308 -2.1969690064 1225.4903806885 505.8568062575
0.6737092761 -0.3896397273 -2.1104051242 1261.5087824122 263.0525754717
0.6065040061 0.0125160386 -1.9812612160 1227.7704172118 18.2831946330

gimbalangles:
-1.8740865141 0.1245316880 -1.3585782792

end: