T_CW:
-0.9620321439 -0.0021285760 -0.2729278720 -0.0409171149
0.2690797240 -0.1749007999 -0.9471039079 -0.0813940709
-0.0457193205 -0.9845837594 0.1688329481 -0.0329362859
0.0000000000 0.0000000000 0.0000000000 1.0000000000

T_CW_cov:
0.0000019056 0.0000000579 -0.0000000516 -0.0000001085 0.0000039822 0.0000000253
0.0000000579 0.0000008795 -0.0000000079 -0.0000019892 0.0000001109 0.0000000013
-0.0000000516 -0.0000000079 0.0000001110 0.0000000221 -0.0000001122 -0.0000000005
-0.0000001085 -0.0000019892 0.0000000221 0.0000045671 -0.0000002040 0.0000000007
0.0000039822 0.0000001109 -0.0000001122 -0.0000002040 0.0000083880 0.0000000452
0.0000000253 0.0000000013 -0.0000000005 0.0000000007 0.0000000452 0.0000004517

target_points_pix:
-1.0540651075 -1.9318002681 0.1505068516 1241.3877376157 243.9718505780
-1.0817565838 -1.8792648318 0.4912548355 1200.3049217103 41.0750351670
-1.2632768288 -2.1108735220 0.5969392310 1217.4614342209 18.7981136139
-0.8996479791 -2.0374637846 -0.5070061223 1262.8631117608 655.5460635256
-1.0352279963 -1.9014060949 -0.2873643345 1335.5530621162 500.9119703888
-0.8524976807 -2.0244151995 0.1476430308 1109.2786619366 290.4704100084
-0.9396370708 -1.8606308446 0.3999390077 1143.6980769440 108.9729013056
-0.9669781436 -2.0218379039 0.4458862138 1114.6026052913 115.3916040641
-0.9005062453 -1.9343387993 -0.4449024492 1281.2694303402 622.0856660589
-0.9123079585 -2.1284580629 -0.2558047657 1195.0449164852 508.7864273476
-0.6883316207 -1.8469608032 -0.1589367572 1116.2507989610 481.0422167205
-0.8632153327 -2.1951362328 0.0753490344 1094.9331555170 345.6085834269
-0.8519744113 -2.1769645328 0.5888393439 1005.4154681461 92.9334994269
-0.5877027471 -2.1220845631 -0.1952625424 1013.1594628587 526.3831720830
-0.6397658702 -1.9962388135 0.1742825485 993.5680646769 305.5777462983
-0.6116385735 -1.9244833139 0.2116265258 981.6858214292 279.7206816454
-0.4325781601 -2.0189382781 0.6542944798 797.4416014185 86.3146240899
-0.1742632593 -2.0133338748 -0.0902612282 778.5526177204 532.1423445140
-0.0635647412 -2.0690742069 -0.0068415662 701.6162114114 503.2795933660
-0.0944812710 -2.1207718532 0.3757183913 660.3730033320 296.0657900160
-0.2052529308 -1.8765071645 0.6709729072 673.1594866711 78.9775056153
-0.0640343529 -1.8636812979 0.6053195840 601.8288382288 134.7978335747
-0.1169270298 -2.1924969758 -0.1057671843 743.6109528226 550.9491214780
0.1530304316 -1.8975286955 -0.1486459519 595.3199682064 625.5335453302
0.1031985642 -2.0237017061 0.3770378668 550.5845509291 313.6623160413
-0.0867096381 -2.0599473734 0.6438311679 616.2557499784 150.3858285186
-0.0082648627 -1.8464519956 0.7489576395 546.3989454169 59.6732292228
0.1798051282 -2.1376171259 -0.2101951836 600.7215218180 656.2060574640
0.1105084575 -1.8324156555 -0.0292469899 598.3148146860 542.5289334799
0.2272400275 -2.1411056604 0.1748769749 520.6351694054 451.3132521231
0.4405851561 -2.0683433711 0.4238748486 365.3070049834 344.8656073973
0.3856048613 -2.0644488885 0.8375832259 343.4058096939 121.5741280017
0.3632319295 -1.8211024113 0.3728792086 376.7559237556 334.5266981018
0.5355660298 -2.0704793787 0.5698046772 296.7459985852 281.9314953228
0.5223772533 -1.8132336699 0.6615021006 238.9067049152 188.0565050463
0.3575435516 -1.9920009830 0.8771665099 341.8385214899 82.0410438410
0.5521447994 -2.0609144530 0.1825896689 333.4915703055 494.1432241632
0.7303731863 -2.0822931857 0.3409704371 220.6816990700 435.0542648576
0.7727616955 -2.0767370502 0.6693295810 160.3440908321 265.9028870816
0.6476928819 -2.1574243192 0.5713258643 254.2984202838 307.9811148291
0.7827276560 -1.8566355650 1.0901315129 49.5366446303 0.8970013487
0.8001707562 -2.1894376982 1.0828871638 132.5089388234 85.6930066961
0.9744884137 -2.0744573202 -0.0279052589 125.6200672159 682.2452236979
1.0497963986 -2.1500163623 0.1130776453 90.0563140118 610.4136075422
0.8656159640 -2.0451747626 1.1568062153 54.9192404494 27.7440257521

gimbalangles:
0.1989736157 0.2824100093 1.5873854034

end: