T_CW:
0.8081484748 0.5382103109 0.2392189455 -0.0204312422
0.5880416825 -0.7144102892 -0.3792425586 -0.0367583470
-0.0332117793 0.4471550066 -0.8938396824 -0.0635652449
0.0000000000 0.0000000000 0.0000000000 1.0000000000

T_CW_cov:
0.0000009288 0.0000001025 0.0000001403 -0.0000002579 0.0000021327 0.0000001455
0.0000001025 0.0000006749 -0.0000000366 -0.0000016656 0.0000002489 0.0000003160
0.0000001403 -0.0000000366 0.0000001156 0.0000000914 0.0000003118 -0.0000000022
-0.0000002579 -0.0000016656 0.0000000914 0.0000041720 -0.0000006262 -0.0000007727
0.0000021327 0.0000002489 0.0000003118 -0.0000006262 0.0000049574 0.0000003413
0.0000001455 0.0000003160 -0.0000000022 -0.0000007727 0.0000003413 0.0000005831

target_points_pix:
-1.1329537274 1.0838303633 -2.1376926140 269.5070391432 18.9569390303
-0.9213923119 0.6936566719 -1.8158918035 189.8345784325 110.3810079292
-0.8537358509 0.8313946700 -2.0701052063 289.7086392822 161.2467120558
-0.9197688999 1.1763899925 -2.0413765988 380.6573143066 22.7384339789
-0.6059505876 0.0021046849 -2.1397186428 65.6183630796 603.5468182545
-0.7139063026 0.1884068236 -2.0970261339 94.0067910828 469.0910987988
-0.7638126571 0.6804874394 -1.8599272787 261.4959591859 185.3488722049
-0.8706004692 0.7609955734 -2.0348282237 255.0637934610 170.6269286193
-0.7257215869 1.1637273095 -1.9809265724 455.0653764736 64.9448332901
-0.7639138346 1.1025790106 -2.0546763088 418.4070627227 94.9265981767
-0.3519356275 0.0019469352 -1.8945751371 161.6879216458 679.5643303883
-0.5182162399 0.0584582647 -2.1374499208 132.6954404746 607.6660824683
-0.6001629434 0.3259827887 -2.0581514561 202.7362286588 440.5049305404
-0.4989809361 0.9160976353 -2.1709690747 462.3167557588 264.7806413752
-0.3940264734 1.1357138824 -1.8565624263 593.2975162057 139.3643577337
-0.5995646106 1.0924402375 -2.1580213671 477.0578624276 173.8673790978
-0.3082166681 1.6907242396 -2.0314835105 757.1693307765 42.5013797434
-0.2408813975 0.1413283700 -2.1010650757 298.0383202361 664.5120314400
-0.1022075754 0.1730192857 -1.9861493936 377.3848952518 691.2941369417
-0.3208123668 0.3495978570 -1.8800079703 339.2789643346 501.2169601960
-0.1141203188 0.8982665961 -1.9209505513 636.8731879187 336.7958065766
-0.1833770196 0.8149241496 -1.9777709131 573.9752568093 359.5347884570
-0.4015102129 1.1785525036 -2.0463174815 586.7700146618 175.0622313032
-0.2295808476 1.5833745047 -1.9280668241 776.1706862268 65.3340722807
-0.2288478029 1.7229587019 -2.1713108242 774.2872286843 91.8734242101
-0.0050098914 0.5257213546 -2.1110537171 549.1948217091 564.2977111618
0.0873430322 0.7294019174 -1.9107975949 678.0311690490 475.7205892641
0.0852945478 1.0882388706 -2.0811940265 755.1121928543 359.3805884082
-0.1245320248 1.0722616496 -1.8954113751 687.8160872983 259.7100825723
0.0580140353 1.6564749291 -2.0056001193 890.8896797296 144.9997023776
0.1129876959 1.7098210899 -1.9997964193 924.0736055800 142.5695722432
0.0202068271 2.1113784809 -2.0826427717 952.9463422163 29.4475330945
0.3565354082 0.8722584079 -1.9663293335 834.4388377935 512.7155973287
0.1374260910 1.1569632659 -1.9912398308 808.6596016126 332.1439174527
0.2951990550 1.4166859272 -1.9840087220 936.0117760252 284.8900075988
0.0611186388 1.5047945352 -1.9279269025 872.9802916404 173.6328134070
0.0867318516 1.5644867443 -2.1461084051 857.0633726866 213.8780137335
0.3565648583 2.1885430665 -2.1504974543 1066.1502060834 108.4047656569
0.3549734842 0.6235175838 -2.1005371298 741.5047796577 639.2222850288
0.5652056574 1.0015562950 -1.9226686031 970.9455399336 519.4233236063
0.4395085623 1.3030301233 -2.0955778568 945.2281406241 388.3593132015
0.3407057507 1.5573456301 -1.8639331961 1012.2510573355 222.6484615202
0.4556518638 1.6963466740 -1.9118353382 1073.8425310510 221.1878261354
0.6412921871 2.0289669724 -2.1399220346 1140.3884700346 219.0217555101
0.5283331526 1.8357102497 -1.7207979409 1183.5169608668 148.6620993201
0.5082307072 1.8258267294 -1.3142278063 1324.1964507268 13.6739324589
0.6431571738 0.7320305461 -1.8576399939 957.7289468991 666.5159745117
0.7704231043 1.1919401564 -2.1147852834 1050.1190335365 529.5306947034
0.5889345469 1.1772651812 -2.0652336531 985.5140029962 474.6356038454
0.6182712278 1.6636683500 -1.8178750298 1160.1755498769 258.0122725424
0.6917889005 1.6605628289 -1.9153363064 1160.1992146059 301.7648659337
0.6861369922 2.0177549577 -2.1359962891 1155.2034024889 232.6403878376
0.8347556225 0.9123398415 -1.9235444340 1073.3765682938 650.5418415788
1.1653186556 1.2451867740 -2.0812263958 1229.6553131428 621.8028617304
0.8890987780 1.6535147810 -1.8036159092 1275.9629656344 340.0984177824
1.0812056918 1.6101957530 -2.0611834659 1259.6688836990 455.0092748155
0.8168996091 1.8783696711 -1.9477449235 1234.3170330714 271.1229411043
0.8460622909 2.0547894297 -1.8492642470 1302.4221013306 201.8860859250
1.2166538022 1.1243311453 -2.0984095424 1225.0648060949 689.4507651683
1.2534387693 1.4042816883 -2.1271438066 1274.3548132454 587.9476924827

gimbalangles:
-1.2976916679 0.1305320109 -2.0869068419

end: