T_CW:
0.2210641951 -0.9732710301 0.0622424582 -0.0275103017
-0.9752543223 -0.2208154619 0.0109333677 -0.0195638654
0.0031029671 -0.0631192026 -0.9980011713 -0.0597009547
0.0000000000 0.0000000000 0.0000000000 1.0000000000

T_CW_cov:
0.0000023562 0.0000000627 0.0000000946 -0.0000001312 0.0000049047 -0.0000000799
0.0000000627 0.0000010799 0.0000000156 -0.0000023907 0.0000001252 0.0000002013
0.0000000946 0.0000000156 0.0000001350 -0.0000000329 0.0000001896 -0.0000000006
-0.0000001312 -0.0000023907 -0.0000000329 0.0000053612 -0.0000002613 -0.0000004398
0.0000049047 0.0000001252 0.0000001896 -0.0000002613 0.0000102766 -0.0000001714
-0.0000000799 0.0000002013 -0.0000000006 -0.0000004398 -0.0000001714 0.0000005632

target_points_pix:
-0.6059505876 0.0021046849 -2.1397186428 522.7362160782 653.4390160744
-0.7139063026 0.1884068236 -2.0970261339 403.9838278782 698.3234685215
-0.3824353557 -0.9165060577 -2.1160848033 1039.9571703477 640.5811548545
-0.4371965137 -0.3097518600 -2.1603245863 709.8017507381 595.2392314702
-0.3519356275 0.0019469352 -1.8945751371 545.3989838073 538.8981084637
-0.5182162399 0.0584582647 -2.1374499208 502.6238861400 599.2488372499
-0.6001629434 0.3259827887 -2.0581514561 335.5468611544 623.7237001404
-0.4989809361 0.9160976353 -2.1709690747 39.2543525234 481.9460043109
-0.2770033012 -1.3320833847 -1.9451609895 1321.8125171415 655.7082531169
-0.1016370398 -0.8478833114 -1.8389819135 1102.2176384872 503.5336288829
-0.3325738895 -0.8965445115 -1.9779077857 1065.0369049337 630.8596885152
-0.2601348120 -0.3406750859 -1.8347724314 771.3191506543 534.6423388931
-0.2642132143 -0.2524614731 -1.8866649884 712.9226882293 519.7059159591
-0.2408813975 0.1413283700 -2.1010650757 488.9824444822 438.9782282670
-0.1022075754 0.1730192857 -1.9861493936 481.0815983241 358.7163065919
-0.3208123668 0.3495978570 -1.8800079703 331.9015791811 473.0076442270
-0.1141203188 0.8982665961 -1.9209505513 24.5908754696 263.6364692214
-0.1833770196 0.8149241496 -1.9777709131 83.8207041747 319.5233223178
-0.0377600212 -1.2511955147 -2.1143219560 1253.9593504166 494.0075892900
0.1874298682 -1.0887540870 -1.9766534841 1238.4826637547 355.6463474950
-0.1494214754 -0.9296626480 -2.1805353935 1061.3349010771 511.2432944590
0.0892096609 -0.3198192371 -2.0221768162 789.6108116825 312.2182827818
0.1323965302 -0.1037267078 -1.8561336447 678.2132509948 251.7625841785
-0.0856700127 -0.1030147636 -2.0582686413 643.7252328147 383.9113700466
0.1452134591 0.1922630782 -2.0373477326 505.4764590062 212.1835349110
-0.0050098914 0.5257213546 -2.1110537171 304.6395398069 257.3622514530
0.0873430322 0.7294019174 -1.9107975949 155.9244360177 161.2012698207
0.2030463646 -1.2799541855 -2.0787731241 1308.8366678643 369.3693383674
0.1329317930 -1.0930724451 -2.0607536919 1208.7267709215 385.3443082606
0.3966472926 -0.6178209378 -1.9947524702 1000.3755695781 173.3631732775
0.3553297135 -0.3276689618 -2.0093469550 829.7051774656 158.9983647999
0.1765238807 -0.1629660990 -2.0507528715 710.8503010849 242.3924393545
0.3494449580 -0.0041648674 -2.1863865269 641.9605034354 135.7966920864
0.2033738897 0.2628093811 -2.0669977459 474.5843852616 171.2929061633
0.3473636227 0.3182278702 -1.9402510749 451.2225518841 64.1507256353
0.6549097224 -0.8437372576 -1.8678088051 1195.7848178536 36.7788471867
0.6287320914 -0.8865639983 -2.0414822743 1165.9842841355 82.4977855139
0.6235847773 -0.4553609724 -1.9114135080 953.0180815563 5.4257562039
0.3044646466 -0.0546113516 -1.8985050385 670.7271798240 140.1082492927
0.3684139713 0.2646838209 -2.1916892182 501.7493932117 91.7536123118
0.3549734842 0.6235175838 -2.1005371298 293.4089044795 39.7147780531
0.6130182170 -0.8421000308 -2.1969690064 1102.8995348615 102.9293358958
0.6737092761 -0.3896397273 -2.1104051242 891.7243252962 0.5471290987

gimbalangles:
-1.6048495414 -0.0240278836 -0.2282122803

end: