T_CW:
0.8346128788 -0.4856336086 -0.2599641145 -0.0403985646
-0.5395589437 -0.8157645640 -0.2083370405 -0.0288045313
-0.1108940438 0.3141467402 -0.9428755680 -0.0620301241
0.0000000000 0.0000000000 0.0000000000 1.0000000000

T_CW_cov:
0.0000014458 -0.0000001280 -0.0000003145 0.0000003205 0.0000031693 0.0000001380
-0.0000001280 0.0000006998 -0.0000000094 -0.0000016683 -0.0000002961 -0.0000003786
-0.0000003145 -0.0000000094 0.0000001689 0.0000000222 -0.0000006878 -0.0000000095
0.0000003205 -0.0000016683 0.0000000222 0.0000040424 0.0000007398 0.0000009090
0.0000031693 -0.0000002961 -0.0000006878 0.0000007398 0.0000070105 0.0000003145
0.0000001380 -0.0000003786 -0.0000000095 0.0000009090 0.0000003145 0.0000006534

target_points_pix:
-1.6238184307 1.0130904683 -2.1368105390 68.0343961801 565.7649927431
-1.6501355010 0.7157043292 -2.1087474774 93.8766812368 700.8077210274
-1.3592904140 1.0909658465 -2.1851856090 165.9149773197 471.6319233538
-1.5590499261 1.1874940771 -2.1526605445 70.8957397848 480.3818332786
-1.3356328486 0.9193998904 -1.8476235929 83.3123187072 524.5163750904
-1.1329537274 1.0838303633 -2.1376926140 234.5844674194 415.1038340868
-1.2190813476 1.3798719968 -1.9537120089 94.0720245630 301.6138080860
-0.9213923119 0.6936566719 -1.8158918035 295.2104833367 511.7608937747
-0.8537358509 0.8313946700 -2.0701052063 371.0363245225 442.0723104154
-0.9197688999 1.1763899925 -2.0413765988 270.4996282177 312.8650208751
-0.8764536400 1.4059935960 -1.9572111547 220.7880146607 198.4098676717
-0.9414224818 1.3385083174 -2.0996017911 250.7800884004 262.7031872288
-0.9187346701 1.7351181522 -1.8963780792 130.2835531530 75.2436123607
-1.1529967376 2.0563168113 -2.1661465793 91.2109982745 79.3660907676
-0.7638126571 0.6804874394 -1.8599272787 384.4583727031 472.3746799779
-0.8706004692 0.7609955734 -2.0348282237 369.1357479610 475.7745410211
-0.7257215869 1.1637273095 -1.9809265724 332.3280187146 256.4151810539
-0.7639138346 1.1025790106 -2.0546763088 349.0828695359 301.8798453067
-0.7660079664 1.5533281780 -2.0204985617 256.2147713860 123.9107427711
-0.8418474935 1.8492723780 -1.8767407226 134.2751001527 8.6830581049
-0.6001629434 0.3259827887 -2.0581514561 594.3889283823 606.7392777551
-0.4989809361 0.9160976353 -2.1709690747 520.0903397213 319.0997973025
-0.3940264734 1.1357138824 -1.8565624263 445.9167379513 147.8367373429
-0.5995646106 1.0924402375 -2.1580213671 440.7764372811 274.5581543872
-0.2408813975 0.1413283700 -2.1010650757 822.8496112720 594.4961395756
-0.1022075754 0.1730192857 -1.9861493936 874.3246895136 532.2348721287
-0.3208123668 0.3495978570 -1.8800079703 693.1273217127 503.9593645699
-0.1141203188 0.8982665961 -1.9209505513 645.6947490421 175.3076402173
-0.1833770196 0.8149241496 -1.9777709131 644.9243602409 244.0014185472
-0.4015102129 1.1785525036 -2.0463174815 477.3855213390 169.0336313565
0.1323965302 -0.1037267078 -1.8561336447 1109.1409190341 609.7465462087
-0.0856700127 -0.1030147636 -2.0582686413 979.6331987993 679.1509647115
0.1452134591 0.1922630782 -2.0373477326 999.0571747812 444.7085551135
-0.0050098914 0.5257213546 -2.1110537171 823.1025490827 338.0011087688
0.0873430322 0.7294019174 -1.9107975949 789.2220182459 183.8035282412
0.0852945478 1.0882388706 -2.0811940265 708.8961820554 69.8227173182
-0.1245320248 1.0722616496 -1.8954113751 591.1790552073 98.3215236320
0.3553297135 -0.3276689618 -2.0093469550 1323.6888149540 666.0418754604
0.1765238807 -0.1629660990 -2.0507528715 1145.7345175194 628.2948440384
0.3494449580 -0.0041648674 -2.1863865269 1169.0134421464 489.8814460866
0.2033738897 0.2628093811 -2.0669977459 1005.1013655364 392.9034366293
0.3473636227 0.3182278702 -1.9402510749 1063.8135325759 300.5119616213
0.3565354082 0.8722584079 -1.9663293335 882.4414516865 44.8052214260
0.1374260910 1.1569632659 -1.9912398308 702.6686871501 5.4488969312
0.3044646466 -0.0546113516 -1.8985050385 1189.8598951975 517.7851492595
0.3684139713 0.2646838209 -2.1916892182 1084.8694466498 353.6876589539
0.4516216484 0.5414670465 -2.0961669823 1036.6130688616 186.9057623690
0.3549734842 0.6235175838 -2.1005371298 963.4376670284 182.2935257510
0.6065040061 0.0125160386 -1.9812612160 1330.0526334907 376.8987061556
0.7128410050 0.4465180968 -2.1775363231 1193.7133966788 161.6343683285
0.8275756550 0.6713905884 -2.0761826814 1180.5150359984 3.7189164365

gimbalangles:
-1.4324259658 0.0253930712 -1.0719487338

end: