T_CW:
0.8415095089 -0.4851448213 -0.2376893955 -0.0395075758
-0.3977615327 -0.8541092569 0.3350867655 -0.0078242793
-0.3655783219 -0.1874350012 -0.9117130091 -0.0495690547
0.0000000000 0.0000000000 0.0000000000 1.0000000000

T_CW_cov:
0.0000009929 0.0000000499 -0.0000001337 -0.0000000877 0.0000022918 -0.0000002140
0.0000000499 0.0000006305 0.0000000314 -0.0000015416 0.0000001034 -0.0000003087
-0.0000001337 0.0000000314 0.0000001256 -0.0000000790 -0.0000002963 0.0000000104
-0.0000000877 -0.0000015416 -0.0000000790 0.0000038404 -0.0000001733 0.0000007214
0.0000022918 0.0000001034 -0.0000002963 -0.0000001733 0.0000053582 -0.0000004909
-0.0000002140 -0.0000003087 0.0000000104 0.0000007214 -0.0000004909 0.0000007160

target_points_pix:
-1.8072466993 -0.9142648409 -2.0509648423 415.3883577802 698.5895837296
-2.0752258472 -0.3109300675 -2.1110600714 205.8643195627 508.0360340750
-2.1493942445 -0.4797543549 -1.7357695462 118.2869572560 670.1287278713
-1.9147247312 -0.2548115522 -2.0326057316 219.0508709513 478.1755809055
-2.0556831739 -0.2172783453 -1.6982966545 60.6041551065 561.0317564811
-1.9180268305 -0.1096057180 -2.0836827944 195.6617423357 413.9877416770
-1.9317673488 -0.6338474593 -2.1627174347 335.4552930284 590.2802652263
-1.7579705380 -0.5772389801 -2.1935923520 382.5028812825 539.7175735240
-1.6050720677 -0.1570880062 -2.1723311699 327.9264230478 363.0924712046
-1.9483527284 -0.0672251213 -2.1691429618 199.4686719861 388.8382728999
-1.7025217749 0.2005152844 -2.1416149571 199.3098604720 243.5617733424
-1.7632616332 0.4374488688 -2.0163576747 77.4166818619 170.4163091950
-1.5268858466 -0.9034280657 -1.9429658399 488.3973739826 688.0223873105
-1.4357686636 -0.5273511537 -2.0349748541 446.7976803704 505.2740403437
-1.3346818081 -0.4072892248 -1.9128016578 427.5178254579 464.8422249684
-1.5322625065 0.0726475877 -2.0453616294 261.1556295168 274.4099748396
-1.5002121632 0.1470386231 -2.1716073200 286.2556195693 220.7530708878
-1.5791355639 0.5374848681 -1.9457535413 82.3263698573 87.2813631094
-1.6501355010 0.7157043292 -2.1087474774 66.9586040525 14.5703457302
-1.0697359937 -0.8988463701 -2.1613215268 691.1707705029 563.0642066411
-1.3989814388 -0.5673341385 -2.1783087477 496.2240995189 484.6426170516
-1.0935209420 -0.2851008651 -2.1257090529 531.4436082077 325.7081709111
-1.2372617489 0.0363480423 -2.1678719484 404.7251400202 212.2348019611
-1.3390051896 0.2640417268 -2.1356634694 301.2122332708 138.9559710670
-1.2803984165 0.4564333986 -1.8119563847 164.4268924004 56.0849057322
-1.3917419720 0.5734831894 -1.8785099623 110.8156342548 23.6068275522
-1.0321968910 -0.8729605601 -2.1287663411 696.5856228260 554.8639990250
-1.1280067953 -0.8565214532 -2.0582172524 646.3650235300 580.7198184635
-0.8450867383 -0.6142765335 -1.9706636513 694.7441095041 449.9235294931
-1.0861999588 -0.0724070378 -2.0085048335 455.6783094633 247.0252259960
-1.0935183022 -0.1864478285 -1.9655495041 474.5629542476 307.7421743792
-1.1577294112 0.1871402594 -2.0430681388 364.3525691577 139.0580104222
-0.7482452858 -1.2476348032 -2.1539879505 899.2055674012 651.2326227417
-0.9203595300 -1.1508216233 -2.0333945953 797.5524434019 672.4987852328
-0.5661656735 -0.8955550283 -2.1500965413 902.6059746765 480.0380855580
-0.8690239338 -0.5462702463 -2.0546615520 677.4728235495 406.7270748491
-0.8678678142 -0.1876486862 -1.9304275451 563.9754271533 262.1119835052
-0.6059505876 0.0021046849 -2.1397186428 663.8961806897 79.3847845525
-0.7139063026 0.1884068236 -2.0970261339 558.4007519637 18.2139452906
-0.3824353557 -0.9165060577 -2.1160848033 994.2843327076 462.4217112343
-0.6464942885 -0.6169893022 -1.8797235077 779.0935903270 431.1876880764
-0.4371965137 -0.3097518600 -2.1603245863 824.4194961163 186.2342388985
-0.5449677676 -0.4256999261 -1.8409050742 774.3759828466 319.3498202320
-0.3519356275 0.0019469352 -1.8945751371 759.0726554786 20.2988810714
-0.5182162399 0.0584582647 -2.1374499208 688.9094266990 27.3554814336
-0.2770033012 -1.3320833847 -1.9451609895 1149.6818286526 676.2888239807
-0.1016370398 -0.8478833114 -1.8389819135 1143.1773847160 436.1041842633
-0.3325738895 -0.8965445115 -1.9779077857 1016.2642966243 476.1726090607
-0.2601348120 -0.3406750859 -1.8347724314 907.9826024970 196.8172305612
-0.2642132143 -0.2524614731 -1.8866649884 882.5731788235 140.8171104894
-0.0107507729 -1.4624962367 -2.1410767009 1303.0258192654 627.7318210213
-0.0377600212 -1.2511955147 -2.1143219560 1248.0714802058 547.2843967050
-0.1494214754 -0.9296626480 -2.1805353935 1113.5107533688 408.0933258605
0.0892096609 -0.3198192371 -2.0221768162 1111.1564736760 58.9308468062
0.1329317930 -1.0930724451 -2.0607536919 1319.3935043088 452.8650467329

gimbalangles:
-2.0843975067 0.2671450434 -0.8696030600

end: