T_CW:
0.9941504504 0.1074724434 -0.0107030772 -0.0304281231
0.0649393337 -0.6739925865 -0.7358783026 -0.0558937720
-0.0863004339 0.7308786953 -0.6770292223 -0.0617995780
0.0000000000 0.0000000000 0.0000000000 1.0000000000

T_CW_cov:
0.0000010056 0.0000000373 -0.0000000579 -0.0000000961 0.0000025624 -0.0000000050
0.0000000373 0.0000003520 0.0000000041 -0.0000009583 0.0000000938 -0.0000000744
-0.0000000579 0.0000000041 0.0000000695 -0.0000000102 -0.0000001432 -0.0000000011
-0.0000000961 -0.0000009583 -0.0000000102 0.0000026614 -0.0000002414 0.0000001911
0.0000025624 0.0000000938 -0.0000001432 -0.0000002414 0.0000065797 -0.0000000192
-0.0000000050 -0.0000000744 -0.0000000011 0.0000001911 -0.0000000192 0.0000004125

target_points_pix:
-2.0038303013 2.0575135301 -2.1270901508 23.6924039589 342.8801945395
-1.6263414072 1.9009207450 -1.9029763512 97.8570217941 328.0652642385
-1.7938627340 1.8660562055 -2.0782733968 53.6955363893 385.9240060630
-1.6184308787 1.8073958723 -1.7668520918 60.1985886760 310.5397230255
-1.5757745729 1.6288697621 -1.9103398014 62.3840786401 413.5797102489
-1.3244016479 1.8144413868 -1.9336562919 205.4721559355 371.1908132227
-1.5376634344 2.0569827124 -1.9344095317 164.7955930816 298.2501296438
-1.5380738672 2.0249670526 -1.9402045005 159.8071171465 308.3840377736
-1.5041704561 2.1644575621 -1.6799082148 163.9588986432 189.2767421389
-1.5671864977 2.1306784232 -1.2809612645 72.7332817691 43.6643035596
-1.3157817243 1.9429941230 -1.1422706580 118.9219909943 30.5034833382
-1.2190813476 1.3798719968 -1.9537120089 170.9136589268 527.9335932254
-1.3077586703 1.7380747572 -1.8915694221 193.2165265952 381.6197859884
-1.1073062340 1.9143356816 -1.8099389513 296.2949881616 308.5273112568
-1.3141370620 2.1921020916 -1.7686534849 252.2222094938 216.8107934675
-1.2916984902 2.1033183010 -1.5281295457 218.9309125859 154.1753727730
-1.1413049017 1.8521756327 -1.2503095271 199.8719869124 107.9996511321
-1.0720818380 2.0508822425 -1.1769081994 262.2470599422 25.3519667671
-0.9197688999 1.1763899925 -2.0413765988 284.0589818404 650.9744593946
-0.8764536400 1.4059935960 -1.9572111547 333.7846444986 532.7478098469
-0.9414224818 1.3385083174 -2.0996017911 308.6122547102 598.5750348602
-0.9187346701 1.7351181522 -1.8963780792 357.9663146418 396.3165081955
-1.1529967376 2.0563168113 -2.1661465793 331.4220118445 376.1651138797
-0.8820781729 2.0234199063 -1.6435393472 390.7512718569 226.7895359304
-0.8748797260 2.0718850172 -1.3880594780 378.7972281779 116.1402136787
-0.9465772767 1.9306066900 -1.1333201170 295.1984956926 36.7722327423
-0.7257215869 1.1637273095 -1.9809265724 370.7751875682 648.3626237699
-0.7639138346 1.1025790106 -2.0546763088 349.6037161297 695.9641042303
-0.7660079664 1.5533281780 -2.0204985617 410.8712803798 501.3987921298
-0.8418474935 1.8492723780 -1.8767407226 404.1550141213 356.9962507482
-0.6214503911 2.0011163030 -2.0804553279 521.7146700389 381.4218316237
-0.5780201406 1.9503515961 -1.5578764583 510.3005560329 222.8981321135
-0.7511423649 2.1572910155 -1.4183356052 447.1380690204 110.0967029111
-0.6866916911 1.8731422773 -1.2897438849 431.5319712757 131.0357218490
-0.8291176503 1.8463283609 -1.0492262872 329.7869800279 18.8733962884
-0.3940264734 1.1357138824 -1.8565624263 530.6933297946 639.6984885731
-0.3082166681 1.6907242396 -2.0314835105 626.9705165840 472.9062536064
-0.6448091371 1.8818765999 -1.8338778347 488.8575532615 338.9946191815
-0.4035810572 1.8196444843 -1.9633355322 592.5887092516 406.7938959930
-0.5617061682 2.0176884646 -1.7492960367 533.1264120954 273.7327110600
-0.5762992154 2.1179589578 -1.3554400287 517.5507184328 97.6709434802
-0.6100145261 2.0163725987 -1.3029655622 487.9070000520 100.1323891828
-0.4015102129 1.1785525036 -2.0463174815 541.6324019295 676.1991000495
-0.2295808476 1.5833745047 -1.9280668241 654.2353467303 481.6877387519
-0.2288478029 1.7229587019 -2.1713108242 665.2813321677 505.1058802777
-0.2971911650 2.0186508778 -2.0714460476 651.3092088759 382.8289632758
-0.2953695788 2.0744306739 -1.6007389710 648.7725310089 212.0703903396
-0.3327855196 2.0041277111 -1.3840576797 622.9079310967 144.5972694932
-0.4466021864 1.8242623228 -1.1806339484 541.9044860863 100.0245390149
-0.3573603580 1.9284946584 -1.0399192768 594.4114094625 2.6277017744
-0.1245320248 1.0722616496 -1.8954113751 676.0594481231 697.4486499452
0.0580140353 1.6564749291 -2.0056001193 790.5977659582 489.7037962216
0.1129876959 1.7098210899 -1.9997964193 816.7538245500 471.1245967280
0.0202068271 2.1113784809 -2.0826427717 781.4297027005 368.6507457984
0.0496567715 2.1804640802 -1.6243674711 804.9591737233 201.1258706930
0.0781686940 2.0424144230 -1.4188405458 822.5265032922 158.7122204924
0.1446138243 1.8968936248 -1.4479249870 853.4485251559 214.2159944387
0.0202740849 2.0286689315 -1.1369204904 802.2290015633 34.1133822531
0.1374260910 1.1569632659 -1.9912398308 823.0677228099 697.1064633090
0.2951990550 1.4166859272 -1.9840087220 905.5106326305 584.7059389641
0.0611186388 1.5047945352 -1.9279269025 790.9961714254 522.2757376712
0.0867318516 1.5644867443 -2.1461084051 798.7519014406 565.3267480848
0.3565648583 2.1885430665 -2.1504974543 912.5224396057 375.8271023954
0.2727735389 1.9261418884 -1.5732305862 910.3932554449 258.9848576305
0.1087447546 2.0311814710 -1.5708012065 831.7322817417 222.9457802877
0.4034252920 1.8647997388 -1.1615968393 1013.9082630310 100.5018738355
0.4395085623 1.3030301233 -2.0955778568 974.4763208480 672.7602579038
0.3407057507 1.5573456301 -1.8639331961 933.3279013733 492.0005501496
0.4556518638 1.6963466740 -1.9118353382 982.1493354768 460.1207393977
0.6412921871 2.0289669724 -2.1399220346 1033.2211621432 426.3002674892
0.5283331526 1.8357102497 -1.7207979409 1027.3377086569 349.9135723963
0.4402235346 2.1324318888 -1.5393273289 987.0729993354 191.3184159771
0.5082307072 1.8258267294 -1.3142278063 1058.9376704893 188.3082229740
0.6182712278 1.6636683500 -1.8178750298 1072.6995214270 446.6830315194
0.6917889005 1.6605628289 -1.9153363064 1098.9392631591 482.5882255162
0.6861369922 2.0177549577 -2.1359962891 1052.8737849675 429.8550878878
0.9073355203 2.1983192295 -1.6524884766 1187.8710658377 227.4295764743
0.5964458937 2.0839945609 -1.3115970185 1087.8215201836 114.0245769652
0.8853459750 2.1074644930 -1.3019009516 1236.3395455905 110.3201905267
0.8890987780 1.6535147810 -1.8036159092 1214.1261736573 455.2850830352
1.0812056918 1.6101957530 -2.0611834659 1276.1538429534 560.7637763314
0.8168996091 1.8783696711 -1.9477449235 1138.2145097600 421.1297281232
0.8460622909 2.0547894297 -1.8492642470 1148.6604774669 334.9590770545
1.0564090808 2.1003346994 -1.5296410924 1287.4241900225 212.0016977789
0.8192282989 1.9702689997 -1.0886141990 1253.9399011294 43.5142349625
1.0969822034 1.9415982477 -1.5650981868 1323.6603891322 274.6711066656
1.1040556031 2.0115566509 -1.5430429039 1321.0809508406 244.6028518029

gimbalangles:
-0.5850261072 -0.0176815455 -1.7302549386

end: