T_CW:
0.8648818256 -0.0882401982 0.4941589776 -0.0102336409
0.0882174447 -0.9423887646 -0.3226780111 -0.0343357609
0.4941630401 0.3226717896 -0.8072705903 -0.0597140711
0.0000000000 0.0000000000 0.0000000000 1.0000000000

T_CW_cov:
0.0000005397 0.0000000213 0.0000000865 -0.0000000532 0.0000012912 0.0000000574
0.0000000213 0.0000008556 -0.0000000516 -0.0000021961 0.0000000677 0.0000003917
0.0000000865 -0.0000000516 0.0000001022 0.0000001354 0.0000001933 -0.0000000166
-0.0000000532 -0.0000021961 0.0000001354 0.0000056949 -0.0000001708 -0.0000009890
0.0000012912 0.0000000677 0.0000001933 -0.0000001708 0.0000031464 0.0000001471
0.0000000574 0.0000003917 -0.0000000166 -0.0000009890 0.0000001471 0.0000005868

target_points_pix:
0.1452134591 0.1922630782 -2.0373477326 85.4852343316 651.6593695344
0.0873430322 0.7294019174 -1.9107975949 75.9417444301 281.7107694705
0.0852945478 1.0882388706 -2.0811940265 85.8162541667 126.5480418501
0.2033738897 0.2628093811 -2.0669977459 128.5419333027 605.8893130884
0.3473636227 0.3182278702 -1.9402510749 239.7721723113 556.2339724861
0.3565354082 0.8722584079 -1.9663293335 254.0072595819 234.6520797411
0.1374260910 1.1569632659 -1.9912398308 125.8571573146 71.7004517006
0.3684139713 0.2646838209 -2.1916892182 225.9536178793 613.4870727388
0.4516216484 0.5414670465 -2.0961669823 290.2719171329 444.4339967166
0.3549734842 0.6235175838 -2.1005371298 234.2156891813 396.4433787938
0.5652056574 1.0015562950 -1.9226686031 380.1855889140 175.1365435383
0.4395085623 1.3030301233 -2.0955778568 292.9424098255 65.6145198316
0.7128410050 0.4465180968 -2.1775363231 420.7240720021 510.8774836324
0.8275756550 0.6713905884 -2.0761826814 492.1460655900 385.8489653938
0.6431571738 0.7320305461 -1.8576399939 435.3797932480 306.6325436614
0.7704231043 1.1919401564 -2.1147852834 451.5857356101 149.6750627398
0.5889345469 1.1772651812 -2.0652336531 372.0205103744 128.8597826186
0.8458239714 0.2527812607 -2.0225750652 520.4191335945 601.6440080484
1.1152554375 0.5688691258 -2.1215293469 617.0524470882 450.2046302710
0.8347556225 0.9123398415 -1.9235444340 519.8261831982 240.5630441431
1.1981999858 1.0113993311 -2.1238999532 636.0681709117 257.4217661074
1.1653186556 1.2451867740 -2.0812263958 624.2486064376 151.7962488610
1.1118900727 0.0687026901 -1.8634442179 700.6415010376 692.9449568030
1.2032753547 0.2645148242 -1.8238494440 744.6009299314 575.3507907825
1.4306274339 0.4308040841 -1.9543672687 795.0065613837 502.5857899555
1.2008567245 0.6297796265 -2.0475242118 667.6384610082 414.1975385211
1.3177547534 0.9829887943 -1.9275302017 728.4965357197 241.1115454960
1.2166538022 1.1243311453 -2.0984095424 644.7957823128 207.4991680923
1.2534387693 1.4042816883 -2.1271438066 643.9174426127 106.7256309479
1.3618475632 0.0845802788 -1.8129035773 830.8804774772 673.5884013344
1.6255085224 0.2358285422 -1.9199901380 893.1823075965 595.4781649204
1.5302247761 0.5208145433 -2.0427081241 804.3435306723 471.2715908758
1.6891581496 0.8208092222 -1.9402937266 871.5669765210 331.7495090675
1.6550291668 0.9849206446 -2.0816303475 813.9345359369 285.1127830025
1.4599354259 1.1281127119 -1.9168790001 778.3793714442 187.5675634873
1.3608744688 1.3786190287 -1.8404976115 747.9141008040 61.9614625860
1.8760928665 0.2945310113 -2.0520699411 937.7570860417 575.9688963741
1.9227470392 0.4291212663 -2.0033337260 958.0794570411 512.6855185227
1.8553778200 0.8419135852 -1.8622262487 948.7536598798 318.3372743263
1.7463991344 0.9501732298 -1.9611408615 877.5090258824 284.4580834792
1.5956944154 1.1845239711 -2.0629449355 788.3245236244 201.6958381538
1.7690751164 1.6723849685 -2.1735322540 796.9356889534 63.5268592424
2.1516010315 0.0514003866 -1.8782818612 1102.5701098906 673.6359771145
1.8457720871 0.0187633843 -1.6776015658 1078.9974453858 689.4284879417
2.0749550863 0.0247220718 -1.3704456468 1296.8257153016 663.3539824941
1.8634769485 0.0715380034 -1.8618622747 1011.6130033966 670.0220272268
1.9109171222 0.2273973581 -1.9251597013 993.6901913265 597.4352064716
2.0922931957 0.1693856270 -1.6973200950 1139.8128409991 607.6116632225
2.0659552518 0.2229873537 -1.4230803426 1241.8633923052 557.9674583512
1.8640985772 0.4482088153 -1.1681110844 1268.2263691519 396.5696808167
2.0085784985 0.5661478600 -2.1355031077 938.3059551342 468.9943151607
2.0066888307 0.6813156892 -1.5906695522 1101.9888654457 352.8503909878
1.8102394135 0.4653526895 -1.4241076530 1123.5576663896 426.1697095997
2.1082567397 0.7683194024 -2.0883454596 967.9754413563 386.9666466463
1.8003977265 0.8938984855 -1.6869383043 980.9206297329 264.5862052399
1.8199059012 0.9119807045 -1.4911488719 1054.1986043555 220.2720055101
2.1263971905 0.8643097482 -1.4336555297 1181.8685208061 250.4819944769
1.8540951364 0.9024724960 -0.9291037044 1326.1768863683 86.6351277908
2.1466583260 0.9021488065 -1.8376978670 1042.6177786673 303.2811072848
1.9478136786 1.1971845413 -1.8090042128 969.0894474480 173.3872391938
1.9294212385 1.0134778323 -1.3523070024 1135.2110059331 152.7039158819
2.0193486403 0.9251526220 -1.2053517240 1238.4156167187 166.7576868592
2.0568281662 1.1937661553 -2.0815877035 928.1928527713 228.0301713089
2.1086544945 1.2399808035 -1.5814687387 1086.1689892283 123.6090354088
1.9038611655 1.1755829434 -1.4194943058 1084.4185293386 95.5418695678
1.8729445368 1.0765853595 -1.4097697702 1087.2382377332 133.1259894255
2.1912169449 1.1472081868 -1.0971950733 1313.6135551028 54.9001969219
2.0464999503 1.3968885242 -2.0319761506 925.7703521971 148.7953853166
1.9900729549 1.3513069061 -1.6751795088 1010.9488797191 91.3443237120
2.0997648301 1.3486116044 -1.6412098306 1054.9791786522 94.2478055157
2.0506832390 1.3181927661 -1.3523290782 1142.8993144024 34.3538360456

gimbalangles:
-1.0389866266 -0.2510984873 -1.4990265531

end: