T_CW:
-0.0249922782 -0.9861558835 -0.1639266895 -0.0365570676
-0.2267051037 0.1652967155 -0.9598342523 -0.0737769675
0.9736427384 0.0131745725 -0.2276977133 -0.0485678373
0.0000000000 0.0000000000 0.0000000000 1.0000000000

T_CW_cov:
0.0000018837 -0.0000002365 0.0000000744 0.0000005381 0.0000040796 -0.0000004191
-0.0000002365 0.0000010013 0.0000000029 -0.0000023255 -0.0000004981 0.0000000490
0.0000000744 0.0000000029 0.0000001097 0.0000000063 0.0000001626 -0.0000000172
0.0000005381 -0.0000023255 0.0000000063 0.0000054671 0.0000011322 -0.0000001231
0.0000040796 -0.0000004981 0.0000001626 0.0000011322 0.0000088972 -0.0000008987
-0.0000004191 0.0000000490 -0.0000000172 -0.0000001231 -0.0000008987 0.0000005612

target_points_pix:
1.9582976991 -0.9784727864 -1.1980075723 1270.4089577997 604.5459218933
1.9570759444 -0.8701971078 -0.8886963553 1202.5752960134 455.2352731941
2.1950641026 -0.9901943079 -0.7739551749 1203.8487361839 350.0614476917
2.0073783830 -0.8101855643 -0.6565373428 1148.1531997727 327.4945891983
2.0630315312 -0.9873049000 -0.4166250607 1224.4683735167 171.6731298830
2.1601176345 -0.5862448586 -1.2289727654 1027.0562234352 606.3947412911
2.0655593211 -0.6564244600 -0.8513982554 1060.8698879542 436.8015630454
2.1242193271 -0.8479907540 -0.5599553179 1138.5037038098 259.7061299785
2.1462577662 -0.8847763794 -0.4525485406 1149.1018569937 196.9934537614
2.1605735270 -0.8488577758 -0.3398468232 1122.1534250341 138.1157471697
2.1765978586 -0.6839881453 -0.1951020741 1023.1911614987 72.7195476983
2.0068793587 -0.6261871060 -1.2771031287 1075.4417009321 662.2372689871
1.8714258920 -0.3141366888 -1.0082598803 911.7915152580 590.0268152829
2.0607231527 -0.3568691784 -0.6240690148 887.4789823751 345.8883802244
1.8608577264 -0.6154256622 -0.5318944843 1061.4438444137 292.1817315220
1.9673362565 -0.4932213503 -0.4475193608 964.5514832788 244.0958681407
2.1067069339 -0.6795458537 -0.1661413448 1031.3872541583 56.2128565723
2.0443564240 -0.3482602204 -1.3012287353 927.9187004323 687.4623782589
2.0798042420 -0.2424843764 -1.1012332417 857.6195775622 593.5956431321
2.0456334554 -0.2221397445 -0.8773607603 834.2776117115 492.4324866432
2.0972347930 -0.3532201075 -0.7509675666 890.1200391454 407.5768783893
2.0636815123 -0.3878123219 -0.4885321114 894.8875899510 269.0948780630
2.1849937664 -0.1076724463 -0.3596361117 725.8116974496 215.7882314384
2.1374943649 0.0698232034 -1.1778551054 703.6795794925 641.7452452225
1.8771705378 -0.1265291682 -0.6141926158 771.5236073844 388.6202481150
2.0676327225 0.0569281127 -0.3843215573 640.8542679901 253.1414824782
2.0149956616 -0.0249350183 -0.0543509498 654.7139196422 53.9111041411
1.9958726695 0.0686412089 -0.1886466928 613.4638277756 145.5222803456
1.8114395741 0.4329723722 -0.5928847570 432.2601801062 444.3225849036
2.1709836927 0.2997486605 -0.5802434997 534.5306504838 367.8992784085
2.0977893427 0.1919665322 -0.4032312221 569.7193757349 273.5369677984
2.0411823258 0.4248620549 -0.1403165224 406.0049901440 150.8783047910
1.9858728767 0.3186794377 -1.0625362128 564.9247166273 645.8687570536
1.9992997518 0.4851987211 -1.0367096055 475.2873863656 644.1266948208
1.8991071867 0.6234767567 -0.5807390885 330.4838235097 439.8013885118
2.1354501132 0.6857830925 -0.5689497110 331.3024752396 400.7113541642
2.1728366635 0.3511639663 -0.4284264483 492.3202442442 294.2503443631
2.1946764291 0.4631732279 0.0532115749 380.1616272554 40.9908615144
2.0632829037 0.5445962566 0.1285032323 305.0927091551 1.0955503062
1.8540951364 0.9024724960 -0.9291037044 214.0777676671 666.0380623684
1.9280159722 0.5892995954 -0.8408584783 388.5236408405 571.9195087189
1.8819986643 0.6403023216 -0.5539885803 314.1090677671 429.3447650885
1.8710597108 0.8099321409 -0.1270716099 144.0978383451 190.9291093370
1.8841264328 0.9616947949 -0.8001790908 168.0175317081 595.2279000790
1.8413549133 1.1156033625 -0.8390002865 76.9949196753 641.3252322700
1.9089759812 0.8085310986 -0.5822388722 226.6109208532 456.6354953318
1.9554318540 0.8479488833 -0.1032449947 140.0380972222 175.3280664131
2.0820885222 0.9153317630 -0.0671913434 128.8103612964 155.0105191266
2.1912169449 1.1472081868 -1.0971950733 180.9953222042 677.2210113753
2.1198372318 1.2923371785 -0.8636543491 62.7862865513 599.0314440444
2.1719950041 1.3312834193 -0.8438112511 54.1395914134 581.3979469587

gimbalangles:
-0.0966989576 0.0521451755 -0.0073501314

end: