T_CW:
0.9342778098 -0.1099593060 -0.3391665153 -0.0435666606
-0.1306855127 -0.9906638658 -0.0388123909 -0.0215695250
-0.3317322277 0.0805857055 -0.9399253551 -0.0584221721
0.0000000000 0.0000000000 0.0000000000 1.0000000000

T_CW_cov:
0.0000013482 -0.0000000705 -0.0000004023 0.0000001607 0.0000029509 0.0000000738
-0.0000000705 0.0000006591 0.0000000119 -0.0000015734 -0.0000001599 -0.0000004022
-0.0000004023 0.0000000119 0.0000002183 -0.0000000223 -0.0000008825 -0.0000000159
0.0000001607 -0.0000015734 -0.0000000223 0.0000038199 0.0000003652 0.0000009756
0.0000029509 -0.0000001599 -0.0000008825 0.0000003652 0.0000065200 0.0000001682
0.0000000738 -0.0000004022 -0.0000000159 0.0000009756 0.0000001682 0.0000006885

target_points_pix:
-2.0752258472 -0.3109300675 -2.1110600714 144.4502925867 631.9240375980
-1.9147247312 -0.2548115522 -2.0326057316 171.2217573930 608.9990999800
-1.9180268305 -0.1096057180 -2.0836827944 182.3553807428 538.0380828612
-2.0752253339 0.4044434237 -2.0040710625 83.2658080957 312.5035301223
-2.0036208889 0.5847712081 -1.8948754516 60.5254145103 219.4043615803
-2.0143150859 0.8005527293 -1.8945758840 50.3948999842 120.2133645148
-1.6050720677 -0.1570880062 -2.1723311699 325.9818548598 544.9357268906
-1.9483527284 -0.0672251213 -2.1691429618 198.4094859833 515.9203985911
-1.7025217749 0.2005152844 -2.1416149571 266.9833099031 385.3222087301
-1.7632616332 0.4374488688 -2.0163576747 195.6999484542 276.9286240613
-1.9167180805 0.6502726713 -2.0705326719 152.9607447106 195.0322958208
-1.6238184307 1.0130904683 -2.1368105390 265.0971600824 15.8187759362
-1.3346818081 -0.4072892248 -1.9128016578 369.2223451433 686.8083216853
-1.5322625065 0.0726475877 -2.0453616294 306.6807943515 437.1818329090
-1.5002121632 0.1470386231 -2.1716073200 353.4092460819 399.0800723344
-1.5791355639 0.5374848681 -1.9457535413 237.3134748158 210.7938092914
-1.6501355010 0.7157043292 -2.1087474774 257.3035250150 146.9810764169
-1.0935209420 -0.2851008651 -2.1257090529 529.2114898256 594.6451716289
-1.2372617489 0.0363480423 -2.1678719484 462.0703384875 437.9915232475
-1.3390051896 0.2640417268 -2.1356634694 401.9624267786 334.1589809072
-1.2803984165 0.4564333986 -1.8119563847 319.2422041805 215.8111216203
-1.3917419720 0.5734831894 -1.8785099623 288.7449703153 170.3143305468
-1.0861999588 -0.0724070378 -2.0085048335 492.6356694092 490.3626637454
-1.0935183022 -0.1864478285 -1.9655495041 483.7587146229 554.5746223794
-1.1577294112 0.1871402594 -2.0430681388 456.7431557942 358.5629256194
-0.9213923119 0.6936566719 -1.8158918035 478.3900829566 46.0183593547
-0.8537358509 0.8313946700 -2.0701052063 568.3848746461 5.8125895823
-0.8678678142 -0.1876486862 -1.9304275451 585.2658915665 548.8608008496
-0.6059505876 0.0021046849 -2.1397186428 748.1812571243 421.5204124815
-0.7139063026 0.1884068236 -2.0970261339 675.7442140564 328.4108709908
-0.7638126571 0.6804874394 -1.8599272787 570.9862424961 40.6421098850
-0.8706004692 0.7609955734 -2.0348282237 556.1474204999 38.0555584118
-0.4371965137 -0.3097518600 -2.1603245863 859.4037795757 583.9108853502
-0.5449677676 -0.4256999261 -1.8409050742 761.4542537436 693.9478474980
-0.3519356275 0.0019469352 -1.8945751371 855.2351373486 407.3620306017
-0.5182162399 0.0584582647 -2.1374499208 789.5150766423 385.5188747469
-0.6001629434 0.3259827887 -2.0581514561 718.0964445011 243.0577990264
-0.2601348120 -0.3406750859 -1.8347724314 935.1924382624 630.8682619496
-0.2642132143 -0.2524614731 -1.8866649884 929.8665796942 566.3848501857
-0.2408813975 0.1413283700 -2.1010650757 932.0206253726 318.1388953077
-0.1022075754 0.1730192857 -1.9861493936 1006.2084686940 281.7898877552
-0.3208123668 0.3495978570 -1.8800079703 846.2186023118 186.1022311552
0.0892096609 -0.3198192371 -2.0221768162 1176.1800913539 582.2394061957
0.1323965302 -0.1037267078 -1.8561336447 1194.3831804760 443.1017782132
-0.0856700127 -0.1030147636 -2.0582686413 1041.9565366996 451.8510454556
0.1452134591 0.1922630782 -2.0373477326 1167.6149836930 248.7890568617
-0.0050098914 0.5257213546 -2.1110537171 1043.2103187642 73.4904720019
0.1765238807 -0.1629660990 -2.0507528715 1220.9138353119 473.4335110239
0.3494449580 -0.0041648674 -2.1863865269 1313.7326534176 359.3028959935
0.2033738897 0.2628093811 -2.0669977459 1199.4058905286 200.9850755089
0.3473636227 0.3182278702 -1.9402510749 1307.6290906263 132.0472409759
0.3044646466 -0.0546113516 -1.8985050385 1318.9244650769 393.5992934688
0.3684139713 0.2646838209 -2.1916892182 1301.2200912979 194.2465638352

gimbalangles:
-1.5688903505 0.2179934497 -1.6174446134

end: