sensor_name: gimbal
sensor_id: M
model_type: pinhole
distortion_type: radtan
width: 750
height: 480
fx: 241.864
fy: 241.864
cx: 375.282
cy: 239.567
k1: 0
k2: 0
k3: 0
p1: 0
p2: 0