sensor_name: static1
sensor_id: S1
model_type: pinhole
distortion_type: radtan
width: 1280
height: 1024
fx: 659.66508
fy: 659.93843
cx: 637.01291
cy: 510.52676
k1: -0.1886198
k2: 0.05797567
k3: 0
p1: -0.0006033
p2:  0.0001838