T_CW:
0.4533131758 -0.7759690851 0.4386104690 -0.0206701563
-0.5547392113 0.1395592272 0.8202363254 0.0231244704
-0.6976901691 -0.6151383593 -0.3671964418 -0.0379936302
0.0000000000 0.0000000000 0.0000000000 1.0000000000

T_CW_cov:
0.0000006232 0.0000000319 0.0000000022 0.0000000061 0.0000014150 0.0000000803
0.0000000319 0.0000004113 0.0000000289 -0.0000012017 0.0000000198 -0.0000001170
0.0000000022 0.0000000289 0.0000002658 -0.0000001318 0.0000000072 -0.0000000089
0.0000000061 -0.0000012017 -0.0000001318 0.0000042193 0.0000001679 0.0000003457
0.0000014150 0.0000000198 0.0000000072 0.0000001679 0.0000039117 0.0000001217
0.0000000803 -0.0000001170 -0.0000000089 0.0000003457 0.0000001217 0.0000008097

target_points_pix:
-0.6320758571 -2.9734307655 -0.9551538105 523.5888943323 162.6318506166
-2.6364039434 -2.3323645090 1.6131212919 494.7388122019 466.5095550675
-0.7937816819 -1.6414176510 0.7071862127 605.2628512614 395.0589978638
-2.4509590965 0.8871749841 -2.1853645049 26.7346463046 203.4311925871
-1.1698605629 -0.0915581141 -1.3700899405 180.1203925489 155.6535454947
-1.2830020915 -0.7477612956 -2.9741651212 241.6833463064 57.6270868046
-0.2553136312 -1.9712086642 0.1715341730 650.2881808715 245.4794361639
-0.1550543400 -2.4137450398 0.5014556902 728.2153512456 272.0254422649
-1.9323731186 -0.3012474738 -0.7481905140 239.5980978961 299.3943181617
-2.1173200533 -2.1447782396 -1.4060294826 379.9054634541 220.7753152610
-1.7590488229 -1.6158880204 -0.8003083999 383.6935635949 250.7006014623
-1.3783621819 0.6183489028 -2.2812195003 2.9407406515 64.7766851958
-2.6734566750 -2.6265165695 1.2701937931 486.0958782909 416.6117764665
-2.7526374896 -2.4282561608 -2.0502608060 358.5832215688 212.0610691700
-0.4132450863 -1.6619243622 -0.3975132155 530.1081593016 187.7556451665
-2.8002920322 -2.7177990940 0.7087254771 457.4116360961 368.8324213018
-2.6318751097 -0.2406755511 -1.7765257254 207.1926988753 239.0836093445
-0.4611632066 -1.2374349928 0.2883990725 595.9947404540 327.6067046661
-0.8863209803 -2.2520445289 0.3132015694 566.5362293312 299.1484218121
-2.1289845198 -2.0063977310 0.0907732718 431.1209070473 330.6504659470
-2.4349464755 0.7633696205 -1.9950480928 49.6020593826 219.9619157360
-1.5006224968 -2.7756126823 -1.2469839680 444.5044889430 197.1530818268
-2.9891561525 1.0928385460 -1.1234454871 7.5223773301 362.9866277313
-0.3342155314 -1.4791719233 -1.8288346165 398.6196238271 35.5893977104
-2.5927084704 -2.6493188930 -0.8510426906 407.0691049585 265.2444916152
-1.4003785247 -0.3736922668 -0.7233151088 260.3284098414 265.8119078700
-0.3665870185 -2.4417945195 -0.7850897223 540.0104786552 148.2954300439
-0.8431574331 -1.9395949874 -1.4799140705 423.6586071113 134.3051826626
-2.6437567343 -2.7994983705 -2.3091975591 372.0620217237 195.6784047215
-2.7741509670 -2.0402444891 -0.1757024121 392.2707898879 324.8099752171
-1.9646052403 -2.0029863434 -1.3242917964 380.4131721667 219.4612898321
-0.7482836631 -2.2901477881 -2.3809329031 408.0806988911 79.5329252083
-0.5278049365 -2.9772354716 -1.6874461611 489.2516748120 110.2860778411
-1.8905943680 -2.4627044847 -2.4214448040 373.2212937448 156.7394756985
-1.5747020397 0.3647896395 -2.1186734669 83.6722837886 120.9376215347
-1.5873220287 -2.6442079861 1.2926729153 579.9825642368 413.5980209302
-0.4042982512 -2.7503468765 -0.9514857109 535.5245559776 142.5770352778
-2.9933007186 -2.9934415882 -2.4369486571 368.9514614030 202.5302126557
-0.9505699837 -1.1068315995 -0.2186933854 429.5212827580 277.5464591711
-2.5954390840 0.9615306910 -1.9993108423 19.0838132215 234.0096048680
-0.5276153481 -2.5064104042 -2.0030443754 449.9839868044 83.8291704797
-1.9262396669 -0.5333356992 0.4900413074 331.0398844522 475.4883807042
-0.1425061998 -1.1158049670 -0.6788600397 492.1156747246 91.1486574834
-0.9856763569 -0.5848182569 -0.8305814883 305.3418184621 203.9277781909
-1.0606481474 -2.1885100011 0.3504036302 545.8062164605 314.5961412973
-2.8798376111 -2.4797889453 0.6139716428 439.6307673624 371.0094380071
-2.3495685473 0.3594685558 -2.9255488728 114.4599307335 139.0796327631
-1.2272046121 -1.5636394124 -2.1282380772 347.2178883787 120.3390676694
-1.7586502624 -2.0947587884 0.1629999156 463.5102364832 323.1845576795
-2.4637418305 -2.7427375996 0.0218696577 447.2220971218 313.3738131613
-2.1679331945 -2.2497089087 -2.4883330897 353.0249015714 166.9524678663
-1.2502089736 -0.4633432231 -1.6307261334 242.6141721240 143.3209238613
-1.7725763211 0.1321032521 -2.5127218453 134.6610662470 117.0870521616
-2.0098147786 -2.3425078733 -0.2469870441 440.3616669159 290.3304305200
-1.0103194588 -0.8321822294 -2.8083801352 258.7184290586 38.3665816242
-0.3638610292 -0.9546125156 -1.7797905765 337.9570453508 12.4646769153
0.5171586540 -2.8836435482 -0.8402935305 674.6979794385 44.6448980681
-2.9469886051 -0.0556582209 -2.3291306646 181.2251806761 217.8585737731
-2.2714974815 -1.5754805292 -0.3708202209 376.2568337097 308.8408496880
-2.2906387154 -1.9032725139 -2.9466558645 319.8935315065 151.6788701236
-2.9188407590 -1.3810012220 1.0839570419 395.1680709266 470.7561293345
-0.3936100835 -1.1881348723 -1.5631378304 381.1139422607 50.1124644578
-1.4161008387 -2.1674853346 0.4832161336 516.7552108389 343.1398584822
-2.0786952816 -1.2439389284 -2.8570242590 281.3357983940 138.9557793487
-1.5563505293 -2.3259772891 0.0237559221 481.6334531223 296.6862096027
-1.9296688539 -1.8920561824 -1.4908164832 368.9618514446 208.1174336931
-1.8553364985 -2.2370036957 -1.3848175939 395.6007274047 209.0625174041
-1.1895189559 -0.0584733151 -0.8465864265 187.0588154998 235.4194644421
-2.1610756819 -2.5467967732 -1.5818627512 394.1025174922 210.6415483424
-1.0310568987 0.1681308091 -1.9239170579 100.0580767324 59.0174947802
-0.7896994598 -0.6712832293 -1.4482634684 293.5653037047 103.4867044213
-0.4784341868 -2.0935500770 0.3372802366 629.4846309769 284.7323133651
0.1761868050 -2.0212782925 -1.2051419420 549.6333435745 26.6522105152
-2.0809982885 -2.3007220402 -1.1211365928 399.7454285942 235.1268131691
-1.7593186310 0.6483982310 -1.4034331411 16.4460944227 228.4228556356
-0.5766055598 -2.9777220371 0.7269098261 669.3968619108 305.3987359960
-1.2283828643 -2.6822559147 -2.2808022666 412.1612763939 127.1384574653
-2.4005462004 -1.4231052476 -1.7722446267 315.9383653892 216.9091474885
-1.0519031372 -0.6309223896 -1.1260086692 294.1848015761 174.1681774170
0.0229598532 -2.2709885252 -1.3699846470 526.0909434919 52.2580578843
-2.5222100225 -0.7635231769 -2.4214857334 247.1859259486 187.0354894479
-2.3709911216 0.7873857488 -1.7873182151 38.0747233344 237.4512391509
-2.1351115329 0.3711751050 -2.8548084772 106.2405750010 124.5534914653
-2.3524978632 -0.4190901020 -0.6763358060 253.7795150542 321.6024872858
-1.7962047277 -1.0397187367 -0.0814019688 367.0381205620 343.2402163291
-2.5730577092 -2.3438354084 1.3885911678 487.0306193101 443.0987757914
-2.4323608169 -2.8139920343 -0.8519714480 420.3073472314 258.0768718895
-2.5794207443 -2.5586017987 0.5377249120 454.6854376610 358.1745610000
-2.2583880082 -1.9579383648 0.2674464298 429.7280710478 351.0905099700
-1.1873207592 -1.9520912279 0.6023171523 541.6855167285 362.9283291101
-1.4994475505 -0.9512953885 -2.1558872977 283.2416291905 133.4282251958
-0.7268183569 -2.5035628023 0.7114419446 638.6658433234 330.9419229764
-1.9858815282 -1.4791766923 -1.1752089238 349.2795239247 235.1178394294
-0.2655979503 -2.6868276852 -2.0208468826 476.0790039145 62.4017873889
-2.2862629253 -0.2226837426 -1.4929258470 209.4829821874 243.5340515468

gimbalangles:
-2.7204632430 -0.4541093197 -0.5287040811

end: