T_CW:
-0.0890023888 -0.9663949546 0.2411625313 0.1999319848
-0.0013768098 -0.2420038210 -0.9702743195 0.3928942534
0.9960304610 -0.0866887672 0.0202083761 -0.2355716851
0.0000000000 0.0000000000 0.0000000000 1.0000000000

T_CW_cov:
0.0000003454 0.0000000171 -0.0000000104 -0.0000000600 0.0000007330 0.0000000162
0.0000000171 0.0000002044 -0.0000000002 -0.0000005347 0.0000000354 -0.0000000523
-0.0000000104 -0.0000000002 0.0000002243 -0.0000000663 -0.0000000165 0.0000000016
-0.0000000600 -0.0000005347 -0.0000000663 0.0000019627 -0.0000001224 0.0000002428
0.0000007330 0.0000000354 -0.0000000165 -0.0000001224 0.0000020820 0.0000000611
0.0000000162 -0.0000000523 0.0000000016 0.0000002428 0.0000000611 0.0000006582

target_points_pix:
2.8469624497 -1.2706155376 -0.4268351525 471.1390782703 338.8215443711
1.2955616386 -1.4164051859 0.0125195018 674.1690292421 387.7670392134
2.9185907309 1.9178459633 1.8610296438 236.0253240520 60.1649842390
2.6305978994 -2.5336026126 1.4089481569 628.3894791805 206.1144569440
2.5591223247 -0.0443953625 0.5219552533 389.7834119340 228.3974438519
1.8324549851 0.5136414256 0.1050882143 307.7813411964 265.1465692584
2.2959027539 -0.3651612911 1.0377432566 444.0442981599 178.6899814156
2.3041003494 -2.2990699818 1.7052507894 652.6012721811 165.0713194411
2.2457088193 -0.2690198173 -1.2941584072 368.9079637224 446.8259038597
2.0176283046 -1.3083910700 2.4854543714 610.3379028622 26.4621359901
2.2385537561 -1.8200234489 -0.7064504535 554.9138822592 411.0114809182
2.8752574486 -1.5801047162 -0.1999385455 499.9088577023 324.1130677755
1.0143189639 -0.1834378360 0.2340703772 480.1354176466 302.8671658013
1.3939397812 -1.4548252074 -0.2639512733 644.5579077658 429.0837697469
2.6388940522 0.2859068827 0.6616028722 359.8521370958 207.0439642403
1.8436071198 -0.3614789899 -0.5329186283 413.3777955412 388.2918515829
2.6356910408 1.1581813945 0.7110316627 272.2638479640 178.7200613601
2.2974160006 1.1434337072 1.1115312662 272.4919649111 121.4120950955
1.8636994645 0.9851570773 0.8625067980 264.4162437005 132.4671898361
2.9486415274 -2.6758647837 -1.6358413215 552.3891959127 458.3450186477
2.4952987901 1.9204534977 1.3630564139 197.8816226147 79.4547783323
2.5258584135 -2.8592762385 -0.6116947642 624.1420728212 400.2654415464
2.8920798147 2.1378650829 -2.5311623147 100.6945193880 473.1662910052
2.7260240624 2.2495865463 -1.9352716347 86.4667326466 425.1683190344
2.3241395539 -2.8069241618 -0.5895953926 643.5466919727 411.5195163531
2.6278435143 1.8946618219 1.8255796272 222.6419838845 42.4261692309
2.6912848041 -2.1106228893 -0.6993441011 545.0791249274 385.5115504236
2.2863225682 -1.1407866103 2.4543879926 562.1523650842 49.9969460830
1.5889353798 -2.3704226469 0.0978376196 744.4853860979 374.9413797213
2.4841714159 1.4051269004 1.6262681959 264.6881136176 67.6891160895
2.7991553079 -1.1303929253 0.2989914414 477.0062599932 273.2557934796
2.3235776381 -0.6902499417 -1.1799127502 417.7465549202 434.0314044069
2.1983390802 1.3671984969 -1.0802983766 164.9992676346 387.0340460214
2.0950124471 -0.5055487376 0.8267820771 464.1193029087 203.1956512654
1.7824561088 1.2368809704 -0.1031601285 176.3614412117 271.9325173682
2.6588510636 -0.1466194073 -0.3037086062 378.7645823367 311.8577083540
2.2538497045 -0.9608366362 1.2047620648 514.6444809777 177.0358373473
2.3780720027 -0.0837965984 2.0767695085 438.6551664822 61.6363350475
2.9680979097 -2.4510036395 1.5364771412 593.9439982303 197.6925259640
2.8361755367 1.9949440335 -2.4556373968 112.7133221881 473.7247719344
2.0821692119 -1.0065134618 0.4658650749 512.9587270999 262.3134161921
1.2103062974 0.1184933070 0.6222756592 407.1900510282 179.7842792056
0.9923400970 0.5709656991 -0.1292795507 212.5940067363 370.0128963829
2.6984458114 1.3496573022 0.7124865195 254.5217980571 174.8120316940
1.6820117367 -2.6908657484 -0.4410075725 744.9083975444 453.1886372461
1.4393502068 -0.3605422360 0.5295601244 482.0976158257 232.7707817854
2.4819671509 -1.0003026340 -0.6462119426 457.7616413045 371.3178736274
2.4003927181 0.1999549924 -0.1597382894 347.6534170339 295.8584620793
1.6781638844 1.7635796532 -1.0815039641 8.1252468108 434.2497787856
2.8599623337 -1.4393414243 0.8130817700 509.5716482133 234.8879790228
2.8028733044 -1.8940930289 0.2984196099 539.8212657786 289.4369154198
2.2679231297 1.6166728105 1.6066018340 226.6757193742 42.5867057270
1.5339740108 -0.0088084180 1.0042570867 432.6740904550 132.2828650339
2.2683739193 1.5151538458 1.0720505343 222.7606776525 111.0210468554
2.8407462338 2.6756664027 -1.3199547291 68.8911984174 345.4242420207
2.5245239422 -1.9046691708 0.2882304037 561.5417698038 295.9343946751
1.2961433232 -0.2137759639 0.8682376054 485.9910305753 151.1787099964
2.5432224523 -0.6373923841 0.7409534547 453.6126176488 221.7051691711
2.9691898119 0.8306301282 -1.4718533968 262.5049743547 389.1543922679
1.9577623473 1.9570472736 1.2495788176 134.5246471414 40.0240477590
2.3703281476 -2.2094223224 -0.8768088657 576.4769538873 426.6192599525
2.5332886341 0.3624403137 -0.8886724309 311.5427672638 365.1034453076
2.7230803671 2.1668952310 -1.0932890004 118.9287412250 338.1099015882
1.9507874860 -0.6407648270 1.0479185312 497.4567890035 175.8045180625
1.3270867205 -0.5234995568 1.3446707796 565.5609318324 75.1815985571
2.8849499926 1.7528628131 -1.9172862492 156.5747395725 419.8811462394
1.6796342927 -1.3761458959 -0.5238268143 571.1756276078 432.5309234569
2.0330982211 1.2071025275 -0.3551796497 197.2862756018 303.5510824980
1.5235769822 -1.1851647188 1.3670204011 638.6534781675 127.9122691442
2.8384515790 -2.7845431762 0.8899561949 617.4232827621 256.6563239847
2.5609837967 -2.9277062911 -1.0449301538 617.4417606991 439.9884716655
1.7669752855 0.9690625695 -0.5529376649 201.4657319072 356.9239344810
1.8439066339 -0.9471699808 1.1522247373 549.2536926800 168.8799076960
1.4488983111 0.6617484764 1.0469220162 309.8013615884 77.6339089996
2.7059739807 -0.7331271193 0.7287971851 455.7772073934 226.0136595556
2.8833560441 2.6773336796 -0.2468877160 103.1246511198 237.0549240596
1.9496769023 -1.6101641628 0.3732577648 593.5823617631 293.8753340846
2.7832056284 2.7310910625 0.6875618561 111.3181252054 141.1709931298
0.7034332180 -0.0654622727 0.4930513506 535.8958431854 204.0142758645
1.9631750106 0.7384015444 -1.1730532119 231.3099345376 440.1155441989
2.7390766891 1.4458832406 -1.4800111153 189.0811854421 392.4372398689
1.6947515968 -1.6709432923 1.9441946478 690.2425682333 78.1753047200
1.3192468384 -0.5366856561 1.1335808896 559.9147404754 117.6633988169
2.3746660379 0.5242174031 1.6523616679 361.2815677106 86.6277988971
1.8809823717 2.0841163296 0.5893151287 72.2913355467 126.5858223187

gimbalangles:
-2.7204632430 -0.4541093197 -0.5287040811

end: