T_CW:
-0.0889348237 -0.9664265887 0.2410606682 0.1995723481
-0.0012496454 -0.2419112314 -0.9702975804 0.3928090436
0.9960366637 -0.0865944846 0.0203066422 -0.2356685621
0.0000000000 0.0000000000 0.0000000000 1.0000000000

T_CW_cov:
0.0000003454 0.0000000171 -0.0000000104 -0.0000000600 0.0000007329 0.0000000160
0.0000000171 0.0000002043 -0.0000000002 -0.0000005345 0.0000000353 -0.0000000522
-0.0000000104 -0.0000000002 0.0000002243 -0.0000000662 -0.0000000166 0.0000000016
-0.0000000600 -0.0000005345 -0.0000000662 0.0000019620 -0.0000001223 0.0000002424
0.0000007329 0.0000000353 -0.0000000166 -0.0000001223 0.0000020818 0.0000000607
0.0000000160 -0.0000000522 0.0000000016 0.0000002424 0.0000000607 0.0000006581

target_points_pix:
2.8469624497 -1.2706155376 -0.4268351525 471.3073897643 338.8785232967
1.2955616386 -1.4164051859 0.0125195018 674.2661308820 387.9976272629
2.9185907309 1.9178459633 1.8610296438 236.0264277280 60.6617540609
2.6305978994 -2.5336026126 1.4089481569 628.2775494589 206.1676058949
2.5591223247 -0.0443953625 0.5219552533 390.0798896306 228.8932595096
1.8324549851 0.5136414256 0.1050882143 307.6427704242 265.3474980068
2.2959027539 -0.3651612911 1.0377432566 443.7732140869 178.9802001792
2.3041003494 -2.2990699818 1.7052507894 652.3678976308 164.6630393213
2.2457088193 -0.2690198173 -1.2941584072 369.1745985621 446.4352932626
2.0176283046 -1.3083910700 2.4854543714 610.5320034574 26.9624819673
2.2385537561 -1.8200234489 -0.7064504535 555.1756628735 411.1527088799
2.8752574486 -1.5801047162 -0.1999385455 499.8159715027 324.3516067448
1.0143189639 -0.1834378360 0.2340703772 479.7054906346 303.1523652185
1.3939397812 -1.4548252074 -0.2639512733 644.2413266645 429.4117324297
2.6388940522 0.2859068827 0.6616028722 359.8045729051 206.7902231748
1.8436071198 -0.3614789899 -0.5329186283 413.2625615992 387.9173588805
2.6356910408 1.1581813945 0.7110316627 271.9829475840 178.5679398614
2.2974160006 1.1434337072 1.1115312662 272.0905452016 121.7544467330
1.8636994645 0.9851570773 0.8625067980 264.5363183360 132.7812186099
2.9486415274 -2.6758647837 -1.6358413215 552.7268150528 458.5809849824
2.4952987901 1.9204534977 1.3630564139 197.9279745595 79.5133331376
2.5258584135 -2.8592762385 -0.6116947642 624.6292000738 400.6358392554
2.8920798147 2.1378650829 -2.5311623147 101.0377067629 473.3288590425
2.7260240624 2.2495865463 -1.9352716347 86.1073932277 425.0689366439
2.3241395539 -2.8069241618 -0.5895953926 643.3659784742 411.3033277519
2.6278435143 1.8946618219 1.8255796272 222.3707819379 42.0794920269
2.6912848041 -2.1106228893 -0.6993441011 544.6687567454 385.5062458846
2.2863225682 -1.1407866103 2.4543879926 561.8565687080 50.4919242067
1.5889353798 -2.3704226469 0.0978376196 744.5755895189 375.2354701984
2.4841714159 1.4051269004 1.6262681959 264.3142656626 67.7431713209
2.7991553079 -1.1303929253 0.2989914414 476.8699070210 273.5506117077
2.3235776381 -0.6902499417 -1.1799127502 418.3944277553 434.2066093642
2.1983390802 1.3671984969 -1.0802983766 164.4781477129 386.9449108354
2.0950124471 -0.5055487376 0.8267820771 463.9195860314 202.7486738152
1.7824561088 1.2368809704 -0.1031601285 175.9766435231 271.8084215940
2.6588510636 -0.1466194073 -0.3037086062 378.4444991610 311.6700738614
2.2538497045 -0.9608366362 1.2047620648 514.4717152675 176.8171284548
2.3780720027 -0.0837965984 2.0767695085 438.3253574993 61.7556509845
2.9680979097 -2.4510036395 1.5364771412 593.2796687754 198.0594829012
2.8361755367 1.9949440335 -2.4556373968 112.3917540487 473.7142198468
2.0821692119 -1.0065134618 0.4658650749 513.0435548014 262.3017194600
1.2103062974 0.1184933070 0.6222756592 407.0593263250 179.4386488467
0.9923400970 0.5709656991 -0.1292795507 212.6398500034 370.3331160824
2.6984458114 1.3496573022 0.7124865195 254.1081570479 174.7593003486
1.6820117367 -2.6908657484 -0.4410075725 745.1958480711 453.0209797631
1.4393502068 -0.3605422360 0.5295601244 482.3016919211 232.7427493788
2.4819671509 -1.0003026340 -0.6462119426 457.8384507691 371.5716395196
2.4003927181 0.1999549924 -0.1597382894 347.3613666614 295.5237805933
1.6781638844 1.7635796532 -1.0815039641 8.3473562279 433.8500589685
2.8599623337 -1.4393414243 0.8130817700 509.6248934854 235.0602925237
2.8028733044 -1.8940930289 0.2984196099 539.7616500951 288.8939597227
2.2679231297 1.6166728105 1.6066018340 226.4723341621 42.8675870862
1.5339740108 -0.0088084180 1.0042570867 432.9768736582 132.4230416685
2.2683739193 1.5151538458 1.0720505343 222.8039375065 111.1055827213
2.8407462338 2.6756664027 -1.3199547291 69.0421953066 345.7406833515
2.5245239422 -1.9046691708 0.2882304037 561.4531154006 295.8520315412
1.2961433232 -0.2137759639 0.8682376054 486.0523447131 151.0152623719
2.5432224523 -0.6373923841 0.7409534547 453.5461991471 221.9307440535
2.9691898119 0.8306301282 -1.4718533968 262.6880224367 388.6982919390
1.9577623473 1.9570472736 1.2495788176 134.4107370987 39.8465155311
2.3703281476 -2.2094223224 -0.8768088657 576.3895851617 426.3593360142
2.5332886341 0.3624403137 -0.8886724309 311.4210153048 365.5020418710
2.7230803671 2.1668952310 -1.0932890004 119.0692953592 338.2805930596
1.9507874860 -0.6407648270 1.0479185312 497.1430658427 175.5320636356
1.3270867205 -0.5234995568 1.3446707796 565.4905973445 75.2861921426
2.8849499926 1.7528628131 -1.9172862492 156.5753673876 420.2435219607
1.6796342927 -1.3761458959 -0.5238268143 571.5489582666 432.4986299002
2.0330982211 1.2071025275 -0.3551796497 197.2249042324 303.5210910587
1.5235769822 -1.1851647188 1.3670204011 639.0757067577 128.2416912881
2.8384515790 -2.7845431762 0.8899561949 617.0788959049 256.1810419387
2.5609837967 -2.9277062911 -1.0449301538 617.2426236664 439.8560468850
1.7669752855 0.9690625695 -0.5529376649 201.2313160419 356.8364138205
1.8439066339 -0.9471699808 1.1522247373 549.6902950531 168.6519071140
1.4488983111 0.6617484764 1.0469220162 309.8853375807 77.3848031221
2.7059739807 -0.7331271193 0.7287971851 455.3526480480 226.3881274602
2.8833560441 2.6773336796 -0.2468877160 102.6442550132 237.5664254214
1.9496769023 -1.6101641628 0.3732577648 593.7645499635 293.6371890882
2.7832056284 2.7310910625 0.6875618561 112.0924813921 141.3473533607
0.7034332180 -0.0654622727 0.4930513506 535.7707554662 203.9889808707
1.9631750106 0.7384015444 -1.1730532119 231.1921666851 439.7125294774
2.7390766891 1.4458832406 -1.4800111153 189.1235693809 392.4043893165
1.6947515968 -1.6709432923 1.9441946478 690.6370753006 78.3099378881
1.3192468384 -0.5366856561 1.1335808896 559.7338583617 117.4412475685
2.3746660379 0.5242174031 1.6523616679 361.7284493245 86.6074094625
1.8809823717 2.0841163296 0.5893151287 72.3236948253 127.0993666663

gimbalangles:
-1.9519181067 -0.3309043723 -1.6959136490

end: