T_CW:
-0.0889782429 -0.9663574036 0.2413218614 0.1999335951
-0.0011723401 -0.2421810838 -0.9702303584 0.3926583450
0.9960328799 -0.0866123038 0.0204159477 -0.2357343765
0.0000000000 0.0000000000 0.0000000000 1.0000000000

T_CW_cov:
0.0000003453 0.0000000171 -0.0000000104 -0.0000000602 0.0000007329 0.0000000159
0.0000000171 0.0000002043 -0.0000000002 -0.0000005346 0.0000000354 -0.0000000522
-0.0000000104 -0.0000000002 0.0000002243 -0.0000000661 -0.0000000166 0.0000000017
-0.0000000602 -0.0000005346 -0.0000000661 0.0000019622 -0.0000001226 0.0000002427
0.0000007329 0.0000000354 -0.0000000166 -0.0000001226 0.0000020816 0.0000000605
0.0000000159 -0.0000000522 0.0000000017 0.0000002427 0.0000000605 0.0000006579

target_points_pix:
2.8469624497 -1.2706155376 -0.4268351525 471.4895029776 339.1080917036
1.2955616386 -1.4164051859 0.0125195018 674.5296075842 387.7804496457
2.9185907309 1.9178459633 1.8610296438 235.9149000766 60.2573539211
2.6305978994 -2.5336026126 1.4089481569 628.6156915575 206.3385652552
2.5591223247 -0.0443953625 0.5219552533 389.8515048816 228.6453350667
1.8324549851 0.5136414256 0.1050882143 307.4490039486 265.2393621427
2.2959027539 -0.3651612911 1.0377432566 443.9380117344 178.7436911535
2.3041003494 -2.2990699818 1.7052507894 652.3844842570 164.8642949844
2.2457088193 -0.2690198173 -1.2941584072 369.1041529563 446.6797776255
2.0176283046 -1.3083910700 2.4854543714 610.6302999367 27.0114360692
2.2385537561 -1.8200234489 -0.7064504535 555.4450833881 411.1096129685
2.8752574486 -1.5801047162 -0.1999385455 499.9400275267 323.9222767334
1.0143189639 -0.1834378360 0.2340703772 479.8394048543 303.1051685819
1.3939397812 -1.4548252074 -0.2639512733 644.4911776162 429.3125019402
2.6388940522 0.2859068827 0.6616028722 359.7585414405 207.0722027295
1.8436071198 -0.3614789899 -0.5329186283 413.6713320744 388.3790240939
2.6356910408 1.1581813945 0.7110316627 272.4364470729 178.7612983062
2.2974160006 1.1434337072 1.1115312662 272.2042587223 121.1470427014
1.8636994645 0.9851570773 0.8625067980 264.6772296824 132.9464539801
2.9486415274 -2.6758647837 -1.6358413215 552.8448840313 459.0347477812
2.4952987901 1.9204534977 1.3630564139 197.8485804546 79.7044864657
2.5258584135 -2.8592762385 -0.6116947642 624.7667797640 400.8244962668
2.8920798147 2.1378650829 -2.5311623147 100.5888816892 473.0276582064
2.7260240624 2.2495865463 -1.9352716347 86.4793368162 424.7555259107
2.3241395539 -2.8069241618 -0.5895953926 643.2452507648 411.2754367787
2.6278435143 1.8946618219 1.8255796272 222.1219348215 42.5944293986
2.6912848041 -2.1106228893 -0.6993441011 544.6813579667 385.8970857909
2.2863225682 -1.1407866103 2.4543879926 561.9571914175 50.0577379557
1.5889353798 -2.3704226469 0.0978376196 744.8911228548 375.0600744646
2.4841714159 1.4051269004 1.6262681959 264.2323653168 67.3620142460
2.7991553079 -1.1303929253 0.2989914414 476.8016908845 273.4374897223
2.3235776381 -0.6902499417 -1.1799127502 418.6171373249 434.2493998500
2.1983390802 1.3671984969 -1.0802983766 164.6967320648 387.3940118296
2.0950124471 -0.5055487376 0.8267820771 463.7692443334 202.9662487520
1.7824561088 1.2368809704 -0.1031601285 175.7555562884 271.9550285665
2.6588510636 -0.1466194073 -0.3037086062 378.2832753111 311.4276133467
2.2538497045 -0.9608366362 1.2047620648 514.4361576887 177.0586865214
2.3780720027 -0.0837965984 2.0767695085 438.5141307911 62.2690430095
2.9680979097 -2.4510036395 1.5364771412 593.8479830161 197.8411054199
2.8361755367 1.9949440335 -2.4556373968 112.3859946950 473.9077848413
2.0821692119 -1.0065134618 0.4658650749 512.7298188453 262.4076953340
1.2103062974 0.1184933070 0.6222756592 407.2168212740 179.6636604828
0.9923400970 0.5709656991 -0.1292795507 212.6644219434 370.1372238365
2.6984458114 1.3496573022 0.7124865195 254.5918915292 174.3509520705
1.6820117367 -2.6908657484 -0.4410075725 745.1121166375 453.3025409382
1.4393502068 -0.3605422360 0.5295601244 482.2182790194 232.4325692773
2.4819671509 -1.0003026340 -0.6462119426 458.2024564999 371.3454694515
2.4003927181 0.1999549924 -0.1597382894 347.4459988515 296.0646233717
1.6781638844 1.7635796532 -1.0815039641 7.9387194651 433.4211870160
2.8599623337 -1.4393414243 0.8130817700 509.2192577113 235.2253668019
2.8028733044 -1.8940930289 0.2984196099 539.3805113340 288.8444210056
2.2679231297 1.6166728105 1.6066018340 226.5253171980 42.6436522141
1.5339740108 -0.0088084180 1.0042570867 433.5134941857 132.7131528157
2.2683739193 1.5151538458 1.0720505343 222.9347652037 110.9072517912
2.8407462338 2.6756664027 -1.3199547291 68.8757855969 345.4442660900
2.5245239422 -1.9046691708 0.2882304037 560.9621668925 296.0655446636
1.2961433232 -0.2137759639 0.8682376054 486.0573726879 151.4019806785
2.5432224523 -0.6373923841 0.7409534547 454.0546062157 221.3875863223
2.9691898119 0.8306301282 -1.4718533968 262.6533218682 388.5118550513
1.9577623473 1.9570472736 1.2495788176 134.3062926159 39.9498014433
2.3703281476 -2.2094223224 -0.8768088657 576.5533665946 426.3127186413
2.5332886341 0.3624403137 -0.8886724309 311.5705899047 365.6236868965
2.7230803671 2.1668952310 -1.0932890004 119.1113525038 338.0871267171
1.9507874860 -0.6407648270 1.0479185312 496.8711221073 175.5606698539
1.3270867205 -0.5234995568 1.3446707796 565.5498192163 75.2443752946
2.8849499926 1.7528628131 -1.9172862492 156.5286440967 419.8695353414
1.6796342927 -1.3761458959 -0.5238268143 571.5544462593 432.1231357172
2.0330982211 1.2071025275 -0.3551796497 197.2753797915 303.4318507995
1.5235769822 -1.1851647188 1.3670204011 638.8937385051 128.5678729140
2.8384515790 -2.7845431762 0.8899561949 617.3198555733 256.4016814618
2.5609837967 -2.9277062911 -1.0449301538 617.2905785853 440.1500196716
1.7669752855 0.9690625695 -0.5529376649 201.3779969824 356.8365117222
1.8439066339 -0.9471699808 1.1522247373 549.7132085485 169.0907359523
1.4488983111 0.6617484764 1.0469220162 310.1958029672 77.5471971763
2.7059739807 -0.7331271193 0.7287971851 455.8218081604 226.4542737034
2.8833560441 2.6773336796 -0.2468877160 102.5311943589 237.4492020574
1.9496769023 -1.6101641628 0.3732577648 593.7273891028 294.4307551419
2.7832056284 2.7310910625 0.6875618561 111.9737588749 141.5911782209
0.7034332180 -0.0654622727 0.4930513506 536.1268637202 204.1386106336
1.9631750106 0.7384015444 -1.1730532119 231.1558701041 439.6516679525
2.7390766891 1.4458832406 -1.4800111153 189.2403119571 392.2111435243
1.6947515968 -1.6709432923 1.9441946478 690.0725192181 78.3359160996
1.3192468384 -0.5366856561 1.1335808896 559.6015971985 117.4850752700
2.3746660379 0.5242174031 1.6523616679 361.6624359322 86.1011286711
1.8809823717 2.0841163296 0.5893151287 72.5674274815 126.5390028539

gimbalangles:
1.6004776549 -0.3448857498 -0.0276953164

end: