T_CW:
0.4685127493 -0.8571257406 0.2140823872 -0.0255781353
-0.3627419631 0.0343200283 0.9312574316 0.0227039818
-0.8055520294 -0.5139626449 -0.2948361030 -0.0330268771
0.0000000000 0.0000000000 0.0000000000 1.0000000000

T_CW_cov:
0.0000004786 0.0000000551 -0.0000000092 -0.0000001244 0.0000010852 0.0000000157
0.0000000551 0.0000004311 -0.0000000056 -0.0000011622 0.0000001049 0.0000000123
-0.0000000092 -0.0000000056 0.0000002638 -0.0000000079 -0.0000000703 -0.0000000019
-0.0000001244 -0.0000011622 -0.0000000079 0.0000037853 -0.0000002234 0.0000000241
0.0000010852 0.0000001049 -0.0000000703 -0.0000002234 0.0000031151 0.0000000366
0.0000000157 0.0000000123 -0.0000000019 0.0000000241 0.0000000366 0.0000006399

target_points_pix:
-0.6320758571 -2.9734307655 -0.9551538105 589.1647120162 161.1029425910
-2.6364039434 -2.3323645090 1.6131212919 468.5259476137 445.4852391149
-0.7937816819 -1.6414176510 0.7071862127 601.1255179703 417.5063395039
-2.4509590965 0.8871749841 -2.1853645049 102.3927991453 115.4064705572
-1.1698605629 -0.0915581141 -1.3700899405 234.5669568288 91.8924834917
-0.2553136312 -1.9712086642 0.1715341730 712.2533934580 283.6598033108
-1.9323731186 -0.3012474738 -0.7481905140 269.2687904057 241.8226480812
-2.1173200533 -2.1447782396 -1.4060294826 414.8978659992 195.0025126877
-1.7590488229 -1.6158880204 -0.8003083999 411.6981713777 225.7094717975
-2.6734566750 -2.6265165695 1.2701937931 472.5763460626 402.6618385625
-2.7526374896 -2.4282561608 -2.0502608060 394.5923086050 181.4300725175
-2.9630438574 1.2498685434 0.2703220651 15.4071866301 446.3364543550
-0.4132450863 -1.6619243622 -0.3975132155 588.5215771486 191.4346827174
-2.8002920322 -2.7177990940 0.7087254771 456.8589226666 353.3875959597
-2.2493776015 -2.3923425776 1.7472308018 505.8684867025 470.8776599666
-2.6318751097 -0.2406755511 -1.7765257254 248.4379701299 178.7276356965
-0.4611632066 -1.2374349928 0.2883990725 615.0060147643 352.6853960426
-0.8863209803 -2.2520445289 0.3132015694 590.5689943891 316.8067256387
-2.1289845198 -2.0063977310 0.0907732718 440.1272403399 312.5581796513
-2.4349464755 0.7633696205 -1.9950480928 119.5383596955 134.2102879850
-1.5006224968 -2.7756126823 -1.2469839680 487.8722423100 182.8961684804
-2.9891561525 1.0928385460 -1.1234454871 81.4441134979 250.5770038884
-1.9740008485 0.2407913313 0.2379810357 178.6120361841 411.3131761546
-2.5927084704 -2.6493188930 -0.8510426906 431.2715079417 244.5259806787
-1.4003785247 -0.3736922668 -0.7233151088 291.8993714708 214.4797021161
-0.3665870185 -2.4417945195 -0.7850897223 614.4182570601 148.5045100919
-0.8431574331 -1.9395949874 -1.4799140705 483.2645151455 109.4393600676
-2.6437567343 -2.7994983705 -2.3091975591 411.9641572635 167.3206451499
-2.7741509670 -2.0402444891 -0.1757024121 403.4373034165 297.9192293026
-1.9646052403 -2.0029863434 -1.3242917964 415.0445897229 193.6603586406
-0.7482836631 -2.2901477881 -2.3809329031 481.7985185411 42.0182158304
-0.5278049365 -2.9772354716 -1.6874461611 566.7976084479 93.5470585439
-1.8905943680 -2.4627044847 -2.4214448040 422.7895167487 125.8707446235
-1.5747020397 0.3647896395 -2.1186734669 154.1086434815 42.0630014934
-1.5873220287 -2.6442079861 1.2926729153 568.1177333528 425.7031925263
-0.4042982512 -2.7503468765 -0.9514857109 611.5433941041 140.5561866617
-2.9933007186 -2.9934415882 -2.4369486571 407.8205856343 173.7008719317
-0.9505699837 -1.1068315995 -0.2186933854 451.4324435033 261.5422411182
-2.5954390840 0.9615306910 -1.9993108423 94.8333445471 142.2705930026
-0.5276153481 -2.5064104042 -2.0030443754 529.3859597782 54.2916248352
-1.2146827552 0.4313236250 0.0528315889 50.0604744278 419.6191045975
-2.4795398100 0.0634801912 0.4110664761 220.9821116580 413.9307821538
-1.9262396669 -0.5333356992 0.4900413074 321.0995091053 409.8683944782
-0.1425061998 -1.1158049670 -0.6788600397 578.5405205228 71.1475078242
-0.9856763569 -0.5848182569 -0.8305814883 345.2786537281 162.8982203981
-1.0606481474 -2.1885100011 0.3504036302 562.5883763635 326.0528148241
-2.8798376111 -2.4797889453 0.6139716428 438.2969135718 350.5205738020
-2.3495685473 0.3594685558 -2.9255488728 178.6128477689 64.3704195265
-1.2272046121 -1.5636394124 -2.1282380772 404.0931329865 80.6035769566
-1.7586502624 -2.0947587884 0.1629999156 473.6384982999 313.9210923948
-2.4637418305 -2.7427375996 0.0218696577 460.2053054350 300.0419183108
-2.1679331945 -2.2497089087 -2.4883330897 399.0552725432 132.9268825262
-1.2502089736 -0.4633432231 -1.6307261334 294.5685713677 88.0783308250
-1.7725763211 0.1321032521 -2.5127218453 199.2771692281 44.0390826852
-2.0098147786 -2.3425078733 -0.2469870441 458.9114056253 276.9428087872
-2.9469886051 -0.0556582209 -2.3291306646 228.3885716252 154.3717592991
-2.2714974815 -1.5754805292 -0.3708202209 391.9099358701 279.3849094546
-2.2906387154 -1.9032725139 -2.9466558645 368.4941735167 110.6170922819
-2.9188407590 -1.3810012220 1.0839570419 377.4264628240 422.2561387718
-0.3936100835 -1.1881348723 -1.5631378304 459.4956674064 2.1394932858
-1.4161008387 -2.1674853346 0.4832161336 523.4923446111 345.8035120713
-2.0786952816 -1.2439389284 -2.8570242590 333.5375382659 90.5116048568
-1.5563505293 -2.3259772891 0.0237559221 499.8990663218 292.8556717717
-1.9296688539 -1.8920561824 -1.4908164832 406.2208451767 179.4768088756
-1.8553364985 -2.2370036957 -1.3848175939 433.4878441308 185.8911019082
-1.1895189559 -0.0584733151 -0.8465864265 231.8583950525 171.9578557091
-2.1610756819 -2.5467967732 -1.5818627512 431.4266726302 186.8877916127
-0.7896994598 -0.6712832293 -1.4482634684 352.2893702839 53.1714671391
-0.4784341868 -2.0935500770 0.3372802366 669.5594615733 319.6086670426
-2.9458023404 -0.1409691835 0.5459986167 249.6211556304 411.1744812984
-2.0809982885 -2.3007220402 -1.1211365928 430.8278852991 213.2977799915
-1.7593186310 0.6483982310 -1.4034331411 93.9009528063 136.7714417985
-0.5766055598 -2.9777220371 0.7269098261 709.1751143938 351.0535305059
-1.2283828643 -2.6822559147 -2.2808022666 472.6174912374 99.0177158312
-1.2496893304 -1.2176234362 0.9201692519 489.9084549008 474.6140403042
-2.4005462004 -1.4231052476 -1.7722446267 351.5311859317 177.6658327271
-1.0519031372 -0.6309223896 -1.1260086692 339.2399441782 130.2498551636
0.0229598532 -2.2709885252 -1.3699846470 636.2987160118 26.2744270141
-2.5222100225 -0.7635231769 -2.4214857334 291.9888910953 134.8889527329
-2.3709911216 0.7873857488 -1.7873182151 110.1096002515 147.6830593215
-2.1351115329 0.3711751050 -2.8548084772 173.2735860519 48.2352090143
-2.3524978632 -0.4190901020 -0.6763358060 277.9865430228 264.2504152624
-1.7962047277 -1.0397187367 -0.0814019688 376.0787658130 308.6733837681
-2.5730577092 -2.3438354084 1.3885911678 467.1098248524 424.5736618172
-2.4323608169 -2.8139920343 -0.8519714480 446.2364958221 240.6340321423
-2.5794207443 -2.5586017987 0.5377249120 456.5222493172 343.3009343263
-2.2583880082 -1.9579383648 0.2674464298 433.5691640687 330.7367818153
-1.1873207592 -1.9520912279 0.6023171523 543.6055047998 370.2731796261
-1.4994475505 -0.9512953885 -2.1558872977 335.8827037197 84.6904054808
-0.7268183569 -2.5035628023 0.7114419446 661.8266737991 367.5395820638
-1.9858815282 -1.4791766923 -1.1752089238 381.0034479190 203.1082855633
-0.2655979503 -2.6868276852 -2.0208468826 567.6978633265 31.7187044012
-2.2862629253 -0.2226837426 -1.4929258470 250.0825128345 183.9191141763

gimbalangles:
-2.8349387093 -0.2157095875 -0.5002077501

end: