T_CW:
0.4046409574 -0.8214227821 0.4019083336 -0.0212160969
0.8020847743 0.5298907079 0.2754557177 -0.0175449290
-0.4392330934 0.2109038897 0.8732661902 0.0134117765
0.0000000000 0.0000000000 0.0000000000 1.0000000000

T_CW_cov:
0.0000004814 -0.0000000503 -0.0000000397 0.0000000785 0.0000010819 0.0000000409
-0.0000000503 0.0000003359 0.0000000101 -0.0000009556 -0.0000000638 0.0000000303
-0.0000000397 0.0000000101 0.0000002110 -0.0000000329 -0.0000001138 -0.0000000035
0.0000000785 -0.0000009556 -0.0000000329 0.0000033245 0.0000000333 -0.0000000177
0.0000010819 -0.0000000638 -0.0000001138 0.0000000333 0.0000030298 0.0000000728
0.0000000409 0.0000000303 -0.0000000035 -0.0000000177 0.0000000728 0.0000005756

target_points_pix:
-2.8948441399 0.6269529752 1.2765981320 261.1857870516 81.4184211987
-1.7842749994 0.3589897521 1.3896783254 320.0259500772 137.9915134121
0.4101131736 0.5362741924 2.2116901022 451.6963449594 394.8078885653
0.3768682695 1.5477426008 2.0531356562 336.3862580912 444.9814360699
-2.7560724588 -1.2194953932 1.9192833866 433.8234482707 25.1179415657
0.0462699197 -0.8578527772 1.6217053210 641.7005333695 242.0530924963
0.9456625691 1.7601532697 2.9743486518 385.7624125313 474.5330531268
-2.3803740549 2.2241037003 1.1999952244 156.7046568378 200.4858470562
-1.6797658353 0.4497206555 0.9246442775 273.3926681167 112.2455526534
-0.1910322562 1.2311524432 2.2972743069 356.1757821599 353.4943012342
-2.9630438574 1.2498685434 0.2703220651 90.2344243552 18.1793591454
0.8211055262 1.2423480346 2.5425745515 410.8744689353 466.2718502466
0.1060971975 -1.5869797388 2.1014893325 732.9274327597 207.3297916618
-0.8454043785 2.6955158446 1.3401100284 143.0530694293 364.9860650007
-2.1145543690 2.5368280306 1.6527436758 185.5744616979 246.6100347531
-0.1801198384 -0.5479985749 1.3114649932 565.4945556616 220.0040703385
0.2911990845 0.4534318924 1.9094584180 447.4629605861 383.6404099322
0.4256399553 -1.6947218047 2.8575435986 706.6262088548 265.6206115297
-1.9416308981 -1.1170647662 2.7064884155 472.1047919351 124.9017265568
-2.1987197781 2.6869103662 1.2249913925 132.0120312422 237.4707967769
0.3042496640 -0.7297572688 1.2382640873 734.4720477276 293.8434017893
-0.2146575641 -0.5046357991 1.9549094726 529.7553473935 251.0724716355
-1.8055531173 -2.3431906182 2.2358729284 596.5816925228 16.0265895337
-0.8437154314 1.5526174756 2.5041567278 322.4390469903 307.7682700455
-1.4715007191 1.0947300271 1.7225109219 291.9595552227 224.7785073764
-1.6281093659 -0.3303049794 1.0078361132 374.6567470156 47.7903387441
-2.4109286583 1.5240721805 0.6122623179 124.0706479946 117.0859798424
-0.4403439149 0.7830369850 1.9775365700 369.5895332995 307.5413474304
0.3802981729 -1.2987431511 2.1045967176 726.1488482147 270.2650096406
-1.9557092750 -0.1852068968 1.1358403326 348.5342845938 57.9979061873
-0.9402351494 -1.2005288970 2.4392588703 539.5400115689 162.4561203084
-0.3089028941 2.6625183818 2.6735419307 275.1298554437 389.1174733935
-0.3823346286 -2.6004217608 2.8138227545 732.8888197207 132.1872445451
0.3581181741 0.7410917287 2.9171161179 439.9502305290 377.8076858885
-0.8537239679 1.5280305348 1.0098617859 190.5549765416 298.0734134951
-0.2089443667 -2.2213772583 2.7520224592 710.6252394729 167.7629127000
0.0001974302 0.4256021854 2.6457210473 445.1714005811 333.8807573722
-1.8400861476 0.6802285019 2.7417002054 359.3042493070 212.1802483668
0.0799047365 -1.4043005573 2.5796705873 650.1887278513 241.3559163328
-2.2600804841 2.7042386112 2.9957597684 262.7086754757 264.2846237913
-2.2552646269 1.6043643505 1.8194632491 249.7674038333 200.5206214677
-0.4663553090 -0.8967115007 0.8784296744 642.4026930734 49.8586745755
-0.7198827339 0.7791230628 0.4858749195 176.2050195721 226.6612415590
-1.2364746597 -0.8307857292 2.2308155062 485.1263193708 152.4020075836
-1.8310523068 -0.1889451984 1.5644050636 377.5221281577 109.3465488387
-1.4178930604 0.5616682054 2.3963558138 367.5334274478 223.0001923959
-2.6261878393 -0.7849814902 2.7541684472 422.5157090298 112.8209730736
-0.2121167416 1.7897788713 0.8297268490 126.5408897249 437.5169376830
-2.3787147104 0.3569107646 2.5683948238 357.5456542257 165.7738893492
0.0114893594 1.4849654352 2.7194465450 362.5015608119 376.3530746728
-1.0463656283 2.8561966183 2.4513405431 239.4678966969 339.6613296362
-1.3853892513 2.8067198839 2.5439830716 243.8213806793 314.2130555560
-2.4055301863 0.9708260692 2.4281034256 317.1669485065 185.0108058832
-1.2099097975 -2.5639048038 2.8155812467 643.0409025136 85.5348271741
-1.3300249498 2.5741901058 1.1257362683 122.2325133109 306.8985990882
0.5781786926 0.7674459552 2.0919120920 433.8433958711 437.1545609136
0.3612892001 1.9794375196 1.7997934799 273.1688500998 477.7323845415
-1.2276053261 2.6819769802 0.8135725963 58.4157548860 324.3648195198
-2.3268183976 1.7937684323 2.5591340519 282.2097263878 224.4130275683
-0.6125680017 0.4219487398 1.6907229199 383.3146823315 263.1198665359
-0.7909341437 1.6858794598 2.4060578815 310.1956151307 317.6777271042
-0.6810045623 -1.9562404295 2.2617881460 661.6114981349 113.7578268116
0.5836029694 -0.4548003720 2.6430373429 578.5414266035 354.7734308133
-1.8196517110 0.4238616465 0.7629712756 252.0587488871 78.4056808262
-0.9064956900 1.3399447130 1.3053989599 248.1971748979 282.2792020587
-1.7250105261 1.3799615575 1.7287495262 266.2457295848 221.3035760065
-0.5327274467 1.8078641803 2.4510237977 310.9794988893 343.4686726881
0.8867691270 -0.1269636338 2.4130534049 575.5890922424 422.6037161342
-2.0168399528 -0.7930379665 1.4646715140 423.9455907014 41.0743853695
0.0615378091 1.2928000387 1.6921680272 322.7272138914 404.1537053626
-1.8473174646 1.5680524798 0.7082291128 133.5576889731 175.0435944799
0.3863538972 0.6004048737 2.4777203984 447.8447330756 386.6087819746
-1.0407025969 1.8511915990 0.7612577383 112.5479613121 293.2691883707
-2.1579012616 2.6158550684 1.2160301151 135.2325157646 237.0571668137
-2.1605879291 -0.8868400575 2.0349525460 437.1144521833 82.0282642286
-1.0231969654 -0.6532888771 1.3941302240 478.9780514402 113.8368723745
-2.4747552270 1.7971304399 1.5320622131 213.7764541731 185.6606897814
-2.8987142952 2.4095418038 2.8717692845 261.6541851364 224.0901468666
-0.0697798789 0.3330106119 2.1652521284 441.3701350038 323.7592061480
-0.8258884787 1.9551499206 2.9404138368 318.7901190829 323.9178943210
0.0760607588 1.1070308493 1.1084568367 281.9482175136 431.0026637859
-2.6748752440 -2.4932236144 2.6376832354 539.0061079923 14.2604871844
-1.3015980204 -0.4775983353 1.9294706893 444.0999549392 152.2447671206
-1.4769533415 0.8018814294 2.2416422603 342.7358394320 225.9368192664
-1.2490170593 1.8097791482 2.9824056964 319.8831134601 291.4798170290
-1.1180691055 -2.3775737935 1.9674464230 694.2282205340 10.2281446568
-0.8810201176 -1.1056814359 1.4752285971 562.3086592691 89.6713225569
0.5907485963 -0.3012064055 2.8976125351 552.9645410296 358.8991433307
-1.6522343275 -1.1665498691 1.5140104995 491.7099427319 34.0761179014
-2.5526482625 1.6899305882 2.4297630987 277.1844035841 205.9729041364
-2.9155772865 1.8015255028 0.9202060444 149.6664899238 127.5086251351
-2.2550310878 2.7469332465 2.5621232452 238.5827414447 260.5822500361
-0.8731389884 -0.7814524095 2.0937015579 505.7896044468 174.0649793718
-1.6404500805 -1.0437677291 1.8670063384 478.8924407387 84.7217292178
-1.9208082146 1.6423306677 1.6909841948 242.8474011817 219.9033297954
-1.5057213679 1.4881960724 0.1935683238 4.5523090856 159.5629487465
-0.2705378639 1.4697607094 2.7967741969 357.4326753115 349.8119836712
-0.6234941816 -2.3304749221 2.5405973644 694.9020578535 112.9468031960
-0.3200082119 0.9773080063 1.1397837352 286.6939902407 339.3199852536
-1.5110241473 -1.3140682982 1.4522052634 524.4356645281 18.4680345140
-0.9075675655 -0.5141792791 2.0537428217 474.5593454896 187.2562110021
-2.8451823330 1.0493991114 0.7078918140 173.5048833637 62.0558173437
-1.0390669904 2.4980477584 1.6226163434 190.5025973755 331.5707316541
-0.1459639570 2.6501550755 1.2960006555 138.1065689692 462.2445620990

gimbalangles:
1.8761173129 -0.4135290869 -0.4578343787

end: