T_CW:
-0.0888994321 -0.9664593735 0.2409422552 0.2001005797
-0.0010811119 -0.2418062634 -0.9703239470 0.3923460676
0.9960400204 -0.0865217334 0.0204515888 -0.2355145952
0.0000000000 0.0000000000 0.0000000000 1.0000000000

T_CW_cov:
0.0000003455 0.0000000171 -0.0000000105 -0.0000000602 0.0000007334 0.0000000158
0.0000000171 0.0000002044 -0.0000000002 -0.0000005348 0.0000000354 -0.0000000521
-0.0000000105 -0.0000000002 0.0000002243 -0.0000000661 -0.0000000167 0.0000000017
-0.0000000602 -0.0000005348 -0.0000000661 0.0000019632 -0.0000001227 0.0000002426
0.0000007334 0.0000000354 -0.0000000167 -0.0000001227 0.0000020831 0.0000000602
0.0000000158 -0.0000000521 0.0000000017 0.0000002426 0.0000000602 0.0000006583

target_points_pix:
2.8469624497 -1.2706155376 -0.4268351525 471.0971951049 339.4845324421
1.2955616386 -1.4164051859 0.0125195018 674.4154752812 387.4039570911
2.9185907309 1.9178459633 1.8610296438 235.9734270704 60.9170562922
2.6305978994 -2.5336026126 1.4089481569 628.1343642650 206.0608672058
2.5591223247 -0.0443953625 0.5219552533 390.0580088435 228.6128352768
1.8324549851 0.5136414256 0.1050882143 307.4989198561 264.9805623895
2.2959027539 -0.3651612911 1.0377432566 443.9649736117 178.9061052432
2.3041003494 -2.2990699818 1.7052507894 652.1008847798 164.8783964251
2.2457088193 -0.2690198173 -1.2941584072 369.1810865494 446.4627175605
2.0176283046 -1.3083910700 2.4854543714 610.5696116186 26.9633951659
2.2385537561 -1.8200234489 -0.7064504535 555.2619590584 411.1889836466
2.8752574486 -1.5801047162 -0.1999385455 500.2593129941 324.1405514514
1.0143189639 -0.1834378360 0.2340703772 479.7528342374 303.2559823366
1.3939397812 -1.4548252074 -0.2639512733 644.6596004568 429.1940824972
2.6388940522 0.2859068827 0.6616028722 359.8478504351 206.7241200580
1.8436071198 -0.3614789899 -0.5329186283 413.6004071624 388.3653036824
2.6356910408 1.1581813945 0.7110316627 272.2092913847 178.7388813491
2.2974160006 1.1434337072 1.1115312662 272.0570879780 121.9255872032
1.8636994645 0.9851570773 0.8625067980 264.8203008086 133.0871215784
2.9486415274 -2.6758647837 -1.6358413215 553.0024317228 458.3190973079
2.4952987901 1.9204534977 1.3630564139 197.7171656039 79.5621440711
2.5258584135 -2.8592762385 -0.6116947642 624.6307036869 400.8315297603
2.8920798147 2.1378650829 -2.5311623147 100.8660477102 472.8316426167
2.7260240624 2.2495865463 -1.9352716347 86.3514146305 425.0761057855
2.3241395539 -2.8069241618 -0.5895953926 643.2543172863 411.3015470205
2.6278435143 1.8946618219 1.8255796272 222.6200147898 42.4686096155
2.6912848041 -2.1106228893 -0.6993441011 544.7956133132 385.6060189612
2.2863225682 -1.1407866103 2.4543879926 562.0123157664 50.1023717823
1.5889353798 -2.3704226469 0.0978376196 744.6976152231 374.9363031083
2.4841714159 1.4051269004 1.6262681959 264.0359289504 67.7465399958
2.7991553079 -1.1303929253 0.2989914414 477.2984841688 273.0433584812
2.3235776381 -0.6902499417 -1.1799127502 418.7492940323 434.1121548679
2.1983390802 1.3671984969 -1.0802983766 165.0988203427 387.0156199605
2.0950124471 -0.5055487376 0.8267820771 463.9751581062 202.4572420108
1.7824561088 1.2368809704 -0.1031601285 175.6400461839 272.4445010525
2.6588510636 -0.1466194073 -0.3037086062 378.6486911961 311.3163635155
2.2538497045 -0.9608366362 1.2047620648 514.5737755090 177.0699142658
2.3780720027 -0.0837965984 2.0767695085 438.4816370888 61.4727611557
2.9680979097 -2.4510036395 1.5364771412 593.5329478582 197.7401719377
2.8361755367 1.9949440335 -2.4556373968 112.4117642647 473.4802399621
2.0821692119 -1.0065134618 0.4658650749 513.1888530137 262.3043431936
1.2103062974 0.1184933070 0.6222756592 407.1003274481 179.5710810035
0.9923400970 0.5709656991 -0.1292795507 213.0233300341 369.9520609167
2.6984458114 1.3496573022 0.7124865195 254.4840474412 174.7959493011
1.6820117367 -2.6908657484 -0.4410075725 745.4777118208 453.0249082000
1.4393502068 -0.3605422360 0.5295601244 481.9395696756 232.5374260494
2.4819671509 -1.0003026340 -0.6462119426 457.7684805372 371.1547662451
2.4003927181 0.1999549924 -0.1597382894 347.3755377533 296.0530687632
1.6781638844 1.7635796532 -1.0815039641 7.6255689688 433.6973273829
2.8599623337 -1.4393414243 0.8130817700 510.3263626433 234.7600052259
2.8028733044 -1.8940930289 0.2984196099 539.4039119890 289.1358292815
2.2679231297 1.6166728105 1.6066018340 226.6036165821 42.8361141122
1.5339740108 -0.0088084180 1.0042570867 433.3929046761 132.2639292951
2.2683739193 1.5151538458 1.0720505343 222.7317068181 110.8961330147
2.8407462338 2.6756664027 -1.3199547291 69.1614400638 345.5251016438
2.5245239422 -1.9046691708 0.2882304037 561.7362221658 295.9780048541
1.2961433232 -0.2137759639 0.8682376054 486.4733329913 151.1260080037
2.5432224523 -0.6373923841 0.7409534547 454.0726571477 221.8745249982
2.9691898119 0.8306301282 -1.4718533968 262.4430689257 388.6179207485
1.9577623473 1.9570472736 1.2495788176 134.5404238040 40.1382626762
2.3703281476 -2.2094223224 -0.8768088657 576.9897694625 426.3086262251
2.5332886341 0.3624403137 -0.8886724309 311.8958682275 365.2665143612
2.7230803671 2.1668952310 -1.0932890004 119.3101620256 338.3199500525
1.9507874860 -0.6407648270 1.0479185312 496.8920846342 175.8912205137
1.3270867205 -0.5234995568 1.3446707796 565.3209491678 75.2369360375
2.8849499926 1.7528628131 -1.9172862492 156.4526124950 420.0521742198
1.6796342927 -1.3761458959 -0.5238268143 571.7947686938 432.3564513871
2.0330982211 1.2071025275 -0.3551796497 197.4821641207 302.9958241269
1.5235769822 -1.1851647188 1.3670204011 638.7617906367 128.4236331862
2.8384515790 -2.7845431762 0.8899561949 617.5820936309 256.3266377456
2.5609837967 -2.9277062911 -1.0449301538 617.5405043657 439.9727461435
1.7669752855 0.9690625695 -0.5529376649 201.5593095869 356.7533364914
1.8439066339 -0.9471699808 1.1522247373 549.6546737673 168.8955924962
1.4488983111 0.6617484764 1.0469220162 309.9695830819 77.5242683287
2.7059739807 -0.7331271193 0.7287971851 455.5380578523 226.1202225031
2.8833560441 2.6773336796 -0.2468877160 102.7532814454 238.0211405756
1.9496769023 -1.6101641628 0.3732577648 593.6221771220 294.0318946254
2.7832056284 2.7310910625 0.6875618561 111.6890770906 141.5086205060
0.7034332180 -0.0654622727 0.4930513506 536.0536757916 203.8594216446
1.9631750106 0.7384015444 -1.1730532119 231.3332665183 439.5444263492
2.7390766891 1.4458832406 -1.4800111153 189.2750759316 392.3442638908
1.6947515968 -1.6709432923 1.9441946478 690.5223726853 78.4181467314
1.3192468384 -0.5366856561 1.1335808896 559.3456795527 117.9616770858
2.3746660379 0.5242174031 1.6523616679 361.6957303011 86.5656840332
1.8809823717 2.0841163296 0.5893151287 72.3255895519 126.8147145797

gimbalangles:
1.5156504233 0.3898045697 -1.6297882596

end: