T_CW:
-0.0889378604 -0.9664196622 0.2410873152 0.1997206810
-0.0011894547 -0.2419432798 -0.9702896653 0.3926088196
0.9960364663 -0.0865822492 0.0203684053 -0.2357547350
0.0000000000 0.0000000000 0.0000000000 1.0000000000

T_CW_cov:
0.0000003301 0.0000000052 -0.0000000113 -0.0000000348 0.0000007044 0.0000000051
0.0000000052 0.0000001950 -0.0000000003 -0.0000005150 0.0000000129 -0.0000000608
-0.0000000113 -0.0000000003 0.0000002168 -0.0000000605 -0.0000000150 0.0000000023
-0.0000000348 -0.0000005150 -0.0000000605 0.0000019175 -0.0000000770 0.0000002599
0.0000007044 0.0000000129 -0.0000000150 -0.0000000770 0.0000020269 0.0000000396
0.0000000051 -0.0000000608 0.0000000023 0.0000002599 0.0000000396 0.0000006499

target_points_pix:
2.8469624497 -1.2706155376 -0.4268351525 471.1972274367 339.1655594423
1.2955616386 -1.4164051859 0.0125195018 675.0104952902 387.5859040344
2.9185907309 1.9178459633 1.8610296438 236.0758692249 60.5487106624
2.6305978994 -2.5336026126 1.4089481569 628.0265659520 206.2004210984
2.5591223247 -0.0443953625 0.5219552533 390.2321838443 228.4225689780
1.8324549851 0.5136414256 0.1050882143 307.6823286635 265.6430039280
2.2959027539 -0.3651612911 1.0377432566 444.1287817367 178.8058189286
2.3041003494 -2.2990699818 1.7052507894 652.6745366924 164.5418974976
2.2457088193 -0.2690198173 -1.2941584072 369.2060111858 446.9907319175
2.0176283046 -1.3083910700 2.4854543714 610.4749410670 26.6453626407
2.2385537561 -1.8200234489 -0.7064504535 555.3460517541 410.8523925313
2.8752574486 -1.5801047162 -0.1999385455 500.0345045331 324.2861903875
1.0143189639 -0.1834378360 0.2340703772 479.5091226356 303.1825053258
1.3939397812 -1.4548252074 -0.2639512733 644.5021209287 429.3083477161
2.6388940522 0.2859068827 0.6616028722 360.0633403640 207.0683253439
1.8436071198 -0.3614789899 -0.5329186283 413.1513224810 387.7429372617
2.6356910408 1.1581813945 0.7110316627 272.0535109437 178.3183068018
2.2974160006 1.1434337072 1.1115312662 272.2673907818 121.2526194243
1.8636994645 0.9851570773 0.8625067980 264.6385823488 133.1161132437
2.9486415274 -2.6758647837 -1.6358413215 552.7725744587 458.3692417013
2.8400527988 2.3293742471 -2.5758741647 72.7585267583 479.8811360949
2.4952987901 1.9204534977 1.3630564139 197.8947437894 79.8089709365
2.5258584135 -2.8592762385 -0.6116947642 624.5190691386 400.4111779161
2.8920798147 2.1378650829 -2.5311623147 100.8629846960 473.2857347710
2.7260240624 2.2495865463 -1.9352716347 86.3592969843 425.1705175938
2.3241395539 -2.8069241618 -0.5895953926 643.7199456804 411.0160260608
2.6278435143 1.8946618219 1.8255796272 222.6314809428 42.2293320398
2.6912848041 -2.1106228893 -0.6993441011 544.5782890249 385.5594686415
2.2863225682 -1.1407866103 2.4543879926 561.9290529383 49.9532570414
1.5889353798 -2.3704226469 0.0978376196 744.3079581055 374.9627364307
2.4841714159 1.4051269004 1.6262681959 264.3475792060 67.7295191853
2.7991553079 -1.1303929253 0.2989914414 476.9545939396 273.5754639314
2.3235776381 -0.6902499417 -1.1799127502 418.3365285649 434.1052047917
2.1983390802 1.3671984969 -1.0802983766 164.7194710331 387.0391854701
2.0950124471 -0.5055487376 0.8267820771 463.9971387565 202.8131151647
1.7824561088 1.2368809704 -0.1031601285 175.9335252499 272.1009069311
2.6588510636 -0.1466194073 -0.3037086062 378.3527392157 311.1661886928
2.2538497045 -0.9608366362 1.2047620648 514.3462880848 177.5164706907
2.3780720027 -0.0837965984 2.0767695085 438.1743503888 61.5905358799
2.9680979097 -2.4510036395 1.5364771412 593.5209556820 197.8390365864
2.8361755367 1.9949440335 -2.4556373968 112.1910817133 473.3945236176
2.0821692119 -1.0065134618 0.4658650749 512.5220203481 262.3938127742
1.2103062974 0.1184933070 0.6222756592 406.9142471361 179.3465730347
0.9923400970 0.5709656991 -0.1292795507 212.1692267000 370.3261248490
2.6984458114 1.3496573022 0.7124865195 254.7803148443 175.2028625107
1.6820117367 -2.6908657484 -0.4410075725 745.0996729607 453.1774064513
1.4393502068 -0.3605422360 0.5295601244 482.0484242060 232.6963042596
2.4819671509 -1.0003026340 -0.6462119426 458.0428022795 371.2829552083
2.4003927181 0.1999549924 -0.1597382894 347.1708074242 295.7077069659
1.6781638844 1.7635796532 -1.0815039641 8.0646972014 433.9464803796
2.8599623337 -1.4393414243 0.8130817700 509.9785512089 235.0854236310
2.8028733044 -1.8940930289 0.2984196099 539.7552066824 289.2341645134
2.2679231297 1.6166728105 1.6066018340 226.8009488204 42.0765113202
1.5339740108 -0.0088084180 1.0042570867 432.9643549947 132.3116200657
2.2683739193 1.5151538458 1.0720505343 223.0108330566 110.9720523113
2.8407462338 2.6756664027 -1.3199547291 69.0057218872 345.6543616050
2.5245239422 -1.9046691708 0.2882304037 562.0942827839 295.8068309797
1.2961433232 -0.2137759639 0.8682376054 486.1533673090 151.1808015298
2.5432224523 -0.6373923841 0.7409534547 454.0379316641 222.2009351768
2.9691898119 0.8306301282 -1.4718533968 262.4832854421 389.4243845831
1.9577623473 1.9570472736 1.2495788176 134.5274312821 39.9294915152
2.3703281476 -2.2094223224 -0.8768088657 576.5591425867 426.2738388666
2.5332886341 0.3624403137 -0.8886724309 311.6056739607 365.3183098325
2.7230803671 2.1668952310 -1.0932890004 119.2413491048 338.3087734100
1.9507874860 -0.6407648270 1.0479185312 496.8281172700 175.3339689261
1.3270867205 -0.5234995568 1.3446707796 565.5912657912 75.6444542793
2.8849499926 1.7528628131 -1.9172862492 156.5173036994 420.0999873133
1.6796342927 -1.3761458959 -0.5238268143 571.4401933215 432.2908189725
2.0330982211 1.2071025275 -0.3551796497 197.4250697276 303.7077290942
1.5235769822 -1.1851647188 1.3670204011 638.7743933663 128.4493166555
2.8384515790 -2.7845431762 0.8899561949 617.4599773952 256.6163604633
2.5609837967 -2.9277062911 -1.0449301538 617.2977903698 440.0057455843
1.7669752855 0.9690625695 -0.5529376649 201.2840231657 356.8517270078
1.8439066339 -0.9471699808 1.1522247373 549.4895218458 168.9003039685
1.4488983111 0.6617484764 1.0469220162 309.9904106856 77.5278099513
2.7059739807 -0.7331271193 0.7287971851 455.7036142284 226.0515360679
2.8833560441 2.6773336796 -0.2468877160 102.7121810596 237.9187112155
1.9496769023 -1.6101641628 0.3732577648 593.8535194528 294.2061977312
2.7832056284 2.7310910625 0.6875618561 111.5587614500 141.3475033474
0.7034332180 -0.0654622727 0.4930513506 536.1166074175 203.7366288132
1.9631750106 0.7384015444 -1.1730532119 231.2288076849 439.4407968908
2.7390766891 1.4458832406 -1.4800111153 188.9467477782 392.0923778490
1.6947515968 -1.6709432923 1.9441946478 690.3115409330 78.4403461653
1.3192468384 -0.5366856561 1.1335808896 559.3969533163 117.9861108361
2.3746660379 0.5242174031 1.6523616679 361.6208457085 86.4113743516
1.8809823717 2.0841163296 0.5893151287 72.4373302210 126.5590259228

gimbalangles:
-2.8349387093 -0.2157095875 -0.5002077501

end: