T_CW:
-0.0889161084 -0.9664147502 0.2411150272 0.2001320014
-0.0012541821 -0.2419650306 -0.9702841599 0.3928071626
0.9960383289 -0.0865762937 0.0203025289 -0.2355992420
0.0000000000 0.0000000000 0.0000000000 1.0000000000

T_CW_cov:
0.0000003302 0.0000000052 -0.0000000113 -0.0000000349 0.0000007046 0.0000000052
0.0000000052 0.0000001951 -0.0000000003 -0.0000005152 0.0000000129 -0.0000000608
-0.0000000113 -0.0000000003 0.0000002169 -0.0000000606 -0.0000000151 0.0000000023
-0.0000000349 -0.0000005152 -0.0000000606 0.0000019183 -0.0000000771 0.0000002601
0.0000007046 0.0000000129 -0.0000000151 -0.0000000771 0.0000020275 0.0000000398
0.0000000052 -0.0000000608 0.0000000023 0.0000002601 0.0000000398 0.0000006501

target_points_pix:
2.8469624497 -1.2706155376 -0.4268351525 471.0439991676 339.4916736037
1.2955616386 -1.4164051859 0.0125195018 674.3555911106 388.0169057282
2.9185907309 1.9178459633 1.8610296438 235.7077895652 60.5837986281
2.6305978994 -2.5336026126 1.4089481569 628.1129563374 206.1817488701
2.5591223247 -0.0443953625 0.5219552533 390.0704570377 228.4231879160
1.8324549851 0.5136414256 0.1050882143 307.3315430705 265.1605643152
2.2959027539 -0.3651612911 1.0377432566 444.2193798160 178.8046676760
2.3041003494 -2.2990699818 1.7052507894 652.4357444322 165.1070873420
2.2457088193 -0.2690198173 -1.2941584072 369.2264831583 446.5377992022
2.0176283046 -1.3083910700 2.4854543714 610.4909762127 26.9592581466
2.2385537561 -1.8200234489 -0.7064504535 555.4034161523 411.1543559858
2.8752574486 -1.5801047162 -0.1999385455 499.7326785377 324.2938493836
1.0143189639 -0.1834378360 0.2340703772 479.8982089629 302.9444127189
1.3939397812 -1.4548252074 -0.2639512733 644.6895547915 429.2922933179
2.6388940522 0.2859068827 0.6616028722 360.1011317212 206.7546477599
1.8436071198 -0.3614789899 -0.5329186283 413.8147975861 388.1149331626
2.6356910408 1.1581813945 0.7110316627 271.7825508852 178.7920603370
2.2974160006 1.1434337072 1.1115312662 272.2102226878 121.5106905554
1.8636994645 0.9851570773 0.8625067980 264.6805959779 132.5309863930
2.9486415274 -2.6758647837 -1.6358413215 553.4097919912 458.3145391205
2.8400527988 2.3293742471 -2.5758741647 73.4315218584 479.8871237359
2.4952987901 1.9204534977 1.3630564139 197.8224762791 79.5005022057
2.5258584135 -2.8592762385 -0.6116947642 624.6005118688 400.5728776538
2.8920798147 2.1378650829 -2.5311623147 100.8843322601 473.4488659067
2.7260240624 2.2495865463 -1.9352716347 86.3420539960 425.0928252347
2.3241395539 -2.8069241618 -0.5895953926 643.6873149393 411.4744040452
2.6278435143 1.8946618219 1.8255796272 222.5699881565 42.0944979566
2.6912848041 -2.1106228893 -0.6993441011 544.6043978966 385.7198348429
2.2863225682 -1.1407866103 2.4543879926 562.1079964750 49.8166423377
1.5889353798 -2.3704226469 0.0978376196 744.5649003767 374.4883413466
2.4841714159 1.4051269004 1.6262681959 264.2994140806 67.6923658664
2.7991553079 -1.1303929253 0.2989914414 476.9299873882 273.5029081263
2.3235776381 -0.6902499417 -1.1799127502 418.5028632328 434.2349020895
2.1983390802 1.3671984969 -1.0802983766 165.0652511635 387.6121143659
2.0950124471 -0.5055487376 0.8267820771 464.1310489916 203.0214926377
1.7824561088 1.2368809704 -0.1031601285 175.9819065170 271.7976137320
2.6588510636 -0.1466194073 -0.3037086062 378.4739589095 311.8629631991
2.2538497045 -0.9608366362 1.2047620648 514.9557114856 177.4213968801
2.3780720027 -0.0837965984 2.0767695085 438.6484928786 61.2942766438
2.9680979097 -2.4510036395 1.5364771412 593.5077665307 197.9848758052
2.8361755367 1.9949440335 -2.4556373968 112.2995437577 473.3068548426
2.0821692119 -1.0065134618 0.4658650749 512.7285468907 261.9280493794
1.2103062974 0.1184933070 0.6222756592 407.0905595549 179.6785153875
0.9923400970 0.5709656991 -0.1292795507 212.8893237920 370.5316691267
2.6984458114 1.3496573022 0.7124865195 254.1555914386 174.9341619667
1.6820117367 -2.6908657484 -0.4410075725 745.4180958958 453.3513573805
1.4393502068 -0.3605422360 0.5295601244 482.1774134381 232.7610476828
2.4819671509 -1.0003026340 -0.6462119426 457.6404112328 371.2976574867
2.4003927181 0.1999549924 -0.1597382894 347.7828400055 295.8076184068
1.6781638844 1.7635796532 -1.0815039641 8.2669767489 433.9220149810
2.8599623337 -1.4393414243 0.8130817700 509.6950728785 235.1778769355
2.8028733044 -1.8940930289 0.2984196099 539.4767583479 288.9973486708
2.2679231297 1.6166728105 1.6066018340 226.7682040868 42.6265748614
1.5339740108 -0.0088084180 1.0042570867 433.2378159276 132.2984127547
2.2683739193 1.5151538458 1.0720505343 222.4099813222 111.0862107039
2.8407462338 2.6756664027 -1.3199547291 69.1207374808 345.3695907171
2.5245239422 -1.9046691708 0.2882304037 561.1807319258 296.1507305603
1.2961433232 -0.2137759639 0.8682376054 486.4159896567 151.0390366800
2.5432224523 -0.6373923841 0.7409534547 453.7162802740 221.5883581699
2.9691898119 0.8306301282 -1.4718533968 262.6977106805 388.5097512150
1.9577623473 1.9570472736 1.2495788176 134.4262138625 39.9219351169
2.3703281476 -2.2094223224 -0.8768088657 576.6869236285 426.5919104741
2.5332886341 0.3624403137 -0.8886724309 311.3680402460 365.2352166526
2.7230803671 2.1668952310 -1.0932890004 119.0785805724 338.4217307962
1.9507874860 -0.6407648270 1.0479185312 497.0467213884 175.5751849263
1.3270867205 -0.5234995568 1.3446707796 565.7289353450 75.4346194854
2.8849499926 1.7528628131 -1.9172862492 156.5495987862 419.7970746243
1.6796342927 -1.3761458959 -0.5238268143 571.3436453867 432.1066233748
2.0330982211 1.2071025275 -0.3551796497 197.4422100479 303.5646285235
1.5235769822 -1.1851647188 1.3670204011 638.9063272630 128.3752112456
2.8384515790 -2.7845431762 0.8899561949 617.4410987773 256.1754607675
2.5609837967 -2.9277062911 -1.0449301538 617.3190095324 440.4360653635
1.7669752855 0.9690625695 -0.5529376649 201.6617820432 356.7875629566
1.8439066339 -0.9471699808 1.1522247373 549.1549622039 168.6777744897
1.4488983111 0.6617484764 1.0469220162 310.2304575761 77.5885323865
2.7059739807 -0.7331271193 0.7287971851 455.6101991224 226.4518518706
2.8833560441 2.6773336796 -0.2468877160 102.7455772315 237.5930024354
1.9496769023 -1.6101641628 0.3732577648 593.5372726201 294.4032333107
2.7832056284 2.7310910625 0.6875618561 111.8427439321 141.6342865758
0.7034332180 -0.0654622727 0.4930513506 536.0315360386 203.7754149524
1.9631750106 0.7384015444 -1.1730532119 231.3049976966 439.4342924229
2.7390766891 1.4458832406 -1.4800111153 188.9677102297 392.2824810965
1.6947515968 -1.6709432923 1.9441946478 690.4433799215 78.2737136038
1.3192468384 -0.5366856561 1.1335808896 559.8105480551 117.8641816119
2.3746660379 0.5242174031 1.6523616679 361.9848477435 86.7406611182
1.8809823717 2.0841163296 0.5893151287 72.7261015773 126.6662497016

gimbalangles:
1.8761173129 -0.4135290869 -0.4578343787

end: