T_CW:
0.4847093354 -0.8037424262 0.3450434358 -0.0222433542
0.4491890931 0.5672245880 0.6902792373 0.0039785158
-0.7505238296 -0.1795950423 0.6359713845 0.0059606536
0.0000000000 0.0000000000 0.0000000000 1.0000000000

T_CW_cov:
0.0000005369 -0.0000000702 -0.0000000215 0.0000000802 0.0000011424 -0.0000001127
-0.0000000702 0.0000003087 -0.0000000106 -0.0000008761 -0.0000000834 0.0000000794
-0.0000000215 -0.0000000106 0.0000002291 0.0000000527 -0.0000001001 0.0000000019
0.0000000802 -0.0000008761 0.0000000527 0.0000031572 -0.0000000210 -0.0000001322
0.0000011424 -0.0000000834 -0.0000001001 -0.0000000210 0.0000030912 -0.0000002019
-0.0000001127 0.0000000794 0.0000000019 -0.0000001322 -0.0000002019 0.0000006160

target_points_pix:
-2.6364039434 -2.3323645090 1.6131212919 455.1135333765 141.2945126435
-2.8948441399 0.6269529752 1.2765981320 250.1300422093 234.9516488612
-1.7842749994 0.3589897521 1.3896783254 297.3283932521 280.6241668880
-0.3745088197 -2.7924729661 1.8430836583 705.4326293694 180.8636261028
-0.7937816819 -1.6414176510 0.7071862127 583.3018980876 96.7443410266
-2.7560724588 -1.2194953932 1.9192833866 394.7485596474 197.8796913292
0.0462699197 -0.8578527772 1.6217053210 636.3814383006 376.8363268053
-2.3803740549 2.2241037003 1.1999952244 89.0937133225 354.2266463673
-2.6734566750 -2.6265165695 1.2701937931 465.6986574375 106.4172241778
-1.6797658353 0.4497206555 0.9246442775 255.5418919836 258.8276835646
-2.9630438574 1.2498685434 0.2703220651 112.3555687777 191.8096351027
-2.8002920322 -2.7177990940 0.7087254771 458.4566807603 56.6389816602
-2.2493776015 -2.3923425776 1.7472308018 480.9160310432 152.9593906401
-0.4611632066 -1.2374349928 0.2883990725 645.7462807731 14.3751278904
0.1060971975 -1.5869797388 2.1014893325 692.5535938148 333.3544370911
-2.1145543690 2.5368280306 1.6527436758 97.2533613323 420.2508103688
-0.1801198384 -0.5479985749 1.3114649932 551.6674646737 355.9126415178
-2.3933415223 -2.8145690041 2.1568703343 495.2764157743 161.9990056564
0.4256399553 -1.6947218047 2.8575435986 713.8210951895 400.7854545486
-1.9740008485 0.2407913313 0.2379810357 210.1812198805 151.3814168892
-1.9416308981 -1.1170647662 2.7064884155 437.4393519108 265.7582080440
-2.1987197781 2.6869103662 1.2249913925 25.6922520901 411.1794180394
-0.2146575641 -0.5046357991 1.9549094726 529.2996215917 395.6782619284
-1.8055531173 -2.3431906182 2.2358729284 508.0843768400 195.0298465570
-1.4715007191 1.0947300271 1.7225109219 252.2639575735 378.3078835541
-1.6281093659 -0.3303049794 1.0078361132 350.2683546896 211.9796976899
-2.4109286583 1.5240721805 0.6122623179 99.2249608024 265.2585966391
0.3802981729 -1.2987431511 2.1045967176 737.1275434928 406.1611034668
-1.9557092750 -0.1852068968 1.1358403326 328.5550839172 218.3083897157
-0.9402351494 -1.2005288970 2.4392588703 504.8297481936 296.8360803587
-0.3823346286 -2.6004217608 2.8138227545 645.6802464449 267.8634735415
-1.5873220287 -2.6442079861 1.2926729153 547.9170420133 111.8302227852
-0.2089443667 -2.2213772583 2.7520224592 648.6659133614 297.2286069180
-1.8400861476 0.6802285019 2.7417002054 334.3083356130 356.3068759481
0.0799047365 -1.4043005573 2.5796705873 643.2683323872 374.0620675843
-0.3599161903 -1.9936056061 1.4339193395 672.7234301421 192.6950854191
-2.2600804841 2.7042386112 2.9957597684 200.1835158320 439.9158114219
-2.2552646269 1.6043643505 1.8194632491 208.0659194908 348.6480571211
-0.4663553090 -0.8967115007 0.8784296744 549.4230027285 215.3474106161
-0.7198827339 0.7791230628 0.4858749195 94.7485683568 394.6906435994
-1.2364746597 -0.8307857292 2.2308155062 454.0785612268 289.6220784201
-1.2146827552 0.4313236250 0.0528315889 115.2681210774 167.3913945591
-1.8310523068 -0.1889451984 1.5644050636 353.2006882770 255.5714881179
-2.4795398100 0.0634801912 0.4110664761 246.0501608408 149.3014739951
-1.4178930604 0.5616682054 2.3963558138 343.0739851011 369.5487215608
-2.6261878393 -0.7849814902 2.7541684472 393.4720967191 256.9381917999
-1.9262396669 -0.5333356992 0.4900413074 328.7298904962 132.5088712721
-2.3787147104 0.3569107646 2.5683948238 333.8173084890 305.0254583127
-2.8798376111 -2.4797889453 0.6139716428 438.5463437763 56.3289182004
-2.4055301863 0.9708260692 2.4281034256 289.3682583497 327.2799247103
-1.2099097975 -2.5639048038 2.8155812467 560.5028530777 235.9593353695
-2.3268183976 1.7937684323 2.5591340519 240.1254955058 377.2638913727
-0.6125680017 0.4219487398 1.6907229199 362.6944770442 427.2337930085
-0.6810045623 -1.9562404295 2.2617881460 585.1188686368 255.5383273216
-1.8196517110 0.4238616465 0.7629712756 241.9955029519 233.4347461883
-0.9064956900 1.3399447130 1.3053989599 169.0114959332 478.2100043623
-1.7250105261 1.3799615575 1.7287495262 221.1618687640 374.8740693019
-0.7461558169 -2.7348513775 1.8641295763 640.4251359243 175.3970478476
-2.0168399528 -0.7930379665 1.4646715140 388.3320829881 207.6744135136
-1.8473174646 1.5680524798 0.7082291128 75.4737844392 325.1198681119
-1.3199728770 -0.4454115690 0.6293955931 361.1672744428 172.6981773954
-2.9188407590 -1.3810012220 1.0839570419 379.0593108439 135.7960560211
-1.4161008387 -2.1674853346 0.4832161336 540.0223605375 30.4271761968
-2.1579012616 2.6158550684 1.2160301151 30.3529538260 409.7335622610
-2.1605879291 -0.8868400575 2.0349525460 402.5964427469 234.2218829900
-1.0231969654 -0.6532888771 1.3941302240 441.6778072793 258.0246737357
-2.4747552270 1.7971304399 1.5320622131 169.2624849292 332.9052962668
-2.8987142952 2.4095418038 2.8717692845 214.5859334404 378.2901668262
0.2999752779 -2.0607219307 2.4452932410 747.1619601014 332.8352031310
-2.6748752440 -2.4932236144 2.6376832354 468.4264429875 193.3752761507
-2.9458023404 -0.1409691835 0.5459986167 267.9939990112 144.2688048653
-1.3015980204 -0.4775983353 1.9294706893 417.2847824502 290.1754959288
-1.4769533415 0.8018814294 2.2416422603 313.9251142800 375.1649940516
-1.2496893304 -1.2176234362 0.9201692519 467.6786960922 154.6481324554
-1.1180691055 -2.3775737935 1.9674464230 569.4476095981 192.5512418891
-0.8810201176 -1.1056814359 1.4752285971 502.2903343702 239.4027891200
-1.6522343275 -1.1665498691 1.5140104995 438.9089430093 204.2147750667
-2.5526482625 1.6899305882 2.4297630987 239.0034903315 353.9539420731
-2.9155772865 1.8015255028 0.9202060444 122.4332965767 273.9689672597
-2.2550310878 2.7469332465 2.5621232452 167.0003251696 437.4802326757
-0.8731389884 -0.7814524095 2.0937015579 477.8511196816 309.1255832615
-1.6404500805 -1.0437677291 1.8670063384 436.9500620839 236.2850828217
-1.9208082146 1.6423306677 1.6909841948 191.7211375118 374.1727984440
-1.7962047277 -1.0397187367 -0.0814019688 361.4904483861 4.1218254266
-2.5730577092 -2.3438354084 1.3885911678 457.1367184889 126.1034954023
-0.6234941816 -2.3304749221 2.5405973644 609.1683263992 254.6723392942
-2.5794207443 -2.5586017987 0.5377249120 460.8333108485 42.2252153683
-0.1829379517 -2.5761408041 2.0242684627 714.8158568779 221.8163662589
-2.2583880082 -1.9579383648 0.2674464298 434.9400185927 28.6963097177
-1.1873207592 -1.9520912279 0.6023171523 550.0107190929 58.4403406665
-1.5110241473 -1.3140682982 1.4522052634 459.7571410667 195.8036509925
-0.9075675655 -0.5141792791 2.0537428217 451.7564187080 323.6719748620
-2.8451823330 1.0493991114 0.7078918140 173.6676903869 220.6494919216
-0.7268183569 -2.5035628023 0.7114419446 688.7055591166 31.3455242526

gimbalangles:
2.3970311883 -0.3522471861 -0.5426248191

end: