T_CW:
-0.0890181511 -0.9664368500 0.2409887626 0.2000999293
-0.0013135410 -0.2418351829 -0.9703164530 0.3927261993
0.9960291378 -0.0866923252 0.0202582664 -0.2357512240
0.0000000000 0.0000000000 0.0000000000 1.0000000000

T_CW_cov:
0.0000003301 0.0000000052 -0.0000000113 -0.0000000348 0.0000007043 0.0000000053
0.0000000052 0.0000001950 -0.0000000003 -0.0000005151 0.0000000129 -0.0000000609
-0.0000000113 -0.0000000003 0.0000002168 -0.0000000606 -0.0000000149 0.0000000023
-0.0000000348 -0.0000005151 -0.0000000606 0.0000019176 -0.0000000770 0.0000002602
0.0000007043 0.0000000129 -0.0000000149 -0.0000000770 0.0000020266 0.0000000399
0.0000000053 -0.0000000609 0.0000000023 0.0000002602 0.0000000399 0.0000006498

target_points_pix:
2.8469624497 -1.2706155376 -0.4268351525 471.1298119998 338.7833319931
1.2955616386 -1.4164051859 0.0125195018 674.5755808747 387.3005206366
2.9185907309 1.9178459633 1.8610296438 236.3964763502 60.5444660539
2.6305978994 -2.5336026126 1.4089481569 628.4584494001 205.9994437851
2.5591223247 -0.0443953625 0.5219552533 390.0739415635 228.5287442120
1.8324549851 0.5136414256 0.1050882143 307.4261632719 265.3252676761
2.2959027539 -0.3651612911 1.0377432566 444.3290402409 178.8164096794
2.3041003494 -2.2990699818 1.7052507894 652.6148693566 164.2753374179
2.2457088193 -0.2690198173 -1.2941584072 369.0458875500 446.8461805774
2.0176283046 -1.3083910700 2.4854543714 610.4781109991 26.8708670735
2.2385537561 -1.8200234489 -0.7064504535 555.3598159121 410.8821594546
2.8752574486 -1.5801047162 -0.1999385455 499.9555469401 324.0481328293
1.0143189639 -0.1834378360 0.2340703772 479.8779270840 303.0399442332
1.3939397812 -1.4548252074 -0.2639512733 644.4005553543 429.1952895551
2.6388940522 0.2859068827 0.6616028722 359.8411986186 206.9393786137
1.8436071198 -0.3614789899 -0.5329186283 413.5188326441 388.0526585987
2.6356910408 1.1581813945 0.7110316627 272.1000053198 178.4644595809
2.2974160006 1.1434337072 1.1115312662 272.2252279484 121.4434507981
1.8636994645 0.9851570773 0.8625067980 264.9239887387 133.0300256131
2.9486415274 -2.6758647837 -1.6358413215 553.1784999856 458.3460926445
2.8400527988 2.3293742471 -2.5758741647 72.9251019284 479.8243990320
2.4952987901 1.9204534977 1.3630564139 197.5100966381 79.2191524800
2.5258584135 -2.8592762385 -0.6116947642 624.4161926180 400.2209052686
2.8920798147 2.1378650829 -2.5311623147 100.9391651965 473.2545970790
2.7260240624 2.2495865463 -1.9352716347 86.2539281167 425.3310574861
2.3241395539 -2.8069241618 -0.5895953926 643.8950324125 411.5344191687
2.6278435143 1.8946618219 1.8255796272 222.2467651061 41.9773804373
2.6912848041 -2.1106228893 -0.6993441011 545.0475367332 385.6822873762
2.2863225682 -1.1407866103 2.4543879926 561.6765684735 49.8612075984
1.5889353798 -2.3704226469 0.0978376196 744.2799890074 374.5009474218
2.4841714159 1.4051269004 1.6262681959 264.2086504809 67.6605559874
2.7991553079 -1.1303929253 0.2989914414 476.9416546573 273.2269049133
2.3235776381 -0.6902499417 -1.1799127502 418.3020871537 434.1613103879
2.1983390802 1.3671984969 -1.0802983766 164.5546548439 387.1847813522
2.0950124471 -0.5055487376 0.8267820771 464.4919841409 202.8994686235
1.7824561088 1.2368809704 -0.1031601285 176.1443926458 271.7649495651
2.6588510636 -0.1466194073 -0.3037086062 378.7202765190 311.6567066023
2.2538497045 -0.9608366362 1.2047620648 514.5157977838 177.2473129350
2.3780720027 -0.0837965984 2.0767695085 438.4609508561 61.8606313681
2.9680979097 -2.4510036395 1.5364771412 593.3495405905 197.9713144576
2.8361755367 1.9949440335 -2.4556373968 112.5020025367 473.2390860190
2.0821692119 -1.0065134618 0.4658650749 512.7916585122 262.2526747138
1.2103062974 0.1184933070 0.6222756592 407.2148522782 179.5597629726
0.9923400970 0.5709656991 -0.1292795507 212.6520835045 370.0569928509
2.6984458114 1.3496573022 0.7124865195 254.7053363381 175.0147790711
1.6820117367 -2.6908657484 -0.4410075725 745.1248676235 453.3642866453
1.4393502068 -0.3605422360 0.5295601244 482.1594379387 232.6521446025
2.4819671509 -1.0003026340 -0.6462119426 457.9746831834 371.3628306940
2.4003927181 0.1999549924 -0.1597382894 347.3313689505 295.8477747541
1.6781638844 1.7635796532 -1.0815039641 7.8360522367 433.7339352335
2.8599623337 -1.4393414243 0.8130817700 510.1184084826 235.3965171918
2.8028733044 -1.8940930289 0.2984196099 539.4090468696 289.4653561605
2.2679231297 1.6166728105 1.6066018340 226.5860204835 42.3827560791
1.5339740108 -0.0088084180 1.0042570867 432.8356132336 132.7411148796
2.2683739193 1.5151538458 1.0720505343 222.4232038000 111.1402402039
2.8407462338 2.6756664027 -1.3199547291 69.2458811092 345.4912393530
2.5245239422 -1.9046691708 0.2882304037 561.6307365954 295.7750289671
1.2961433232 -0.2137759639 0.8682376054 486.4445536766 150.7413669519
2.5432224523 -0.6373923841 0.7409534547 453.7703497751 221.9879428658
2.9691898119 0.8306301282 -1.4718533968 262.8351170919 388.9383944725
1.9577623473 1.9570472736 1.2495788176 134.0899154881 40.1054409103
2.3703281476 -2.2094223224 -0.8768088657 576.6288317599 426.3886841426
2.5332886341 0.3624403137 -0.8886724309 311.5835667413 365.4439202506
2.7230803671 2.1668952310 -1.0932890004 118.9358534894 338.4530756496
1.9507874860 -0.6407648270 1.0479185312 497.0439214148 175.9845422744
1.3270867205 -0.5234995568 1.3446707796 565.5477434370 75.3069533400
2.8849499926 1.7528628131 -1.9172862492 156.3527610856 420.0599130101
1.6796342927 -1.3761458959 -0.5238268143 571.3889707162 432.3496916758
2.0330982211 1.2071025275 -0.3551796497 197.3836746995 303.5431224384
1.5235769822 -1.1851647188 1.3670204011 639.1247714451 128.4170677787
2.8384515790 -2.7845431762 0.8899561949 617.3320362304 256.5965527023
2.5609837967 -2.9277062911 -1.0449301538 617.2580163215 440.0100162002
1.7669752855 0.9690625695 -0.5529376649 201.4733111320 356.5456370288
1.8439066339 -0.9471699808 1.1522247373 549.4022406473 169.0861881059
1.4488983111 0.6617484764 1.0469220162 309.9871003951 77.7058441965
2.7059739807 -0.7331271193 0.7287971851 455.7234007765 225.9842081578
2.8833560441 2.6773336796 -0.2468877160 102.1504626651 237.2830376143
1.9496769023 -1.6101641628 0.3732577648 593.6199894404 294.1152067189
2.7832056284 2.7310910625 0.6875618561 111.6807509274 141.6654258711
0.7034332180 -0.0654622727 0.4930513506 536.0053078330 204.1442412668
1.9631750106 0.7384015444 -1.1730532119 231.4184358357 439.6461956859
2.7390766891 1.4458832406 -1.4800111153 189.1660947852 392.5113398095
1.6947515968 -1.6709432923 1.9441946478 690.4613964272 78.1110246807
1.3192468384 -0.5366856561 1.1335808896 559.5560349722 117.1177002200
2.3746660379 0.5242174031 1.6523616679 361.3700561860 86.6254987862
1.8809823717 2.0841163296 0.5893151287 72.3994760615 126.5452823632

gimbalangles:
0.6446765019 -0.1016970244 0.5540445355

end: