T_CW:
-0.0889525302 -0.9664489498 0.2409644680 0.1998611088
-0.0009169701 -0.2418439236 -0.9703147303 0.3921465195
0.9960354444 -0.0865329076 0.0206264241 -0.2354211694
0.0000000000 0.0000000000 0.0000000000 1.0000000000

T_CW_cov:
0.0000003457 0.0000000171 -0.0000000104 -0.0000000601 0.0000007337 0.0000000155
0.0000000171 0.0000002045 -0.0000000002 -0.0000005350 0.0000000354 -0.0000000522
-0.0000000104 -0.0000000002 0.0000002244 -0.0000000660 -0.0000000166 0.0000000017
-0.0000000601 -0.0000005350 -0.0000000660 0.0000019636 -0.0000001226 0.0000002426
0.0000007337 0.0000000354 -0.0000000166 -0.0000001226 0.0000020840 0.0000000597
0.0000000155 -0.0000000522 0.0000000017 0.0000002426 0.0000000597 0.0000006585

target_points_pix:
2.8469624497 -1.2706155376 -0.4268351525 470.7402324001 339.1595020153
1.2955616386 -1.4164051859 0.0125195018 674.4298856412 387.8756553106
2.9185907309 1.9178459633 1.8610296438 235.8606401183 60.6267858445
2.6305978994 -2.5336026126 1.4089481569 627.9334091246 206.4869527120
2.5591223247 -0.0443953625 0.5219552533 389.8828165562 228.0636680909
1.8324549851 0.5136414256 0.1050882143 307.6328774662 265.1899998043
2.2959027539 -0.3651612911 1.0377432566 444.0744263158 178.8695341423
2.3041003494 -2.2990699818 1.7052507894 652.7642526719 164.5148723891
2.2457088193 -0.2690198173 -1.2941584072 368.9741430272 446.5601074450
2.0176283046 -1.3083910700 2.4854543714 610.0871690256 26.7396873741
2.2385537561 -1.8200234489 -0.7064504535 555.2589358796 410.9083370192
2.8752574486 -1.5801047162 -0.1999385455 499.8759273111 324.1379693212
1.0143189639 -0.1834378360 0.2340703772 479.5309865072 302.7312779377
1.3939397812 -1.4548252074 -0.2639512733 644.5832336314 429.0560483270
2.6388940522 0.2859068827 0.6616028722 360.1114583714 206.6109741240
1.8436071198 -0.3614789899 -0.5329186283 413.5888351614 388.0237325642
2.6356910408 1.1581813945 0.7110316627 272.5504229457 178.7133800272
2.2974160006 1.1434337072 1.1115312662 272.3969442018 121.3566469298
1.8636994645 0.9851570773 0.8625067980 264.5396308589 133.1575120735
2.9486415274 -2.6758647837 -1.6358413215 552.6516550926 458.6836243880
2.4952987901 1.9204534977 1.3630564139 197.7243569163 79.4733880535
2.5258584135 -2.8592762385 -0.6116947642 624.6927413827 400.4310077610
2.8920798147 2.1378650829 -2.5311623147 100.4299751699 473.3951761038
2.7260240624 2.2495865463 -1.9352716347 86.4274272988 425.3424528782
2.3241395539 -2.8069241618 -0.5895953926 643.6326086673 411.3827426507
2.6278435143 1.8946618219 1.8255796272 222.3175163966 42.3375798603
2.6912848041 -2.1106228893 -0.6993441011 544.9682826334 385.8380812631
2.2863225682 -1.1407866103 2.4543879926 561.9679045914 50.5180812670
1.5889353798 -2.3704226469 0.0978376196 744.7355203764 374.7668022771
2.4841714159 1.4051269004 1.6262681959 264.1100811965 67.7626918954
2.7991553079 -1.1303929253 0.2989914414 476.8724094123 273.5074270809
2.3235776381 -0.6902499417 -1.1799127502 418.1461592871 434.1452680268
2.1983390802 1.3671984969 -1.0802983766 165.0528827638 387.1087608790
2.0950124471 -0.5055487376 0.8267820771 464.2071024924 202.7952171711
1.7824561088 1.2368809704 -0.1031601285 176.0718063042 271.8261781957
2.6588510636 -0.1466194073 -0.3037086062 378.1945601870 311.7484107867
2.2538497045 -0.9608366362 1.2047620648 514.4909911295 176.9168751835
2.3780720027 -0.0837965984 2.0767695085 438.1785368512 61.8458846527
2.9680979097 -2.4510036395 1.5364771412 593.3385307346 198.1859829732
2.8361755367 1.9949440335 -2.4556373968 112.4967668854 473.7558643655
2.0821692119 -1.0065134618 0.4658650749 512.7948868986 262.5766598427
1.2103062974 0.1184933070 0.6222756592 406.9522437976 179.3335052542
0.9923400970 0.5709656991 -0.1292795507 212.7905692351 370.1361755978
2.6984458114 1.3496573022 0.7124865195 254.5017552345 174.8346047693
1.6820117367 -2.6908657484 -0.4410075725 745.4379994565 452.8655276380
1.4393502068 -0.3605422360 0.5295601244 482.2857935175 232.8063501189
2.4819671509 -1.0003026340 -0.6462119426 457.9997926450 371.6032539634
2.4003927181 0.1999549924 -0.1597382894 347.3329005487 296.1255474580
1.6781638844 1.7635796532 -1.0815039641 8.1816127297 433.8160695295
2.8599623337 -1.4393414243 0.8130817700 509.8566550302 235.1466922147
2.8028733044 -1.8940930289 0.2984196099 539.3713049521 288.8698413308
2.2679231297 1.6166728105 1.6066018340 226.9845007191 42.9494274445
1.5339740108 -0.0088084180 1.0042570867 433.0415027692 132.6849594371
2.2683739193 1.5151538458 1.0720505343 222.4282069540 111.2081361610
2.8407462338 2.6756664027 -1.3199547291 69.0575912173 345.0494403198
2.5245239422 -1.9046691708 0.2882304037 561.0852206085 295.7184979869
1.2961433232 -0.2137759639 0.8682376054 486.2126688783 151.1427464792
2.5432224523 -0.6373923841 0.7409534547 453.5043755946 221.7348247510
2.9691898119 0.8306301282 -1.4718533968 262.4759747131 388.8308878515
1.9577623473 1.9570472736 1.2495788176 134.3903235345 39.9542222754
2.3703281476 -2.2094223224 -0.8768088657 576.3422688490 426.8010004939
2.5332886341 0.3624403137 -0.8886724309 311.4433668509 365.3007620800
2.7230803671 2.1668952310 -1.0932890004 119.4870265480 338.2991912105
1.9507874860 -0.6407648270 1.0479185312 497.3018135636 175.4970828840
1.3270867205 -0.5234995568 1.3446707796 565.4696082705 74.9562419856
2.8849499926 1.7528628131 -1.9172862492 156.7000853549 420.0897486773
1.6796342927 -1.3761458959 -0.5238268143 571.3344919755 432.2061578952
2.0330982211 1.2071025275 -0.3551796497 197.4622113706 303.4665329388
1.5235769822 -1.1851647188 1.3670204011 638.5942455526 128.5836621096
2.8384515790 -2.7845431762 0.8899561949 617.6746381956 256.5714511382
2.5609837967 -2.9277062911 -1.0449301538 617.5379791729 440.0550414545
1.7669752855 0.9690625695 -0.5529376649 201.4777380307 356.9818427915
1.8439066339 -0.9471699808 1.1522247373 549.2991142655 168.8011066793
1.4488983111 0.6617484764 1.0469220162 309.8656553840 77.3548846786
2.7059739807 -0.7331271193 0.7287971851 455.6917069449 226.0959089906
2.8833560441 2.6773336796 -0.2468877160 102.6602430654 237.9624057659
1.9496769023 -1.6101641628 0.3732577648 593.2292916841 294.1862978642
2.7832056284 2.7310910625 0.6875618561 112.0656597012 141.7053700378
0.7034332180 -0.0654622727 0.4930513506 536.0154724862 204.1396991607
1.9631750106 0.7384015444 -1.1730532119 231.2747885896 439.9352207705
2.7390766891 1.4458832406 -1.4800111153 189.2385936007 392.6773507720
1.6947515968 -1.6709432923 1.9441946478 690.3521930787 78.5082549304
1.3192468384 -0.5366856561 1.1335808896 559.4116127403 117.3787934370
2.3746660379 0.5242174031 1.6523616679 361.3632595417 86.8270487278
1.8809823717 2.0841163296 0.5893151287 72.5577494335 126.6942783554

gimbalangles:
1.1160771117 -0.3402221817 -0.0307104886

end: