T_CW:
0.2641705230 -0.9637540540 0.0373102956 -0.0295583632
0.2665530389 0.1101321842 0.9575073783 0.0158033599
-0.9269106819 -0.2430000523 0.2859852486 -0.0087480364
0.0000000000 0.0000000000 0.0000000000 1.0000000000

T_CW_cov:
0.0000006282 -0.0000000861 -0.0000000526 0.0000001461 0.0000014211 -0.0000002214
-0.0000000861 0.0000004225 -0.0000000225 -0.0000012039 -0.0000001649 0.0000000456
-0.0000000526 -0.0000000225 0.0000002808 0.0000001388 -0.0000002156 0.0000000245
0.0000001461 -0.0000012039 0.0000001388 0.0000042447 0.0000002497 0.0000001198
0.0000014211 -0.0000001649 -0.0000002156 0.0000002497 0.0000039911 -0.0000003949
-0.0000002214 0.0000000456 0.0000000245 0.0000001198 -0.0000003949 0.0000009016

target_points_pix:
-2.6364039434 -2.3323645090 1.6131212919 485.6070732771 281.6150919318
-2.8948441399 0.6269529752 1.2765981320 261.8972722083 284.5123710642
-1.7842749994 0.3589897521 1.3896783254 276.8342709123 352.2338326303
-0.7937816819 -1.6414176510 0.7071862127 624.7316178561 294.7922794290
-2.7560724588 -1.2194953932 1.9192833866 410.5101955859 309.8753259037
-2.3803740549 2.2241037003 1.1999952244 41.8702170554 333.3631233624
-1.9323731186 -0.3012474738 -0.7481905140 334.3072571887 55.7775294514
-1.7590488229 -1.6158880204 -0.8003083999 515.3710663869 50.0875440322
-2.6734566750 -2.6265165695 1.2701937931 503.7003412658 255.7612312036
-1.6797658353 0.4497206555 0.9246442775 251.1865956394 310.8777308264
-2.9630438574 1.2498685434 0.2703220651 182.2878317014 203.1407540056
-2.8002920322 -2.7177990940 0.7087254771 506.5505294266 214.8545993328
-2.2493776015 -2.3923425776 1.7472308018 509.3087145314 302.8780461940
-0.4611632066 -1.2374349928 0.2883990725 692.3257124388 249.0605253925
-0.8863209803 -2.2520445289 0.3132015694 695.3630663629 211.1271434045
-2.1289845198 -2.0063977310 0.0907732718 506.6217823796 172.5539634211
-2.3933415223 -2.8145690041 2.1568703343 521.8288173052 317.6684889716
-2.9891561525 1.0928385460 -1.1234454871 162.6731337294 46.4697442963
-1.9740008485 0.2407913313 0.2379810357 272.5052391650 205.7354215033
-1.9416308981 -1.1170647662 2.7064884155 429.4679486434 407.2224414170
-2.5927084704 -2.6493188930 -0.8510426906 531.2681738117 85.5439893855
-1.4003785247 -0.3736922668 -0.7233151088 361.8169221558 14.8046371309
-1.8055531173 -2.3431906182 2.2358729284 529.9015772143 358.9610645371
-1.4715007191 1.0947300271 1.7225109219 160.0142706667 453.0012492974
-2.7741509670 -2.0402444891 -0.1757024121 471.3927283207 149.6230027231
-1.6281093659 -0.3303049794 1.0078361132 361.6959898770 305.7410334846
-2.4109286583 1.5240721805 0.6122623179 123.7963420080 254.8200347086
-1.9557092750 -0.1852068968 1.1358403326 338.8026542946 301.8130899001
-1.5873220287 -2.6442079861 1.2926729153 585.2680582380 292.1290414027
-1.8400861476 0.6802285019 2.7417002054 263.6248063402 471.8776369360
-0.3599161903 -1.9936056061 1.4339193395 742.1520345433 452.7538075910
-2.2552646269 1.6043643505 1.8194632491 145.2428527083 385.3618675207
-0.4663553090 -0.8967115007 0.8784296744 577.1685496003 411.4246048718
-0.9505699837 -1.1068315995 -0.2186933854 549.8891062212 112.4725309454
-1.2364746597 -0.8307857292 2.2308155062 439.7710995677 451.4291387598
-1.2146827552 0.4313236250 0.0528315889 195.4014119539 190.1202274761
-1.8310523068 -0.1889451984 1.5644050636 345.0108271466 351.0600920357
-2.4795398100 0.0634801912 0.4110664761 301.4249349657 215.1246758991
-2.6261878393 -0.7849814902 2.7541684472 384.7090579474 372.0656271694
-1.9262396669 -0.5333356992 0.4900413074 374.3892097198 229.3736970795
-2.3787147104 0.3569107646 2.5683948238 298.2742194988 399.4026328819
-1.0606481474 -2.1885100011 0.3504036302 648.5847695253 213.3224524401
-2.8798376111 -2.4797889453 0.6139716428 489.1373280115 209.0154072268
-2.4055301863 0.9708260692 2.4281034256 239.1034769551 402.2655893600
-1.2099097975 -2.5639048038 2.8155812467 587.2023938819 439.9607879432
-1.7586502624 -2.0947587884 0.1629999156 545.2186433489 180.9496373154
-2.4637418305 -2.7427375996 0.0218696577 536.6779613831 163.9729690034
-2.3268183976 1.7937684323 2.5591340519 149.8847398239 441.7731189082
-2.0098147786 -2.3425078733 -0.2469870441 548.7888316656 134.9635530207
-1.8196517110 0.4238616465 0.7629712756 255.1814505983 281.1911305480
-1.7250105261 1.3799615575 1.7287495262 133.2987991348 428.4089948037
-0.7461558169 -2.7348513775 1.8641295763 693.8582960337 406.7837066719
-2.2714974815 -1.5754805292 -0.3708202209 464.5305290167 125.4653394661
-2.0168399528 -0.7930379665 1.4646715140 400.2330779298 317.3545157466
-1.8473174646 1.5680524798 0.7082291128 57.9197028676 298.6819098480
-1.3199728770 -0.4454115690 0.6293955931 387.1142907442 274.5561343287
-2.9188407590 -1.3810012220 1.0839570419 416.7175221810 248.6803962723
-1.4161008387 -2.1674853346 0.4832161336 584.3962268742 222.3513384177
-1.5563505293 -2.3259772891 0.0237559221 592.7451561272 163.4429134202
-2.1605879291 -0.8868400575 2.0349525460 403.7975376578 351.0530114598
-1.0231969654 -0.6532888771 1.3941302240 436.7753873398 401.9235002675
-2.4747552270 1.7971304399 1.5320622131 125.9448097827 347.9721924555
-2.8987142952 2.4095418038 2.8717692845 125.2627441616 426.9348368768
-2.6748752440 -2.4932236144 2.6376832354 486.9317902612 337.7086622035
-2.9458023404 -0.1409691835 0.5459986167 321.1842465029 217.8175229345
-1.3015980204 -0.4775983353 1.9294706893 395.8198422816 429.3118044484
-2.0809982885 -2.3007220402 -1.1211365928 554.2699703783 30.4462597695
-1.2496893304 -1.2176234362 0.9201692519 495.0846129898 300.2191422834
-1.1180691055 -2.3775737935 1.9674464230 602.9229868228 388.7470092655
-0.8810201176 -1.1056814359 1.4752285971 513.8104415601 412.7883454008
-1.6522343275 -1.1665498691 1.5140104995 452.2069373741 336.5381143411
-2.5526482625 1.6899305882 2.4297630987 170.1988447304 409.1661380879
-2.9155772865 1.8015255028 0.9202060444 135.0086576791 269.9731671967
-2.3524978632 -0.4190901020 -0.6763358060 343.9672220319 87.5450940632
-1.6404500805 -1.0437677291 1.8670063384 439.8185539874 371.5001134188
-1.9208082146 1.6423306677 1.6909841948 107.1719429126 409.1856086829
-1.7962047277 -1.0397187367 -0.0814019688 438.9999179073 155.4187567900
-2.5730577092 -2.3438354084 1.3885911678 491.4191766201 268.4287462771
-2.4323608169 -2.8139920343 -0.8519714480 555.9052072525 81.1743276046
-2.5794207443 -2.5586017987 0.5377249120 511.5467877691 205.9677536045
-2.2583880082 -1.9579383648 0.2674464298 491.9194243182 189.4202377367
-1.1873207592 -1.9520912279 0.6023171523 592.4549707834 248.0457737214
-1.5110241473 -1.3140682982 1.4522052634 476.8029798777 336.9088100493
-2.8451823330 1.0493991114 0.7078918140 209.3054209276 243.9433811586
-0.7268183569 -2.5035628023 0.7114419446 738.3993493630 276.7161021593
-1.9858815282 -1.4791766923 -1.1752089238 483.2668454844 4.9471341485

gimbalangles:
2.8513807132 -0.0373199615 -0.2676133740

end: