T_CW:
-0.0891932417 -0.9663949901 0.2410918677 0.2002966115
-0.0012177862 -0.2419506322 -0.9702877968 0.3925162500
0.9960135956 -0.0868367123 0.0204034988 -0.2357721297
0.0000000000 0.0000000000 0.0000000000 1.0000000000

T_CW_cov:
0.0000003301 0.0000000052 -0.0000000113 -0.0000000348 0.0000007043 0.0000000051
0.0000000052 0.0000001950 -0.0000000003 -0.0000005151 0.0000000129 -0.0000000611
-0.0000000113 -0.0000000003 0.0000002168 -0.0000000606 -0.0000000147 0.0000000023
-0.0000000348 -0.0000005151 -0.0000000606 0.0000019177 -0.0000000770 0.0000002606
0.0000007043 0.0000000129 -0.0000000147 -0.0000000770 0.0000020266 0.0000000396
0.0000000051 -0.0000000611 0.0000000023 0.0000002606 0.0000000396 0.0000006499

target_points_pix:
2.8469624497 -1.2706155376 -0.4268351525 471.1072036119 338.8867311732
1.2955616386 -1.4164051859 0.0125195018 674.6781673748 387.7069821304
2.9185907309 1.9178459633 1.8610296438 235.8736191536 60.8017729561
2.6305978994 -2.5336026126 1.4089481569 628.5941899817 206.0502770566
2.5591223247 -0.0443953625 0.5219552533 389.7370537744 228.3742954140
1.8324549851 0.5136414256 0.1050882143 307.8151044834 265.3609244550
2.2959027539 -0.3651612911 1.0377432566 444.0811229033 178.6763855296
2.3041003494 -2.2990699818 1.7052507894 652.2810402894 164.6915946573
2.2457088193 -0.2690198173 -1.2941584072 368.6839851733 446.6961733333
2.0176283046 -1.3083910700 2.4854543714 610.6357725652 26.9797044461
2.2385537561 -1.8200234489 -0.7064504535 555.2800480684 410.6305969702
2.8752574486 -1.5801047162 -0.1999385455 499.5573992093 324.0826873172
1.0143189639 -0.1834378360 0.2340703772 480.1473904304 303.0350257217
1.3939397812 -1.4548252074 -0.2639512733 644.8077503867 429.2680477992
2.6388940522 0.2859068827 0.6616028722 359.3946393310 207.0001927376
1.8436071198 -0.3614789899 -0.5329186283 413.9129485205 387.6936200441
2.6356910408 1.1581813945 0.7110316627 271.7019452854 178.8894396550
2.2974160006 1.1434337072 1.1115312662 272.4600480004 121.2742464603
1.8636994645 0.9851570773 0.8625067980 265.0789352811 132.6724815281
2.9486415274 -2.6758647837 -1.6358413215 552.4628701047 458.2037442873
2.8400527988 2.3293742471 -2.5758741647 72.9496189389 479.8274842249
2.4952987901 1.9204534977 1.3630564139 197.6570621041 79.6537172419
2.5258584135 -2.8592762385 -0.6116947642 624.1554852566 400.4717985059
2.8920798147 2.1378650829 -2.5311623147 100.5907011413 473.3836307509
2.7260240624 2.2495865463 -1.9352716347 85.9325535963 425.2911258614
2.3241395539 -2.8069241618 -0.5895953926 643.5751725922 411.6078680840
2.6278435143 1.8946618219 1.8255796272 222.2852923909 42.0806729395
2.6912848041 -2.1106228893 -0.6993441011 545.0320446773 385.8185263610
2.2863225682 -1.1407866103 2.4543879926 561.7527117788 50.0379741279
1.5889353798 -2.3704226469 0.0978376196 744.3477086336 374.6185101702
2.4841714159 1.4051269004 1.6262681959 264.0601026477 67.4755259233
2.7991553079 -1.1303929253 0.2989914414 476.8672226101 273.6543185811
2.3235776381 -0.6902499417 -1.1799127502 418.2131323323 434.1014731411
2.1983390802 1.3671984969 -1.0802983766 164.8740092425 387.0680197572
2.0950124471 -0.5055487376 0.8267820771 463.9736821844 202.9394312653
1.7824561088 1.2368809704 -0.1031601285 175.8827003526 272.1658987663
2.6588510636 -0.1466194073 -0.3037086062 378.4763496925 311.5369410674
2.2538497045 -0.9608366362 1.2047620648 514.2384927757 177.3178105441
2.3780720027 -0.0837965984 2.0767695085 438.3322795766 61.9608482969
2.9680979097 -2.4510036395 1.5364771412 593.5985675544 197.7482414823
2.8361755367 1.9949440335 -2.4556373968 112.2768417115 473.2363032816
2.0821692119 -1.0065134618 0.4658650749 512.7361185256 262.4606457011
1.2103062974 0.1184933070 0.6222756592 406.7925577913 179.3682104711
0.9923400970 0.5709656991 -0.1292795507 212.5262608395 370.4580449152
2.6984458114 1.3496573022 0.7124865195 254.3392467998 174.9763985563
1.6820117367 -2.6908657484 -0.4410075725 744.9911081539 453.1714315797
1.4393502068 -0.3605422360 0.5295601244 481.9728941965 232.6961505130
2.4819671509 -1.0003026340 -0.6462119426 457.9491143363 371.5220510943
2.4003927181 0.1999549924 -0.1597382894 347.3581903660 295.7905228938
1.6781638844 1.7635796532 -1.0815039641 8.0385299031 434.1191834643
2.8599623337 -1.4393414243 0.8130817700 509.9663969095 234.6390347198
2.8028733044 -1.8940930289 0.2984196099 539.4176395075 288.8764817135
2.2679231297 1.6166728105 1.6066018340 226.3315829839 42.6655931245
1.5339740108 -0.0088084180 1.0042570867 432.9991805078 132.5421923511
2.2683739193 1.5151538458 1.0720505343 222.8905323437 110.9445115238
2.8407462338 2.6756664027 -1.3199547291 68.7344397275 345.6837482720
2.5245239422 -1.9046691708 0.2882304037 561.4226534096 296.1738981184
1.2961433232 -0.2137759639 0.8682376054 486.1895376326 150.9940108937
2.5432224523 -0.6373923841 0.7409534547 453.5809513398 221.3227705637
2.9691898119 0.8306301282 -1.4718533968 262.4854041532 388.7286855817
1.9577623473 1.9570472736 1.2495788176 134.2363352015 40.0158022425
2.3703281476 -2.2094223224 -0.8768088657 576.6670196546 426.2366977811
2.5332886341 0.3624403137 -0.8886724309 311.4865578470 365.3306543984
2.7230803671 2.1668952310 -1.0932890004 119.0333771424 338.5800428467
1.9507874860 -0.6407648270 1.0479185312 497.1964331139 175.3528434491
1.3270867205 -0.5234995568 1.3446707796 565.8828209479 75.4673845792
2.8849499926 1.7528628131 -1.9172862492 156.4374428467 420.3487489614
1.6796342927 -1.3761458959 -0.5238268143 571.5713578792 432.3057965431
2.0330982211 1.2071025275 -0.3551796497 197.2562557557 303.3590099288
1.5235769822 -1.1851647188 1.3670204011 639.0449959018 128.3147144167
2.8384515790 -2.7845431762 0.8899561949 617.2203581787 256.5198829345
2.5609837967 -2.9277062911 -1.0449301538 617.2554943067 440.3514378585
1.7669752855 0.9690625695 -0.5529376649 201.2959076785 356.5557606953
1.8439066339 -0.9471699808 1.1522247373 549.4789182851 169.0396592692
1.4488983111 0.6617484764 1.0469220162 310.3585664904 77.4781308161
2.7059739807 -0.7331271193 0.7287971851 455.6309692830 226.0616084465
2.8833560441 2.6773336796 -0.2468877160 102.9954255417 237.5598461573
1.9496769023 -1.6101641628 0.3732577648 593.4003746954 293.7125184491
2.7832056284 2.7310910625 0.6875618561 111.9959899462 141.6620412077
0.7034332180 -0.0654622727 0.4930513506 536.1470287811 203.8529779477
1.9631750106 0.7384015444 -1.1730532119 230.7933739234 439.4245836205
2.7390766891 1.4458832406 -1.4800111153 188.7356266922 392.2393764532
1.6947515968 -1.6709432923 1.9441946478 690.2796734497 78.4567330669
1.3192468384 -0.5366856561 1.1335808896 559.2819034944 117.6433922093
2.3746660379 0.5242174031 1.6523616679 361.8421310275 86.0601089105
1.8809823717 2.0841163296 0.5893151287 72.4579272064 126.4731079475

gimbalangles:
2.8513807132 -0.0373199615 -0.2676133740

end: