T_CW:
-0.0889108620 -0.9663921012 0.2412077223 0.2000135670
-0.0014707813 -0.2420391583 -0.9702653671 0.3934056345
0.9960385010 -0.0866218939 0.0200985588 -0.2353552423
0.0000000000 0.0000000000 0.0000000000 1.0000000000

T_CW_cov:
0.0000003303 0.0000000052 -0.0000000113 -0.0000000348 0.0000007049 0.0000000055
0.0000000052 0.0000001952 -0.0000000003 -0.0000005155 0.0000000129 -0.0000000608
-0.0000000113 -0.0000000003 0.0000002169 -0.0000000607 -0.0000000151 0.0000000023
-0.0000000348 -0.0000005155 -0.0000000607 0.0000019191 -0.0000000768 0.0000002602
0.0000007049 0.0000000129 -0.0000000151 -0.0000000768 0.0000020281 0.0000000406
0.0000000055 -0.0000000608 0.0000000023 0.0000002602 0.0000000406 0.0000006505

target_points_pix:
2.8469624497 -1.2706155376 -0.4268351525 471.3897798867 339.2032759016
1.2955616386 -1.4164051859 0.0125195018 674.1339107969 387.8160815267
2.9185907309 1.9178459633 1.8610296438 235.9341647870 60.5378822353
2.6305978994 -2.5336026126 1.4089481569 628.0557717750 205.9869314687
2.5591223247 -0.0443953625 0.5219552533 390.1013810673 228.4963420473
1.8324549851 0.5136414256 0.1050882143 307.6025023058 265.2268720781
2.2959027539 -0.3651612911 1.0377432566 444.3785422364 178.5808101248
2.3041003494 -2.2990699818 1.7052507894 652.2871292337 164.9282300486
2.2457088193 -0.2690198173 -1.2941584072 368.8673683301 446.5246933702
2.0176283046 -1.3083910700 2.4854543714 610.7829159853 26.8909978016
2.2385537561 -1.8200234489 -0.7064504535 555.3265267317 411.2098205015
2.8752574486 -1.5801047162 -0.1999385455 500.1120632017 323.8617321737
1.0143189639 -0.1834378360 0.2340703772 479.8011497600 303.4700910295
1.3939397812 -1.4548252074 -0.2639512733 644.7348483552 429.1572844481
2.6388940522 0.2859068827 0.6616028722 359.8607722170 206.6027311288
1.8436071198 -0.3614789899 -0.5329186283 413.4583604108 388.3461482718
2.6356910408 1.1581813945 0.7110316627 272.1719526999 178.2021958186
2.2974160006 1.1434337072 1.1115312662 272.0512100097 121.2941258844
1.8636994645 0.9851570773 0.8625067980 264.6472845918 133.0825440734
2.9486415274 -2.6758647837 -1.6358413215 552.6278112123 458.6752011279
2.8400527988 2.3293742471 -2.5758741647 73.0429950475 479.7246083608
2.4952987901 1.9204534977 1.3630564139 197.9212432075 79.5391630496
2.5258584135 -2.8592762385 -0.6116947642 624.6336352027 400.8413134542
2.8920798147 2.1378650829 -2.5311623147 100.7074309110 473.4724408405
2.7260240624 2.2495865463 -1.9352716347 86.4394160162 425.0025991885
2.3241395539 -2.8069241618 -0.5895953926 643.9149000117 411.5680365842
2.6278435143 1.8946618219 1.8255796272 222.4700754596 42.1948112930
2.6912848041 -2.1106228893 -0.6993441011 545.0677547139 385.3917222728
2.2863225682 -1.1407866103 2.4543879926 562.2076923322 50.0986703904
1.5889353798 -2.3704226469 0.0978376196 744.3950151740 375.3121309024
2.4841714159 1.4051269004 1.6262681959 264.1264683820 67.6287179831
2.7991553079 -1.1303929253 0.2989914414 476.8785183428 272.9216586429
2.3235776381 -0.6902499417 -1.1799127502 418.6409107262 433.9592052346
2.1983390802 1.3671984969 -1.0802983766 164.8288553637 387.1329641422
2.0950124471 -0.5055487376 0.8267820771 464.1936813297 203.3619059772
1.7824561088 1.2368809704 -0.1031601285 175.8705979338 272.2180786776
2.6588510636 -0.1466194073 -0.3037086062 378.6513483048 311.5206726509
2.2538497045 -0.9608366362 1.2047620648 514.4683902107 177.4197484190
2.3780720027 -0.0837965984 2.0767695085 438.6955093899 61.7926049876
2.9680979097 -2.4510036395 1.5364771412 593.4621770776 198.1837715425
2.8361755367 1.9949440335 -2.4556373968 112.3417598626 473.2306086296
2.0821692119 -1.0065134618 0.4658650749 512.9133677408 262.1045906381
1.2103062974 0.1184933070 0.6222756592 407.2176520343 179.4732867197
0.9923400970 0.5709656991 -0.1292795507 212.9019498654 370.1074320027
2.6984458114 1.3496573022 0.7124865195 254.5777298779 174.7714190309
1.6820117367 -2.6908657484 -0.4410075725 745.2900127580 452.9187107645
1.4393502068 -0.3605422360 0.5295601244 482.3995436826 232.8202785442
2.4819671509 -1.0003026340 -0.6462119426 458.2296080172 371.3830991151
2.4003927181 0.1999549924 -0.1597382894 347.3312911014 295.8795677477
1.6781638844 1.7635796532 -1.0815039641 8.4196497035 433.6114186956
2.8599623337 -1.4393414243 0.8130817700 510.1030569461 235.0867475256
2.8028733044 -1.8940930289 0.2984196099 539.4432063312 289.0730548953
2.2679231297 1.6166728105 1.6066018340 226.6217459953 42.4467454616
1.5339740108 -0.0088084180 1.0042570867 432.9922129734 132.8682826396
2.2683739193 1.5151538458 1.0720505343 222.9166897248 110.9654804588
2.8407462338 2.6756664027 -1.3199547291 69.1282561737 345.5785240624
2.5245239422 -1.9046691708 0.2882304037 561.6326941888 295.7570683455
1.2961433232 -0.2137759639 0.8682376054 486.0522637107 151.1533711460
2.5432224523 -0.6373923841 0.7409534547 453.4770736126 221.7390621025
2.9691898119 0.8306301282 -1.4718533968 262.5122026584 388.8450797244
1.9577623473 1.9570472736 1.2495788176 134.1539501302 40.0136621676
2.3703281476 -2.2094223224 -0.8768088657 576.2615275504 426.2680135053
2.5332886341 0.3624403137 -0.8886724309 311.8198392121 365.5571827102
2.7230803671 2.1668952310 -1.0932890004 119.2791601396 338.2429914112
1.9507874860 -0.6407648270 1.0479185312 497.2486740758 176.0441017212
1.3270867205 -0.5234995568 1.3446707796 565.6233145150 75.4072455674
2.8849499926 1.7528628131 -1.9172862492 156.2815791680 419.9770574568
1.6796342927 -1.3761458959 -0.5238268143 571.5712899987 432.5412186552
2.0330982211 1.2071025275 -0.3551796497 197.7686112547 303.1471896616
1.5235769822 -1.1851647188 1.3670204011 638.8880222817 128.6029423234
2.8384515790 -2.7845431762 0.8899561949 617.6344189984 256.4275494289
2.5609837967 -2.9277062911 -1.0449301538 617.1319741139 440.2046677468
1.7669752855 0.9690625695 -0.5529376649 201.8401726220 356.6051346142
1.8439066339 -0.9471699808 1.1522247373 549.3569882007 168.6668176172
1.4488983111 0.6617484764 1.0469220162 309.7787355486 77.3358281283
2.7059739807 -0.7331271193 0.7287971851 455.8149184525 226.0677599505
2.8833560441 2.6773336796 -0.2468877160 102.7907778829 238.0307317868
1.9496769023 -1.6101641628 0.3732577648 593.0056124304 293.9741967394
2.7832056284 2.7310910625 0.6875618561 111.8880784684 141.3956400389
0.7034332180 -0.0654622727 0.4930513506 535.9093175285 204.3736124611
1.9631750106 0.7384015444 -1.1730532119 231.3458599119 439.5849329911
2.7390766891 1.4458832406 -1.4800111153 189.5351814802 392.4370095736
1.6947515968 -1.6709432923 1.9441946478 690.3038145068 78.5380126453
1.3192468384 -0.5366856561 1.1335808896 559.8669684114 117.6711918302
2.3746660379 0.5242174031 1.6523616679 361.3900855900 86.6701505046
1.8809823717 2.0841163296 0.5893151287 72.4076367376 126.4992777289

gimbalangles:
0.3710895840 0.0786800954 -1.1935846270

end: