T_CW:
-0.0890052332 -0.9664144595 0.2410833070 0.2001292734
-0.0015296292 -0.2419110325 -0.9702972290 0.3930527100
0.9960299838 -0.0867302992 0.0200530921 -0.2352099831
0.0000000000 0.0000000000 0.0000000000 1.0000000000

T_CW_cov:
0.0000003305 0.0000000052 -0.0000000113 -0.0000000347 0.0000007052 0.0000000056
0.0000000052 0.0000001952 -0.0000000003 -0.0000005157 0.0000000129 -0.0000000609
-0.0000000113 -0.0000000003 0.0000002169 -0.0000000608 -0.0000000150 0.0000000022
-0.0000000347 -0.0000005157 -0.0000000608 0.0000019199 -0.0000000769 0.0000002604
0.0000007052 0.0000000129 -0.0000000150 -0.0000000769 0.0000020289 0.0000000405
0.0000000056 -0.0000000609 0.0000000022 0.0000002604 0.0000000405 0.0000006508

target_points_pix:
2.8469624497 -1.2706155376 -0.4268351525 471.5737643272 339.1001893963
1.2955616386 -1.4164051859 0.0125195018 674.4069374253 387.6152029625
2.9185907309 1.9178459633 1.8610296438 236.1307208584 60.7668644610
2.6305978994 -2.5336026126 1.4089481569 628.0794715885 205.9452358824
2.5591223247 -0.0443953625 0.5219552533 390.0074689321 228.2477373234
1.8324549851 0.5136414256 0.1050882143 307.3694748095 265.2537518136
2.2959027539 -0.3651612911 1.0377432566 444.1297496639 179.0642322077
2.3041003494 -2.2990699818 1.7052507894 652.6885807964 164.8780243338
2.2457088193 -0.2690198173 -1.2941584072 368.7277398708 446.7235202139
2.0176283046 -1.3083910700 2.4854543714 610.3272779023 26.4966257922
2.2385537561 -1.8200234489 -0.7064504535 554.8968367885 411.3087986667
2.8752574486 -1.5801047162 -0.1999385455 499.6736439550 323.7604992252
1.0143189639 -0.1834378360 0.2340703772 479.6757532552 302.7791243559
1.3939397812 -1.4548252074 -0.2639512733 644.2536516149 428.9717861648
2.6388940522 0.2859068827 0.6616028722 360.1445934090 207.0492782110
1.8436071198 -0.3614789899 -0.5329186283 413.6120296379 387.8929015399
2.6356910408 1.1581813945 0.7110316627 272.4990089631 178.4043280352
2.2974160006 1.1434337072 1.1115312662 272.2225282421 121.5220056526
1.8636994645 0.9851570773 0.8625067980 264.7080886810 132.9271759661
2.9486415274 -2.6758647837 -1.6358413215 552.4767727591 458.0969169807
2.8400527988 2.3293742471 -2.5758741647 72.7962354120 479.8793487406
2.4952987901 1.9204534977 1.3630564139 197.9109629854 79.2779579390
2.5258584135 -2.8592762385 -0.6116947642 624.9064036455 400.4347385506
2.8920798147 2.1378650829 -2.5311623147 100.7278551496 473.1069280163
2.7260240624 2.2495865463 -1.9352716347 86.2702338483 424.9821553936
2.3241395539 -2.8069241618 -0.5895953926 643.4395184104 411.3218094458
2.6278435143 1.8946618219 1.8255796272 222.1436727790 42.1763907614
2.6912848041 -2.1106228893 -0.6993441011 544.8726377727 385.4051500493
2.2863225682 -1.1407866103 2.4543879926 562.1780255741 50.0641963337
1.5889353798 -2.3704226469 0.0978376196 744.2717344908 374.9623762112
2.4841714159 1.4051269004 1.6262681959 264.6702655164 67.7088768749
2.7991553079 -1.1303929253 0.2989914414 476.8716937198 273.6911412690
2.3235776381 -0.6902499417 -1.1799127502 418.2994900546 433.9650900713
2.1983390802 1.3671984969 -1.0802983766 164.9357703459 387.3933554467
2.0950124471 -0.5055487376 0.8267820771 464.0845446724 202.8357828816
1.7824561088 1.2368809704 -0.1031601285 176.1614396321 271.7683365901
2.6588510636 -0.1466194073 -0.3037086062 378.6466435362 311.4009079139
2.2538497045 -0.9608366362 1.2047620648 514.4805100634 177.3139885889
2.3780720027 -0.0837965984 2.0767695085 438.3320890846 62.0461175514
2.9680979097 -2.4510036395 1.5364771412 593.4265756205 197.9382063642
2.8361755367 1.9949440335 -2.4556373968 112.7081198366 473.1493301237
2.0821692119 -1.0065134618 0.4658650749 512.9284161089 261.8795713522
1.2103062974 0.1184933070 0.6222756592 407.3392942292 179.5812550358
0.9923400970 0.5709656991 -0.1292795507 212.4948667260 370.0532529304
2.6984458114 1.3496573022 0.7124865195 254.9567695100 174.7603899391
1.6820117367 -2.6908657484 -0.4410075725 744.4034296731 452.9078867781
1.4393502068 -0.3605422360 0.5295601244 482.1947436177 232.6555587322
2.4819671509 -1.0003026340 -0.6462119426 457.9715313238 371.0513475064
2.4003927181 0.1999549924 -0.1597382894 347.3770852014 296.0799328172
1.6781638844 1.7635796532 -1.0815039641 8.2710358905 433.9263600909
2.8599623337 -1.4393414243 0.8130817700 509.8659041412 234.9510776290
2.8028733044 -1.8940930289 0.2984196099 539.4470116020 289.1311120655
2.2679231297 1.6166728105 1.6066018340 226.7354847581 42.6756149616
1.5339740108 -0.0088084180 1.0042570867 433.1400026000 132.4680046227
2.2683739193 1.5151538458 1.0720505343 222.8278879148 111.2801676353
2.8407462338 2.6756664027 -1.3199547291 68.8966020941 345.4097912589
2.5245239422 -1.9046691708 0.2882304037 561.9687116098 296.0187262069
1.2961433232 -0.2137759639 0.8682376054 486.3944098377 150.8606800626
2.5432224523 -0.6373923841 0.7409534547 453.4345394635 221.8946954624
2.9691898119 0.8306301282 -1.4718533968 262.5855796287 388.5337326580
1.9577623473 1.9570472736 1.2495788176 134.2988085259 39.8051182356
2.3703281476 -2.2094223224 -0.8768088657 576.8307972879 426.1706556220
2.5332886341 0.3624403137 -0.8886724309 311.2392970870 365.3523236624
2.7230803671 2.1668952310 -1.0932890004 119.1405134571 338.4471574958
1.9507874860 -0.6407648270 1.0479185312 497.0292219740 175.7131101661
1.3270867205 -0.5234995568 1.3446707796 565.4330454151 75.1087530937
2.8849499926 1.7528628131 -1.9172862492 157.1557391814 419.8780615276
1.6796342927 -1.3761458959 -0.5238268143 571.1393395209 432.1788114029
2.0330982211 1.2071025275 -0.3551796497 197.4346803180 303.4705833095
1.5235769822 -1.1851647188 1.3670204011 638.9780668195 128.4954747557
2.8384515790 -2.7845431762 0.8899561949 617.7071736194 256.3314771489
2.5609837967 -2.9277062911 -1.0449301538 617.4634113909 439.8107961810
1.7669752855 0.9690625695 -0.5529376649 201.4709999517 357.0531546764
1.8439066339 -0.9471699808 1.1522247373 549.1942735033 168.8511150975
1.4488983111 0.6617484764 1.0469220162 310.0961670987 77.6206001395
2.7059739807 -0.7331271193 0.7287971851 455.6501679586 225.7997782136
2.8833560441 2.6773336796 -0.2468877160 102.6668563275 237.6523784184
1.9496769023 -1.6101641628 0.3732577648 593.5677158429 294.0880243502
2.7832056284 2.7310910625 0.6875618561 111.6104146504 141.5568995744
0.7034332180 -0.0654622727 0.4930513506 536.0802185004 204.0607043299
1.9631750106 0.7384015444 -1.1730532119 230.9554036272 439.7096934560
2.7390766891 1.4458832406 -1.4800111153 189.4064062826 391.9379478121
1.6947515968 -1.6709432923 1.9441946478 690.7367160350 78.1237439984
1.3192468384 -0.5366856561 1.1335808896 559.6253715273 117.5501360877
2.3746660379 0.5242174031 1.6523616679 361.8831224348 86.4250077135
1.8809823717 2.0841163296 0.5893151287 72.4170215488 127.0013004927

gimbalangles:
-0.1370473717 -0.2631233372 -0.5925005287

end: