T_CW:
-0.0888804568 -0.9663969761 0.2411993966 0.1996955580
-0.0011811275 -0.2420553547 -0.9702617225 0.3922997433
0.9960416002 -0.0865221923 0.0203725525 -0.2356561229
0.0000000000 0.0000000000 0.0000000000 1.0000000000

T_CW_cov:
0.0000003454 0.0000000171 -0.0000000104 -0.0000000602 0.0000007331 0.0000000159
0.0000000171 0.0000002044 -0.0000000002 -0.0000005346 0.0000000354 -0.0000000521
-0.0000000104 -0.0000000002 0.0000002243 -0.0000000662 -0.0000000167 0.0000000016
-0.0000000602 -0.0000005346 -0.0000000662 0.0000019624 -0.0000001226 0.0000002424
0.0000007331 0.0000000354 -0.0000000167 -0.0000001226 0.0000020823 0.0000000603
0.0000000159 -0.0000000521 0.0000000016 0.0000002424 0.0000000603 0.0000006580

target_points_pix:
2.8469624497 -1.2706155376 -0.4268351525 470.8323029512 339.0568093919
1.2955616386 -1.4164051859 0.0125195018 674.3124603816 387.9613222109
2.9185907309 1.9178459633 1.8610296438 235.9318569482 60.7583418645
2.6305978994 -2.5336026126 1.4089481569 628.1914664501 205.9732674675
2.5591223247 -0.0443953625 0.5219552533 389.7822791836 228.5981823931
1.8324549851 0.5136414256 0.1050882143 307.4647071564 265.2513092402
2.2959027539 -0.3651612911 1.0377432566 444.1678677583 178.7847408556
2.3041003494 -2.2990699818 1.7052507894 652.6799486463 164.8816322909
2.2457088193 -0.2690198173 -1.2941584072 368.8993540938 446.7680377545
2.0176283046 -1.3083910700 2.4854543714 610.4638399463 26.5074856755
2.2385537561 -1.8200234489 -0.7064504535 555.1568616087 411.2726048017
2.8752574486 -1.5801047162 -0.1999385455 499.8319540202 324.0473784659
1.0143189639 -0.1834378360 0.2340703772 479.5474142105 302.8694010854
1.3939397812 -1.4548252074 -0.2639512733 644.6592762986 429.2790774733
2.6388940522 0.2859068827 0.6616028722 359.6599989932 207.0155294685
1.8436071198 -0.3614789899 -0.5329186283 413.5589816619 388.1978194228
2.6356910408 1.1581813945 0.7110316627 272.2875561999 178.8456425724
2.2974160006 1.1434337072 1.1115312662 272.1783861970 121.3978821422
1.8636994645 0.9851570773 0.8625067980 264.4634614182 132.8594382300
2.9486415274 -2.6758647837 -1.6358413215 552.9278252368 458.4907087756
2.4952987901 1.9204534977 1.3630564139 198.0036119573 79.3992963086
2.5258584135 -2.8592762385 -0.6116947642 624.1680195971 400.7562328274
2.8920798147 2.1378650829 -2.5311623147 100.6534431154 473.5666262577
2.7260240624 2.2495865463 -1.9352716347 86.3630507189 424.7783149381
2.3241395539 -2.8069241618 -0.5895953926 644.1383941569 411.2834543596
2.6278435143 1.8946618219 1.8255796272 222.3798216664 42.2796220400
2.6912848041 -2.1106228893 -0.6993441011 544.6994028687 385.8275703439
2.2863225682 -1.1407866103 2.4543879926 561.8815359594 50.0552179566
1.5889353798 -2.3704226469 0.0978376196 744.7727379940 374.9811249697
2.4841714159 1.4051269004 1.6262681959 264.4865130546 67.4208943574
2.7991553079 -1.1303929253 0.2989914414 476.7683547947 273.6014360258
2.3235776381 -0.6902499417 -1.1799127502 418.2637762047 434.1825635770
2.1983390802 1.3671984969 -1.0802983766 165.3439206845 387.4706368498
2.0950124471 -0.5055487376 0.8267820771 464.2899490728 202.8230752443
1.7824561088 1.2368809704 -0.1031601285 175.9954832568 271.5644521785
2.6588510636 -0.1466194073 -0.3037086062 378.6175023055 311.4492417425
2.2538497045 -0.9608366362 1.2047620648 514.3581070073 177.0896586739
2.3780720027 -0.0837965984 2.0767695085 438.4835064257 61.7650555520
2.9680979097 -2.4510036395 1.5364771412 593.4637303578 197.9866415074
2.8361755367 1.9949440335 -2.4556373968 111.9240316427 473.4788189065
2.0821692119 -1.0065134618 0.4658650749 512.6865188754 262.2066104397
1.2103062974 0.1184933070 0.6222756592 407.3257348940 179.2254231779
0.9923400970 0.5709656991 -0.1292795507 212.7687419696 370.2720570773
2.6984458114 1.3496573022 0.7124865195 254.6168477321 175.1744622239
1.6820117367 -2.6908657484 -0.4410075725 745.0542528842 452.9615861774
1.4393502068 -0.3605422360 0.5295601244 482.0072298542 232.6056696537
2.4819671509 -1.0003026340 -0.6462119426 457.9206708423 371.5539103622
2.4003927181 0.1999549924 -0.1597382894 347.5697284432 295.8981710788
1.6781638844 1.7635796532 -1.0815039641 7.9252417765 433.6043802568
2.8599623337 -1.4393414243 0.8130817700 509.6743427576 235.3613899668
2.8028733044 -1.8940930289 0.2984196099 539.5335636243 288.8063978192
2.2679231297 1.6166728105 1.6066018340 226.5436151268 42.8657917980
1.5339740108 -0.0088084180 1.0042570867 432.7623313559 132.3285701963
2.2683739193 1.5151538458 1.0720505343 222.8289038416 110.9318225768
2.8407462338 2.6756664027 -1.3199547291 69.4270120722 345.3546051743
2.5245239422 -1.9046691708 0.2882304037 561.3632759274 296.0522608041
1.2961433232 -0.2137759639 0.8682376054 486.0933397107 150.8905367084
2.5432224523 -0.6373923841 0.7409534547 453.9186692317 221.4452592634
2.9691898119 0.8306301282 -1.4718533968 262.3444499800 389.0246440870
1.9577623473 1.9570472736 1.2495788176 134.2007662935 39.5971047010
2.3703281476 -2.2094223224 -0.8768088657 576.0882922931 426.0144494517
2.5332886341 0.3624403137 -0.8886724309 311.7059080818 365.4270655458
2.7230803671 2.1668952310 -1.0932890004 119.5013336740 338.1045382371
1.9507874860 -0.6407648270 1.0479185312 497.1168359399 175.5325497447
1.3270867205 -0.5234995568 1.3446707796 565.3475054832 75.3643420143
2.8849499926 1.7528628131 -1.9172862492 156.4726909979 419.7686585227
1.6796342927 -1.3761458959 -0.5238268143 571.2939659674 432.3270972303
2.0330982211 1.2071025275 -0.3551796497 197.3380551206 303.5181794009
1.5235769822 -1.1851647188 1.3670204011 638.9071630136 127.9941765371
2.8384515790 -2.7845431762 0.8899561949 616.9847446289 256.4215865027
2.5609837967 -2.9277062911 -1.0449301538 617.4429299776 439.9575677168
1.7669752855 0.9690625695 -0.5529376649 201.3461565835 356.5238069232
1.8439066339 -0.9471699808 1.1522247373 549.7396157770 169.1908152551
1.4488983111 0.6617484764 1.0469220162 310.4934138131 77.4829572890
2.7059739807 -0.7331271193 0.7287971851 456.3424320957 225.8174879619
2.8833560441 2.6773336796 -0.2468877160 102.8135459939 237.5105993119
1.9496769023 -1.6101641628 0.3732577648 593.5193718183 294.1224522259
2.7832056284 2.7310910625 0.6875618561 112.0339236949 141.4268378995
0.7034332180 -0.0654622727 0.4930513506 535.9733883309 203.8644382957
1.9631750106 0.7384015444 -1.1730532119 231.3055449644 439.9591758593
2.7390766891 1.4458832406 -1.4800111153 188.9680215932 392.0499844002
1.6947515968 -1.6709432923 1.9441946478 690.7015756879 78.1196926018
1.3192468384 -0.5366856561 1.1335808896 559.7188430640 117.4492445773
2.3746660379 0.5242174031 1.6523616679 361.6591117868 86.1513712214
1.8809823717 2.0841163296 0.5893151287 72.7013320791 126.9578502355

gimbalangles:
2.9377395583 0.4168195836 -1.7539509692

end: