T_CW:
-0.0890016548 -0.9663754529 0.2412409367 0.1999457733
-0.0013775937 -0.2420824579 -0.9702547015 0.3930159629
0.9960305255 -0.0866866060 0.0202144666 -0.2354947887
0.0000000000 0.0000000000 0.0000000000 1.0000000000

T_CW_cov:
0.0000003454 0.0000000171 -0.0000000104 -0.0000000601 0.0000007331 0.0000000162
0.0000000171 0.0000002044 -0.0000000002 -0.0000005348 0.0000000354 -0.0000000523
-0.0000000104 -0.0000000002 0.0000002243 -0.0000000663 -0.0000000166 0.0000000016
-0.0000000601 -0.0000005348 -0.0000000663 0.0000019630 -0.0000001224 0.0000002428
0.0000007331 0.0000000354 -0.0000000166 -0.0000001224 0.0000020823 0.0000000612
0.0000000162 -0.0000000523 0.0000000016 0.0000002428 0.0000000612 0.0000006584

target_points_pix:
2.8469624497 -1.2706155376 -0.4268351525 470.8494837649 338.8452614727
1.2955616386 -1.4164051859 0.0125195018 674.3235787453 387.9429128180
2.9185907309 1.9178459633 1.8610296438 236.1538562008 60.6327517302
2.6305978994 -2.5336026126 1.4089481569 627.9605209468 206.1614792606
2.5591223247 -0.0443953625 0.5219552533 390.5904323469 228.9055424821
1.8324549851 0.5136414256 0.1050882143 307.4126156438 265.1336298778
2.2959027539 -0.3651612911 1.0377432566 444.1544670752 178.6081790129
2.3041003494 -2.2990699818 1.7052507894 652.5810681021 165.0781002332
2.2457088193 -0.2690198173 -1.2941584072 368.8656451271 446.7305684085
2.0176283046 -1.3083910700 2.4854543714 610.7156409025 26.7290866385
2.2385537561 -1.8200234489 -0.7064504535 555.2489338744 411.2926998726
2.8752574486 -1.5801047162 -0.1999385455 499.7345306067 324.2378885511
1.0143189639 -0.1834378360 0.2340703772 479.8596539925 302.7995044855
1.3939397812 -1.4548252074 -0.2639512733 644.7297681229 429.2279867200
2.6388940522 0.2859068827 0.6616028722 359.7540883243 206.8255365077
1.8436071198 -0.3614789899 -0.5329186283 413.7275857801 387.9119667930
2.6356910408 1.1581813945 0.7110316627 271.8855852093 178.8033848323
2.2974160006 1.1434337072 1.1115312662 272.1781615414 121.5080911695
1.8636994645 0.9851570773 0.8625067980 264.7760556198 133.4391669914
2.9486415274 -2.6758647837 -1.6358413215 552.9327617465 458.0802583201
2.4952987901 1.9204534977 1.3630564139 197.6037329580 79.1636538752
2.5258584135 -2.8592762385 -0.6116947642 624.3401518008 400.6716420316
2.8920798147 2.1378650829 -2.5311623147 100.7514480152 473.1283527843
2.7260240624 2.2495865463 -1.9352716347 86.2590979148 425.4270832118
2.3241395539 -2.8069241618 -0.5895953926 643.4708445321 411.2534000495
2.6278435143 1.8946618219 1.8255796272 222.6553260329 42.1649647562
2.6912848041 -2.1106228893 -0.6993441011 544.8122449893 385.5540782201
2.2863225682 -1.1407866103 2.4543879926 562.2071125587 50.1469644181
1.5889353798 -2.3704226469 0.0978376196 744.1647376886 374.9357329242
2.4841714159 1.4051269004 1.6262681959 264.0993743380 67.8291626657
2.7991553079 -1.1303929253 0.2989914414 476.5492720550 273.6283679937
2.3235776381 -0.6902499417 -1.1799127502 417.9560853341 434.3596925759
2.1983390802 1.3671984969 -1.0802983766 164.6808324181 387.1944963691
2.0950124471 -0.5055487376 0.8267820771 463.9306974619 203.0552666874
1.7824561088 1.2368809704 -0.1031601285 176.3338208522 271.8227407384
2.6588510636 -0.1466194073 -0.3037086062 378.3269931895 311.5220657611
2.2538497045 -0.9608366362 1.2047620648 513.9161762777 177.0621890791
2.3780720027 -0.0837965984 2.0767695085 438.5905330019 62.0610868338
2.9680979097 -2.4510036395 1.5364771412 593.4920500090 198.0986335410
2.8361755367 1.9949440335 -2.4556373968 112.4808695066 473.6482546708
2.0821692119 -1.0065134618 0.4658650749 512.6477436936 262.1841665756
1.2103062974 0.1184933070 0.6222756592 407.2134441268 179.8623454807
0.9923400970 0.5709656991 -0.1292795507 212.5065809709 370.2860699765
2.6984458114 1.3496573022 0.7124865195 254.5556556826 174.8762515263
1.6820117367 -2.6908657484 -0.4410075725 745.2215358354 453.3624563028
1.4393502068 -0.3605422360 0.5295601244 482.1004754015 232.5416947115
2.4819671509 -1.0003026340 -0.6462119426 457.9511322382 371.0278593004
2.4003927181 0.1999549924 -0.1597382894 347.5049359678 295.6538635843
1.6781638844 1.7635796532 -1.0815039641 7.7697567922 433.8817592228
2.8599623337 -1.4393414243 0.8130817700 509.6214457654 235.0766509816
2.8028733044 -1.8940930289 0.2984196099 539.5314942551 288.8225613650
2.2679231297 1.6166728105 1.6066018340 226.6577260618 42.4476739301
1.5339740108 -0.0088084180 1.0042570867 432.8781618392 132.5496940182
2.2683739193 1.5151538458 1.0720505343 222.6580119434 111.0529733904
2.8407462338 2.6756664027 -1.3199547291 68.6925788013 345.3854793615
2.5245239422 -1.9046691708 0.2882304037 561.4106804510 295.8537090912
1.2961433232 -0.2137759639 0.8682376054 485.9767551535 151.2303433925
2.5432224523 -0.6373923841 0.7409534547 453.3945385758 221.4784014296
2.9691898119 0.8306301282 -1.4718533968 262.5406566945 388.6399731921
1.9577623473 1.9570472736 1.2495788176 134.1456467697 39.9492008888
2.3703281476 -2.2094223224 -0.8768088657 576.5054348660 426.4393505924
2.5332886341 0.3624403137 -0.8886724309 311.6663961191 365.1655166119
2.7230803671 2.1668952310 -1.0932890004 119.1043913874 338.0727169486
1.9507874860 -0.6407648270 1.0479185312 497.2038957895 175.6646172937
1.3270867205 -0.5234995568 1.3446707796 565.7799884420 75.2271682661
2.8849499926 1.7528628131 -1.9172862492 156.9744403282 420.0634840774
1.6796342927 -1.3761458959 -0.5238268143 571.4725322792 432.2158244021
2.0330982211 1.2071025275 -0.3551796497 197.4397213337 303.2470440037
1.5235769822 -1.1851647188 1.3670204011 638.9574130231 128.5443560522
2.8384515790 -2.7845431762 0.8899561949 617.1871007093 256.5267960275
2.5609837967 -2.9277062911 -1.0449301538 617.5609386846 440.2865086712
1.7669752855 0.9690625695 -0.5529376649 201.7015735863 356.9504954345
1.8439066339 -0.9471699808 1.1522247373 549.2618557501 168.6727713047
1.4488983111 0.6617484764 1.0469220162 310.0485887712 77.8096222541
2.7059739807 -0.7331271193 0.7287971851 455.9552505856 226.3107984610
2.8833560441 2.6773336796 -0.2468877160 102.9434310889 237.4142390419
1.9496769023 -1.6101641628 0.3732577648 593.6459101128 293.9706904612
2.7832056284 2.7310910625 0.6875618561 111.7472799316 141.2528627351
0.7034332180 -0.0654622727 0.4930513506 536.1238410995 204.0894567137
1.9631750106 0.7384015444 -1.1730532119 231.2347739572 439.2453003394
2.7390766891 1.4458832406 -1.4800111153 189.2315375741 391.7769486818
1.6947515968 -1.6709432923 1.9441946478 690.8595752593 78.3786147652
1.3192468384 -0.5366856561 1.1335808896 559.5367667118 117.5714623994
2.3746660379 0.5242174031 1.6523616679 361.6674166398 86.1093021986
1.8809823717 2.0841163296 0.5893151287 72.8109592579 127.0691952890

gimbalangles:
-1.7352324955 0.4493107229 -1.9021365589

end: