T_CW:
0.9184381878 0.1121171513 0.3793429049 -0.0215090337
0.1558564334 -0.9839827033 -0.0865263649 -0.0142112007
0.3635657675 0.1385921500 -0.9212014702 -0.0727933921
0.0000000000 0.0000000000 0.0000000000 1.0000000000

T_CW_cov:
0.0000002774 -0.0000000351 -0.0000000171 0.0000001215 0.0000005575 0.0000000412
-0.0000000351 0.0000003096 0.0000000039 -0.0000007455 -0.0000000962 -0.0000000686
-0.0000000171 0.0000000039 0.0000002551 -0.0000000202 -0.0000001201 -0.0000000084
0.0000001215 -0.0000007455 -0.0000000202 0.0000023602 0.0000003116 0.0000003725
0.0000005575 -0.0000000962 -0.0000001201 0.0000003116 0.0000016293 0.0000000980
0.0000000412 -0.0000000686 -0.0000000084 0.0000003725 0.0000000980 0.0000005181

target_points_pix:
1.4904409015 -0.8576028127 -2.6357354281 397.2251383398 352.2334399744
0.7583609253 0.4677505926 -2.4511855211 355.6908008969 225.5612799292
1.6304909208 -0.4683184133 -1.9111117291 451.5618975579 334.0818916637
-0.4339811544 0.3604827340 -1.2275564470 160.3831744625 155.7246065333
-1.2830020915 -0.7477612956 -2.9741651212 97.0766327480 329.5057671573
1.5085798632 -1.1919996516 -1.7278603287 448.3803656285 435.7997869731
0.0134727521 1.9966532696 -2.2999075116 306.4985825125 54.4464993823
1.5390997624 -1.5424577392 -2.4175742588 404.3398538581 428.5391596906
2.6638076555 -1.1338153697 -2.9948707751 455.6150721361 362.1563733588
-1.3783621819 0.6183489028 -2.2812195003 62.9361816630 143.7156195458
0.4760255981 1.6652719494 -2.0074300235 357.4251353704 84.0466643717
0.0469361765 -0.1783641195 -2.6535832882 272.7236137514 280.1384800609
1.5905470624 0.5227412081 -2.2990225691 431.5724945844 231.9912169120
0.8980708545 -0.2130090316 -0.3464988306 663.8141220991 402.3603465710
2.2457088193 -0.2690198173 -1.2941584072 568.9161110034 330.3986931558
2.1243149059 2.5165360083 -1.1599424087 578.0326724914 4.7536946749
2.2027673226 1.2739145926 -2.7746600208 451.5808161808 191.5996012546
1.7022931842 0.6034113149 -2.4383688156 433.0424846477 228.2447294585
2.2838413789 1.2710353105 -2.0665887182 497.5355444855 177.4781975350
1.8436071198 -0.3614789899 -0.5329186283 708.2891587391 396.4562925972
1.3605142988 1.3279683397 -2.8167563008 398.5550535470 174.0022619162
2.8400527988 2.3293742471 -2.5758741647 499.0356590067 130.7140639374
-0.2118470871 -0.0163581002 -1.5873625828 223.9005356367 259.4617772231
1.9598271384 2.0807628825 -1.8172077782 498.2042829588 90.8306036257
-0.1823780494 -0.8635400208 -2.5844140384 230.6548845383 357.1750876237
-1.2292746160 0.8858709981 -2.9739817686 150.2291579270 155.1758044862
1.2977747122 2.7046068227 -2.0603174099 438.0951839361 32.0033741241
2.8920798147 2.1378650829 -2.5311623147 503.7692061638 142.6966393160
2.6442776321 -1.9549028644 -2.2435606455 495.7642277570 466.3978380061
2.1800794479 -1.0439377960 -1.9029706145 493.9377286969 397.1168933110
2.7260240624 2.2495865463 -1.9352716347 535.7294461894 108.3545610320
2.4497479841 -1.5512437600 -2.3657692494 475.4676156491 422.0821586487
1.4521663042 -0.5399965625 -1.6630885379 454.0105781061 351.7070036126
0.6336242524 1.1783842050 -1.0552852102 429.9441497814 55.5704069478
2.3667225286 2.8706255632 -2.1373102295 502.8342266623 64.3616176609
2.9170283047 -1.1525861895 -2.5332101054 495.2968719746 376.7667681904
0.2585293654 0.5934473492 -0.5108773483 412.3222155301 23.2026410029
2.2425741823 -1.7173131963 -2.8670343424 433.7929155563 414.4286906117
2.3235776381 -0.6902499417 -1.1799127502 592.8055824335 394.5301969035
2.1983390802 1.3671984969 -1.0802983766 595.5846001621 122.4809845246
1.6075514943 0.3175726274 -1.9505948349 452.4568106548 248.7996534202
0.2277862557 -0.3340403307 -2.6300424523 289.5128980795 298.2946461927
0.7112279187 -0.6943231092 -2.1725083750 344.1586090072 351.0632411630
1.1504892931 -0.6627365524 -2.0403880364 396.5554581341 351.9089574155
1.2383180701 1.3099832525 -2.0678546936 422.1423744108 147.8899385024
1.3716637695 0.8792669647 -1.3574988410 485.7735393613 165.7982766336
0.9719223617 1.9689701437 -1.5625638722 435.7689017865 37.6333491161
1.9648604716 -1.5172012612 -1.6765924910 494.7002851107 475.6528794557
2.8361755367 1.9949440335 -2.4556373968 505.0498947178 147.9063641394
0.7575916053 0.2523891601 -1.0951950878 431.2130511739 229.7962352708
0.0588398480 0.1345663759 -1.9919443238 280.1749233436 244.3097728658
1.4570043822 2.3114412965 -2.8657043889 410.2522966354 111.1734215884
2.7544963644 -1.4088225197 -2.8622308738 466.0530597181 386.9257200950
1.6781638844 1.7635796532 -1.0815039641 553.2337187740 49.9964078554
1.4697371940 1.7050643911 -2.6910499524 413.2607880524 145.7963722837
1.4997362677 2.2552284310 -1.7042058754 474.0362533494 49.3611670276
2.9010377035 -2.0761523624 -2.9764524155 465.4825349105 432.3805999858
2.4690198210 -0.8218292901 -1.7671497527 528.3736417666 377.6901191667
1.1375885433 -0.0063029323 -2.6361798873 377.4529290490 274.3743983410
1.5108970396 -1.3615313295 -2.9687420888 382.3630813278 384.7658720959
0.6325419191 2.6208530677 -2.3930825352 370.3767618283 36.3109149404
2.0870307964 0.3507490887 -2.2443769366 468.6146675450 253.1648305487
2.8407462338 2.6756664027 -1.3199547291 601.8001657732 41.0255453975
-1.0103194588 -0.8321822294 -2.8083801352 124.3866927067 345.3179309814
-0.3638610292 -0.9546125156 -1.7797905765 163.6096043103 429.6477229871
0.8583509219 1.9819683117 -2.4177920373 381.7295430313 96.4308538077
0.3303057821 0.2394415897 -2.7978580808 306.5358233172 243.6190363418
0.9955118727 -0.6900885001 -2.2663970244 370.8099575252 347.5927457744
0.7902253300 -0.0498267092 -0.2495925517 708.9742132457 338.6241086491
1.9193600062 2.7960739311 -1.6739447817 509.6977448772 19.4754610732
2.8049534027 1.7549510628 -2.7261348255 487.3189162507 169.9383543307
2.9691898119 0.8306301282 -1.4718533968 593.9311546657 215.9219875526
1.4706806190 -0.4806013601 -2.0637464314 427.2281952396 330.6178142456
0.0746601060 0.5852067123 -2.6719971241 287.8997052529 205.8456248558
2.4239824816 0.7568461512 -2.0444246221 506.2566484111 222.0854203097
2.5332886341 0.3624403137 -0.8886724309 658.0191197787 253.6789583063
-1.0310568987 0.1681308091 -1.9239170579 73.7445214616 208.4877145837
2.7230803671 2.1668952310 -1.0932890004 626.2873249334 62.9021837612
2.8849499926 1.7528628131 -1.9172862492 544.7271213668 148.6848831333
1.7836301664 2.3017608285 -2.5962998189 440.7210849236 108.6994115963
1.7040403951 -1.8849249930 -2.4309656511 414.8504863795 461.6671421639
-0.3139309819 -0.3902845608 -2.9588867546 231.5656899538 295.9830468546
1.1730569531 1.2704948479 -1.1105960248 496.5559257760 86.1221977687
0.6570472120 0.4945068807 -1.4712885553 387.4858626263 198.3785570472
-1.1789359356 0.5890362018 -2.6866246034 133.4943121067 175.4809334119
-1.5993342926 1.4370656586 -2.3495525503 61.1310374770 30.6096484257
1.5773005481 0.8563350408 -2.8473658583 408.5377678749 212.2383470898
1.7669752855 0.9690625695 -0.5529376649 674.6694123663 110.9762028077
2.3311839498 -0.9539271198 -2.8889311096 442.4417540792 352.0275558980
-1.6020343444 1.0108264512 -2.1461077954 12.2377985275 61.8838991536
0.1346661905 -1.4032030397 -2.7868114016 261.0757966719 407.2523938290
0.4773538111 1.3095008612 -1.5680206608 370.7370794192 86.7322296173
-0.4791536927 2.3891232452 -2.6389828612 260.7331104313 26.8418468006
1.9631750106 0.7384015444 -1.1730532119 563.4836001333 195.2848611084
2.7390766891 1.4458832406 -1.4800111153 579.2444473064 153.9743334524
1.1137504699 -0.3175425869 -1.4064089642 440.8295181024 330.1667355788
2.9181215669 -0.3698662499 -2.9485027558 474.5345612800 309.8287137379
0.6772129729 -1.3872812868 -2.0826048477 331.4682301510 448.1100687266
0.1815827826 2.0076210646 -1.8337579884 335.4238136259 17.5543554273
2.7857291322 0.2667104279 -2.9126554396 471.9403370358 266.6225217756
1.0562875771 0.1801981948 -0.5239100279 603.0348868774 245.0838919072
0.6331406616 -0.7213015916 -1.7853225676 346.7895584374 374.2460953489

gimbalangles:
-1.4771979220 -0.3891413779 -1.6922041338

end: