T_CW:
0.8998851686 0.2052061678 -0.3848338759 -0.0368533095
-0.3242169561 -0.2754175496 -0.9050019551 -0.0518753737
-0.2917019861 0.9391675048 -0.1813128490 -0.0469563552
0.0000000000 0.0000000000 0.0000000000 1.0000000000

T_CW_cov:
0.0000003852 0.0000000465 -0.0000000057 -0.0000000737 0.0000007458 0.0000000323
0.0000000465 0.0000002324 0.0000000061 -0.0000006208 0.0000000585 0.0000000344
-0.0000000057 0.0000000061 0.0000002223 -0.0000000216 -0.0000000221 0.0000000006
-0.0000000737 -0.0000006208 -0.0000000216 0.0000022482 -0.0000000573 -0.0000000930
0.0000007458 0.0000000585 -0.0000000221 -0.0000000573 0.0000020319 0.0000000438
0.0000000323 0.0000000344 0.0000000006 -0.0000000930 0.0000000438 0.0000005750

target_points_pix:
-2.8243573618 2.6628569762 -1.5907718359 278.4140310471 345.9630522305
-1.8989089335 2.7021134331 -0.4054152166 294.7862774342 254.2820275093
0.4525511890 1.4771543701 -0.3709931605 530.0640398249 188.4889659401
-1.4021994661 2.7108304751 0.3961482093 298.8383637273 179.3880915378
0.0134727521 1.9966532696 -2.2999075116 512.7114900393 398.7157419529
0.0713589459 2.8688959608 -0.9051086491 459.1324929952 235.7381617560
-2.5095895023 1.4537282118 -1.9005724212 247.3095711235 449.8631988602
-2.3803740549 2.2241037003 1.1999952244 165.5308467721 145.8493857902
-0.3054732399 1.1553874900 0.2017032538 341.8177567761 138.9465472739
0.8179732118 2.2948193458 -0.2082891874 533.9507129222 143.1605168038
-1.4132040819 1.7390647207 -0.1303300090 267.4850711742 244.9916724607
0.4760255981 1.6652719494 -2.0074300235 584.3850100362 399.2746846203
-2.9630438574 1.2498685434 0.2703220651 57.5547310077 279.4043207626
-0.0197024909 1.9179607289 -0.7375181316 454.7865351592 251.7096416697
-2.2570881565 2.7082349037 -2.0633919600 326.0166286158 363.2429870033
-0.8454043785 2.6955158446 1.3401100284 301.5204496320 71.1068311852
-2.1145543690 2.5368280306 1.6527436758 187.9548264585 97.1141248797
-2.9891561525 1.0928385460 -1.1234454871 131.4671175688 431.9951122824
-2.1987197781 2.6869103662 1.2249913925 213.5124259191 140.5680362641
2.1243149059 2.5165360083 -1.1599424087 734.7438989278 191.0167601416
-2.7312989435 2.6530594031 -1.3942433270 277.6318567081 334.0469453448
-2.6333375856 2.5260876036 -0.4714651478 245.3544711118 279.9408558211
-1.8036662741 2.9213890742 0.4185609520 281.3903711972 189.2642147425
0.8606978522 2.4381202060 -0.8605197644 552.0456412344 214.4968677507
-1.2333229781 0.8026401249 -0.6833503019 228.7495738239 390.8863431940
-2.4109286583 1.5240721805 0.6122623179 115.0770987937 209.9810052790
0.6837708879 1.9678359559 0.5759732938 498.3506155860 23.8772057605
1.2977747122 2.7046068227 -2.0603174099 616.3465883853 302.5625303431
-0.8911796826 2.9815497203 -1.4877817901 400.6028750161 296.1230211204
1.1135292309 2.9590436052 0.6041369903 516.1567332487 53.1151243869
-0.8537239679 1.5280305348 1.0098617859 228.9199053975 54.7901285419
0.6336242524 1.1783842050 -1.0552852102 643.0391531183 324.3717232813
2.3667225286 2.8706255632 -2.1373102295 736.4883641326 273.2615420554
-2.2552646269 1.6043643505 1.8194632491 45.2074603508 48.8690805441
0.2585293654 0.5934473492 -0.5108773483 610.7999150410 314.5966766592
-0.7198827339 0.7791230628 0.4858749195 162.0941988532 97.3796566631
-1.2146827552 0.4313236250 0.0528315889 9.9594382838 300.0265027319
0.7871674616 2.0424983208 0.2012990387 527.8904674613 80.8202293281
0.9719223617 1.9689701437 -1.5625638722 622.4301028470 307.4578878925
-0.2121167416 1.7897788713 0.8297268490 347.0159604932 47.6018542783
-1.8048953481 1.9335417400 -1.4229821744 307.7386293876 361.4313186800
0.8962104592 2.8887750237 0.0742970148 510.1175990681 117.3090251014
1.4570043822 2.3114412965 -2.8657043889 686.2640642160 395.9083248638
-1.3300249498 2.5741901058 1.1257362683 267.4251866090 112.0779185365
-1.1012706995 2.9606741992 0.3197833124 331.8185348434 175.1626796921
1.4997362677 2.2552284310 -1.7042058754 677.8152680497 287.1643992349
-1.2276053261 2.6819769802 0.8135725963 293.9396500069 137.5428152560
1.9711161295 2.5320500174 -0.8647562015 703.0658173137 162.7324941948
-2.7764038774 2.3680402460 -0.8289858517 241.9897626115 312.5413547201
0.6325419191 2.6208530677 -2.3930825352 555.7620079872 347.0105638529
-1.6435711194 1.7206815262 -0.2385074952 251.6664585616 265.7634903396
0.8583509219 1.9819683117 -2.4177920373 625.9617342845 397.7503160555
-2.8070000852 2.1028983329 -1.6509945629 256.4353131330 379.9021887695
-1.0050947886 1.3796874961 -1.1237346037 344.1875036570 365.4082813576
-2.7642033712 2.8377397974 0.0312227722 237.3934894386 242.2772253791
-0.7126786561 1.9834577945 -1.0618160856 389.7889277368 304.1928959457
1.9193600062 2.7960739311 -1.6739447817 678.0661539130 246.8739110765
-1.8473174646 1.5680524798 0.7082291128 158.0662544574 170.2526488993
-0.6100045683 0.5645809022 0.0344290762 196.8223061247 224.8666727496
-1.0407025969 1.8511915990 0.7612577383 259.8508536552 120.4771575206
-2.1579012616 2.6158550684 1.2160301151 211.2061027658 139.0053072621
-1.7178836189 1.5332592184 -0.2148120387 226.8649731001 274.2322927028
-2.4747552270 1.7971304399 1.5320622131 87.1185807973 108.3361443141
-2.8987142952 2.4095418038 2.8717692845 65.2539119097 13.4856352278
-1.6965573658 2.2500304313 -1.4300462053 327.8269444945 339.9240650867
-0.0667491202 2.8893935758 -1.8135267343 471.2765245365 305.2623617636
1.1468270981 2.4561268263 -0.9711199181 591.0806772111 213.9678491732
1.8638170845 2.7136824619 0.0667283887 645.2554731037 57.4670572508
1.7836301664 2.3017608285 -2.5962998189 731.5956370994 366.5605666227
-2.7635838127 2.5758996306 0.1771810151 216.6165501377 237.3510114841
0.7279847276 1.9901461379 -1.3627605785 577.3069940562 291.0346591366
-2.9155772865 1.8015255028 0.9202060444 100.6440893767 194.2550940807
-2.2550310878 2.7469332465 2.5621232452 154.5449747650 27.4427979776
-1.9208082146 1.6423306677 1.6909841948 87.8736996494 44.5862560303
-1.5057213679 1.4881960724 0.1935683238 214.9602438597 218.7380099390
0.7664780110 2.9653914697 -0.1033146028 499.6277911381 141.7723542808
1.1060195470 2.4830620612 0.3854567192 543.9732468342 55.2599247197
0.4773538111 1.3095008612 -1.5680206608 605.6983554921 394.4168941255
-0.4791536927 2.3891232452 -2.6389828612 464.6170692058 397.1059497820
-1.7376268140 2.4434120148 -2.6251467566 368.3506175630 405.3989076573
-2.7196823128 2.1269550887 -0.8836294877 232.9696499592 326.5736948022
-1.4239071394 1.7163547221 -0.1251398761 264.3576332664 245.8605429896
1.8142779780 2.3081898863 -0.8022692629 706.3228267471 162.7858023577
-1.0390669904 2.4980477584 1.6226163434 261.7505561014 43.2506043247
-0.1459639570 2.6501550755 1.2960006555 362.3599849077 34.4748323574
0.1815827826 2.0076210646 -1.8337579884 517.4370267490 353.1262455234
0.5522005358 2.0961738439 -1.3378655295 545.0015326386 288.4369727374
-2.7921738827 1.8243530301 -1.3223706776 226.9303206744 376.9261353273

gimbalangles:
-0.1977197765 0.3949569073 -1.7949739700

end: