T_CW:
-0.4255487276 -0.8734537732 -0.2366152709 -0.0341533175
0.0620637756 0.2326859561 -0.9705695924 -0.0565514598
0.9028047232 -0.4277098922 -0.0448093736 -0.0418842757
0.0000000000 0.0000000000 0.0000000000 1.0000000000

T_CW_cov:
0.0000003548 0.0000000555 0.0000000565 -0.0000000900 0.0000007069 -0.0000000662
0.0000000555 0.0000002800 0.0000000161 -0.0000007032 0.0000000862 0.0000000973
0.0000000565 0.0000000161 0.0000002283 -0.0000000101 0.0000001089 -0.0000000096
-0.0000000900 -0.0000007032 -0.0000000101 0.0000022835 -0.0000001177 -0.0000003552
0.0000007069 0.0000000862 0.0000001089 -0.0000001177 0.0000018990 -0.0000001412
-0.0000000662 0.0000000973 -0.0000000096 -0.0000003552 -0.0000001412 0.0000005514

target_points_pix:
2.8469624497 -1.2706155376 -0.4268351525 372.5503877849 258.0087657633
2.4414387687 -2.5855806867 -2.6140916131 504.2779606122 384.7425532322
1.2955616386 -1.4164051859 0.0125195018 465.9350593322 195.3504680141
1.5085798632 -1.1919996516 -1.7278603287 473.4921285458 421.4967985672
1.5390997624 -1.5424577392 -2.4175742588 515.9772188526 471.5357304266
0.6234708383 -1.9398854722 -0.2972694506 635.2568485987 207.5432467762
2.6638076555 -1.1338153697 -2.9948707751 418.6079134188 462.7958672221
2.6305978994 -2.5336026126 1.4089481569 427.7166151973 106.2845169816
2.5591223247 -0.0443953625 0.5219552533 246.4722785053 195.4407842693
1.8324549851 0.5136414256 0.1050882143 150.9513874886 252.5150014060
0.8751195563 -2.7412553167 -2.3497777337 679.2840628623 435.5356280220
2.2959027539 -0.3651612911 1.0377432566 269.5609556592 126.4700492687
2.3041003494 -2.2990699818 1.7052507894 423.4305675091 66.8073199575
0.8980708545 -0.2130090316 -0.3464988306 334.3820742288 318.4668761897
2.2457088193 -0.2690198173 -1.2941584072 324.5645638485 382.3930905127
2.2385537561 -1.8200234489 -0.7064504535 442.2117386296 269.4328164356
2.8752574486 -1.5801047162 -0.1999385455 388.0160338745 235.4770448326
1.0143189639 -0.1834378360 0.2340703772 282.6458469709 171.9682934724
1.3939397812 -1.4548252074 -0.2639512733 467.5141445532 232.5784662539
1.0230141211 -2.0286101404 -1.6936841533 601.2351735256 395.7412839470
2.6388940522 0.2859068827 0.6616028722 202.1087925764 187.7636423672
0.9681774819 -1.8265874372 -0.0500718532 548.9526874768 183.6102851542
1.8436071198 -0.3614789899 -0.5329186283 324.9060467081 305.4717661737
2.6356910408 1.1581813945 0.7110316627 63.4234090479 197.5220356476
2.7511059297 -2.1694872227 -1.9673213969 456.1096666503 345.5329940939
0.7767882982 -2.7501289719 0.1754016661 639.5622536413 131.2969862732
2.2974160006 1.1434337072 1.1115312662 7.0200282919 121.9725309456
2.9486415274 -2.6758647837 -1.6358413215 465.3855412774 308.4912662503
2.4920592820 -2.8352242968 -2.0271598657 503.5960965574 336.2576231770
2.5258584135 -2.8592762385 -0.6116947642 481.9145897875 241.5687320515
2.6442776321 -1.9549028644 -2.2435606455 454.7037337588 374.5748169625
2.1800794479 -1.0439377960 -1.9029706145 414.4925717365 404.8511471961
2.4497479841 -1.5512437600 -2.3657692494 443.9276238274 406.4071588192
2.3241395539 -2.8069241618 -0.5895953926 490.6122966012 240.2059749282
1.4521663042 -0.5399965625 -1.6630885379 407.9676553098 473.3017500624
0.8262230982 -2.7700330224 -2.2296368352 686.7869812441 423.4646821564
2.6912848041 -2.1106228893 -0.6993441011 436.0118271736 261.2325119944
2.9170283047 -1.1525861895 -2.5332101054 400.2761129122 414.6095202716
0.6597325242 -2.7190445851 -1.4226758844 700.7099194247 339.1489884749
1.0749470139 -2.7742481684 -2.6710858845 652.5490440716 450.9179370940
2.8541328387 -2.2616395508 -2.4159725580 462.0825803783 369.6805155720
1.5889353798 -2.3704226469 0.0978376196 510.2715250005 178.6602461347
2.7991553079 -1.1303929253 0.2989914414 349.9353716233 203.5423155397
2.2425741823 -1.7173131963 -2.8670343424 476.3346492870 448.9759393028
2.3235776381 -0.6902499417 -1.1799127502 361.2085981096 347.6669678330
2.0950124471 -0.5055487376 0.8267820771 294.7431533304 138.5470433507
2.6588510636 -0.1466194073 -0.3037086062 279.3218066516 276.5045911429
2.2538497045 -0.9608366362 1.2047620648 330.5064306375 104.8554882586
2.3780720027 -0.0837965984 2.0767695085 202.3352043082 9.6713854580
1.9648604716 -1.5172012612 -1.6765924910 459.1805436999 371.4648340479
2.9680979097 -2.4510036395 1.5364771412 407.4134283843 110.0959150023
2.0821692119 -1.0065134618 0.4658650749 358.9440559443 173.6208346521
1.2103062974 0.1184933070 0.6222756592 176.4988402274 100.5123871381
0.5258951825 -1.9250366668 -0.8884842334 679.9972076031 312.5665926158
0.9923400970 0.5709656991 -0.1292795507 11.8772691212 343.0069747350
2.6984458114 1.3496573022 0.7124865195 32.3884245612 203.5062723179
1.6820117367 -2.6908657484 -0.4410075725 531.1954392990 226.0154454474
0.4195796210 -1.9748834519 -0.3264386009 696.4528476889 204.5469769510
1.4393502068 -0.3605422360 0.5295601244 295.5074647446 141.4040398851
2.4819671509 -1.0003026340 -0.6462119426 369.3365636145 284.2786735657
2.4003927181 0.1999549924 -0.1597382894 234.3812338644 274.2713211579
2.7544963644 -1.4088225197 -2.8622308738 428.7311535897 435.1322600097
2.8599623337 -1.4393414243 0.8130817700 360.7538177960 161.9422302875
2.9010377035 -2.0761523624 -2.9764524155 458.9355483831 409.2496524567
2.4690198210 -0.8218292901 -1.7671497527 379.7036156340 389.5916886076
2.8028733044 -1.8940930289 0.2984196099 401.4015372010 194.7624801360
1.5339740108 -0.0088084180 1.0042570867 205.0148267586 65.3642322931
0.6126184509 -1.9652231620 -0.7123293042 652.8598204882 277.2428066552
0.5171586540 -2.8836435482 -0.8402935305 726.6388159029 256.6243536424
2.5245239422 -1.9046691708 0.2882304037 414.1959480832 190.0481034364
1.2961433232 -0.2137759639 0.8682376054 251.4183942632 61.4213992588
0.7902253300 -0.0498267092 -0.2495925517 283.1146299518 316.2397781212
2.5432224523 -0.6373923841 0.7409534547 303.8639612539 165.3381124361
2.9691898119 0.8306301282 -1.4718533968 202.6141669200 419.4557448291
2.0562877052 -2.9757796727 -2.6627237828 550.3208833874 387.7470086186
2.3703281476 -2.2094223224 -0.8768088657 461.3280115120 273.0637220987
2.5332886341 0.3624403137 -0.8886724309 236.9343339731 358.4443633906
1.9507874860 -0.6407648270 1.0479185312 306.4975964673 102.7308559765
0.7293110861 -2.4662675618 -1.2961584207 671.3822301124 333.4165452424
1.9041661336 -2.7694805772 1.8613690763 473.7052232973 31.3442428647
1.0122261489 -2.4413387388 0.6226324034 570.2250139464 90.0262393411
1.6796342927 -1.3761458959 -0.5238268143 442.1453634402 266.5856472014
0.9252734353 -2.1199048929 -1.1736164176 610.1488842473 328.9937276366
1.7040403951 -1.8849249930 -2.4309656511 521.8179082090 437.2595261977
2.0330982211 1.2071025275 -0.3551796497 25.1789538089 369.6426463663
1.5235769822 -1.1851647188 1.3670204011 379.0611302185 26.8466426604
1.4842521203 -2.9178812129 -1.7333624324 586.8414774289 335.2496833758
1.5116640493 -2.8250780375 1.5329666214 515.4101538892 32.4248054768
2.8384515790 -2.7845431762 0.8899561949 439.9084012250 147.8258869118
0.9135738970 -2.8353957908 0.3767828953 615.5773458214 113.9957758304
2.5609837967 -2.9277062911 -1.0449301538 489.1557430602 268.9894900858
1.7669752855 0.9690625695 -0.5529376649 63.1744459696 409.4877501505
1.8439066339 -0.9471699808 1.1522247373 343.2330182634 83.4146612026
2.7059739807 -0.7331271193 0.7287971851 310.7312435020 170.4697739601
1.9496769023 -1.6101641628 0.3732577648 421.0346817557 171.6530246739
0.7034332180 -0.0654622727 0.4930513506 216.6760131870 35.3200353959
1.9631750106 0.7384015444 -1.1730532119 171.1689996362 466.1407560499
0.8632843827 -2.1953825049 0.8209358257 570.4358066547 46.0366856221
1.3192468384 -0.5366856561 1.1335808896 303.4223385518 21.0831509134
2.3746660379 0.5242174031 1.6523616679 121.6874964636 53.2674554123
1.0562875771 0.1801981948 -0.5239100279 229.5652103180 397.0956571424

gimbalangles:
-0.0461286775 0.2388221787 0.4533207452

end: