T_CW:
-0.0891004812 -0.9664141823 0.2410492324 0.2003526552
-0.0013380983 -0.2418954385 -0.9703013997 0.3930794707
0.9960217436 -0.0867768692 0.0202598428 -0.2355608195
0.0000000000 0.0000000000 0.0000000000 1.0000000000

T_CW_cov:
0.0000003454 0.0000000171 -0.0000000104 -0.0000000600 0.0000007330 0.0000000162
0.0000000171 0.0000002044 -0.0000000002 -0.0000005348 0.0000000353 -0.0000000524
-0.0000000104 -0.0000000002 0.0000002243 -0.0000000662 -0.0000000165 0.0000000016
-0.0000000600 -0.0000005348 -0.0000000662 0.0000019629 -0.0000001224 0.0000002432
0.0000007330 0.0000000353 -0.0000000165 -0.0000001224 0.0000020819 0.0000000612
0.0000000162 -0.0000000524 0.0000000016 0.0000002432 0.0000000612 0.0000006582

target_points_pix:
2.8469624497 -1.2706155376 -0.4268351525 471.2542699190 339.2758076503
1.2955616386 -1.4164051859 0.0125195018 674.5167235683 387.9396588408
2.9185907309 1.9178459633 1.8610296438 235.6185544629 60.6919521620
2.6305978994 -2.5336026126 1.4089481569 628.2134485592 205.9957062874
2.5591223247 -0.0443953625 0.5219552533 389.4217181115 228.5222204875
1.8324549851 0.5136414256 0.1050882143 307.3871212885 265.5353416833
2.2959027539 -0.3651612911 1.0377432566 443.9969397686 178.9243987052
2.3041003494 -2.2990699818 1.7052507894 652.4230566296 164.9758711008
2.2457088193 -0.2690198173 -1.2941584072 368.9137271683 446.3765910318
2.0176283046 -1.3083910700 2.4854543714 610.3798139964 26.9113124247
2.2385537561 -1.8200234489 -0.7064504535 554.9812270055 411.1250407790
2.8752574486 -1.5801047162 -0.1999385455 500.1289792285 324.1420605882
1.0143189639 -0.1834378360 0.2340703772 479.8957533163 303.1926851320
1.3939397812 -1.4548252074 -0.2639512733 644.4740024953 429.3428040960
2.6388940522 0.2859068827 0.6616028722 359.7085202837 207.0987973766
1.8436071198 -0.3614789899 -0.5329186283 413.8262894670 387.7818891155
2.6356910408 1.1581813945 0.7110316627 272.4297158518 178.7930859312
2.2974160006 1.1434337072 1.1115312662 272.1430192489 121.5590769262
1.8636994645 0.9851570773 0.8625067980 264.5151968201 132.9693635371
2.9486415274 -2.6758647837 -1.6358413215 552.8935068851 458.3383130500
2.4952987901 1.9204534977 1.3630564139 197.8785937814 78.8935552961
2.5258584135 -2.8592762385 -0.6116947642 624.5747382459 400.3913919318
2.8920798147 2.1378650829 -2.5311623147 100.6605426819 473.3370754211
2.7260240624 2.2495865463 -1.9352716347 86.2220694728 425.1638262849
2.3241395539 -2.8069241618 -0.5895953926 643.8049256752 411.0696170271
2.6278435143 1.8946618219 1.8255796272 222.5461422497 42.1543791166
2.6912848041 -2.1106228893 -0.6993441011 544.5229837727 385.6640430641
2.2863225682 -1.1407866103 2.4543879926 562.0562760864 50.0772745410
1.5889353798 -2.3704226469 0.0978376196 744.7569165733 374.9834033265
2.4841714159 1.4051269004 1.6262681959 264.2229407630 67.8798934624
2.7991553079 -1.1303929253 0.2989914414 477.0726126548 273.5066647439
2.3235776381 -0.6902499417 -1.1799127502 418.4256006218 433.9689729596
2.1983390802 1.3671984969 -1.0802983766 165.1304288705 387.4442798505
2.0950124471 -0.5055487376 0.8267820771 464.1040910976 202.7045817469
1.7824561088 1.2368809704 -0.1031601285 175.8907188233 271.8636831571
2.6588510636 -0.1466194073 -0.3037086062 378.6603298183 311.6185003453
2.2538497045 -0.9608366362 1.2047620648 514.8724206277 177.2646223328
2.3780720027 -0.0837965984 2.0767695085 438.5216837000 61.5119659721
2.9680979097 -2.4510036395 1.5364771412 593.4874015052 198.0965834281
2.8361755367 1.9949440335 -2.4556373968 112.4534439088 473.7199653050
2.0821692119 -1.0065134618 0.4658650749 512.7862198383 262.4659239066
1.2103062974 0.1184933070 0.6222756592 407.2138080364 179.5243404964
0.9923400970 0.5709656991 -0.1292795507 212.6282633470 370.4775823712
2.6984458114 1.3496573022 0.7124865195 254.8612593726 175.1392248698
1.6820117367 -2.6908657484 -0.4410075725 745.1810943146 453.0025500587
1.4393502068 -0.3605422360 0.5295601244 482.1688498013 232.5996050711
2.4819671509 -1.0003026340 -0.6462119426 457.8343868624 371.3301230043
2.4003927181 0.1999549924 -0.1597382894 347.5272017989 295.6422302452
1.6781638844 1.7635796532 -1.0815039641 8.2637647639 433.8890586185
2.8599623337 -1.4393414243 0.8130817700 509.7521665271 235.1100699620
2.8028733044 -1.8940930289 0.2984196099 539.6203970193 289.2188401414
2.2679231297 1.6166728105 1.6066018340 226.4164162558 42.6430457575
1.5339740108 -0.0088084180 1.0042570867 432.8930056888 132.6468126281
2.2683739193 1.5151538458 1.0720505343 222.8762782361 111.0216027345
2.8407462338 2.6756664027 -1.3199547291 68.9362360645 345.5898852108
2.5245239422 -1.9046691708 0.2882304037 561.3222333878 296.0906232999
1.2961433232 -0.2137759639 0.8682376054 486.3149865389 151.3250937702
2.5432224523 -0.6373923841 0.7409534547 453.8351527103 221.0892594356
2.9691898119 0.8306301282 -1.4718533968 262.3613848636 388.8005148587
1.9577623473 1.9570472736 1.2495788176 134.4201738994 40.0110255521
2.3703281476 -2.2094223224 -0.8768088657 576.5893828098 426.1685895226
2.5332886341 0.3624403137 -0.8886724309 311.7730407170 365.0271187857
2.7230803671 2.1668952310 -1.0932890004 119.0317871457 338.3868346505
1.9507874860 -0.6407648270 1.0479185312 496.9462759325 175.6502208735
1.3270867205 -0.5234995568 1.3446707796 565.8565001545 75.4527316136
2.8849499926 1.7528628131 -1.9172862492 156.2640375103 420.2095831846
1.6796342927 -1.3761458959 -0.5238268143 571.3527847125 432.0476688056
2.0330982211 1.2071025275 -0.3551796497 197.4814932873 303.6720140650
1.5235769822 -1.1851647188 1.3670204011 638.7753308466 128.1326271828
2.8384515790 -2.7845431762 0.8899561949 617.1816111864 256.5106228439
2.5609837967 -2.9277062911 -1.0449301538 617.0514263417 440.1314416315
1.7669752855 0.9690625695 -0.5529376649 201.4945186150 356.5600369807
1.8439066339 -0.9471699808 1.1522247373 549.9027127929 168.9250415070
1.4488983111 0.6617484764 1.0469220162 309.8724634937 77.3835044219
2.7059739807 -0.7331271193 0.7287971851 455.7805124531 226.6797091203
2.8833560441 2.6773336796 -0.2468877160 102.7417523225 237.3311681617
1.9496769023 -1.6101641628 0.3732577648 593.1139761486 294.0724386218
2.7832056284 2.7310910625 0.6875618561 111.5621343599 141.5295166773
0.7034332180 -0.0654622727 0.4930513506 536.0236622311 203.9979239379
1.9631750106 0.7384015444 -1.1730532119 231.4328137587 439.8195110279
2.7390766891 1.4458832406 -1.4800111153 189.2842511411 392.2076610761
1.6947515968 -1.6709432923 1.9441946478 690.3639831516 78.4569339324
1.3192468384 -0.5366856561 1.1335808896 559.7126500191 117.6502126829
2.3746660379 0.5242174031 1.6523616679 361.6639316135 86.6494119847
1.8809823717 2.0841163296 0.5893151287 72.5402469465 126.8284759494

gimbalangles:
-1.4771979220 -0.3891413779 -1.6922041338

end: