T_CW:
-0.5564446936 -0.8253793567 -0.0954893743 -0.0318999036
0.7875200849 -0.4872664357 -0.3773374306 -0.0438020312
0.2649177587 -0.2851672111 0.9211396435 0.0024318241
0.0000000000 0.0000000000 0.0000000000 1.0000000000

T_CW_cov:
0.0000004833 0.0000000240 0.0000000448 -0.0000000984 0.0000010130 0.0000001030
0.0000000240 0.0000003133 0.0000000106 -0.0000008304 0.0000000601 0.0000000230
0.0000000448 0.0000000106 0.0000002261 -0.0000000304 0.0000001195 0.0000000112
-0.0000000984 -0.0000008304 -0.0000000304 0.0000027501 -0.0000002310 -0.0000001643
0.0000010130 0.0000000601 0.0000001195 -0.0000002310 0.0000026568 0.0000002098
0.0000001030 0.0000000230 0.0000000112 -0.0000001643 0.0000002098 0.0000005764

target_points_pix:
-0.3745088197 -2.7924729661 1.8430836583 607.8268963353 272.4300714050
1.5213801119 -2.2008710222 2.5041141733 425.9759297202 332.5521266249
0.4101131736 0.5362741924 2.2116901022 264.5725578761 140.4170156494
0.3768682695 1.5477426008 2.0531356562 108.0308392674 40.7367929535
1.1463216217 -1.7295446098 1.9332112052 428.9051738895 330.6794805353
0.2808005009 -1.1718645692 1.1250327653 487.2914165196 293.6967676156
0.9121584893 0.1426808612 1.2079831403 233.3458234349 266.7896125475
0.0462699197 -0.8578527772 1.6217053210 443.4013505414 211.6807537854
0.9456625691 1.7601532697 2.9743486518 152.3202269209 115.4480864661
2.2959027539 -0.3651612911 1.0377432566 214.7971034267 463.7932241655
-0.1910322562 1.2311524432 2.2972743069 211.8151338150 5.5143310571
1.5642042617 -2.1943799157 2.0967586103 432.6868040951 358.4859708995
2.3041003494 -2.2990699818 1.7052507894 411.2384658989 431.1654368580
1.9063566704 -1.8720756095 2.8336165515 387.1892399499 325.5083012259
0.8211055262 1.2423480346 2.5425745515 182.7614367191 133.8019375019
2.0176283046 -1.3083910700 2.4854543714 351.7091158832 333.6346168587
0.1060971975 -1.5869797388 2.1014893325 477.4191807089 241.5148873229
0.5802513707 -1.4129348864 1.3211278183 468.3733770035 321.9142276121
-0.1801198384 -0.5479985749 1.3114649932 447.7683598223 164.2390697313
0.2911990845 0.4534318924 1.9094584180 269.1486560508 132.8421484972
0.4256399553 -1.6947218047 2.8575435986 439.4822563299 242.5293217535
-1.9416308981 -1.1170647662 2.7064884155 555.2594027386 23.8730481897
0.8344632586 0.7250167015 1.6089183875 173.9723560064 183.6303446928
0.3042496640 -0.7297572688 1.2382640873 423.0495813056 253.9554681325
-0.2146575641 -0.5046357991 1.9549094726 415.6415603152 149.2520176011
-1.8055531173 -2.3431906182 2.2358729284 664.7202731295 114.1254787574
0.3802981729 -1.2987431511 2.1045967176 438.0277175344 248.8598209426
2.4273031833 1.9853565523 2.7413508252 70.3876914090 226.9833656370
1.1523788830 -2.1628663225 2.9736070176 429.7052280829 292.1609429132
-0.9402351494 -1.2005288970 2.4392588703 504.2401585097 123.9949983903
-0.3823346286 -2.6004217608 2.8138227545 529.2497891233 229.2369619091
0.3581181741 0.7410917287 2.9171161179 269.7885792808 124.5849924119
-0.2089443667 -2.2213772583 2.7520224592 503.9697980754 226.8452069663
0.0001974302 0.4256021854 2.6457210473 309.0166553510 109.0822336283
1.3518114199 0.7830964934 2.7510300194 221.9559280131 203.4070072200
-0.1150878283 -1.6216023649 0.6994336735 667.8072846928 327.2493654251
0.0799047365 -1.4043005573 2.5796705873 447.6692935569 216.3608927244
1.1871005587 -0.8619068936 2.0176006026 358.0069375270 294.4829977602
-0.3599161903 -1.9936056061 1.4339193395 600.8264700038 253.2941276090
-0.4663553090 -0.8967115007 0.8784296744 601.9458620046 161.1864855096
2.2863225682 -1.1407866103 2.4543879926 330.1619362209 344.5818317696
1.8480999231 1.0615362460 2.2632808650 146.1442305474 243.8519475998
-1.2364746597 -0.8307857292 2.2308155062 513.9816149761 60.3883650401
2.4648997918 0.1336515858 2.7860253487 240.0500613348 299.1165956354
0.4971001036 -2.9282306381 1.2764082264 599.4972555115 385.3578973247
0.9146035834 1.0196575720 1.7087156997 130.7048196368 165.7963784738
2.3406080829 1.6524588336 2.3188796262 66.9053462945 252.2794901200
2.2538497045 -0.9608366362 1.2047620648 300.9095872853 452.3763198975
0.1978387829 -1.7049102467 0.9341318838 578.3786975871 341.3317501750
0.0114893594 1.4849654352 2.7194465450 198.9669201544 33.1571111732
2.3780720027 -0.0837965984 2.0767695085 235.3932584946 341.4554274981
1.2103062974 0.1184933070 0.6222756592 133.5232241930 412.4822775980
-1.2099097975 -2.5639048038 2.8155812467 575.6510597808 174.3631812606
2.1326369723 1.5933316956 2.3844999725 86.2650560938 235.1777419219
1.5215156292 -2.3620191306 2.0995385183 445.4285513542 360.9667802445
0.5781786926 0.7674459552 2.0919120920 221.3055992019 141.7914934726
0.3150226326 -1.7471125294 2.0745693761 475.8037312567 265.8764871464
1.1655134506 1.3593261429 2.2617282296 132.0036022246 161.9269724447
1.5339740108 -0.0088084180 1.0042570867 199.5834279534 382.6640822445
-0.6810045623 -1.9562404295 2.2617881460 546.4359192723 192.4229050062
0.4245033914 1.0191820396 1.0525622049 6.6665408073 55.7632492809
0.5836029694 -0.4548003720 2.6430373429 354.4350230874 207.5087438907
2.1449007298 0.0322231014 2.5423879487 250.7442559914 295.1300357908
1.2202986687 1.9498949965 2.2978520360 49.5332930353 124.2986405346
0.8815263559 -0.9544215061 1.7466657053 386.4627304724 291.7959673110
-0.7461558169 -2.7348513775 1.8641295763 634.4279595791 239.1154662005
1.2961433232 -0.2137759639 0.8682376054 243.3051501182 390.9039320992
0.8867691270 -0.1269636338 2.4130534049 312.1998456131 220.2983538870
0.3863538972 0.6004048737 2.4777203984 268.5878948229 133.9966344317
1.7478756708 0.7464948804 2.7115920619 210.2640134547 234.8617971813
-1.0231969654 -0.6532888771 1.3941302240 565.0447444199 26.9232852751
0.8374901713 1.4854764911 2.1589736941 114.3448230549 115.0616892126
1.5141529547 1.3550904227 1.7856819041 60.3786349347 212.4309172443
-0.0697798789 0.3330106119 2.1652521284 314.2372761423 100.7895171763
1.9507874860 -0.6407648270 1.0479185312 274.8545813087 444.3395878649
1.3270867205 -0.5234995568 1.3446707796 310.3815480235 343.3942705614
0.2999752779 -2.0607219307 2.4452932410 480.4111677081 262.3024597646
-2.6748752440 -2.4932236144 2.6376832354 699.0370083730 47.5390147361
1.9041661336 -2.7694805772 1.8613690763 457.1892201151 408.7736951082
-0.1488004004 -2.9553414777 1.9345515260 590.8618593114 290.6704570817
1.1641200600 -2.7568952982 2.8068855712 462.3375715764 315.0835555188
-1.1180691055 -2.3775737935 1.9674464230 635.7503543486 183.8139640302
1.5235769822 -1.1851647188 1.3670204011 371.4548552722 386.8692184587
-0.8810201176 -1.1056814359 1.4752285971 581.5224352599 112.7595297849
0.5907485963 -0.3012064055 2.8976125351 342.7871085121 195.9282049033
1.5116640493 -2.8250780375 1.5329666214 496.1850984686 419.0230376757
-0.8731389884 -0.7814524095 2.0937015579 488.2339018362 96.2128637675
-1.6404500805 -1.0437677291 1.8670063384 614.0529941072 6.1457472556
0.6812398773 -2.9641218080 2.8611191676 491.4782815551 295.9468284567
-0.2705378639 1.4697607094 2.7967741969 217.7340625150 4.8646695829
-0.6234941816 -2.3304749221 2.5405973644 545.0239574374 209.0506951662
0.8063107787 0.5184446572 1.0431785338 138.2656340063 226.7162699144
1.8439066339 -0.9471699808 1.1522247373 323.9675993584 430.0606750844
1.4488983111 0.6617484764 1.0469220162 65.9657753945 318.6101688956
-0.1829379517 -2.5761408041 2.0242684627 564.9097780356 268.3121603194
0.7034332180 -0.0654622727 0.4930513506 223.1635843274 369.9946702335
-1.5110241473 -1.3140682982 1.4522052634 697.9859509815 29.4708681725
0.8632843827 -2.1953825049 0.8209358257 558.1290456407 449.0646289480
1.6947515968 -1.6709432923 1.9441946478 394.8042980864 361.5906728553
-0.9075675655 -0.5141792791 2.0537428217 469.8073643313 67.4495989350
0.5875879920 -1.9410979907 2.7733843637 447.4531715485 262.9592750604
1.3192468384 -0.5366856561 1.1335808896 307.9659192748 369.0251685116
2.3746660379 0.5242174031 1.6523616679 140.6871026898 353.8813448782

gimbalangles:
1.1821350112 0.0956263909 0.5932263613

end: