T_CW:
-0.4638192694 -0.7903241425 0.4003241626 -0.0209988216
0.5572230581 0.0910501252 0.8253558858 0.0138956750
-0.6887482478 0.6058858181 0.3981560330 -0.0025778623
0.0000000000 0.0000000000 0.0000000000 1.0000000000

T_CW_cov:
0.0000005958 0.0000001327 -0.0000000555 -0.0000002779 0.0000013204 0.0000000830
0.0000001327 0.0000005553 0.0000000144 -0.0000014073 0.0000002399 0.0000001059
-0.0000000555 0.0000000144 0.0000003851 -0.0000000518 -0.0000001958 -0.0000000009
-0.0000002779 -0.0000014073 -0.0000000518 0.0000043803 -0.0000004811 -0.0000001082
0.0000013204 0.0000002399 -0.0000001958 -0.0000004811 0.0000037317 0.0000001345
0.0000000830 0.0000001059 -0.0000000009 -0.0000001082 0.0000001345 0.0000010952

target_points_pix:
-2.8948441399 0.6269529752 1.2765981320 487.8201174532 198.4510768421
-1.7842749994 0.3589897521 1.3896783254 506.0314129657 263.6984109694
-2.8243573618 2.6628569762 -1.5907718359 255.0457632888 22.1492952092
0.1742910257 2.9893768659 1.8724033039 204.8799404682 430.9560245326
-1.8989089335 2.7021134331 -0.4054152166 250.0454160983 140.9647423051
-1.4021994661 2.7108304751 0.3961482093 256.5257074348 222.8653648839
-2.3803740549 2.2241037003 1.1999952244 361.8249323067 231.3057065484
-0.3054732399 1.1553874900 0.2017032538 200.8831242231 267.8648440834
-1.6797658353 0.4497206555 0.9246442775 479.7035532574 223.9317815002
-1.4132040819 1.7390647207 -0.1303300090 278.1564602883 151.2782997793
-2.9630438574 1.2498685434 0.2703220651 414.6377924396 131.1557922865
-0.8454043785 2.6955158446 1.3401100284 267.9152621383 318.6301818228
-2.1145543690 2.5368280306 1.6527436758 349.9519407274 268.0167244819
-1.9740008485 0.2407913313 0.2379810357 496.4751435807 108.1797740933
-2.1987197781 2.6869103662 1.2249913925 332.9514041896 242.4654406545
-2.7312989435 2.6530594031 -1.3942433270 258.9056980812 40.0309906062
-2.6333375856 2.5260876036 -0.4714651478 299.7597067714 116.0739261460
-1.8036662741 2.9213890742 0.4185609520 274.3554346552 210.2610690376
-0.8437154314 1.5526174756 2.5041567278 389.5788691130 408.1592881945
-1.4715007191 1.0947300271 1.7225109219 425.3392827758 313.1368227963
-1.6281093659 -0.3303049794 1.0078361132 631.3971282409 222.3394602931
-2.4109286583 1.5240721805 0.6122623179 386.7627415951 180.8046929593
-0.4403439149 0.7830369850 1.9775365700 430.0363773606 467.5821850808
-0.8911796826 2.9815497203 -1.4877817901 35.8940121848 48.7539831983
-1.9557092750 -0.1852068968 1.1358403326 588.7992327174 217.5269956802
-0.3089028941 2.6625183818 2.6735419307 299.2123554308 431.0230840827
-0.8537239679 1.5280305348 1.0098617859 321.3058375629 304.2525269109
-1.8400861476 0.6802285019 2.7417002054 496.9186816689 354.0711459105
-2.2600804841 2.7042386112 2.9957597684 380.4139834154 321.1611996571
-2.2552646269 1.6043643505 1.8194632491 411.5290973228 269.8795938528
-0.7198827339 0.7791230628 0.4858749195 352.3945033625 257.1289063951
-1.2146827552 0.4313236250 0.0528315889 423.4286815508 114.0043626978
-1.8310523068 -0.1889451984 1.5644050636 594.7845395499 276.2940339512
-2.4795398100 0.0634801912 0.4110664761 532.7648860779 109.8753314821
-1.4178930604 0.5616682054 2.3963558138 497.8570614073 372.9643514267
-2.6261878393 -0.7849814902 2.7541684472 666.2880253822 314.7630171453
-1.9262396669 -0.5333356992 0.4900413074 676.5885764275 97.4847397587
-0.2121167416 1.7897788713 0.8297268490 219.0355907011 355.2891839584
-2.3787147104 0.3569107646 2.5683948238 529.0676498579 310.4747421102
-1.0463656283 2.8561966183 2.4513405431 317.9921214222 360.5388956250
-1.3853892513 2.8067198839 2.5439830716 337.0013108233 345.1496145154
-2.4055301863 0.9708260692 2.4281034256 473.1378696560 297.1107447463
-1.3300249498 2.5741901058 1.1257362683 293.6141768425 275.7433672701
-1.1012706995 2.9606741992 0.3197833124 219.4225004827 233.5713041097
-1.2276053261 2.6819769802 0.8135725963 267.2784529585 260.5426024573
-2.3268183976 1.7937684323 2.5591340519 418.6958288888 304.4784815376
-2.7764038774 2.3680402460 -0.8289858517 300.1199353152 78.7729723196
-0.6125680017 0.4219487398 1.6907229199 484.0092009280 437.9440842057
-0.7909341437 1.6858794598 2.4060578815 372.8117047379 403.6014119373
-1.8196517110 0.4238616465 0.7629712756 481.0395242076 194.9292266938
-0.9064956900 1.3399447130 1.3053989599 358.3055283345 327.0715388798
-1.6435711194 1.7206815262 -0.2385074952 292.2030964010 129.9959969027
-1.7250105261 1.3799615575 1.7287495262 409.3825487115 293.3835794232
-0.5327274467 1.8078641803 2.4510237977 353.3630674505 429.0586878130
-2.7642033712 2.8377397974 0.0312227722 310.7310383552 156.9139613814
-0.7126786561 1.9834577945 -1.0618160856 54.2634093328 33.6939094635
-2.0168399528 -0.7930379665 1.4646715140 720.9745755285 243.8215436559
-1.8473174646 1.5680524798 0.7082291128 363.8439057042 211.7524848764
-1.3199728770 -0.4454115690 0.6293955931 701.0784743708 173.4062459205
-0.6100045683 0.5645809022 0.0344290762 322.4126649039 162.2626443671
-1.0407025969 1.8511915990 0.7612577383 296.4043593065 265.8400196887
-2.1579012616 2.6158550684 1.2160301151 334.3883597597 243.2189920271
-2.1605879291 -0.8868400575 2.0349525460 718.6260711592 295.6239055506
-1.7178836189 1.5332592184 -0.2148120387 312.9805374571 122.5129647756
-2.4747552270 1.7971304399 1.5320622131 398.0498295153 244.0136433936
-2.8987142952 2.4095418038 2.8717692845 405.2726659351 291.5076971629
-0.8258884787 1.9551499206 2.9404138368 375.3027976492 418.3529369124
-1.6965573658 2.2500304313 -1.4300462053 179.7750520933 4.1145886046
-2.9458023404 -0.1409691835 0.5459986167 562.9730026497 106.1317963068
-1.3015980204 -0.4775983353 1.9294706893 680.3787205658 387.3356614285
-1.4769533415 0.8018814294 2.2416422603 469.0511787332 352.3581788951
-1.2490170593 1.8097791482 2.9824056964 400.4291552161 389.3498548825
-2.7635838127 2.5758996306 0.1771810151 327.2300278347 161.0755212544
-2.5526482625 1.6899305882 2.4297630987 426.6022880317 287.9469345758
-2.9155772865 1.8015255028 0.9202060444 394.4133401231 191.2929472554
-2.2550310878 2.7469332465 2.5621232452 368.7127397745 303.9342784369
-1.9208082146 1.6423306677 1.6909841948 395.1905041993 279.2636049857
-1.5057213679 1.4881960724 0.1935683238 324.5727868248 175.9084723911
-0.3200082119 0.9773080063 1.1397837352 338.9963593634 405.0838444678
-2.7196823128 2.1269550887 -0.8836294877 306.7304213196 64.0132221173
-1.4239071394 1.7163547221 -0.1251398761 281.0296982735 150.3028713140
-2.8451823330 1.0493991114 0.7078918140 438.6150098038 164.8956608713
-1.0390669904 2.4980477584 1.6226163434 302.7232178050 324.3003837727
-0.1459639570 2.6501550755 1.2960006555 208.9055396195 374.7244407675
-2.7921738827 1.8243530301 -1.3223706776 308.1867770846 0.2896183740

gimbalangles:
2.6923375191 -0.4117695986 0.5309827327

end: