T_CW:
0.7596066742 -0.5242363404 -0.3849337086 -0.0371263422
-0.3797158912 -0.8379802798 0.3919246007 0.0035896754
-0.5280279752 -0.1515430962 -0.8355962825 -0.0573740073
0.0000000000 0.0000000000 0.0000000000 1.0000000000

T_CW_cov:
0.0000005916 0.0000001550 -0.0000000593 -0.0000003093 0.0000014301 0.0000000737
0.0000001550 0.0000004640 -0.0000000197 -0.0000012625 0.0000002922 0.0000000741
-0.0000000593 -0.0000000197 0.0000002937 0.0000000769 -0.0000002066 -0.0000000062
-0.0000003093 -0.0000012625 0.0000000769 0.0000042462 -0.0000005119 -0.0000000384
0.0000014301 0.0000002922 -0.0000002066 -0.0000005119 0.0000042508 0.0000002424
0.0000000737 0.0000000741 -0.0000000062 -0.0000000384 0.0000002424 0.0000009014

target_points_pix:
-2.8243573618 2.6628569762 -1.5907718359 71.0121850390 57.4183758379
-2.4509590965 0.8871749841 -2.1853645049 249.6165001130 184.2501619759
-1.1698605629 -0.0915581141 -1.3700899405 325.6692069887 237.4913163510
-0.4339811544 0.3604827340 -1.2275564470 358.1493108086 109.0944385875
-1.2830020915 -0.7477612956 -2.9741651212 414.5299717199 236.0207034375
-2.5095895023 1.4537282118 -1.9005724212 194.0062399556 147.0887232052
-1.9323731186 -0.3012474738 -0.7481905140 218.3296925401 342.9317973055
-2.1173200533 -2.1447782396 -1.4060294826 376.9789044139 433.5586143770
-1.7590488229 -1.6158880204 -0.8003083999 345.6176186419 471.4678492542
-1.3783621819 0.6183489028 -2.2812195003 323.5535586377 153.5088735979
-2.7526374896 -2.4282561608 -2.0502608060 370.9318910823 398.2323180304
0.0469361765 -0.1783641195 -2.6535832882 499.7329019913 138.2789130785
-2.6318751097 -0.2406755511 -1.7765257254 271.3557313541 282.7875345653
-2.2570881565 2.7082349037 -2.0633919600 140.6069990492 20.2022612270
-2.4349464755 0.7633696205 -1.9950480928 242.9326793871 196.3736451533
-2.9891561525 1.0928385460 -1.1234454871 117.1350963849 216.5020158515
-0.3342155314 -1.4791719233 -1.8288346165 528.7573565285 324.3376764597
-1.4003785247 -0.3736922668 -0.7233151088 262.3437323313 341.4271529121
-2.7312989435 2.6530594031 -1.3942433270 40.9286427092 45.1309456570
-0.8431574331 -1.9395949874 -1.4799140705 489.8496370108 412.1369844701
-2.6437567343 -2.7994983705 -2.3091975591 395.5746792454 399.6875594006
-1.2333229781 0.8026401249 -0.6833503019 112.8382566940 131.1087547061
-0.2118470871 -0.0163581002 -1.5873625828 448.8960151863 147.9399590023
-1.9646052403 -2.0029863434 -1.3242917964 378.1057607796 432.8732913097
-0.1823780494 -0.8635400208 -2.5844140384 507.4304118075 217.1198634988
-1.2292746160 0.8858709981 -2.9739817686 351.7895452175 121.4608219496
-0.7482836631 -2.2901477881 -2.3809329031 512.1420599965 354.5674215909
-0.5278049365 -2.9772354716 -1.6874461611 581.3819541810 476.0903325922
-1.8905943680 -2.4627044847 -2.4214448040 429.7848000728 372.6854854975
-1.5747020397 0.3647896395 -2.1186734669 316.4783863547 187.7868660098
-2.9933007186 -2.9934415882 -2.4369486571 387.0619837868 401.6414439251
-2.5954390840 0.9615306910 -1.9993108423 227.0268879376 188.5011884437
-0.5276153481 -2.5064104042 -2.0030443754 550.5117285014 401.3579978858
0.2277862557 -0.3340403307 -2.6300424523 529.9304734276 141.8026405350
0.7112279187 -0.6943231092 -2.1725083750 652.2505086339 152.4323945534
-1.8048953481 1.9335417400 -1.4229821744 122.3053325155 38.6468286752
-0.1425061998 -1.1158049670 -0.6788600397 600.1043407703 472.3592143860
-0.9856763569 -0.5848182569 -0.8305814883 344.4326368219 344.9698762474
0.0588398480 0.1345663759 -1.9919443238 484.5885483583 97.6965802566
-2.3495685473 0.3594685558 -2.9255488728 315.3746503474 202.3618125125
-1.2272046121 -1.5636394124 -2.1282380772 437.2012806309 327.6939333563
1.1375885433 -0.0063029323 -2.6361798873 663.8935081955 11.2954897985
-2.1679331945 -2.2497089087 -2.4883330897 406.8142779886 359.4445964357
-1.2502089736 -0.4633432231 -1.6307261334 361.5367870884 266.2560100113
-1.7725763211 0.1321032521 -2.5127218453 335.4676500125 205.4394832618
-1.0103194588 -0.8321822294 -2.8083801352 433.5684707938 238.1778580620
-0.3638610292 -0.9546125156 -1.7797905765 494.9568761006 273.3346936358
0.3303057821 0.2394415897 -2.7978580808 511.2325087181 73.6483360311
0.9955118727 -0.6900885001 -2.2663970244 709.2200396261 122.9842850514
-2.8070000852 2.1028983329 -1.6509945629 118.7175396976 109.1299388097
-2.9469886051 -0.0556582209 -2.3291306646 280.8724708564 257.0901668942
-2.2906387154 -1.9032725139 -2.9466558645 397.2543175138 320.7239246858
0.0126243685 -2.0694425955 -2.4142551407 587.1300524903 323.5138555468
-0.3936100835 -1.1881348723 -1.5631378304 506.2261120052 318.9368100867
-2.0786952816 -1.2439389284 -2.8570242590 384.4358837789 287.8279114648
0.0746601060 0.5852067123 -2.6719971241 463.3237433503 55.2386246087
-1.9296688539 -1.8920561824 -1.4908164832 381.2250281924 407.9566601922
-1.8553364985 -2.2370036957 -1.3848175939 401.3372427247 443.6700161461
-1.1895189559 -0.0584733151 -0.8465864265 265.7028347226 271.6842126887
-2.1610756819 -2.5467967732 -1.5818627512 398.0497799808 442.2136816661
-1.0310568987 0.1681308091 -1.9239170579 355.4737435038 180.9773497709
0.4923176364 -2.9486591499 -2.4580393176 688.7609618370 386.0761155570
-0.7896994598 -0.6712832293 -1.4482634684 414.6718880564 282.8338228530
-2.0809982885 -2.3007220402 -1.1211365928 377.6541297981 476.7531321128
-1.7593186310 0.6483982310 -1.4034331411 229.6466289372 186.9604321220
-0.3139309819 -0.3902845608 -2.9588867546 473.1041356593 174.5601679734
-1.2283828643 -2.6822559147 -2.2808022666 484.4682686596 391.3537814648
-2.4005462004 -1.4231052476 -1.7722446267 339.5165145946 357.4657767404
-1.0519031372 -0.6309223896 -1.1260086692 363.7146029920 316.8003765961
0.0229598532 -2.2709885252 -1.3699846470 664.4429351100 471.5873051805
-2.5222100225 -0.7635231769 -2.4214857334 331.2725607783 285.9067455848
-1.1789359356 0.5890362018 -2.6866246034 356.5984140778 141.9849237587
-2.3709911216 0.7873857488 -1.7873182151 228.2999755414 196.6717444036
-2.1351115329 0.3711751050 -2.8548084772 321.6563105095 195.6273710487
-1.5993342926 1.4370656586 -2.3495525503 270.1637832707 95.6588282719
-2.3524978632 -0.4190901020 -0.6763358060 195.8873858252 370.5101428687
-1.6020343444 1.0108264512 -2.1461077954 280.1033513930 132.5492584110
0.1346661905 -1.4032030397 -2.7868114016 563.1640457531 243.4051729832
-1.7376268140 2.4434120148 -2.6251467566 228.5718139924 22.2353878330
0.6772129729 -1.3872812868 -2.0826048477 691.2764244533 254.1517688615
-1.4994475505 -0.9512953885 -2.1558872977 389.1590947162 287.0163729557
0.5091662389 -1.5917825661 -1.9651756083 676.7794076950 297.6472128922
-1.9858815282 -1.4791766923 -1.1752089238 340.3718579142 408.5926243681
-0.2655979503 -2.6868276852 -2.0208468826 591.2383883442 413.0317902572
-2.2862629253 -0.2226837426 -1.4929258470 267.3544288136 286.6858434425
-2.7921738827 1.8243530301 -1.3223706776 94.8511223038 133.9624417167
0.6331406616 -0.7213015916 -1.7853225676 677.1114270788 173.1409512850

gimbalangles:
-2.0094920603 0.3950760378 -0.9665676744

end: