T_CW:
-0.0890103796 -0.9663925305 0.2411692958 0.2000572033
-0.0010965701 -0.2420351585 -0.9702668600 0.3924141461
0.9960300949 -0.0866282806 0.0204839241 -0.2352130912
0.0000000000 0.0000000000 0.0000000000 1.0000000000

T_CW_cov:
0.0000003458 0.0000000171 -0.0000000104 -0.0000000601 0.0000007339 0.0000000158
0.0000000171 0.0000002046 -0.0000000002 -0.0000005353 0.0000000354 -0.0000000523
-0.0000000104 -0.0000000002 0.0000002244 -0.0000000661 -0.0000000166 0.0000000017
-0.0000000601 -0.0000005353 -0.0000000661 0.0000019647 -0.0000001226 0.0000002429
0.0000007339 0.0000000354 -0.0000000166 -0.0000001226 0.0000020847 0.0000000603
0.0000000158 -0.0000000523 0.0000000017 0.0000002429 0.0000000603 0.0000006589

target_points_pix:
2.8469624497 -1.2706155376 -0.4268351525 471.1055362835 339.0429300962
1.2955616386 -1.4164051859 0.0125195018 674.3870717485 387.5545969440
2.9185907309 1.9178459633 1.8610296438 235.7738758932 60.9704853413
2.6305978994 -2.5336026126 1.4089481569 628.0247080094 206.1799002270
2.5591223247 -0.0443953625 0.5219552533 389.4930055407 228.8326503760
1.8324549851 0.5136414256 0.1050882143 306.9541534502 264.7842706573
2.2959027539 -0.3651612911 1.0377432566 443.8458509177 179.1679027303
2.3041003494 -2.2990699818 1.7052507894 652.5262000573 164.7401548008
2.2457088193 -0.2690198173 -1.2941584072 369.0052090275 446.8410759687
2.0176283046 -1.3083910700 2.4854543714 610.4873983363 26.8691538361
2.2385537561 -1.8200234489 -0.7064504535 555.2040435585 411.3903629920
2.8752574486 -1.5801047162 -0.1999385455 499.6480955999 324.1929752276
1.0143189639 -0.1834378360 0.2340703772 479.7544214566 302.8537485330
1.3939397812 -1.4548252074 -0.2639512733 644.6379172005 428.9501475209
2.6388940522 0.2859068827 0.6616028722 359.9759427416 206.7830311770
1.8436071198 -0.3614789899 -0.5329186283 413.6526441866 388.0340644470
2.6356910408 1.1581813945 0.7110316627 271.9706624667 178.3201507007
2.2974160006 1.1434337072 1.1115312662 272.5953538565 121.3081050268
1.8636994645 0.9851570773 0.8625067980 264.7436498840 133.1218119542
2.9486415274 -2.6758647837 -1.6358413215 552.9883135854 458.2922092105
2.4952987901 1.9204534977 1.3630564139 197.9941324883 80.1439239708
2.5258584135 -2.8592762385 -0.6116947642 624.3265314274 400.5428716314
2.8920798147 2.1378650829 -2.5311623147 100.6698214771 473.2441227988
2.7260240624 2.2495865463 -1.9352716347 86.1217827269 424.6782879303
2.3241395539 -2.8069241618 -0.5895953926 643.6894682176 411.3531408622
2.6278435143 1.8946618219 1.8255796272 222.6239731121 42.2273401772
2.6912848041 -2.1106228893 -0.6993441011 544.8423310230 385.9002815683
2.2863225682 -1.1407866103 2.4543879926 562.3320701162 50.0003042243
1.5889353798 -2.3704226469 0.0978376196 744.3858195345 374.7265028211
2.4841714159 1.4051269004 1.6262681959 264.1946800661 67.9599051486
2.7991553079 -1.1303929253 0.2989914414 476.4757845682 273.6151130078
2.3235776381 -0.6902499417 -1.1799127502 418.0857251842 434.2307302131
2.1983390802 1.3671984969 -1.0802983766 165.1128281885 387.1231726197
2.0950124471 -0.5055487376 0.8267820771 463.8903794193 203.3893096024
1.7824561088 1.2368809704 -0.1031601285 176.1274063686 271.7324389166
2.6588510636 -0.1466194073 -0.3037086062 378.3099101352 311.3502516511
2.2538497045 -0.9608366362 1.2047620648 514.6032959164 177.3918322946
2.3780720027 -0.0837965984 2.0767695085 438.8236538230 61.8588201994
2.9680979097 -2.4510036395 1.5364771412 593.3949099631 198.3068895954
2.8361755367 1.9949440335 -2.4556373968 112.2339967014 473.5898350085
2.0821692119 -1.0065134618 0.4658650749 512.6014197644 262.3668282632
1.2103062974 0.1184933070 0.6222756592 406.7421165480 179.3769783555
0.9923400970 0.5709656991 -0.1292795507 212.7520296585 370.1278017436
2.6984458114 1.3496573022 0.7124865195 254.6444036891 174.8648409239
1.6820117367 -2.6908657484 -0.4410075725 744.9469558131 453.1240375213
1.4393502068 -0.3605422360 0.5295601244 482.2012132580 232.8862251346
2.4819671509 -1.0003026340 -0.6462119426 457.8788889669 371.6089922014
2.4003927181 0.1999549924 -0.1597382894 347.5532679925 295.8196305644
1.6781638844 1.7635796532 -1.0815039641 8.4792257855 433.7009669775
2.8599623337 -1.4393414243 0.8130817700 510.1581256256 234.9940069533
2.8028733044 -1.8940930289 0.2984196099 539.8337348412 289.0689563002
2.2679231297 1.6166728105 1.6066018340 226.9058000004 42.4630218171
1.5339740108 -0.0088084180 1.0042570867 433.1479084121 132.3728616152
2.2683739193 1.5151538458 1.0720505343 222.7258994159 111.3052784573
2.8407462338 2.6756664027 -1.3199547291 69.1411602591 345.8170601025
2.5245239422 -1.9046691708 0.2882304037 561.5377967660 295.8605089154
1.2961433232 -0.2137759639 0.8682376054 486.3461823080 151.0023433837
2.5432224523 -0.6373923841 0.7409534547 453.7787756407 221.6445901287
2.9691898119 0.8306301282 -1.4718533968 262.5715305091 388.5787634778
1.9577623473 1.9570472736 1.2495788176 133.8454360700 40.2352448027
2.3703281476 -2.2094223224 -0.8768088657 576.3050895648 426.3710980453
2.5332886341 0.3624403137 -0.8886724309 311.5493206860 365.0274676350
2.7230803671 2.1668952310 -1.0932890004 119.5064208003 338.4159107135
1.9507874860 -0.6407648270 1.0479185312 496.6370978748 175.4762449738
1.3270867205 -0.5234995568 1.3446707796 565.5849937565 75.5714091935
2.8849499926 1.7528628131 -1.9172862492 156.4204575036 419.9981128774
1.6796342927 -1.3761458959 -0.5238268143 571.4727264862 432.2186406373
2.0330982211 1.2071025275 -0.3551796497 197.2523252898 303.3972684612
1.5235769822 -1.1851647188 1.3670204011 638.8685108825 128.4583431910
2.8384515790 -2.7845431762 0.8899561949 617.6376149898 256.4704339947
2.5609837967 -2.9277062911 -1.0449301538 617.2997240902 440.0385427530
1.7669752855 0.9690625695 -0.5529376649 201.3985696572 356.9412992926
1.8439066339 -0.9471699808 1.1522247373 549.6110066754 168.8412384922
1.4488983111 0.6617484764 1.0469220162 310.2745650592 77.7817927617
2.7059739807 -0.7331271193 0.7287971851 455.6639517102 225.8302657063
2.8833560441 2.6773336796 -0.2468877160 102.7339587259 237.8307592287
1.9496769023 -1.6101641628 0.3732577648 593.6384773272 294.0983277445
2.7832056284 2.7310910625 0.6875618561 111.5035993401 141.2336071379
0.7034332180 -0.0654622727 0.4930513506 536.0667456754 203.7887654067
1.9631750106 0.7384015444 -1.1730532119 231.3244216865 439.4404909000
2.7390766891 1.4458832406 -1.4800111153 189.0988057408 392.1281954161
1.6947515968 -1.6709432923 1.9441946478 690.1338126801 78.4287399061
1.3192468384 -0.5366856561 1.1335808896 559.7310481058 117.8660330996
2.3746660379 0.5242174031 1.6523616679 361.7597455722 86.6636906682
1.8809823717 2.0841163296 0.5893151287 72.5329390844 126.7497246949

gimbalangles:
2.6923375191 -0.4117695986 0.5309827327

end: