T_CW:
-0.0890533221 -0.9663568019 0.2412965753 0.2005720681
-0.0012442475 -0.2421509831 -0.9702377818 0.3925010900
0.9960260828 -0.0867031304 0.0203619625 -0.2354854540
0.0000000000 0.0000000000 0.0000000000 1.0000000000

T_CW_cov:
0.0000003303 0.0000000053 -0.0000000113 -0.0000000349 0.0000007049 0.0000000051
0.0000000053 0.0000001951 -0.0000000003 -0.0000005155 0.0000000130 -0.0000000610
-0.0000000113 -0.0000000003 0.0000002169 -0.0000000606 -0.0000000150 0.0000000023
-0.0000000349 -0.0000005155 -0.0000000606 0.0000019193 -0.0000000773 0.0000002607
0.0000007049 0.0000000130 -0.0000000150 -0.0000000773 0.0000020282 0.0000000396
0.0000000051 -0.0000000610 0.0000000023 0.0000002607 0.0000000396 0.0000006503

target_points_pix:
2.8469624497 -1.2706155376 -0.4268351525 471.2514280488 339.3134382381
1.2955616386 -1.4164051859 0.0125195018 674.6388523183 387.9699974305
2.9185907309 1.9178459633 1.8610296438 236.1471781358 60.5749677622
2.6305978994 -2.5336026126 1.4089481569 628.1883595666 205.9927910184
2.5591223247 -0.0443953625 0.5219552533 389.8985094810 228.3301559669
1.8324549851 0.5136414256 0.1050882143 307.6460996212 264.9760215044
2.2959027539 -0.3651612911 1.0377432566 444.3214021502 178.8502099439
2.3041003494 -2.2990699818 1.7052507894 652.6404254314 165.2357455016
2.2457088193 -0.2690198173 -1.2941584072 369.5133653283 446.3202069008
2.0176283046 -1.3083910700 2.4854543714 610.3192626511 26.7556845887
2.2385537561 -1.8200234489 -0.7064504535 555.3712062978 411.0690409778
2.8752574486 -1.5801047162 -0.1999385455 499.9549771798 324.2072425610
1.0143189639 -0.1834378360 0.2340703772 480.0194594100 303.0898860736
1.3939397812 -1.4548252074 -0.2639512733 644.6397455991 429.2254796998
2.6388940522 0.2859068827 0.6616028722 359.7338795981 206.5852659602
1.8436071198 -0.3614789899 -0.5329186283 413.7387844421 387.7201994873
2.6356910408 1.1581813945 0.7110316627 272.3952493587 178.4182901957
2.2974160006 1.1434337072 1.1115312662 272.7125970964 121.2746292285
1.8636994645 0.9851570773 0.8625067980 264.6623634395 132.8846172045
2.9486415274 -2.6758647837 -1.6358413215 552.7805255056 458.6090030259
2.8400527988 2.3293742471 -2.5758741647 72.7908974908 479.8021432232
2.4952987901 1.9204534977 1.3630564139 198.3087741304 79.4313812211
2.5258584135 -2.8592762385 -0.6116947642 624.3821868334 400.5430343229
2.8920798147 2.1378650829 -2.5311623147 100.8272075615 473.0941492260
2.7260240624 2.2495865463 -1.9352716347 86.1004268572 425.2758779900
2.3241395539 -2.8069241618 -0.5895953926 643.6650022211 411.4950578619
2.6278435143 1.8946618219 1.8255796272 222.6258613830 42.2077416202
2.6912848041 -2.1106228893 -0.6993441011 544.5386001248 385.3945344508
2.2863225682 -1.1407866103 2.4543879926 562.1374807412 50.5121021522
1.5889353798 -2.3704226469 0.0978376196 744.7499084469 374.7031337901
2.4841714159 1.4051269004 1.6262681959 264.7050172114 67.5296464872
2.7991553079 -1.1303929253 0.2989914414 476.7558744009 273.6958208957
2.3235776381 -0.6902499417 -1.1799127502 418.3336717076 433.9715019794
2.1983390802 1.3671984969 -1.0802983766 165.1403852240 387.0882174908
2.0950124471 -0.5055487376 0.8267820771 464.1597013329 202.9769068018
1.7824561088 1.2368809704 -0.1031601285 175.9656579694 271.6462201073
2.6588510636 -0.1466194073 -0.3037086062 378.5521591173 311.6625689520
2.2538497045 -0.9608366362 1.2047620648 514.0928905194 176.8294542951
2.3780720027 -0.0837965984 2.0767695085 438.3221845459 61.5046313504
2.9680979097 -2.4510036395 1.5364771412 593.4546810088 197.7037049250
2.8361755367 1.9949440335 -2.4556373968 112.5745622280 473.3749377616
2.0821692119 -1.0065134618 0.4658650749 512.6605026826 261.9440812412
1.2103062974 0.1184933070 0.6222756592 407.3698316720 179.4443738958
0.9923400970 0.5709656991 -0.1292795507 212.5328026754 370.3172046206
2.6984458114 1.3496573022 0.7124865195 254.6360078952 174.9203184442
1.6820117367 -2.6908657484 -0.4410075725 745.1197833794 453.1227411981
1.4393502068 -0.3605422360 0.5295601244 482.3532543624 232.3405194260
2.4819671509 -1.0003026340 -0.6462119426 458.0702811876 371.3621713602
2.4003927181 0.1999549924 -0.1597382894 347.7145160116 295.8195690326
1.6781638844 1.7635796532 -1.0815039641 8.1896528558 433.9147694242
2.8599623337 -1.4393414243 0.8130817700 509.7769960295 234.9945578318
2.8028733044 -1.8940930289 0.2984196099 539.5106801981 289.1439602835
2.2679231297 1.6166728105 1.6066018340 226.6774409422 42.5449129848
1.5339740108 -0.0088084180 1.0042570867 432.9942304978 132.6402719164
2.2683739193 1.5151538458 1.0720505343 222.8914176932 110.9525475560
2.8407462338 2.6756664027 -1.3199547291 68.9073223589 345.7019386825
2.5245239422 -1.9046691708 0.2882304037 561.5157215108 296.1753169437
1.2961433232 -0.2137759639 0.8682376054 486.0462432882 151.1129139157
2.5432224523 -0.6373923841 0.7409534547 454.0830685134 222.0289689276
2.9691898119 0.8306301282 -1.4718533968 262.3418465025 388.5944936022
1.9577623473 1.9570472736 1.2495788176 134.3975803851 39.9597844282
2.3703281476 -2.2094223224 -0.8768088657 576.4744449395 426.3263379438
2.5332886341 0.3624403137 -0.8886724309 311.6346306991 365.4412441505
2.7230803671 2.1668952310 -1.0932890004 119.1616144399 338.5223865767
1.9507874860 -0.6407648270 1.0479185312 497.0207210821 175.5366421046
1.3270867205 -0.5234995568 1.3446707796 565.2833341252 75.2558772212
2.8849499926 1.7528628131 -1.9172862492 156.4361935179 419.7442754104
1.6796342927 -1.3761458959 -0.5238268143 571.4571527640 432.1668104823
2.0330982211 1.2071025275 -0.3551796497 197.7222564442 303.2833188931
1.5235769822 -1.1851647188 1.3670204011 639.0116749308 128.7799816568
2.8384515790 -2.7845431762 0.8899561949 617.4943410787 256.4253832313
2.5609837967 -2.9277062911 -1.0449301538 617.1889303633 440.2348037667
1.7669752855 0.9690625695 -0.5529376649 201.6006589804 356.6643129799
1.8439066339 -0.9471699808 1.1522247373 549.7829909471 169.1113089233
1.4488983111 0.6617484764 1.0469220162 310.1577609471 77.6789947965
2.7059739807 -0.7331271193 0.7287971851 455.7004072729 226.2870290991
2.8833560441 2.6773336796 -0.2468877160 102.9287561828 237.4176819415
1.9496769023 -1.6101641628 0.3732577648 593.4364986225 294.1080815206
2.7832056284 2.7310910625 0.6875618561 111.5703275067 141.2618168808
0.7034332180 -0.0654622727 0.4930513506 536.4297724627 204.0278437110
1.9631750106 0.7384015444 -1.1730532119 231.2565699805 439.7648983676
2.7390766891 1.4458832406 -1.4800111153 189.0131315701 392.0331601989
1.6947515968 -1.6709432923 1.9441946478 690.5255694047 78.1913059099
1.3192468384 -0.5366856561 1.1335808896 559.5525497691 117.4649023643
2.3746660379 0.5242174031 1.6523616679 361.6375797149 86.3432508356
1.8809823717 2.0841163296 0.5893151287 72.6406480565 126.4535949360

gimbalangles:
-2.0094920603 0.3950760378 -0.9665676744

end: