T_CW:
0.3251566445 -0.8276316558 -0.4574920752 -0.0380951079
0.4184429366 -0.3079218780 0.8544528225 0.0099957490
-0.8480440232 -0.4692653401 0.2461937759 -0.0112451703
0.0000000000 0.0000000000 0.0000000000 1.0000000000

T_CW_cov:
0.0000006572 -0.0000002195 0.0000000111 0.0000005719 0.0000015276 -0.0000000678
-0.0000002195 0.0000005462 -0.0000000220 -0.0000014642 -0.0000004923 0.0000000854
0.0000000111 -0.0000000220 0.0000002978 0.0000000913 -0.0000000361 -0.0000000039
0.0000005719 -0.0000014642 0.0000000913 0.0000046661 0.0000012795 -0.0000001546
0.0000015276 -0.0000004923 -0.0000000361 0.0000012795 0.0000042981 -0.0000000982
-0.0000000678 0.0000000854 -0.0000000039 -0.0000001546 -0.0000000982 0.0000008822

target_points_pix:
-2.6364039434 -2.3323645090 1.6131212919 394.5558227630 305.1054382969
-2.8948441399 0.6269529752 1.2765981320 170.8672360038 209.6884312785
-1.7842749994 0.3589897521 1.3896783254 151.2842058989 288.6168818155
-0.7937816819 -1.6414176510 0.7071862127 486.6338998786 358.2020786176
-2.7560724588 -1.2194953932 1.9192833866 317.7327248463 302.3588301590
-0.2553136312 -1.9712086642 0.1715341730 670.8401644010 375.5044133304
-0.1550543400 -2.4137450398 0.5014556902 670.5709931526 435.7828318279
-1.9323731186 -0.3012474738 -0.7481905140 363.6771362194 34.3507167366
-2.1173200533 -2.1447782396 -1.4060294826 542.6437087069 99.6501699925
-1.7590488229 -1.6158880204 -0.8003083999 504.6351397489 130.8827260641
-2.6734566750 -2.6265165695 1.2701937931 418.6591854169 289.5249903306
-1.6797658353 0.4497206555 0.9246442775 141.7327795354 232.5195673273
-2.7526374896 -2.4282561608 -2.0502608060 539.4349110248 64.1559745662
-2.9630438574 1.2498685434 0.2703220651 111.8179816364 70.5736620264
-0.4132450863 -1.6619243622 -0.3975132155 703.0897003956 241.8810052988
-2.8002920322 -2.7177990940 0.7087254771 436.7655389027 257.2900478377
-2.2493776015 -2.3923425776 1.7472308018 404.3614589700 330.9684345965
-0.4611632066 -1.2374349928 0.2883990725 540.7060307621 343.5434613813
-0.8863209803 -2.2520445289 0.3132015694 555.3660582151 316.8023577037
-2.1289845198 -2.0063977310 0.0907732718 453.0637530880 223.5677678004
-1.5006224968 -2.7756126823 -1.2469839680 626.0549871287 150.6711865851
-2.3933415223 -2.8145690041 2.1568703343 408.3778047623 347.0507100605
-1.9740008485 0.2407913313 0.2379810357 226.8369732427 136.2467863007
-1.9416308981 -1.1170647662 2.7064884155 291.2212177199 397.8876434962
-2.5927084704 -2.6493188930 -0.8510426906 502.9978381245 165.5542943950
-1.4003785247 -0.3736922668 -0.7233151088 405.6025588973 17.0857496825
-1.8055531173 -2.3431906182 2.2358729284 397.4852633255 383.7021882228
-2.6437567343 -2.7994983705 -2.3091975591 576.5907198318 59.9369793360
-2.7741509670 -2.0402444891 -0.1757024121 436.5341898154 189.4090364675
-1.6281093659 -0.3303049794 1.0078361132 272.1726459892 279.0275840616
-1.9646052403 -2.0029863434 -1.3242917964 544.7504246311 98.2136308208
-1.9557092750 -0.1852068968 1.1358403326 250.1831625794 265.9514672826
-1.8905943680 -2.4627044847 -2.4214448040 655.6199767119 4.9713542817
-1.5873220287 -2.6442079861 1.2926729153 462.2617934862 345.3098358921
-1.8400861476 0.6802285019 2.7417002054 63.7494607266 413.6034094647
-2.9933007186 -2.9934415882 -2.4369486571 562.6662577791 64.9171580768
-0.4663553090 -0.8967115007 0.8784296744 410.6291627818 438.7414428910
-0.9505699837 -1.1068315995 -0.2186933854 503.8218744653 194.7172930895
-1.2364746597 -0.8307857292 2.2308155062 280.8429635597 442.0874547483
-1.2146827552 0.4313236250 0.0528315889 137.7935053832 68.9026790691
-1.8310523068 -0.1889451984 1.5644050636 232.0689750117 316.3940104969
-2.4795398100 0.0634801912 0.4110664761 253.9168288578 162.0318137529
-1.4178930604 0.5616682054 2.3963558138 47.0571262838 445.3554947836
-2.6261878393 -0.7849814902 2.7541684472 263.6777449708 351.2001125711
-1.9262396669 -0.5333356992 0.4900413074 321.1251419780 213.6682240495
-2.3787147104 0.3569107646 2.5683948238 151.8269944401 346.8464565974
-1.0606481474 -2.1885100011 0.3504036302 528.6082534691 305.0612548654
-2.8798376111 -2.4797889453 0.6139716428 426.9580602543 245.5035414604
-2.4055301863 0.9708260692 2.4281034256 70.4780056124 326.4625782662
-1.2099097975 -2.5639048038 2.8155812467 408.7841338566 463.5876892325
-1.7586502624 -2.0947587884 0.1629999156 476.3746973307 244.9961429315
-2.4637418305 -2.7427375996 0.0218696577 477.1789531968 228.0046456503
-2.0098147786 -2.3425078733 -0.2469870441 495.7519765226 210.7458786018
-1.8196517110 0.4238616465 0.7629712756 163.8067772809 203.0737841381
-0.7461558169 -2.7348513775 1.8641295763 490.8797269907 457.7436872454
-2.2714974815 -1.5754805292 -0.3708202209 441.2451562083 166.7929771178
-2.0168399528 -0.7930379665 1.4646715140 304.9911338406 305.5559371171
-1.3199728770 -0.4454115690 0.6293955931 311.9602714872 261.2465438591
-2.9188407590 -1.3810012220 1.0839570419 350.6327059634 249.8971408068
-1.4161008387 -2.1674853346 0.4832161336 486.8174692031 291.5902083445
-1.5563505293 -2.3259772891 0.0237559221 513.0960392028 249.1501100699
-2.1605879291 -0.8868400575 2.0349525460 292.9453435870 338.3276255778
-1.0231969654 -0.6532888771 1.3941302240 300.3183863742 395.9226390172
-1.9296688539 -1.8920561824 -1.4908164832 553.5145512253 71.7670500881
-1.8553364985 -2.2370036957 -1.3848175939 571.3364699459 105.1036825988
-2.1610756819 -2.5467967732 -1.5818627512 568.0510177358 105.2690681161
-2.6748752440 -2.4932236144 2.6376832354 372.2213096613 353.1992407646
-0.4784341868 -2.0935500770 0.3372802366 604.5224375636 362.6609084094
-2.9458023404 -0.1409691835 0.5459986167 273.9386196778 175.2388623667
-1.3015980204 -0.4775983353 1.9294706893 247.0737005475 409.7181772324
-2.0809982885 -2.3007220402 -1.1211365928 536.0507510043 134.0312493844
-0.5766055598 -2.9777220371 0.7269098261 599.9127196967 393.4187591402
-1.2496893304 -1.2176234362 0.9201692519 393.9487908630 324.5071980531
-2.4005462004 -1.4231052476 -1.7722446267 500.8350131929 17.3260097814
-1.1180691055 -2.3775737935 1.9674464230 438.7338809873 425.8741832141
-0.8810201176 -1.1056814359 1.4752285971 362.7690454263 425.5833635369
-1.6522343275 -1.1665498691 1.5140104995 343.7107833840 341.0578445262
-2.3524978632 -0.4190901020 -0.6763358060 357.5832262559 68.7201506910
-1.6404500805 -1.0437677291 1.8670063384 317.0547773099 368.2403409058
-1.7962047277 -1.0397187367 -0.0814019688 408.8330213778 179.6966745311
-2.5730577092 -2.3438354084 1.3885911678 403.9115033723 295.9302028297
-2.4323608169 -2.8139920343 -0.8519714480 519.9147122863 173.0175603313
-2.5794207443 -2.5586017987 0.5377249120 444.1272076625 251.8890120134
-2.2583880082 -1.9579383648 0.2674464298 435.9447740223 230.6736963911
-1.1873207592 -1.9520912279 0.6023171523 482.7179182390 313.4131888171
-1.5110241473 -1.3140682982 1.4522052634 364.0040729487 349.9068885284
-2.8451823330 1.0493991114 0.7078918140 124.9527389493 135.2341264424
-0.7268183569 -2.5035628023 0.7114419446 557.3304444723 373.8390678206
-1.9858815282 -1.4791766923 -1.1752089238 500.6781657492 80.4117571295

gimbalangles:
2.8613850517 0.4751733166 -0.3743053568

end: