T_CW:
0.9331844594 -0.2596311096 -0.2485124779 -0.0348737552
0.1119703882 0.8670822842 -0.4854183192 -0.0463926757
0.3415104638 0.4251587932 0.8382187087 -0.0031179736
0.0000000000 0.0000000000 0.0000000000 1.0000000000

T_CW_cov:
0.0000004726 -0.0000000297 -0.0000000308 -0.0000000182 0.0000009630 -0.0000000191
-0.0000000297 0.0000002969 0.0000000105 -0.0000007652 -0.0000000039 -0.0000000668
-0.0000000308 0.0000000105 0.0000002582 0.0000000037 -0.0000000799 0.0000000008
-0.0000000182 -0.0000007652 0.0000000037 0.0000025588 -0.0000001857 0.0000002442
0.0000009630 -0.0000000039 -0.0000000799 -0.0000001857 0.0000025332 -0.0000000501
-0.0000000191 -0.0000000668 0.0000000008 0.0000002442 -0.0000000501 0.0000006867

target_points_pix:
0.1742910257 2.9893768659 1.8724033039 282.2262533302 377.8393785778
0.4101131736 0.5362741924 2.2116901022 338.0347776263 172.8200701895
0.3768682695 1.5477426008 2.0531356562 317.9569881707 272.2580520295
2.9185907309 1.9178459633 1.8610296438 499.7119988851 314.1824144176
0.9121584893 0.1426808612 1.2079831403 459.4064571213 168.1565309635
0.9456625691 1.7601532697 2.9743486518 351.7483928556 249.0271230643
2.2959027539 -0.3651612911 1.0377432566 689.6344715864 140.7914750772
-0.1910322562 1.2311524432 2.2972743069 263.0073434934 227.9154098075
0.8211055262 1.2423480346 2.5425745515 357.3055105689 230.4361327252
0.4157939103 1.1830938811 0.6503161745 351.9378138149 384.1335878596
2.0176283046 -1.3083910700 2.4854543714 546.6472135439 3.0159884785
-0.8454043785 2.6955158446 1.3401100284 148.2297976075 428.5716318015
1.6912700364 2.9152958030 2.0943006760 393.4587650562 351.6244985219
0.2911990845 0.4534318924 1.9094584180 329.3940322227 170.1799758101
0.8344632586 0.7250167015 1.6089183875 394.8376128142 226.3011189594
2.6388940522 0.2859068827 0.6616028722 711.6121209281 266.6976824569
2.6356910408 1.1581813945 0.7110316627 612.6621694246 350.0360557495
1.6985656786 2.3108705817 2.0575274508 407.6923170665 324.1468700820
2.2974160006 1.1434337072 1.1115312662 544.5345983451 312.5139143201
-0.8437154314 1.5526174756 2.5041567278 194.3909798858 238.7461598263
1.8636994645 0.9851570773 0.8625067980 543.2341903558 321.7341056902
-1.4715007191 1.0947300271 1.7225109219 10.0223850368 222.7283332480
0.6837708879 1.9678359559 0.5759732938 367.5388897749 466.9120984783
2.4952987901 1.9204534977 1.3630564139 500.6942923140 346.0654563667
-0.4403439149 0.7830369850 1.9775365700 225.0926629858 190.0528563138
0.3223913466 0.6572687096 0.3411312926 378.7323366447 381.4109298789
2.4273031833 1.9853565523 2.7413508252 438.3629583441 277.1930398865
-0.3089028941 2.6625183818 2.6735419307 250.8320622600 308.4575749709
0.3581181741 0.7410917287 2.9171161179 323.6637053097 174.5125888567
-0.8537239679 1.5280305348 1.0098617859 77.2101860714 378.7599401075
0.0001974302 0.4256021854 2.6457210473 294.2043411462 142.3560407355
-1.8400861476 0.6802285019 2.7417002054 52.7881832990 116.6548330915
2.6278435143 1.8946618219 1.8255796272 485.8604696352 314.6208977236
1.3518114199 0.7830964934 2.7510300194 402.1011134439 196.5848781113
1.1871005587 -0.8619068936 2.0176006026 486.5038812003 9.3288206164
-2.2600804841 2.7042386112 2.9957597684 73.9651195346 289.5335350213
1.5404004160 2.0873391010 1.9086104661 406.2470292401 320.4685942401
2.2863225682 -1.1407866103 2.4543879926 558.9220476795 36.8252833253
2.4841714159 1.4051269004 1.6262681959 505.6668832325 296.7449949249
1.8480999231 1.0615362460 2.2632808650 444.5924554519 238.3231769954
2.4648997918 0.1336515858 2.7860253487 490.1552200997 164.2110009305
1.0168380356 1.8187565862 1.2681363448 389.4262886232 353.4820586075
0.9146035834 1.0196575720 1.7087156997 390.0300156886 251.6752186956
2.3406080829 1.6524588336 2.3188796262 455.5564961250 275.9728147192
-1.4178930604 0.5616682054 2.3963558138 87.2215710860 118.2494723691
2.2538497045 -0.9608366362 1.2047620648 732.0762250811 25.3007814353
-0.2121167416 1.7897788713 0.8297268490 217.0286554029 428.6432504927
0.0114893594 1.4849654352 2.7194465450 285.1777505836 232.9667570802
2.3780720027 -0.0837965984 2.0767695085 538.0934567955 156.4549318671
-1.0463656283 2.8561966183 2.4513405431 178.9057737919 332.5417997819
1.2103062974 0.1184933070 0.6222756592 598.8920642375 212.4017221725
-1.3853892513 2.8067198839 2.5439830716 147.1452537593 324.1079996037
2.6984458114 1.3496573022 0.7124865195 601.5782467197 364.6204929137
-1.3300249498 2.5741901058 1.1257362683 35.1306507136 467.7399244011
2.1326369723 1.5933316956 2.3844999725 442.8020623671 269.1839221974
0.5781786926 0.7674459552 2.0919120920 352.5781660634 204.4360764873
0.3612892001 1.9794375196 1.7997934799 310.6616105228 321.6466827874
1.1655134506 1.3593261429 2.2617282296 386.9905549207 253.4594269653
2.2679231297 1.6166728105 1.6066018340 484.2174064812 311.1458663576
1.5339740108 -0.0088084180 1.0042570867 580.2316068767 173.7803753848
-0.6125680017 0.4219487398 1.6907229199 176.9219085025 139.8936588306
-0.7909341437 1.6858794598 2.4060578815 197.5030991656 255.1030897044
0.8587961988 2.4448778198 2.1427041175 344.6068210520 326.6948061404
0.4245033914 1.0191820396 1.0525622049 348.2054972293 301.6282640799
0.5836029694 -0.4548003720 2.6430373429 372.0299511387 58.6201075226
2.2683739193 1.5151538458 1.0720505343 523.8741709049 344.2603779528
2.1449007298 0.0322231014 2.5423879487 486.8550530488 154.4978518612
-0.9064956900 1.3399447130 1.3053989599 96.9047113205 307.5778362867
1.2202986687 1.9498949965 2.2978520360 376.9541917115 290.6913846811
1.2961433232 -0.2137759639 0.8682376054 603.5167031326 125.1145001288
-0.5327274467 1.8078641803 2.4510237977 227.6285272046 264.5532851526
0.8867691270 -0.1269636338 2.4130534049 399.0393727018 108.8271297809
0.0615378091 1.2928000387 1.6921680272 286.0125066956 271.4315070345
0.3863538972 0.6004048737 2.4777203984 331.2833357088 171.8542294951
1.9577623473 1.9570472736 1.2495788176 467.8995175975 359.4167615790
1.7478756708 0.7464948804 2.7115920619 430.5967331495 200.2490613875
1.4063415740 2.6146316096 2.3857624421 375.4350542301 321.4590421861
0.8374901713 1.4854764911 2.1589736941 359.7298493528 265.0050333448
1.5141529547 1.3550904227 1.7856819041 429.7702601428 280.2175068489
-0.0697798789 0.3330106119 2.1652521284 284.5764996475 137.1840720593
-0.8258884787 1.9551499206 2.9404138368 210.8699998199 249.8765100669
1.9507874860 -0.6407648270 1.0479185312 697.6859609681 69.7549340266
1.3270867205 -0.5234995568 1.3446707796 554.9143428062 60.1508685075
0.0760607588 1.1070308493 1.1084568367 285.6473703420 304.7883186116
-1.4769533415 0.8018814294 2.2416422603 67.5422878764 154.0470418686
-1.2490170593 1.8097791482 2.9824056964 169.7989135417 233.7622545850
2.9461481719 2.4968893176 2.7161145307 452.7733733576 302.2433873350
0.5907485963 -0.3012064055 2.8976125351 362.9594564190 80.3953667677
1.7827388544 2.9902355627 2.0898483581 397.5286008130 354.8721422140
0.9641042651 2.6882373571 1.1690572800 362.7497871890 419.9288510158
-2.2550310878 2.7469332465 2.5621232452 43.0442517817 319.3914866108
-0.2705378639 1.4697607094 2.7967741969 260.2968665160 226.2945800420
0.4083008837 1.8891851128 1.7336414602 317.2584543290 320.2038524781
0.8063107787 0.5184446572 1.0431785338 432.3645284265 237.1269130051
1.4488983111 0.6617484764 1.0469220162 505.1152965755 266.4244577907
-0.3200082119 0.9773080063 1.1397837352 208.2847511993 280.4015675393
2.7832056284 2.7310910625 0.6875618561 526.5183350276 446.4903366652
0.7034332180 -0.0654622727 0.4930513506 575.6327140333 137.1153875642
1.3192468384 -0.5366856561 1.1335808896 592.9755467492 50.8247484116
2.3746660379 0.5242174031 1.6523616679 538.6852109785 227.0517082908
-1.0390669904 2.4980477584 1.6226163434 134.3089946098 382.3449766450
-0.1459639570 2.6501550755 1.2960006555 243.1891572785 419.3862054467
1.8809823717 2.0841163296 0.5893151287 498.9775791288 441.4313383042

gimbalangles:
1.0462291554 0.2510106317 -1.2992680405

end: