T_CW:
-0.0890389565 -0.9664054379 0.2411070175 0.2002615103
-0.0013736171 -0.2419491072 -0.9702879690 0.3927904551
0.9960271971 -0.0867246170 0.0202154250 -0.2357518024
0.0000000000 0.0000000000 0.0000000000 1.0000000000

T_CW_cov:
0.0000003452 0.0000000171 -0.0000000104 -0.0000000601 0.0000007327 0.0000000162
0.0000000171 0.0000002043 -0.0000000002 -0.0000005345 0.0000000354 -0.0000000523
-0.0000000104 -0.0000000002 0.0000002243 -0.0000000663 -0.0000000165 0.0000000016
-0.0000000601 -0.0000005345 -0.0000000663 0.0000019620 -0.0000001225 0.0000002430
0.0000007327 0.0000000354 -0.0000000165 -0.0000001225 0.0000020811 0.0000000610
0.0000000162 -0.0000000523 0.0000000016 0.0000002430 0.0000000610 0.0000006578

target_points_pix:
2.8469624497 -1.2706155376 -0.4268351525 471.4000648429 338.8793999729
1.2955616386 -1.4164051859 0.0125195018 674.3624178362 387.7692441249
2.9185907309 1.9178459633 1.8610296438 235.8476169526 60.7458331982
2.6305978994 -2.5336026126 1.4089481569 628.3147463200 206.0288351708
2.5591223247 -0.0443953625 0.5219552533 389.8104102886 228.4053498250
1.8324549851 0.5136414256 0.1050882143 307.1625952137 265.0671269298
2.2959027539 -0.3651612911 1.0377432566 444.2791533256 179.0462239563
2.3041003494 -2.2990699818 1.7052507894 651.9195661145 165.0043162334
2.2457088193 -0.2690198173 -1.2941584072 368.6556407070 446.6829284732
2.0176283046 -1.3083910700 2.4854543714 610.4684115567 27.1692949301
2.2385537561 -1.8200234489 -0.7064504535 555.3788535191 410.9931756143
2.8752574486 -1.5801047162 -0.1999385455 499.8673028772 324.3340069351
1.0143189639 -0.1834378360 0.2340703772 479.4368899185 303.0285590172
1.3939397812 -1.4548252074 -0.2639512733 644.5376374568 429.4687757627
2.6388940522 0.2859068827 0.6616028722 359.6941940103 206.6266662790
1.8436071198 -0.3614789899 -0.5329186283 413.5722118550 387.8314165026
2.6356910408 1.1581813945 0.7110316627 272.4217382701 178.3741365555
2.2974160006 1.1434337072 1.1115312662 272.5801971164 121.3484660450
1.8636994645 0.9851570773 0.8625067980 264.6288316188 132.6654296847
2.9486415274 -2.6758647837 -1.6358413215 552.8568904211 458.4080613941
2.4952987901 1.9204534977 1.3630564139 197.4922657626 79.3193370439
2.5258584135 -2.8592762385 -0.6116947642 624.5069030898 400.5324827952
2.8920798147 2.1378650829 -2.5311623147 100.6774149265 473.4741783651
2.7260240624 2.2495865463 -1.9352716347 86.3863775691 425.0802678981
2.3241395539 -2.8069241618 -0.5895953926 643.7804713312 411.2551294225
2.6278435143 1.8946618219 1.8255796272 222.5091888017 42.0159451614
2.6912848041 -2.1106228893 -0.6993441011 544.7903853456 385.7456111012
2.2863225682 -1.1407866103 2.4543879926 562.0947594849 50.2727526594
1.5889353798 -2.3704226469 0.0978376196 744.3192393957 374.6527269443
2.4841714159 1.4051269004 1.6262681959 264.2305110343 67.8220796189
2.7991553079 -1.1303929253 0.2989914414 476.7877476412 273.5801004982
2.3235776381 -0.6902499417 -1.1799127502 418.4776316317 434.1754380900
2.1983390802 1.3671984969 -1.0802983766 164.7811117194 387.0709704501
2.0950124471 -0.5055487376 0.8267820771 464.0338645979 202.6289033185
1.7824561088 1.2368809704 -0.1031601285 176.1181416555 271.7737193717
2.6588510636 -0.1466194073 -0.3037086062 378.4606958188 311.4629951811
2.2538497045 -0.9608366362 1.2047620648 514.9107669917 177.2192670671
2.3780720027 -0.0837965984 2.0767695085 438.5381616389 61.4780868139
2.9680979097 -2.4510036395 1.5364771412 593.4940592601 197.9406301636
2.8361755367 1.9949440335 -2.4556373968 112.2499374700 473.2729184850
2.0821692119 -1.0065134618 0.4658650749 512.5640461927 262.1755869722
1.2103062974 0.1184933070 0.6222756592 407.1450811010 179.8414707248
0.9923400970 0.5709656991 -0.1292795507 212.3862240853 370.1740372103
2.6984458114 1.3496573022 0.7124865195 254.5020945538 174.8872487646
1.6820117367 -2.6908657484 -0.4410075725 744.9062633471 452.8881549246
1.4393502068 -0.3605422360 0.5295601244 482.4407840866 232.4634603031
2.4819671509 -1.0003026340 -0.6462119426 458.0222916046 371.0066837081
2.4003927181 0.1999549924 -0.1597382894 347.8290083675 296.0190944298
1.6781638844 1.7635796532 -1.0815039641 8.0947632798 434.1734451755
2.8599623337 -1.4393414243 0.8130817700 510.0408886591 235.0445513470
2.8028733044 -1.8940930289 0.2984196099 540.0838995338 288.8623844013
2.2679231297 1.6166728105 1.6066018340 226.7254841305 42.4459271510
1.5339740108 -0.0088084180 1.0042570867 433.3327240831 132.7556061458
2.2683739193 1.5151538458 1.0720505343 222.5823707853 110.9076022871
2.8407462338 2.6756664027 -1.3199547291 69.1678149116 345.4400957087
2.5245239422 -1.9046691708 0.2882304037 561.6324947162 295.6291635284
1.2961433232 -0.2137759639 0.8682376054 486.2885601186 151.1611248255
2.5432224523 -0.6373923841 0.7409534547 453.7798444748 221.8490192020
2.9691898119 0.8306301282 -1.4718533968 262.6740150472 388.6264877168
1.9577623473 1.9570472736 1.2495788176 134.4375385107 39.8675175434
2.3703281476 -2.2094223224 -0.8768088657 576.6845978733 426.0949374104
2.5332886341 0.3624403137 -0.8886724309 311.7424226161 365.3074809963
2.7230803671 2.1668952310 -1.0932890004 119.1103271181 338.4862739940
1.9507874860 -0.6407648270 1.0479185312 497.1620648013 175.6611325748
1.3270867205 -0.5234995568 1.3446707796 565.4886500458 75.2291134654
2.8849499926 1.7528628131 -1.9172862492 156.4640542190 420.1080517218
1.6796342927 -1.3761458959 -0.5238268143 571.6146841710 432.2831210516
2.0330982211 1.2071025275 -0.3551796497 197.1440293127 303.5777488325
1.5235769822 -1.1851647188 1.3670204011 639.4365259611 128.5461178584
2.8384515790 -2.7845431762 0.8899561949 617.5950181116 256.4642632111
2.5609837967 -2.9277062911 -1.0449301538 617.0407073130 440.2864839513
1.7669752855 0.9690625695 -0.5529376649 201.8616103334 356.7598516426
1.8439066339 -0.9471699808 1.1522247373 549.5742044886 168.7226395307
1.4488983111 0.6617484764 1.0469220162 310.1030605910 77.2395096824
2.7059739807 -0.7331271193 0.7287971851 455.6028748705 226.3530035733
2.8833560441 2.6773336796 -0.2468877160 102.8306728170 237.6825760150
1.9496769023 -1.6101641628 0.3732577648 593.9102509117 294.3576510608
2.7832056284 2.7310910625 0.6875618561 111.7028447371 141.3346180466
0.7034332180 -0.0654622727 0.4930513506 536.2403694405 203.7804950632
1.9631750106 0.7384015444 -1.1730532119 231.3174672174 439.6591779612
2.7390766891 1.4458832406 -1.4800111153 189.3498101473 391.9565993900
1.6947515968 -1.6709432923 1.9441946478 690.6047614410 77.8925930183
1.3192468384 -0.5366856561 1.1335808896 559.7428546520 117.5064197336
2.3746660379 0.5242174031 1.6523616679 361.6374303143 86.5224687328
1.8809823717 2.0841163296 0.5893151287 72.1901756087 127.1326884931

gimbalangles:
1.8768201521 -0.2943659448 -0.1055871989

end: