T_CW:
-0.0889667996 -0.9664183631 0.2410818452 0.1997073987
-0.0010602440 -0.2419496157 -0.9702882352 0.3922596616
0.9960340278 -0.0865790446 0.0205008437 -0.2355983473
0.0000000000 0.0000000000 0.0000000000 1.0000000000

T_CW_cov:
0.0000003455 0.0000000171 -0.0000000104 -0.0000000601 0.0000007333 0.0000000157
0.0000000171 0.0000002044 -0.0000000002 -0.0000005347 0.0000000354 -0.0000000522
-0.0000000104 -0.0000000002 0.0000002243 -0.0000000661 -0.0000000166 0.0000000017
-0.0000000601 -0.0000005347 -0.0000000661 0.0000019627 -0.0000001225 0.0000002425
0.0000007333 0.0000000354 -0.0000000166 -0.0000001225 0.0000020828 0.0000000600
0.0000000157 -0.0000000522 0.0000000017 0.0000002425 0.0000000600 0.0000006582

target_points_pix:
2.8469624497 -1.2706155376 -0.4268351525 470.9967714880 339.2256916624
1.2955616386 -1.4164051859 0.0125195018 674.4252057526 388.0063154456
2.9185907309 1.9178459633 1.8610296438 236.0332826445 60.6456818244
2.6305978994 -2.5336026126 1.4089481569 628.3101932141 206.0463392577
2.5591223247 -0.0443953625 0.5219552533 389.7020419104 228.4192089316
1.8324549851 0.5136414256 0.1050882143 307.1297719972 265.0273558551
2.2959027539 -0.3651612911 1.0377432566 443.6204077966 178.9941930904
2.3041003494 -2.2990699818 1.7052507894 652.2345682378 164.7843597361
2.2457088193 -0.2690198173 -1.2941584072 369.0553685911 446.3718215798
2.0176283046 -1.3083910700 2.4854543714 609.9934921561 26.8355641936
2.2385537561 -1.8200234489 -0.7064504535 555.3105945981 410.8450161490
2.8752574486 -1.5801047162 -0.1999385455 499.6138677942 324.1708575193
1.0143189639 -0.1834378360 0.2340703772 479.7916155722 302.8982187017
1.3939397812 -1.4548252074 -0.2639512733 644.4825320453 429.5631764052
2.6388940522 0.2859068827 0.6616028722 360.1080854954 206.9837822407
1.8436071198 -0.3614789899 -0.5329186283 413.6205715920 388.1510140154
2.6356910408 1.1581813945 0.7110316627 272.2363253300 178.6167404116
2.2974160006 1.1434337072 1.1115312662 272.4437741943 121.5516350776
1.8636994645 0.9851570773 0.8625067980 264.5679479090 132.7954393638
2.9486415274 -2.6758647837 -1.6358413215 552.8537357969 458.2208061235
2.4952987901 1.9204534977 1.3630564139 197.9823108415 79.3918829258
2.5258584135 -2.8592762385 -0.6116947642 624.5481238797 400.2863037993
2.8920798147 2.1378650829 -2.5311623147 100.7073404104 473.3130729166
2.7260240624 2.2495865463 -1.9352716347 86.2310358487 425.0016160815
2.3241395539 -2.8069241618 -0.5895953926 643.6147485788 411.5209911880
2.6278435143 1.8946618219 1.8255796272 222.4809154187 42.0489977459
2.6912848041 -2.1106228893 -0.6993441011 544.7456397627 385.2829674390
2.2863225682 -1.1407866103 2.4543879926 562.1967437757 50.0045926758
1.5889353798 -2.3704226469 0.0978376196 744.8610232054 374.8387013842
2.4841714159 1.4051269004 1.6262681959 264.0377650494 68.2541376219
2.7991553079 -1.1303929253 0.2989914414 477.0484608825 273.9143145954
2.3235776381 -0.6902499417 -1.1799127502 418.3648135073 434.0909807938
2.1983390802 1.3671984969 -1.0802983766 164.9622383785 387.4481587066
2.0950124471 -0.5055487376 0.8267820771 463.7875303428 203.0698228580
1.7824561088 1.2368809704 -0.1031601285 175.7863077184 271.7149776404
2.6588510636 -0.1466194073 -0.3037086062 378.3554570452 311.5388605578
2.2538497045 -0.9608366362 1.2047620648 514.2256804365 176.9012732804
2.3780720027 -0.0837965984 2.0767695085 438.7161002137 61.5347487341
2.9680979097 -2.4510036395 1.5364771412 593.5918680922 198.0138481816
2.8361755367 1.9949440335 -2.4556373968 112.5118579563 473.7208411444
2.0821692119 -1.0065134618 0.4658650749 512.7666176934 262.3972128432
1.2103062974 0.1184933070 0.6222756592 407.1949690036 179.6373795366
0.9923400970 0.5709656991 -0.1292795507 212.3843936551 370.0025827844
2.6984458114 1.3496573022 0.7124865195 254.3577226400 174.9119217347
1.6820117367 -2.6908657484 -0.4410075725 745.2787140811 452.9989007107
1.4393502068 -0.3605422360 0.5295601244 482.4095905627 232.7528061148
2.4819671509 -1.0003026340 -0.6462119426 458.2759038233 371.3334591051
2.4003927181 0.1999549924 -0.1597382894 347.1120079003 295.9666801569
1.6781638844 1.7635796532 -1.0815039641 8.0399629827 433.5381943399
2.8599623337 -1.4393414243 0.8130817700 509.7914717002 235.0001815105
2.8028733044 -1.8940930289 0.2984196099 539.5951358497 289.1089801822
2.2679231297 1.6166728105 1.6066018340 226.6997258765 42.7114598856
1.5339740108 -0.0088084180 1.0042570867 433.1520727322 132.7392532183
2.2683739193 1.5151538458 1.0720505343 222.4333443235 111.0793593540
2.8407462338 2.6756664027 -1.3199547291 68.6812880945 345.2435790568
2.5245239422 -1.9046691708 0.2882304037 561.7635874927 296.0743060760
1.2961433232 -0.2137759639 0.8682376054 486.3035795724 151.4077180352
2.5432224523 -0.6373923841 0.7409534547 453.7368085319 221.5910447468
2.9691898119 0.8306301282 -1.4718533968 262.4912459246 388.8752940776
1.9577623473 1.9570472736 1.2495788176 134.5386694675 39.8742759082
2.3703281476 -2.2094223224 -0.8768088657 576.3956008824 426.0872004567
2.5332886341 0.3624403137 -0.8886724309 311.5359133040 365.0619092642
2.7230803671 2.1668952310 -1.0932890004 119.1835963241 338.3987895601
1.9507874860 -0.6407648270 1.0479185312 496.9944899718 176.0371331559
1.3270867205 -0.5234995568 1.3446707796 565.2884412849 75.5148438891
2.8849499926 1.7528628131 -1.9172862492 156.6497628026 420.1606464932
1.6796342927 -1.3761458959 -0.5238268143 571.4568472320 432.2864658845
2.0330982211 1.2071025275 -0.3551796497 197.1222668913 303.1956696818
1.5235769822 -1.1851647188 1.3670204011 638.7732927611 128.4636952536
2.8384515790 -2.7845431762 0.8899561949 617.5276020402 256.6828480582
2.5609837967 -2.9277062911 -1.0449301538 617.2590995474 439.9317423912
1.7669752855 0.9690625695 -0.5529376649 201.3413007078 356.4961254973
1.8439066339 -0.9471699808 1.1522247373 549.3048690228 168.7029630754
1.4488983111 0.6617484764 1.0469220162 310.0329278387 77.4325863101
2.7059739807 -0.7331271193 0.7287971851 455.7931331215 226.2061496824
2.8833560441 2.6773336796 -0.2468877160 102.6201313607 237.8964167996
1.9496769023 -1.6101641628 0.3732577648 593.3194516366 293.8677583561
2.7832056284 2.7310910625 0.6875618561 111.6589549290 141.5353617110
0.7034332180 -0.0654622727 0.4930513506 535.9670654732 203.7850015760
1.9631750106 0.7384015444 -1.1730532119 231.0474752682 440.0168958297
2.7390766891 1.4458832406 -1.4800111153 189.1155080976 392.1738686209
1.6947515968 -1.6709432923 1.9441946478 690.3411419090 78.0144252819
1.3192468384 -0.5366856561 1.1335808896 559.3698146215 117.4034717324
2.3746660379 0.5242174031 1.6523616679 361.9569674421 86.6011424063
1.8809823717 2.0841163296 0.5893151287 72.6364668724 126.9531452995

gimbalangles:
2.8613850517 0.4751733166 -0.3743053568

end: