T_CW:
0.8190576497 -0.5715778206 0.0494303709 -0.0297339907
0.2599302735 0.4465176402 0.8561882094 0.0099724728
-0.5114497233 -0.6884190526 0.5142940681 -0.0004443313
0.0000000000 0.0000000000 0.0000000000 1.0000000000

T_CW_cov:
0.0000006970 0.0000000917 -0.0000000628 -0.0000001868 0.0000016326 -0.0000000593
0.0000000917 0.0000004186 -0.0000000356 -0.0000011274 0.0000001909 0.0000001871
-0.0000000628 -0.0000000356 0.0000002929 0.0000001390 -0.0000002522 -0.0000000085
-0.0000001868 -0.0000011274 0.0000001390 0.0000037619 -0.0000003683 -0.0000003228
0.0000016326 0.0000001909 -0.0000002522 -0.0000003683 0.0000045491 -0.0000000463
-0.0000000593 0.0000001871 -0.0000000085 -0.0000003228 -0.0000000463 0.0000009894

target_points_pix:
-2.6364039434 -2.3323645090 1.6131212919 326.0673063343 218.2701275971
-1.7842749994 0.3589897521 1.3896783254 89.6331975110 396.3521485318
-0.3745088197 -2.7924729661 1.8430836583 481.7729311768 259.2015922914
1.5213801119 -2.2008710222 2.5041141733 685.4588606127 426.8486036349
-0.7937816819 -1.6414176510 0.7071862127 412.7595371747 198.1896744334
1.1463216217 -1.7295446098 1.9332112052 676.7094754542 419.5225860495
0.2808005009 -1.1718645692 1.1250327653 555.4972740805 341.9774082907
-2.7560724588 -1.2194953932 1.9192833866 263.5087819483 268.8631793407
0.0462699197 -0.8578527772 1.6217053210 475.3863199807 417.1253827625
-0.2553136312 -1.9712086642 0.1715341730 513.0624877331 118.2524182130
-0.1550543400 -2.4137450398 0.5014556902 526.3446801855 157.4310602613
-2.6734566750 -2.6265165695 1.2701937931 334.0069583050 191.2347728948
1.5642042617 -2.1943799157 2.0967586103 728.1153065532 406.2316992091
-2.8002920322 -2.7177990940 0.7087254771 326.8722647662 152.1725302323
-2.2493776015 -2.3923425776 1.7472308018 347.7167522035 229.9103498515
-0.4611632066 -1.2374349928 0.2883990725 436.8029648287 158.1653352972
0.1060971975 -1.5869797388 2.1014893325 497.5280002955 368.5710715363
-0.8863209803 -2.2520445289 0.3132015694 436.3685719028 132.3562645729
-2.1289845198 -2.0063977310 0.0907732718 315.4571612027 108.4339189468
0.5802513707 -1.4129348864 1.3211278183 610.5776785619 357.7281010752
-0.1801198384 -0.5479985749 1.3114649932 417.8484602140 417.4416199418
-2.3933415223 -2.8145690041 2.1568703343 359.7695507433 238.4071320590
0.4256399553 -1.6947218047 2.8575435986 518.3622609380 420.7225179494
-1.9416308981 -1.1170647662 2.7064884155 310.2680249717 340.9936888635
-2.5927084704 -2.6493188930 -0.8510426906 314.4911965727 9.9059145180
0.3042496640 -0.7297572688 1.2382640873 546.8975215983 442.0290672853
-0.2146575641 -0.5046357991 1.9549094726 404.9942693971 471.4386580067
-1.8055531173 -2.3431906182 2.2358729284 371.4360193094 266.7452700266
0.7767882982 -2.7501289719 0.1754016661 709.0357439427 107.5421166373
-2.7741509670 -2.0402444891 -0.1757024121 274.0503788794 82.5441552624
-1.6281093659 -0.3303049794 1.0078361132 202.8968707061 285.9308231855
0.3802981729 -1.2987431511 2.1045967176 528.7050756984 420.0899375587
-1.9557092750 -0.1852068968 1.1358403326 167.4341420947 294.9971106816
1.1523788830 -2.1628663225 2.9736070176 604.3547481181 427.6031268569
-0.9402351494 -1.2005288970 2.4392588703 375.8431104251 364.2056726590
-0.3823346286 -2.6004217608 2.8138227545 465.9815268382 321.4224631501
-1.5873220287 -2.6442079861 1.2926729153 393.4298650913 204.3662546370
-0.2089443667 -2.2213772583 2.7520224592 470.7467827928 344.0125380789
-0.1150878283 -1.6216023649 0.6994336735 507.1339345245 216.7996955245
0.0799047365 -1.4043005573 2.5796705873 479.1329487647 412.6337859203
-0.3599161903 -1.9936056061 1.4339193395 468.1828053703 266.1236417021
-0.4663553090 -0.8967115007 0.8784296744 401.7192423026 284.0883624182
-0.9505699837 -1.1068315995 -0.2186933854 335.3608528602 43.9750618376
-1.2364746597 -0.8307857292 2.2308155062 328.1352928514 365.9089434815
0.4971001036 -2.9282306381 1.2764082264 587.0692307830 232.0615168663
-1.8310523068 -0.1889451984 1.5644050636 201.5905605758 341.4974981737
-2.4795398100 0.0634801912 0.4110664761 25.4946262356 196.6415004340
-2.6261878393 -0.7849814902 2.7541684472 258.9439726904 337.4411690972
0.1978387829 -1.7049102467 0.9341318838 555.2268865735 255.0334761491
-1.9262396669 -0.5333356992 0.4900413074 182.6908612902 193.1264800646
-2.3787147104 0.3569107646 2.5683948238 158.3072813770 424.4257517679
-1.0606481474 -2.1885100011 0.3504036302 415.1689215476 137.2917560319
-2.8798376111 -2.4797889453 0.6139716428 310.0452057138 148.5237745526
-1.2099097975 -2.5639048038 2.8155812467 412.3353345621 300.7688953988
-1.7586502624 -2.0947587884 0.1629999156 348.7850028821 115.2384484045
1.5215156292 -2.3620191306 2.0995385183 710.2736837248 383.5767880088
-2.4637418305 -2.7427375996 0.0218696577 338.7575042965 98.5006111126
0.3150226326 -1.7471125294 2.0745693761 528.0206686074 364.0710539314
-0.6810045623 -1.9562404295 2.2617881460 429.4605855065 315.4512518899
-2.0098147786 -2.3425078733 -0.2469870441 341.6101794655 68.8396243914
-0.7461558169 -2.7348513775 1.8641295763 451.3170679630 254.0849208366
-2.2714974815 -1.5754805292 -0.3708202209 257.0261314677 51.1212782080
-2.0168399528 -0.7930379665 1.4646715140 255.2806213060 279.7162288904
0.1833241938 -1.9899009328 0.1044753387 604.8349896052 104.7484144883
-1.3199728770 -0.4454115690 0.6293955931 222.1417007479 240.7276896807
-2.9188407590 -1.3810012220 1.0839570419 248.1932386507 204.2626423606
-1.4161008387 -2.1674853346 0.4832161336 382.6588569950 150.1669567406
-1.5563505293 -2.3259772891 0.0237559221 377.9027201650 97.8994524500
-2.1605879291 -0.8868400575 2.0349525460 270.8641865028 309.0526823796
-1.0231969654 -0.6532888771 1.3941302240 314.2041466699 331.8989397430
0.2999752779 -2.0607219307 2.4452932410 520.1428195552 360.6973218046
-2.6748752440 -2.4932236144 2.6376832354 339.0309921537 264.5077924283
-0.4784341868 -2.0935500770 0.3372802366 477.8797568694 140.6570087092
-2.9458023404 -0.1409691835 0.5459986167 75.2227733688 194.2766034121
-1.3015980204 -0.4775983353 1.9294706893 286.9166647111 374.6171221433
1.0122261489 -2.4413387388 0.6226324034 738.2363831850 193.0121718155
-0.5766055598 -2.9777220371 0.7269098261 485.3427227468 164.3445068245
-0.1488004004 -2.9553414777 1.9345515260 502.5811707760 263.4089496901
-1.2496893304 -1.2176234362 0.9201692519 336.5326830894 230.7035226631
1.1641200600 -2.7568952982 2.8068855712 607.6852449476 370.0361199137
-1.1180691055 -2.3775737935 1.9674464230 413.9937562420 265.0154313854
-0.8810201176 -1.1056814359 1.4752285971 369.6547355526 307.1267939218
1.5116640493 -2.8250780375 1.5329666214 733.0341796805 295.3111043674
-1.6522343275 -1.1665498691 1.5140104995 311.2773392457 275.0764907891
0.9135738970 -2.8353957908 0.3767828953 715.1286885873 139.2883079139
-0.8731389884 -0.7814524095 2.0937015579 352.7071217462 383.7961845164
-1.6404500805 -1.0437677291 1.8670063384 309.4662520618 308.4682682646
-1.7962047277 -1.0397187367 -0.0814019688 236.9297698115 89.0573186421
-2.5730577092 -2.3438354084 1.3885911678 326.8059326115 205.5963678800
0.6812398773 -2.9641218080 2.8611191676 555.7959223647 340.1425010793
-2.4323608169 -2.8139920343 -0.8519714480 335.2584547334 9.2203847334
-0.6234941816 -2.3304749221 2.5405973644 443.9091141181 312.9392896064
-2.5794207443 -2.5586017987 0.5377249120 328.2066813274 143.2112550373
-0.1829379517 -2.5761408041 2.0242684627 491.2307074546 284.8212943327
-2.2583880082 -1.9579383648 0.2674464298 306.9107950984 127.5861657596
-1.1873207592 -1.9520912279 0.6023171523 390.2266328893 169.2855831671
-1.5110241473 -1.3140682982 1.4522052634 331.2714368171 267.2768372344
0.8632843827 -2.1953825049 0.8209358257 695.2665962897 232.9070154872
-0.9075675655 -0.5141792791 2.0537428217 326.5985972713 407.6554324790
0.5875879920 -1.9410979907 2.7733843637 542.4245915702 403.8436881203
-0.7268183569 -2.5035628023 0.7114419446 458.0297234099 172.6994185702

gimbalangles:
2.6008022993 -0.0492475524 -0.9615873402

end: