T_CW:
0.6657144988 -0.6438161307 -0.3772598519 -0.0370675588
0.6246834438 0.7573671976 -0.1901723510 -0.0371168128
0.4081602640 -0.1090674922 0.9063716021 0.0019475115
0.0000000000 0.0000000000 0.0000000000 1.0000000000

T_CW_cov:
0.0000004433 -0.0000000947 0.0000000133 0.0000002043 0.0000009352 -0.0000000287
-0.0000000947 0.0000002896 -0.0000000287 -0.0000007436 -0.0000001879 -0.0000000651
0.0000000133 -0.0000000287 0.0000002115 0.0000001211 0.0000000298 0.0000000079
0.0000002043 -0.0000007436 0.0000001211 0.0000024292 0.0000004008 0.0000001717
0.0000009352 -0.0000001879 0.0000000298 0.0000004008 0.0000024951 0.0000000315
-0.0000000287 -0.0000000651 0.0000000079 0.0000001717 0.0000000315 0.0000005804

target_points_pix:
1.5213801119 -2.2008710222 2.5041141733 487.0560499714 144.4850338079
0.4101131736 0.5362741924 2.2116901022 266.8662612807 262.9474944197
0.3768682695 1.5477426008 2.0531356562 171.2863610982 367.8133317963
1.1463216217 -1.7295446098 1.9332112052 486.3902339425 139.1229443096
0.2808005009 -1.1718645692 1.1250327653 466.8493614758 55.3554843549
0.9121584893 0.1426808612 1.2079831403 378.7874434264 307.8899276711
0.0462699197 -0.8578527772 1.6217053210 365.4854383058 92.0493913055
0.9456625691 1.7601532697 2.9743486518 236.3237552348 350.3103022307
2.6305978994 -2.5336026126 1.4089481569 633.9751641376 186.2210772199
2.5591223247 -0.0443953625 0.5219552533 612.7832459361 466.4615899381
2.2959027539 -0.3651612911 1.0377432566 543.8853134689 356.3101001154
-0.1910322562 1.2311524432 2.2972743069 139.6555749130 283.7613781397
1.5642042617 -2.1943799157 2.0967586103 516.6966916565 142.4337135453
2.3041003494 -2.2990699818 1.7052507894 581.5563868365 180.9814093456
1.9063566704 -1.8720756095 2.8336165515 468.3198249971 185.0776397951
0.8211055262 1.2423480346 2.5425745515 254.6094961620 329.5481661608
2.0176283046 -1.3083910700 2.4854543714 466.2411055982 221.1861949888
0.1060971975 -1.5869797388 2.1014893325 405.3632222991 60.3686746135
0.5802513707 -1.4129348864 1.3211278183 490.7628617597 88.1330356231
-0.1801198384 -0.5479985749 1.3114649932 314.0179123296 72.2715088016
1.0143189639 -0.1834378360 0.2340703772 624.5815217539 393.9348015974
0.2911990845 0.4534318924 1.9094584180 260.3864544771 256.3730795797
0.4256399553 -1.6947218047 2.8575435986 396.3603203365 108.7023698970
0.8344632586 0.7250167015 1.6089183875 297.2562094102 341.8240550122
0.3042496640 -0.7297572688 1.2382640873 405.7803010491 123.9639522048
-0.2146575641 -0.5046357991 1.9549094726 292.7613670767 111.0409420909
-0.8437154314 1.5526174756 2.5041567278 25.7252326279 258.1126204088
-0.4403439149 0.7830369850 1.9775365700 125.4427691818 224.7990034288
0.3802981729 -1.2987431511 2.1045967176 403.9062882399 109.6842005785
2.4273031833 1.9853565523 2.7413508252 321.2461452320 422.1819400092
1.1523788830 -2.1628663225 2.9736070176 446.3981973210 131.1684757137
-0.3089028941 2.6625183818 2.6735419307 18.2972166127 393.4483137818
0.3581181741 0.7410917287 2.9171161179 252.1582853795 256.4883949959
-0.2089443667 -2.2213772583 2.7520224592 394.9182325492 23.4099921470
0.0001974302 0.4256021854 2.6457210473 240.6072180412 216.8127940919
1.3518114199 0.7830964934 2.7510300194 319.9989030256 311.3535335480
0.0799047365 -1.4043005573 2.5796705873 370.0650665424 92.3536972828
1.1871005587 -0.8619068936 2.0176006026 430.5823736816 205.9697479159
2.2863225682 -1.1407866103 2.4543879926 470.4695556143 243.9839018502
2.4841714159 1.4051269004 1.6262681959 385.5410861105 474.5517653661
1.8480999231 1.0615362460 2.2632808650 344.4719762233 373.3616290890
2.0950124471 -0.5055487376 0.8267820771 574.5032261993 345.9796857483
2.4648997918 0.1336515858 2.7860253487 407.4428104352 313.3181298020
0.9146035834 1.0196575720 1.7087156997 278.0876385483 370.7079252405
2.3406080829 1.6524588336 2.3188796262 340.4039954696 427.4523735737
-1.4178930604 0.5616682054 2.3963558138 21.0339767117 89.1036050402
2.2538497045 -0.9608366362 1.2047620648 561.2626809127 286.9422831400
0.0114893594 1.4849654352 2.7194465450 164.7499500876 300.3894612380
2.3780720027 -0.0837965984 2.0767695085 444.3948632020 323.3290745826
2.9680979097 -2.4510036395 1.5364771412 622.4620985188 212.1073293009
2.0821692119 -1.0065134618 0.4658650749 693.6715518343 312.0646997280
1.2103062974 0.1184933070 0.6222756592 481.1056839573 398.4997659033
1.4393502068 -0.3605422360 0.5295601244 583.0782487171 345.9834226660
2.1326369723 1.5933316956 2.3844999725 329.2895913269 412.9056139688
1.5215156292 -2.3620191306 2.0995385183 523.5777746365 128.7135614271
2.8599623337 -1.4393414243 0.8130817700 666.4919896317 298.6524371706
0.5781786926 0.7674459552 2.0919120920 265.5474353544 299.4901237148
0.3612892001 1.9794375196 1.7997934799 104.6159262044 447.2648881431
0.3150226326 -1.7471125294 2.0745693761 431.7753304833 68.1323211952
1.1655134506 1.3593261429 2.2617282296 274.6129082226 370.8284764083
1.5339740108 -0.0088084180 1.0042570867 471.4269504944 353.0432511737
-0.6125680017 0.4219487398 1.6907229199 110.3414647180 157.1333130136
-0.7909341437 1.6858794598 2.4060578815 6.2201521479 280.9513508136
0.8587961988 2.4448778198 2.1427041175 155.2218011986 471.4122670409
0.4245033914 1.0191820396 1.0525622049 183.4133439098 429.6405438725
0.5836029694 -0.4548003720 2.6430373429 343.4042972773 192.5999652902
2.1449007298 0.0322231014 2.5423879487 406.8060166359 304.0485624289
1.2202986687 1.9498949965 2.2978520360 237.7796425269 419.7052668108
0.8815263559 -0.9544215061 1.7466657053 434.9505111438 175.8939991084
1.2961433232 -0.2137759639 0.8682376054 490.3693583944 319.5464347438
-0.5327274467 1.8078641803 2.4510237977 43.5548727419 310.8136345188
0.8867691270 -0.1269636338 2.4130534049 349.4107255904 235.9197627994
2.5432224523 -0.6373923841 0.7409534547 618.1891239275 365.4921734326
0.0615378091 1.2928000387 1.6921680272 125.3132491738 351.6659358612
0.3863538972 0.6004048737 2.4777203984 261.5926454535 259.0345828986
1.7478756708 0.7464948804 2.7115920619 345.6979327034 326.1415136755
1.4063415740 2.6146316096 2.3857624421 209.3786038066 473.0153980296
0.8374901713 1.4854764911 2.1589736941 233.6616206620 375.5866960106
1.5141529547 1.3550904227 1.7856819041 308.5689874890 424.1195724208
-0.0697798789 0.3330106119 2.1652521284 233.4810379159 208.7975823539
-0.8258884787 1.9551499206 2.9404138368 37.4114706521 281.7978203390
1.9507874860 -0.6407648270 1.0479185312 545.4688603549 305.5981718080
1.3270867205 -0.5234995568 1.3446707796 465.2119290355 258.0337159780
0.2999752779 -2.0607219307 2.4452932410 429.1488081187 62.6630918453
0.0760607588 1.1070308493 1.1084568367 80.6385821578 407.8335684642
1.9041661336 -2.7694805772 1.8613690763 577.5338897355 126.2336570405
1.1641200600 -2.7568952982 2.8068855712 480.7603115167 98.9157639096
1.5235769822 -1.1851647188 1.3670204011 524.0652137682 209.8985409321
2.9461481719 2.4968893176 2.7161145307 325.0947124094 466.0119500509
0.5907485963 -0.3012064055 2.8976125351 329.8217819317 202.6890386056
1.5116640493 -2.8250780375 1.5329666214 606.0516455152 80.2526746111
2.8384515790 -2.7845431762 0.8899561949 727.6046278040 181.6852061166
-0.8731389884 -0.7814524095 2.0937015579 241.2157440604 5.7857249658
0.6812398773 -2.9641218080 2.8611191676 469.4350730158 57.6309383303
-0.2705378639 1.4697607094 2.7967741969 138.4079977548 279.7997839097
0.4083008837 1.8891851128 1.7336414602 117.4926612418 447.1949617988
0.8063107787 0.5184446572 1.0431785338 329.9934156933 370.6747305754
1.8439066339 -0.9471699808 1.1522247373 548.8325276251 262.1757625532
1.4488983111 0.6617484764 1.0469220162 393.0304658795 431.9663671124
2.7059739807 -0.7331271193 0.7287971851 631.9916131686 365.8548748782
0.7034332180 -0.0654622727 0.4930513506 468.8151240687 323.8985643992
0.8632843827 -2.1953825049 0.8209358257 671.8246365097 1.4776826346
1.6947515968 -1.6709432923 1.9441946478 506.9649517592 183.1757907845
-0.9075675655 -0.5141792791 2.0537428217 205.8518927970 23.3842152350
0.5875879920 -1.9410979907 2.7733843637 420.6083994565 104.0264779414
1.3192468384 -0.5366856561 1.1335808896 487.6267981351 264.1444145842
2.3746660379 0.5242174031 1.6523616679 433.6857198494 392.5498063757

gimbalangles:
1.3638997968 0.3868410081 -0.8019485766

end: