T_CW:
-0.0890183010 -0.9664082251 0.2411034728 0.2001152162
-0.0011863086 -0.2419614284 -0.9702851436 0.3926432640
0.9960292841 -0.0866591581 0.0203925369 -0.2352410316
0.0000000000 0.0000000000 0.0000000000 1.0000000000

T_CW_cov:
0.0000003305 0.0000000052 -0.0000000113 -0.0000000348 0.0000007053 0.0000000050
0.0000000052 0.0000001952 -0.0000000003 -0.0000005157 0.0000000129 -0.0000000609
-0.0000000113 -0.0000000003 0.0000002169 -0.0000000605 -0.0000000150 0.0000000023
-0.0000000348 -0.0000005157 -0.0000000605 0.0000019200 -0.0000000769 0.0000002604
0.0000007053 0.0000000129 -0.0000000150 -0.0000000769 0.0000020295 0.0000000396
0.0000000050 -0.0000000609 0.0000000023 0.0000002604 0.0000000396 0.0000006508

target_points_pix:
2.8469624497 -1.2706155376 -0.4268351525 471.5485565701 339.2224281632
1.2955616386 -1.4164051859 0.0125195018 674.4674524705 387.8729032705
2.9185907309 1.9178459633 1.8610296438 235.8906644837 60.9500490085
2.6305978994 -2.5336026126 1.4089481569 628.1943613570 206.2830044199
2.5591223247 -0.0443953625 0.5219552533 389.8992699319 228.4096617069
1.8324549851 0.5136414256 0.1050882143 307.5488236034 265.1580361636
2.2959027539 -0.3651612911 1.0377432566 444.0541320558 178.7774782936
2.3041003494 -2.2990699818 1.7052507894 652.1519986877 165.0603111081
2.2457088193 -0.2690198173 -1.2941584072 368.9423897179 446.6008300049
2.0176283046 -1.3083910700 2.4854543714 610.3927225804 27.1112989363
2.2385537561 -1.8200234489 -0.7064504535 555.2462828869 410.7355548551
2.8752574486 -1.5801047162 -0.1999385455 500.0636971986 323.9912074573
1.0143189639 -0.1834378360 0.2340703772 479.6569378741 302.9188647127
1.3939397812 -1.4548252074 -0.2639512733 644.4118841403 429.6510970789
2.6388940522 0.2859068827 0.6616028722 359.9843217376 206.8837474361
1.8436071198 -0.3614789899 -0.5329186283 413.4555715235 387.4888913997
2.6356910408 1.1581813945 0.7110316627 272.1180845462 178.5756368798
2.2974160006 1.1434337072 1.1115312662 272.2741750143 121.5065329901
1.8636994645 0.9851570773 0.8625067980 264.6701142800 133.0980893367
2.9486415274 -2.6758647837 -1.6358413215 553.1081041886 457.9487815927
2.8400527988 2.3293742471 -2.5758741647 73.1533216430 479.6461537348
2.4952987901 1.9204534977 1.3630564139 197.9502828731 79.7443117386
2.5258584135 -2.8592762385 -0.6116947642 624.4040552086 400.4970458083
2.8920798147 2.1378650829 -2.5311623147 101.2661947860 473.3028188507
2.7260240624 2.2495865463 -1.9352716347 86.3359518984 425.1321151298
2.3241395539 -2.8069241618 -0.5895953926 643.4588325232 411.2283333062
2.6278435143 1.8946618219 1.8255796272 222.9082087539 42.2603569020
2.6912848041 -2.1106228893 -0.6993441011 544.4979719519 385.4858664228
2.2863225682 -1.1407866103 2.4543879926 561.9818978364 49.9117974760
1.5889353798 -2.3704226469 0.0978376196 744.3448622871 374.7985655252
2.4841714159 1.4051269004 1.6262681959 264.2598849669 67.3322706260
2.7991553079 -1.1303929253 0.2989914414 476.6105477764 273.8695078372
2.3235776381 -0.6902499417 -1.1799127502 418.0323659628 434.2949008518
2.1983390802 1.3671984969 -1.0802983766 164.9974664974 387.4347749128
2.0950124471 -0.5055487376 0.8267820771 464.1882025105 203.0424846321
1.7824561088 1.2368809704 -0.1031601285 176.1355506484 272.2009642384
2.6588510636 -0.1466194073 -0.3037086062 378.1903371463 311.7471084680
2.2538497045 -0.9608366362 1.2047620648 514.8314323964 177.1865723022
2.3780720027 -0.0837965984 2.0767695085 438.3993431228 61.9079942560
2.9680979097 -2.4510036395 1.5364771412 593.4212488222 198.3273722248
2.8361755367 1.9949440335 -2.4556373968 112.0718961027 473.7202456085
2.0821692119 -1.0065134618 0.4658650749 512.7875732809 261.9539713028
1.2103062974 0.1184933070 0.6222756592 407.1301092524 179.5326532362
0.9923400970 0.5709656991 -0.1292795507 212.8723834833 369.9902840764
2.6984458114 1.3496573022 0.7124865195 254.7209314746 174.6244166747
1.6820117367 -2.6908657484 -0.4410075725 744.9502604579 453.1438804700
1.4393502068 -0.3605422360 0.5295601244 482.1865765459 232.6295383913
2.4819671509 -1.0003026340 -0.6462119426 457.3081755770 371.3094791060
2.4003927181 0.1999549924 -0.1597382894 347.2684148173 295.7950501187
1.6781638844 1.7635796532 -1.0815039641 7.8229261235 433.7697601988
2.8599623337 -1.4393414243 0.8130817700 510.0324418169 235.1496526822
2.8028733044 -1.8940930289 0.2984196099 539.6247717429 289.1927211790
2.2679231297 1.6166728105 1.6066018340 226.7277417938 42.7754117183
1.5339740108 -0.0088084180 1.0042570867 432.7185232108 132.5411354895
2.2683739193 1.5151538458 1.0720505343 222.4596642645 110.7966183952
2.8407462338 2.6756664027 -1.3199547291 69.1446721334 345.4531187060
2.5245239422 -1.9046691708 0.2882304037 561.3827700525 296.0171015652
1.2961433232 -0.2137759639 0.8682376054 486.0330925572 151.0591117134
2.5432224523 -0.6373923841 0.7409534547 453.8508324458 221.0531188523
2.9691898119 0.8306301282 -1.4718533968 262.3565636460 388.8980233319
1.9577623473 1.9570472736 1.2495788176 134.6274572557 40.0131178430
2.3703281476 -2.2094223224 -0.8768088657 576.9540712368 426.3234421234
2.5332886341 0.3624403137 -0.8886724309 311.6291908672 365.6492366989
2.7230803671 2.1668952310 -1.0932890004 119.1309836227 338.5719088817
1.9507874860 -0.6407648270 1.0479185312 497.2253332434 175.7281487128
1.3270867205 -0.5234995568 1.3446707796 565.6997824572 75.3279162114
2.8849499926 1.7528628131 -1.9172862492 156.6442881963 420.1434718818
1.6796342927 -1.3761458959 -0.5238268143 571.7295585824 432.2643993928
2.0330982211 1.2071025275 -0.3551796497 197.5961722775 303.3404474224
1.5235769822 -1.1851647188 1.3670204011 639.2109419026 128.4344456866
2.8384515790 -2.7845431762 0.8899561949 617.3381159276 256.5511985479
2.5609837967 -2.9277062911 -1.0449301538 617.4575889467 439.8424631872
1.7669752855 0.9690625695 -0.5529376649 201.6082256936 356.8968866066
1.8439066339 -0.9471699808 1.1522247373 549.5940258426 169.2061881400
1.4488983111 0.6617484764 1.0469220162 310.3157911241 77.7015549061
2.7059739807 -0.7331271193 0.7287971851 455.5991807878 226.0203108378
2.8833560441 2.6773336796 -0.2468877160 102.8101426119 237.5772134517
1.9496769023 -1.6101641628 0.3732577648 593.5435656367 293.8075203670
2.7832056284 2.7310910625 0.6875618561 111.6810149294 141.6168917600
0.7034332180 -0.0654622727 0.4930513506 535.7937565932 204.0164112170
1.9631750106 0.7384015444 -1.1730532119 231.3495156734 439.4917399907
2.7390766891 1.4458832406 -1.4800111153 189.1204409820 392.4586533971
1.6947515968 -1.6709432923 1.9441946478 690.4268024636 78.3424670212
1.3192468384 -0.5366856561 1.1335808896 559.5275571314 117.7161690285
2.3746660379 0.5242174031 1.6523616679 361.2318507387 86.7822400263
1.8809823717 2.0841163296 0.5893151287 72.2510728553 126.4002170731

gimbalangles:
2.6008022993 -0.0492475524 -0.9615873402

end: