T_CW:
-0.0890042986 -0.9663786502 0.2412271530 0.1999909649
-0.0009111186 -0.2421092458 -0.9702485676 0.3919880866
0.9960308252 -0.0865760798 0.0206682780 -0.2357577006
0.0000000000 0.0000000000 0.0000000000 1.0000000000

T_CW_cov:
0.0000003302 0.0000000052 -0.0000000113 -0.0000000349 0.0000007047 0.0000000046
0.0000000052 0.0000001950 -0.0000000003 -0.0000005151 0.0000000130 -0.0000000609
-0.0000000113 -0.0000000003 0.0000002168 -0.0000000603 -0.0000000150 0.0000000023
-0.0000000349 -0.0000005151 -0.0000000603 0.0000019179 -0.0000000772 0.0000002601
0.0000007047 0.0000000130 -0.0000000150 -0.0000000772 0.0000020276 0.0000000387
0.0000000046 -0.0000000609 0.0000000023 0.0000002601 0.0000000387 0.0000006499

target_points_pix:
2.8469624497 -1.2706155376 -0.4268351525 471.4038019482 338.8499205004
1.2955616386 -1.4164051859 0.0125195018 674.5273696326 387.8100803011
2.9185907309 1.9178459633 1.8610296438 236.1346230609 60.5324452404
2.6305978994 -2.5336026126 1.4089481569 628.3027091473 206.0588239065
2.5591223247 -0.0443953625 0.5219552533 390.0518043455 228.7150465357
1.8324549851 0.5136414256 0.1050882143 307.5324876451 265.3664832995
2.2959027539 -0.3651612911 1.0377432566 443.8347854466 179.0142711567
2.3041003494 -2.2990699818 1.7052507894 652.4217291842 165.0774352064
2.2457088193 -0.2690198173 -1.2941584072 369.2370967489 446.5528975521
2.0176283046 -1.3083910700 2.4854543714 610.6837458517 27.0103405211
2.2385537561 -1.8200234489 -0.7064504535 555.1768434818 411.2185768626
2.8752574486 -1.5801047162 -0.1999385455 499.9839069835 323.8877341180
1.0143189639 -0.1834378360 0.2340703772 479.4860776569 302.7605678661
1.3939397812 -1.4548252074 -0.2639512733 644.8643027942 429.6795657451
2.6388940522 0.2859068827 0.6616028722 359.8602690689 206.7870750204
1.8436071198 -0.3614789899 -0.5329186283 413.7366429977 388.1308862389
2.6356910408 1.1581813945 0.7110316627 271.8795315116 178.6794160725
2.2974160006 1.1434337072 1.1115312662 272.1074897263 121.2480510964
1.8636994645 0.9851570773 0.8625067980 264.8982444252 132.8536048307
2.9486415274 -2.6758647837 -1.6358413215 552.7752044253 458.5307448818
2.8400527988 2.3293742471 -2.5758741647 72.3650931472 479.9041229422
2.4952987901 1.9204534977 1.3630564139 198.0738465890 79.3165881721
2.5258584135 -2.8592762385 -0.6116947642 624.7039090305 400.5084869759
2.8920798147 2.1378650829 -2.5311623147 100.3803150973 473.2639179980
2.7260240624 2.2495865463 -1.9352716347 86.5086427376 425.2764861128
2.3241395539 -2.8069241618 -0.5895953926 643.8366019982 411.6364382828
2.6278435143 1.8946618219 1.8255796272 222.1785318731 41.7558915332
2.6912848041 -2.1106228893 -0.6993441011 544.7192874980 386.0469714856
2.2863225682 -1.1407866103 2.4543879926 562.2264831956 50.1092706095
1.5889353798 -2.3704226469 0.0978376196 744.6063059610 374.4732152933
2.4841714159 1.4051269004 1.6262681959 264.2463377323 68.0129049770
2.7991553079 -1.1303929253 0.2989914414 477.1051072264 273.6418030872
2.3235776381 -0.6902499417 -1.1799127502 418.2049377422 434.1018942613
2.1983390802 1.3671984969 -1.0802983766 164.8636163681 387.0948537564
2.0950124471 -0.5055487376 0.8267820771 464.1081714189 202.7824394454
1.7824561088 1.2368809704 -0.1031601285 176.1392245934 272.2413317496
2.6588510636 -0.1466194073 -0.3037086062 378.4826641000 311.6715028651
2.2538497045 -0.9608366362 1.2047620648 514.3146570921 176.8859005029
2.3780720027 -0.0837965984 2.0767695085 438.4753584603 61.7360655859
2.9680979097 -2.4510036395 1.5364771412 593.7346534993 198.3102002246
2.8361755367 1.9949440335 -2.4556373968 112.2225084237 473.7430418440
2.0821692119 -1.0065134618 0.4658650749 512.4596667467 262.5005280218
1.2103062974 0.1184933070 0.6222756592 407.0431931296 179.7989688823
0.9923400970 0.5709656991 -0.1292795507 212.2584592324 370.0313638385
2.6984458114 1.3496573022 0.7124865195 254.3110134266 175.1191728490
1.6820117367 -2.6908657484 -0.4410075725 745.4138079248 453.0913645419
1.4393502068 -0.3605422360 0.5295601244 482.2550354987 232.4699941327
2.4819671509 -1.0003026340 -0.6462119426 458.1509636675 371.5509520126
2.4003927181 0.1999549924 -0.1597382894 347.5166561489 295.5647727107
1.6781638844 1.7635796532 -1.0815039641 7.9997938717 433.7532197915
2.8599623337 -1.4393414243 0.8130817700 509.2753381604 235.3523213810
2.8028733044 -1.8940930289 0.2984196099 539.8889707226 289.4764214564
2.2679231297 1.6166728105 1.6066018340 226.9920477591 42.4329549174
1.5339740108 -0.0088084180 1.0042570867 433.1339718600 132.4800775761
2.2683739193 1.5151538458 1.0720505343 222.7253134875 111.2077572914
2.8407462338 2.6756664027 -1.3199547291 69.1255321450 345.5680190637
2.5245239422 -1.9046691708 0.2882304037 561.2108860493 295.9327221232
1.2961433232 -0.2137759639 0.8682376054 486.0638434860 150.9946865764
2.5432224523 -0.6373923841 0.7409534547 453.9934597490 221.4258457511
2.9691898119 0.8306301282 -1.4718533968 262.1540121863 388.8137760907
1.9577623473 1.9570472736 1.2495788176 134.4632978978 40.1727037683
2.3703281476 -2.2094223224 -0.8768088657 576.3213493327 425.9586218267
2.5332886341 0.3624403137 -0.8886724309 311.3261121557 365.4281926130
2.7230803671 2.1668952310 -1.0932890004 119.2800669371 338.3344998795
1.9507874860 -0.6407648270 1.0479185312 496.8762412209 175.6690850582
1.3270867205 -0.5234995568 1.3446707796 565.6424402320 75.5164109108
2.8849499926 1.7528628131 -1.9172862492 156.2714359723 420.0156221633
1.6796342927 -1.3761458959 -0.5238268143 571.9954979724 432.0772038958
2.0330982211 1.2071025275 -0.3551796497 197.5749439057 303.6179744705
1.5235769822 -1.1851647188 1.3670204011 638.9573669390 128.6302966196
2.8384515790 -2.7845431762 0.8899561949 616.9703247571 256.0169613920
2.5609837967 -2.9277062911 -1.0449301538 617.4713545128 440.0985658003
1.7669752855 0.9690625695 -0.5529376649 201.4641111123 356.6137950834
1.8439066339 -0.9471699808 1.1522247373 549.2836547503 168.6478491085
1.4488983111 0.6617484764 1.0469220162 310.1470557155 77.7223571220
2.7059739807 -0.7331271193 0.7287971851 455.4563505013 226.1932948133
2.8833560441 2.6773336796 -0.2468877160 102.7301863902 237.6196764179
1.9496769023 -1.6101641628 0.3732577648 593.7362246052 294.0369729075
2.7832056284 2.7310910625 0.6875618561 111.7646870364 141.1050189261
0.7034332180 -0.0654622727 0.4930513506 536.1206785664 203.8892904092
1.9631750106 0.7384015444 -1.1730532119 230.9737728805 439.6032718618
2.7390766891 1.4458832406 -1.4800111153 189.1269003590 392.2072803838
1.6947515968 -1.6709432923 1.9441946478 690.1649146232 78.6338092151
1.3192468384 -0.5366856561 1.1335808896 559.7860856932 117.4448760115
2.3746660379 0.5242174031 1.6523616679 361.4125993318 86.9528402569
1.8809823717 2.0841163296 0.5893151287 72.7073299280 126.4153529220

gimbalangles:
1.1918043265 -0.0309036612 -0.5647988063

end: