T_CW:
0.2523844863 -0.9606906475 0.1156527163 -0.0284844465
-0.8804508244 -0.1784211208 0.4392860679 0.0063821808
-0.4013831297 -0.2126955180 -0.8908715956 -0.0621863527
0.0000000000 0.0000000000 0.0000000000 1.0000000000

T_CW_cov:
0.0000006185 -0.0000000131 -0.0000000075 -0.0000000431 0.0000014669 -0.0000000261
-0.0000000131 0.0000003375 -0.0000000157 -0.0000009881 0.0000000160 0.0000000248
-0.0000000075 -0.0000000157 0.0000002740 0.0000000942 -0.0000000728 -0.0000000020
-0.0000000431 -0.0000009881 0.0000000942 0.0000036607 -0.0000002425 -0.0000000061
0.0000014669 0.0000000160 -0.0000000728 -0.0000002425 0.0000042490 0.0000000305
-0.0000000261 0.0000000248 -0.0000000020 -0.0000000061 0.0000000305 0.0000008269

target_points_pix:
-0.6320758571 -2.9734307655 -0.9551538105 744.4925658768 336.9924269766
-2.4509590965 0.8871749841 -2.1853645049 217.0598062267 334.0088294629
-1.1698605629 -0.0915581141 -1.3700899405 317.2891366747 305.5525569838
-0.4339811544 0.3604827340 -1.2275564470 241.0883732021 193.2132255056
-1.2830020915 -0.7477612956 -2.9741651212 376.5220412221 236.8633655783
0.0134727521 1.9966532696 -2.2999075116 31.8417821695 26.4554115936
-2.5095895023 1.4537282118 -1.9005724212 138.5526848671 355.8646845119
-1.9323731186 -0.3012474738 -0.7481905140 322.8652799458 479.6504808011
-2.1173200533 -2.1447782396 -1.4060294826 504.2975376614 397.7261743334
-1.7590488229 -1.6158880204 -0.8003083999 515.4907886785 451.5748388422
-1.3783621819 0.6183489028 -2.2812195003 250.6311968955 250.4058043621
0.8751195563 -2.7412553167 -2.3497777337 648.3636485109 99.9481006436
-2.7526374896 -2.4282561608 -2.0502608060 473.3926235959 379.8033703180
0.0469361765 -0.1783641195 -2.6535832882 359.5179390230 117.5726784157
-2.6318751097 -0.2406755511 -1.7765257254 313.7353909527 385.3688840086
-2.4349464755 0.7633696205 -1.9950480928 221.4368979309 348.2374198158
-1.5006224968 -2.7756126823 -1.2469839680 603.5572151465 377.1917774881
1.0230141211 -2.0286101404 -1.6936841533 701.9196413232 29.2717959392
-0.3342155314 -1.4791719233 -1.8288346165 507.0791942496 211.1417049322
-1.4003785247 -0.3736922668 -0.7233151088 354.2489448300 435.0652745677
-0.8431574331 -1.9395949874 -1.4799140705 550.4686292830 293.2386649926
-2.6437567343 -2.7994983705 -2.3091975591 489.4519807722 360.0847292153
-1.2333229781 0.8026401249 -0.6833503019 44.5202145293 419.8046329958
-0.2118470871 -0.0163581002 -1.5873625828 333.2638506646 155.3865408897
-1.9646052403 -2.0029863434 -1.3242917964 504.5795733124 396.3658292072
-0.1823780494 -0.8635400208 -2.5844140384 419.4053923940 160.4059816510
-1.2292746160 0.8858709981 -2.9739817686 246.9398063629 208.5998730347
-0.7482836631 -2.2901477881 -2.3809329031 520.4776323004 241.9673671428
-0.5278049365 -2.9772354716 -1.6874461611 640.1145295009 267.6268441634
-1.8905943680 -2.4627044847 -2.4214448040 487.9389496676 314.6340844704
-1.5747020397 0.3647896395 -2.1186734669 271.3198113764 279.9634298445
0.8262230982 -2.7700330224 -2.2296368352 661.6869767726 105.8591343977
-2.9933007186 -2.9934415882 -2.4369486571 486.2812027707 368.7406352775
1.0749470139 -2.7742481684 -2.6710858845 628.9878122662 81.1981233048
-2.5954390840 0.9615306910 -1.9993108423 201.4863452680 357.2233008590
-0.5276153481 -2.5064104042 -2.0030443754 573.0740247486 243.2382065422
0.2277862557 -0.3340403307 -2.6300424523 380.5449461945 101.6363218812
0.7112279187 -0.6943231092 -2.1725083750 454.1813130757 37.3542113864
-0.1425061998 -1.1158049670 -0.6788600397 643.7546567038 249.1033874687
-0.9856763569 -0.5848182569 -0.8305814883 413.5439607721 363.2457506472
0.0588398480 0.1345663759 -1.9919443238 320.9903522159 101.9698967561
-2.3495685473 0.3594685558 -2.9255488728 282.8492413554 291.3419122334
-1.2272046121 -1.5636394124 -2.1282380772 459.0204611601 278.7089568078
-2.1679331945 -2.2497089087 -2.4883330897 465.2752542621 323.8975141957
-1.2502089736 -0.4633432231 -1.6307261334 364.5786764396 297.0548705446
-1.7725763211 0.1321032521 -2.5127218453 299.8053147973 276.6899002850
-1.0103194588 -0.8321822294 -2.8083801352 390.7537598004 224.4235552844
-0.3638610292 -0.9546125156 -1.7797905765 451.4691971996 202.9853882691
0.3303057821 0.2394415897 -2.7978580808 321.5650878565 72.6405710914
-2.8070000852 2.1028983329 -1.6509945629 34.0233836665 399.1388660045
-2.9469886051 -0.0556582209 -2.3291306646 300.8689705491 358.8341193164
-2.2906387154 -1.9032725139 -2.9466558645 430.1608161614 306.4293160980
0.0126243685 -2.0694425955 -2.4142551407 536.8398448989 172.9966325859
-0.3936100835 -1.1881348723 -1.5631378304 490.8302418137 222.6392721601
-2.0786952816 -1.2439389284 -2.8570242590 396.0680092332 293.8543430164
0.0746601060 0.5852067123 -2.6719971241 276.8475341156 89.7607428477
-1.9296688539 -1.8920561824 -1.4908164832 487.3222296918 376.7449366514
-1.8553364985 -2.2370036957 -1.3848175939 526.3313664208 384.0085119281
-1.1895189559 -0.0584733151 -0.8465864265 299.4641618374 381.0144161398
-2.1610756819 -2.5467967732 -1.5818627512 523.4933537681 386.1250780638
-1.0310568987 0.1681308091 -1.9239170579 295.2559330896 244.5749560538
0.4923176364 -2.9486591499 -2.4580393176 625.2583090093 146.6635001475
-0.7896994598 -0.6712832293 -1.4482634684 410.6188403050 265.8259052850
0.1761868050 -2.0212782925 -1.2051419420 696.3336598049 183.6240692633
-2.0809982885 -2.3007220402 -1.1211365928 538.2748947051 427.5635581884
-1.7593186310 0.6483982310 -1.4034331411 202.3146084275 353.2984577462
-0.3139309819 -0.3902845608 -2.9588867546 368.5470047644 157.3307603448
-1.2283828643 -2.6822559147 -2.2808022666 532.7951975930 284.2364514331
-2.4005462004 -1.4231052476 -1.7722446267 421.3321262127 378.1377740964
-1.0519031372 -0.6309223896 -1.1260086692 404.6926658076 328.3186748502
0.0229598532 -2.2709885252 -1.3699846470 671.7684035440 208.1987529648
-2.5222100225 -0.7635231769 -2.4214857334 359.7915200382 335.8014197298
-1.1789359356 0.5890362018 -2.6866246034 266.9095227580 217.4559152441
-2.3709911216 0.7873857488 -1.7873182151 209.0646707121 361.8002450134
-2.1351115329 0.3711751050 -2.8548084772 282.2418577631 281.3707404482
-1.5993342926 1.4370656586 -2.3495525503 162.6505865743 252.7242275981
-1.6020343444 1.0108264512 -2.1461077954 199.6253108750 271.1095705189
0.1346661905 -1.4032030397 -2.7868114016 468.8603997197 141.2258053156
-0.4791536927 2.3891232452 -2.6389828612 38.2932771732 97.9998792704
-1.7376268140 2.4434120148 -2.6251467566 67.9559180302 234.1733165200
0.6772129729 -1.3872812868 -2.0826048477 539.8443329159 72.0271454325
-1.4994475505 -0.9512953885 -2.1558872977 398.6478107531 289.9190559112
0.5091662389 -1.5917825661 -1.9651756083 561.1056930379 103.9504134698
-1.9858815282 -1.4791766923 -1.1752089238 462.4192805119 412.4273223244
-0.2655979503 -2.6868276852 -2.0208468826 600.7662101764 222.7627933127
-2.2862629253 -0.2226837426 -1.4929258470 314.1136045288 391.3708751512
-2.7921738827 1.8243530301 -1.3223706776 29.9240314708 443.3557832111
0.6331406616 -0.7213015916 -1.7853225676 480.2613065586 35.3208287338

gimbalangles:
-2.0292055446 -0.1160175601 -0.2570383114

end: