T_CW:
-0.0889071322 -0.9664203770 0.2410957835 0.1994176433
-0.0012786879 -0.2419433963 -0.9702895227 0.3929225852
0.9960390990 -0.0865739451 0.0202747435 -0.2356202015
0.0000000000 0.0000000000 0.0000000000 1.0000000000

T_CW_cov:
0.0000003454 0.0000000171 -0.0000000104 -0.0000000600 0.0000007330 0.0000000161
0.0000000171 0.0000002044 -0.0000000002 -0.0000005346 0.0000000353 -0.0000000522
-0.0000000104 -0.0000000002 0.0000002243 -0.0000000662 -0.0000000166 0.0000000016
-0.0000000600 -0.0000005346 -0.0000000662 0.0000019621 -0.0000001223 0.0000002423
0.0000007330 0.0000000353 -0.0000000166 -0.0000001223 0.0000020819 0.0000000609
0.0000000161 -0.0000000522 0.0000000016 0.0000002423 0.0000000609 0.0000006582

target_points_pix:
2.8469624497 -1.2706155376 -0.4268351525 471.2877308884 339.2149358287
1.2955616386 -1.4164051859 0.0125195018 674.5471317929 387.8826416930
2.9185907309 1.9178459633 1.8610296438 235.9512142562 60.8804285205
2.6305978994 -2.5336026126 1.4089481569 628.4330117405 206.2565248250
2.5591223247 -0.0443953625 0.5219552533 389.8595355351 228.5811580590
1.8324549851 0.5136414256 0.1050882143 307.5290905190 265.1687227884
2.2959027539 -0.3651612911 1.0377432566 443.8066106782 178.7433318078
2.3041003494 -2.2990699818 1.7052507894 652.1020352882 165.1350134049
2.2457088193 -0.2690198173 -1.2941584072 369.0657522510 446.3972145217
2.0176283046 -1.3083910700 2.4854543714 610.4140201265 27.0278354577
2.2385537561 -1.8200234489 -0.7064504535 555.2450213097 411.5404829454
2.8752574486 -1.5801047162 -0.1999385455 499.9904932736 324.0302914536
1.0143189639 -0.1834378360 0.2340703772 479.2914634842 303.3556267937
1.3939397812 -1.4548252074 -0.2639512733 644.3538559767 429.2331907640
2.6388940522 0.2859068827 0.6616028722 359.8279736410 206.6590724597
1.8436071198 -0.3614789899 -0.5329186283 413.6782906138 387.6767073427
2.6356910408 1.1581813945 0.7110316627 272.0404349090 178.6103250112
2.2974160006 1.1434337072 1.1115312662 272.0952043851 121.5883228626
1.8636994645 0.9851570773 0.8625067980 264.5365373770 133.0820207386
2.9486415274 -2.6758647837 -1.6358413215 552.9044568510 458.4588104448
2.4952987901 1.9204534977 1.3630564139 197.3906547700 79.4752853553
2.5258584135 -2.8592762385 -0.6116947642 624.3883140461 400.6773416350
2.8920798147 2.1378650829 -2.5311623147 100.8392605125 473.4312545431
2.7260240624 2.2495865463 -1.9352716347 86.3483128128 425.0784802613
2.3241395539 -2.8069241618 -0.5895953926 644.1912576849 411.4826544972
2.6278435143 1.8946618219 1.8255796272 222.6204428755 41.8573300661
2.6912848041 -2.1106228893 -0.6993441011 545.0277321711 385.6387091728
2.2863225682 -1.1407866103 2.4543879926 562.2103005856 50.2425258627
1.5889353798 -2.3704226469 0.0978376196 744.0705987636 374.8375801528
2.4841714159 1.4051269004 1.6262681959 264.3245292977 67.5276871182
2.7991553079 -1.1303929253 0.2989914414 477.0772429574 273.2331710454
2.3235776381 -0.6902499417 -1.1799127502 417.8364634815 434.3994062267
2.1983390802 1.3671984969 -1.0802983766 165.0135767729 387.3207840214
2.0950124471 -0.5055487376 0.8267820771 464.1013370880 202.9365291448
1.7824561088 1.2368809704 -0.1031601285 175.9126222338 272.1520044584
2.6588510636 -0.1466194073 -0.3037086062 378.3962359535 311.8110850044
2.2538497045 -0.9608366362 1.2047620648 514.4164013388 177.1938335955
2.3780720027 -0.0837965984 2.0767695085 438.0912375647 61.7647862314
2.9680979097 -2.4510036395 1.5364771412 593.5633009237 198.1688542548
2.8361755367 1.9949440335 -2.4556373968 112.2887282789 473.5021036766
2.0821692119 -1.0065134618 0.4658650749 512.9960187906 262.4711264845
1.2103062974 0.1184933070 0.6222756592 406.8979250074 179.6858737577
0.9923400970 0.5709656991 -0.1292795507 212.5347241287 370.2303433806
2.6984458114 1.3496573022 0.7124865195 254.7377328057 175.0076953874
1.6820117367 -2.6908657484 -0.4410075725 745.5038342817 453.1822830649
1.4393502068 -0.3605422360 0.5295601244 482.1742459293 232.4030581590
2.4819671509 -1.0003026340 -0.6462119426 457.6624479515 371.2473938048
2.4003927181 0.1999549924 -0.1597382894 347.6685607005 295.8097625318
1.6781638844 1.7635796532 -1.0815039641 7.9132323412 433.8712518928
2.8599623337 -1.4393414243 0.8130817700 509.5811945136 235.1323510955
2.8028733044 -1.8940930289 0.2984196099 539.6681391512 289.1383885122
2.2679231297 1.6166728105 1.6066018340 226.7609998933 42.7180751217
1.5339740108 -0.0088084180 1.0042570867 432.8707012676 132.7944876928
2.2683739193 1.5151538458 1.0720505343 222.5383621634 110.7442095839
2.8407462338 2.6756664027 -1.3199547291 68.7275085728 345.6327884805
2.5245239422 -1.9046691708 0.2882304037 561.3536991962 295.6869812693
1.2961433232 -0.2137759639 0.8682376054 486.4068621532 150.8356657543
2.5432224523 -0.6373923841 0.7409534547 453.8844774838 221.3550307952
2.9691898119 0.8306301282 -1.4718533968 262.4131073830 388.5291443007
1.9577623473 1.9570472736 1.2495788176 134.2121936104 39.7255555363
2.3703281476 -2.2094223224 -0.8768088657 576.3579732352 426.1411329284
2.5332886341 0.3624403137 -0.8886724309 311.2370495163 365.3933367809
2.7230803671 2.1668952310 -1.0932890004 119.1655153909 338.6079435247
1.9507874860 -0.6407648270 1.0479185312 496.8976583920 175.7386609498
1.3270867205 -0.5234995568 1.3446707796 565.2199792045 75.0753288573
2.8849499926 1.7528628131 -1.9172862492 156.6835166136 419.7333727001
1.6796342927 -1.3761458959 -0.5238268143 571.5069663033 432.3646731633
2.0330982211 1.2071025275 -0.3551796497 197.4505621368 303.4272280316
1.5235769822 -1.1851647188 1.3670204011 638.6273974029 128.3276503747
2.8384515790 -2.7845431762 0.8899561949 617.1778988733 256.5912705884
2.5609837967 -2.9277062911 -1.0449301538 616.9460035497 440.0744678137
1.7669752855 0.9690625695 -0.5529376649 201.6146149700 357.1642441396
1.8439066339 -0.9471699808 1.1522247373 549.3861212998 168.8913330987
1.4488983111 0.6617484764 1.0469220162 309.5988930689 77.5494427004
2.7059739807 -0.7331271193 0.7287971851 455.6904263918 226.1010218174
2.8833560441 2.6773336796 -0.2468877160 103.1349166582 237.3678862182
1.9496769023 -1.6101641628 0.3732577648 593.5122862287 294.4824700431
2.7832056284 2.7310910625 0.6875618561 111.9624989074 141.6692181446
0.7034332180 -0.0654622727 0.4930513506 535.8942538383 204.1069694746
1.9631750106 0.7384015444 -1.1730532119 231.3957135068 439.2529407003
2.7390766891 1.4458832406 -1.4800111153 189.5222801288 392.1736587417
1.6947515968 -1.6709432923 1.9441946478 690.2791165143 78.3194638403
1.3192468384 -0.5366856561 1.1335808896 559.8934925576 117.4187990678
2.3746660379 0.5242174031 1.6523616679 361.6373017733 86.6708694272
1.8809823717 2.0841163296 0.5893151287 72.1451570450 126.7912600883

gimbalangles:
0.6816391957 0.4063810758 -0.3048250676

end: