T_CW:
-0.0890235863 -0.9664577076 0.2409030936 0.2001293314
-0.0012764382 -0.2417525103 -0.9703371035 0.3930294015
0.9960287003 -0.0866903867 0.0202880519 -0.2353047060
0.0000000000 0.0000000000 0.0000000000 1.0000000000

T_CW_cov:
0.0000003456 0.0000000170 -0.0000000104 -0.0000000600 0.0000007335 0.0000000161
0.0000000170 0.0000002045 -0.0000000002 -0.0000005350 0.0000000353 -0.0000000523
-0.0000000104 -0.0000000002 0.0000002244 -0.0000000662 -0.0000000165 0.0000000016
-0.0000000600 -0.0000005350 -0.0000000662 0.0000019638 -0.0000001223 0.0000002429
0.0000007335 0.0000000353 -0.0000000165 -0.0000001223 0.0000020835 0.0000000610
0.0000000161 -0.0000000523 0.0000000016 0.0000002429 0.0000000610 0.0000006587

target_points_pix:
2.8469624497 -1.2706155376 -0.4268351525 471.1784148396 338.8711229021
1.2955616386 -1.4164051859 0.0125195018 674.2772737093 387.4642655388
2.9185907309 1.9178459633 1.8610296438 236.0485783211 60.8061186791
2.6305978994 -2.5336026126 1.4089481569 628.3079265097 205.8930219732
2.5591223247 -0.0443953625 0.5219552533 389.8179486799 228.4103503107
1.8324549851 0.5136414256 0.1050882143 307.5118371318 265.3366825524
2.2959027539 -0.3651612911 1.0377432566 444.1498888495 179.0559381249
2.3041003494 -2.2990699818 1.7052507894 652.0953749522 164.8329531102
2.2457088193 -0.2690198173 -1.2941584072 369.3010379366 446.6989780058
2.0176283046 -1.3083910700 2.4854543714 610.5119567367 26.8306120832
2.2385537561 -1.8200234489 -0.7064504535 554.7081943402 411.1725108149
2.8752574486 -1.5801047162 -0.1999385455 499.9785154102 324.0857474916
1.0143189639 -0.1834378360 0.2340703772 479.6170225598 302.7835564766
1.3939397812 -1.4548252074 -0.2639512733 644.4719074390 429.2913063450
2.6388940522 0.2859068827 0.6616028722 359.7198164490 206.8776723177
1.8436071198 -0.3614789899 -0.5329186283 413.4841182379 387.8137237526
2.6356910408 1.1581813945 0.7110316627 272.1367753615 178.5383061938
2.2974160006 1.1434337072 1.1115312662 272.5865641317 121.5126218500
1.8636994645 0.9851570773 0.8625067980 265.0058801306 132.6579703124
2.9486415274 -2.6758647837 -1.6358413215 552.5896001761 458.4430395642
2.4952987901 1.9204534977 1.3630564139 197.5547033917 79.5495552326
2.5258584135 -2.8592762385 -0.6116947642 624.6203310935 400.5379424261
2.8920798147 2.1378650829 -2.5311623147 100.5772792206 473.2162746224
2.7260240624 2.2495865463 -1.9352716347 85.9296967000 425.2533142795
2.3241395539 -2.8069241618 -0.5895953926 643.4091040618 411.0874399061
2.6278435143 1.8946618219 1.8255796272 222.5164621622 41.9765624349
2.6912848041 -2.1106228893 -0.6993441011 544.6511413386 385.8938452941
2.2863225682 -1.1407866103 2.4543879926 561.6807800116 50.0188797973
1.5889353798 -2.3704226469 0.0978376196 744.5939101638 374.6490191210
2.4841714159 1.4051269004 1.6262681959 264.1360877973 67.8359938932
2.7991553079 -1.1303929253 0.2989914414 476.8187256339 273.4537387514
2.3235776381 -0.6902499417 -1.1799127502 417.8349260945 433.8601082707
2.1983390802 1.3671984969 -1.0802983766 164.6069242625 387.3127401198
2.0950124471 -0.5055487376 0.8267820771 463.7961666907 202.7465568252
1.7824561088 1.2368809704 -0.1031601285 176.1930808699 272.1432830322
2.6588510636 -0.1466194073 -0.3037086062 378.2116156727 311.5549683630
2.2538497045 -0.9608366362 1.2047620648 514.7856640100 177.1032457437
2.3780720027 -0.0837965984 2.0767695085 438.4058321347 62.1446348788
2.9680979097 -2.4510036395 1.5364771412 593.6565826605 197.7538867175
2.8361755367 1.9949440335 -2.4556373968 112.2471347169 473.7305520425
2.0821692119 -1.0065134618 0.4658650749 512.9489248527 262.3955122038
1.2103062974 0.1184933070 0.6222756592 407.0524239617 179.7981608924
0.9923400970 0.5709656991 -0.1292795507 212.6023922501 370.5628317637
2.6984458114 1.3496573022 0.7124865195 254.6795925076 174.7417009624
1.6820117367 -2.6908657484 -0.4410075725 745.1676788170 453.0544789336
1.4393502068 -0.3605422360 0.5295601244 482.1758788523 232.3002980467
2.4819671509 -1.0003026340 -0.6462119426 457.7383261118 371.2492517087
2.4003927181 0.1999549924 -0.1597382894 347.3653564733 295.7733987305
1.6781638844 1.7635796532 -1.0815039641 8.6748436012 433.8925407544
2.8599623337 -1.4393414243 0.8130817700 510.2783172592 234.8275663374
2.8028733044 -1.8940930289 0.2984196099 540.0977491596 288.9382820574
2.2679231297 1.6166728105 1.6066018340 226.6894238865 42.6389078073
1.5339740108 -0.0088084180 1.0042570867 432.8954199271 132.9378811523
2.2683739193 1.5151538458 1.0720505343 222.6338616874 111.1311512759
2.8407462338 2.6756664027 -1.3199547291 69.2866276768 345.4164652442
2.5245239422 -1.9046691708 0.2882304037 561.4931831904 295.7074731306
1.2961433232 -0.2137759639 0.8682376054 486.0322737665 151.0916236323
2.5432224523 -0.6373923841 0.7409534547 453.8129280310 221.8035713668
2.9691898119 0.8306301282 -1.4718533968 262.7663661240 388.9429430049
1.9577623473 1.9570472736 1.2495788176 134.2428726730 40.1439090841
2.3703281476 -2.2094223224 -0.8768088657 576.7621203068 426.2779670403
2.5332886341 0.3624403137 -0.8886724309 311.7553619262 365.4161356099
2.7230803671 2.1668952310 -1.0932890004 118.9201487894 338.2593565672
1.9507874860 -0.6407648270 1.0479185312 497.1871625742 175.7091165051
1.3270867205 -0.5234995568 1.3446707796 565.7500103365 75.4501606983
2.8849499926 1.7528628131 -1.9172862492 156.6695270887 419.7743031675
1.6796342927 -1.3761458959 -0.5238268143 571.3403945618 432.3051084004
2.0330982211 1.2071025275 -0.3551796497 197.8000334890 303.8599514024
1.5235769822 -1.1851647188 1.3670204011 638.8557477441 128.5965746962
2.8384515790 -2.7845431762 0.8899561949 617.1926092905 256.1814703989
2.5609837967 -2.9277062911 -1.0449301538 617.3924413698 440.2074587330
1.7669752855 0.9690625695 -0.5529376649 201.4541175154 356.7423257286
1.8439066339 -0.9471699808 1.1522247373 549.6316730906 168.5271722410
1.4488983111 0.6617484764 1.0469220162 309.9405456238 77.8223796125
2.7059739807 -0.7331271193 0.7287971851 455.9192164808 226.2313743687
2.8833560441 2.6773336796 -0.2468877160 102.9858141701 238.0563711074
1.9496769023 -1.6101641628 0.3732577648 593.5190257444 294.2956626326
2.7832056284 2.7310910625 0.6875618561 111.6527684446 141.8313831017
0.7034332180 -0.0654622727 0.4930513506 535.9753464927 204.1198792170
1.9631750106 0.7384015444 -1.1730532119 231.3812062489 440.0537438736
2.7390766891 1.4458832406 -1.4800111153 189.1075460807 392.4426866129
1.6947515968 -1.6709432923 1.9441946478 690.3743148114 78.3528045507
1.3192468384 -0.5366856561 1.1335808896 559.7116772942 117.7487024083
2.3746660379 0.5242174031 1.6523616679 361.2251091196 86.6083320203
1.8809823717 2.0841163296 0.5893151287 72.4068046438 126.6096813712

gimbalangles:
-2.0292055446 -0.1160175601 -0.2570383114

end: