T_CW:
-0.0889030623 -0.9664310079 0.2410546672 0.1997314012
-0.0011519096 -0.2419130492 -0.9702972481 0.3924638371
0.9960396170 -0.0865400699 0.0203935697 -0.2356769036
0.0000000000 0.0000000000 0.0000000000 1.0000000000

T_CW_cov:
0.0000003454 0.0000000171 -0.0000000104 -0.0000000601 0.0000007331 0.0000000159
0.0000000171 0.0000002043 -0.0000000002 -0.0000005346 0.0000000354 -0.0000000521
-0.0000000104 -0.0000000002 0.0000002243 -0.0000000661 -0.0000000166 0.0000000017
-0.0000000601 -0.0000005346 -0.0000000661 0.0000019622 -0.0000001225 0.0000002424
0.0000007331 0.0000000354 -0.0000000166 -0.0000001225 0.0000020821 0.0000000603
0.0000000159 -0.0000000521 0.0000000017 0.0000002424 0.0000000603 0.0000006580

target_points_pix:
2.8469624497 -1.2706155376 -0.4268351525 470.9745231789 338.9806278218
1.2955616386 -1.4164051859 0.0125195018 674.3473548755 388.0943110216
2.9185907309 1.9178459633 1.8610296438 235.8452728302 60.8989756619
2.6305978994 -2.5336026126 1.4089481569 628.1714623854 206.2932019558
2.5591223247 -0.0443953625 0.5219552533 389.9193744015 228.6035362876
1.8324549851 0.5136414256 0.1050882143 307.2441040057 265.3302605487
2.2959027539 -0.3651612911 1.0377432566 444.4082372149 178.8488504965
2.3041003494 -2.2990699818 1.7052507894 652.7465542083 164.9405246234
2.2457088193 -0.2690198173 -1.2941584072 369.1027938200 446.7526450319
2.0176283046 -1.3083910700 2.4854543714 610.3042950957 26.6585322329
2.2385537561 -1.8200234489 -0.7064504535 555.2655662611 411.0413663915
2.8752574486 -1.5801047162 -0.1999385455 500.1548072328 324.0170027212
1.0143189639 -0.1834378360 0.2340703772 479.6382704859 302.6398320033
1.3939397812 -1.4548252074 -0.2639512733 644.3221330789 429.0502921336
2.6388940522 0.2859068827 0.6616028722 360.0347800766 206.8311406784
1.8436071198 -0.3614789899 -0.5329186283 413.6723990605 388.2764956269
2.6356910408 1.1581813945 0.7110316627 272.0362186395 178.3895409643
2.2974160006 1.1434337072 1.1115312662 272.2366979684 121.1905546040
1.8636994645 0.9851570773 0.8625067980 264.7144360793 132.7781191476
2.9486415274 -2.6758647837 -1.6358413215 552.9441792553 458.0210628182
2.4952987901 1.9204534977 1.3630564139 197.7712502519 79.6944910339
2.5258584135 -2.8592762385 -0.6116947642 624.3213348096 400.7304911103
2.8920798147 2.1378650829 -2.5311623147 100.6891533849 473.4554997036
2.7260240624 2.2495865463 -1.9352716347 86.3161844264 425.0279997806
2.3241395539 -2.8069241618 -0.5895953926 643.8473788663 411.6689397883
2.6278435143 1.8946618219 1.8255796272 222.3955831932 42.0052943908
2.6912848041 -2.1106228893 -0.6993441011 544.6634164202 385.6133924717
2.2863225682 -1.1407866103 2.4543879926 561.8856671939 50.1065705883
1.5889353798 -2.3704226469 0.0978376196 744.8441711177 374.4368455758
2.4841714159 1.4051269004 1.6262681959 264.4771350081 67.9876828627
2.7991553079 -1.1303929253 0.2989914414 476.3902078745 273.7105457145
2.3235776381 -0.6902499417 -1.1799127502 418.0866501098 434.6677800320
2.1983390802 1.3671984969 -1.0802983766 165.1206250829 387.3272033360
2.0950124471 -0.5055487376 0.8267820771 463.8237952581 202.7353101830
1.7824561088 1.2368809704 -0.1031601285 175.6011782317 272.0456400719
2.6588510636 -0.1466194073 -0.3037086062 378.4067165177 311.5377167991
2.2538497045 -0.9608366362 1.2047620648 514.5484707920 177.2007138645
2.3780720027 -0.0837965984 2.0767695085 438.6286073735 61.7425434563
2.9680979097 -2.4510036395 1.5364771412 593.6063542272 197.8511063700
2.8361755367 1.9949440335 -2.4556373968 112.2083337468 473.3971154778
2.0821692119 -1.0065134618 0.4658650749 512.7617055402 262.1494190788
1.2103062974 0.1184933070 0.6222756592 406.9807276696 179.5191396854
0.9923400970 0.5709656991 -0.1292795507 212.3857938497 370.2079491326
2.6984458114 1.3496573022 0.7124865195 253.9751429172 174.9041410407
1.6820117367 -2.6908657484 -0.4410075725 745.2190777865 452.9697030568
1.4393502068 -0.3605422360 0.5295601244 482.0558929669 232.7557494826
2.4819671509 -1.0003026340 -0.6462119426 458.1046914568 371.3472600013
2.4003927181 0.1999549924 -0.1597382894 347.5074833660 295.8197311241
1.6781638844 1.7635796532 -1.0815039641 8.1697291955 433.8116996995
2.8599623337 -1.4393414243 0.8130817700 509.9067791543 235.1900385169
2.8028733044 -1.8940930289 0.2984196099 539.7543588854 289.0442148898
2.2679231297 1.6166728105 1.6066018340 226.8495296574 42.5504672439
1.5339740108 -0.0088084180 1.0042570867 433.0283966892 132.6091862697
2.2683739193 1.5151538458 1.0720505343 222.5839049474 110.9839373119
2.8407462338 2.6756664027 -1.3199547291 69.1991876123 345.5112050875
2.5245239422 -1.9046691708 0.2882304037 561.0584514327 296.1185879364
1.2961433232 -0.2137759639 0.8682376054 486.2462307262 151.1789034241
2.5432224523 -0.6373923841 0.7409534547 453.7646702113 221.3867708398
2.9691898119 0.8306301282 -1.4718533968 262.3703318458 388.8980204898
1.9577623473 1.9570472736 1.2495788176 134.4777111496 39.9002038684
2.3703281476 -2.2094223224 -0.8768088657 576.4964404827 426.3896588816
2.5332886341 0.3624403137 -0.8886724309 311.6496671720 365.8649449273
2.7230803671 2.1668952310 -1.0932890004 119.3193291047 338.1904382918
1.9507874860 -0.6407648270 1.0479185312 497.2083654731 175.6593111786
1.3270867205 -0.5234995568 1.3446707796 565.9106663352 75.3350988318
2.8849499926 1.7528628131 -1.9172862492 156.6061452365 420.0558774802
1.6796342927 -1.3761458959 -0.5238268143 571.7391722305 432.1819481673
2.0330982211 1.2071025275 -0.3551796497 197.2182815259 303.5919514016
1.5235769822 -1.1851647188 1.3670204011 638.6759575693 128.4420100594
2.8384515790 -2.7845431762 0.8899561949 617.3871151791 256.6971674521
2.5609837967 -2.9277062911 -1.0449301538 617.6752633548 440.0125884073
1.7669752855 0.9690625695 -0.5529376649 201.3907040174 356.6113661453
1.8439066339 -0.9471699808 1.1522247373 549.6100341967 168.9348938521
1.4488983111 0.6617484764 1.0469220162 310.3966027741 77.4502571481
2.7059739807 -0.7331271193 0.7287971851 455.3781854754 225.9977166780
2.8833560441 2.6773336796 -0.2468877160 102.9306914784 238.0196152481
1.9496769023 -1.6101641628 0.3732577648 593.2558762016 293.9718142931
2.7832056284 2.7310910625 0.6875618561 111.6939822055 141.2979996522
0.7034332180 -0.0654622727 0.4930513506 536.0666403106 203.9790361561
1.9631750106 0.7384015444 -1.1730532119 231.3341291910 439.4523715412
2.7390766891 1.4458832406 -1.4800111153 189.2720095615 392.1716113648
1.6947515968 -1.6709432923 1.9441946478 690.3655009943 77.8904860179
1.3192468384 -0.5366856561 1.1335808896 559.3977959737 117.5906344554
2.3746660379 0.5242174031 1.6523616679 361.8331123087 86.1777463160
1.8809823717 2.0841163296 0.5893151287 72.6876522231 126.8899503212

gimbalangles:
0.6140807046 0.2941614117 0.2766920515

end: