T_CW:
-0.4192037219 -0.8927799620 0.1649611441 -0.0270184133
-0.8671528531 0.3399106635 -0.3640146565 -0.0261176582
0.2689129392 -0.2956428256 -0.9166685065 -0.0722975248
0.0000000000 0.0000000000 0.0000000000 1.0000000000

T_CW_cov:
0.0000005175 0.0000000478 0.0000000154 -0.0000001302 0.0000012665 0.0000000480
0.0000000478 0.0000003520 0.0000000035 -0.0000011356 0.0000001034 -0.0000001128
0.0000000154 0.0000000035 0.0000002223 -0.0000000454 0.0000000584 0.0000000021
-0.0000001302 -0.0000011356 -0.0000000454 0.0000043808 -0.0000002745 0.0000003131
0.0000012665 0.0000001034 0.0000000584 -0.0000002745 0.0000038117 0.0000000759
0.0000000480 -0.0000001128 0.0000000021 0.0000003131 0.0000000759 0.0000007810

target_points_pix:
1.4904409015 -0.8576028127 -2.6357354281 349.3428932542 186.7857937569
2.4414387687 -2.5855806867 -2.6140916131 428.4439414918 105.7859954329
0.7583609253 0.4677505926 -2.4511855211 249.1676340902 279.1096773745
1.6304909208 -0.4683184133 -1.9111117291 310.1423094240 143.0151806896
-1.2830020915 -0.7477612956 -2.9741651212 441.4743153494 422.4590653235
1.5085798632 -1.1919996516 -1.7278603287 388.0357318534 121.3091218642
1.5390997624 -1.5424577392 -2.4175742588 399.6670107812 158.6587925451
2.6638076555 -1.1338153697 -2.9948707751 334.6891245487 133.7040312031
0.8751195563 -2.7412553167 -2.3497777337 503.6736462154 172.9448231022
0.4760255981 1.6652719494 -2.0074300235 23.1018142503 387.2614916135
0.0469361765 -0.1783641195 -2.6535832882 343.0550428405 323.2200404109
1.5905470624 0.5227412081 -2.2990225691 213.8557795926 198.7099201760
2.2457088193 -0.2690198173 -1.2941584072 248.5331697284 25.3018504662
1.0230141211 -2.0286101404 -1.6936841533 485.9637488575 138.3419707613
-0.3342155314 -1.4791719233 -1.8288346165 515.7473731194 292.7585820048
2.2027673226 1.2739145926 -2.7746600208 145.8762562457 194.8381271100
1.7022931842 0.6034113149 -2.4383688156 208.7556208206 198.9420828478
2.2838413789 1.2710353105 -2.0665887182 86.6492819416 142.9207622718
-0.8431574331 -1.9395949874 -1.4799140705 643.7195631313 326.0749864519
2.7511059297 -2.1694872227 -1.9673213969 408.5735509138 50.6200735708
1.3605142988 1.3279683397 -2.8167563008 156.3071978160 266.3805203936
2.9486415274 -2.6758647837 -1.6358413215 443.6834500290 6.5697150128
2.4920592820 -2.8352242968 -2.0271598657 457.8158502793 62.0180671512
-0.2118470871 -0.0163581002 -1.5873625828 341.2598033697 372.3071996724
-0.1823780494 -0.8635400208 -2.5844140384 413.5285573699 315.0392061005
-0.7482836631 -2.2901477881 -2.3809329031 556.5841566376 305.8971588795
2.8920798147 2.1378650829 -2.5311623147 15.0649392142 150.3050235413
2.6442776321 -1.9549028644 -2.2435606455 393.2838677945 79.6782576263
2.1800794479 -1.0439377960 -1.9029706145 345.0178157727 91.0328432220
-0.5278049365 -2.9772354716 -1.6874461611 656.7187432285 243.1995134656
-1.8905943680 -2.4627044847 -2.4214448040 637.1875372470 408.5236165161
2.4497479841 -1.5512437600 -2.3657692494 370.9913257499 102.8046577521
1.4521663042 -0.5399965625 -1.6630885379 323.3393998408 135.2136064673
0.8262230982 -2.7700330224 -2.2296368352 514.2588720535 169.2592127052
2.9170283047 -1.1525861895 -2.5332101054 329.3174616414 94.7143893926
0.6597325242 -2.7190445851 -1.4226758844 581.5616087156 129.7731219968
1.0749470139 -2.7742481684 -2.6710858845 483.3399582614 174.9910675099
2.8541328387 -2.2616395508 -2.4159725580 401.9115902939 77.9732830401
2.2425741823 -1.7173131963 -2.8670343424 381.3627454028 139.8879280000
1.6075514943 0.3175726274 -1.9505948349 221.4234692713 168.7387845463
-0.5276153481 -2.5064104042 -2.0030443754 590.4092459006 271.2749677454
0.2277862557 -0.3340403307 -2.6300424523 350.6512654351 299.4470530496
0.7112279187 -0.6943231092 -2.1725083750 368.8728858533 230.3545406805
1.1504892931 -0.6627365524 -2.0403880364 348.3824969183 186.3840739269
1.2383180701 1.3099832525 -2.0678546936 93.9949784549 252.9417636820
1.3716637695 0.8792669647 -1.3574988410 71.2328157254 159.6065026961
-0.1425061998 -1.1158049670 -0.6788600397 638.8753522432 229.7054460297
1.9648604716 -1.5172012612 -1.6765924910 397.7322614946 77.6562505761
2.8361755367 1.9949440335 -2.4556373968 25.4641164622 145.7133974060
0.5258951825 -1.9250366668 -0.8884842334 596.2296348329 104.2669305031
0.7575916053 0.2523891601 -1.0951950878 204.1160743733 194.3340572358
0.0588398480 0.1345663759 -1.9919443238 304.9557048086 336.5121969822
-1.2272046121 -1.5636394124 -2.1282380772 559.4261290542 393.3347883603
1.4570043822 2.3114412965 -2.8657043889 35.8124851961 297.4039902002
2.7544963644 -1.4088225197 -2.8622308738 349.7642430438 118.8399310891
1.4697371940 1.7050643911 -2.6910499524 99.1984923016 267.0577542041
2.9010377035 -2.0761523624 -2.9764524155 382.7317654803 110.3412959306
2.4690198210 -0.8218292901 -1.7671497527 313.9437059685 61.9450581021
1.1375885433 -0.0063029323 -2.6361798873 290.1303273743 234.6660618914
-2.1679331945 -2.2497089087 -2.4883330897 637.2777641322 450.1643932016
0.6126184509 -1.9652231620 -0.7123293042 622.1535585743 63.6814356909
1.5108970396 -1.3615313295 -2.9687420888 379.7792463267 189.2379470850
2.0870307964 0.3507490887 -2.2443769366 218.1815462695 150.4116301721
-1.0103194588 -0.8321822294 -2.8083801352 441.3489558993 394.7354069260
-0.3638610292 -0.9546125156 -1.7797905765 470.3814795611 324.6909809294
0.5171586540 -2.8836435482 -0.8402935305 688.8175036304 75.1118581631
0.8583509219 1.9819683117 -2.4177920373 29.9715889667 345.4668772184
0.3303057821 0.2394415897 -2.7978580808 293.9557435670 315.3510997853
0.9955118727 -0.6900885001 -2.2663970244 355.3468972683 210.0519956354
-2.2906387154 -1.9032725139 -2.9466558645 576.4426542964 463.7939389113
0.0126243685 -2.0694425955 -2.4142551407 500.1077972395 251.7547333609
2.8049534027 1.7549510628 -2.7261348255 82.6516442224 160.2246813691
2.9691898119 0.8306301282 -1.4718533968 77.2428300676 4.0502667437
2.0562877052 -2.9757796727 -2.6627237828 460.0177913452 121.5318297715
-0.3936100835 -1.1881348723 -1.5631378304 517.1137233077 311.9614949612
1.4706806190 -0.4806013601 -2.0637464314 318.4101914008 166.3602783607
0.0746601060 0.5852067123 -2.6719971241 264.0993844674 356.8516910079
2.4239824816 0.7568461512 -2.0444246221 152.3584598343 117.1357846931
0.7293110861 -2.4662675618 -1.2961584207 571.5226309030 117.8051445973
0.4923176364 -2.9486591499 -2.4580393176 526.8559751711 196.9213783719
-0.7896994598 -0.6712832293 -1.4482634684 504.7494259472 426.2120078553
0.1761868050 -2.0212782925 -1.2051419420 592.0749799454 178.0527732860
1.7836301664 2.3017608285 -2.5962998189 1.3820948212 257.0616365807
0.9252734353 -2.1199048929 -1.1736164176 540.3811494891 95.2601546477
1.7040403951 -1.8849249930 -2.4309656511 416.5363011560 143.4057801353
-0.3139309819 -0.3902845608 -2.9588867546 372.1021389895 347.6403308202
-1.2283828643 -2.6822559147 -2.2808022666 619.6069800165 332.8000813456
0.0229598532 -2.2709885252 -1.3699846470 604.7504240645 198.1470535848
0.6570472120 0.4945068807 -1.4712885553 192.6690970611 259.4347218306
1.4842521203 -2.9178812129 -1.7333624324 521.0042592357 94.2124484715
1.5773005481 0.8563350408 -2.8473658583 203.8291593551 233.3861512186
2.3311839498 -0.9539271198 -2.8889311096 331.3332826271 148.0483305216
0.1346661905 -1.4032030397 -2.7868114016 433.5468440894 272.3944199951
0.4773538111 1.3095008612 -1.5680206608 13.1847551506 365.4081364350
1.9631750106 0.7384015444 -1.1730532119 61.5965099449 46.0963658097
1.1137504699 -0.3175425869 -1.4064089642 308.8295515578 151.1299657177
2.9181215669 -0.3698662499 -2.9485027558 278.6235236673 129.2688173664
0.6772129729 -1.3872812868 -2.0826048477 433.3765846012 206.9314851379
-1.4994475505 -0.9512953885 -2.1558872977 524.3212690544 475.3772984962
0.5091662389 -1.5917825661 -1.9651756083 464.3543785797 209.1231782806
2.7857291322 0.2667104279 -2.9126554396 233.7622828950 144.0313520437
-0.2655979503 -2.6868276852 -2.0208468826 583.3573984746 242.3360662560
0.6331406616 -0.7213015916 -1.7853225676 382.5549742042 218.4620386569

gimbalangles:
-1.1929040242 -0.1657537127 0.4391673150

end: