T_CW:
-0.0888970911 -0.9664088090 0.2411458504 0.1998088562
-0.0012647527 -0.2419946694 -0.9702767545 0.3927093096
0.9960400131 -0.0865597709 0.0202903541 -0.2355169153
0.0000000000 0.0000000000 0.0000000000 1.0000000000

T_CW_cov:
0.0000003455 0.0000000171 -0.0000000104 -0.0000000601 0.0000007333 0.0000000161
0.0000000171 0.0000002044 -0.0000000002 -0.0000005348 0.0000000354 -0.0000000521
-0.0000000104 -0.0000000002 0.0000002243 -0.0000000662 -0.0000000167 0.0000000016
-0.0000000601 -0.0000005348 -0.0000000662 0.0000019629 -0.0000001225 0.0000002425
0.0000007333 0.0000000354 -0.0000000167 -0.0000001225 0.0000020826 0.0000000607
0.0000000161 -0.0000000521 0.0000000016 0.0000002425 0.0000000607 0.0000006583

target_points_pix:
2.8469624497 -1.2706155376 -0.4268351525 471.0934134375 339.2637466357
1.2955616386 -1.4164051859 0.0125195018 674.1541885242 387.6835351447
2.9185907309 1.9178459633 1.8610296438 236.0180149882 60.9096520667
2.6305978994 -2.5336026126 1.4089481569 628.4319855846 206.2297680402
2.5591223247 -0.0443953625 0.5219552533 389.5792638311 228.7245126707
1.8324549851 0.5136414256 0.1050882143 307.5723826484 265.6471956050
2.2959027539 -0.3651612911 1.0377432566 444.2618932984 178.7754902515
2.3041003494 -2.2990699818 1.7052507894 652.7026506900 164.7174082439
2.2457088193 -0.2690198173 -1.2941584072 368.9285511350 446.6562713253
2.0176283046 -1.3083910700 2.4854543714 610.2549325100 27.1751262743
2.2385537561 -1.8200234489 -0.7064504535 555.4945733585 411.2464248549
2.8752574486 -1.5801047162 -0.1999385455 500.3365392579 324.3568234290
1.0143189639 -0.1834378360 0.2340703772 479.7346746199 302.8428071069
1.3939397812 -1.4548252074 -0.2639512733 645.0183072068 429.1323847556
2.6388940522 0.2859068827 0.6616028722 360.0180573713 206.9006574809
1.8436071198 -0.3614789899 -0.5329186283 413.4157159867 388.1528217916
2.6356910408 1.1581813945 0.7110316627 272.6441420333 178.7345305007
2.2974160006 1.1434337072 1.1115312662 272.1079162600 122.0775907637
1.8636994645 0.9851570773 0.8625067980 264.6826226444 132.8994460388
2.9486415274 -2.6758647837 -1.6358413215 552.8257858089 458.0287400053
2.4952987901 1.9204534977 1.3630564139 197.6601206191 79.2690056592
2.5258584135 -2.8592762385 -0.6116947642 624.3536500976 400.4378422394
2.8920798147 2.1378650829 -2.5311623147 100.8453396949 473.0159780617
2.7260240624 2.2495865463 -1.9352716347 86.6256225240 425.0845197148
2.3241395539 -2.8069241618 -0.5895953926 643.2971721418 411.6654176624
2.6278435143 1.8946618219 1.8255796272 222.2569601590 42.1630699902
2.6912848041 -2.1106228893 -0.6993441011 544.9407878819 385.7170171774
2.2863225682 -1.1407866103 2.4543879926 562.0034942761 50.4763120537
1.5889353798 -2.3704226469 0.0978376196 744.2849989254 374.8644502952
2.4841714159 1.4051269004 1.6262681959 264.3448940343 67.6145942911
2.7991553079 -1.1303929253 0.2989914414 476.8787728429 273.2361624177
2.3235776381 -0.6902499417 -1.1799127502 418.0868368035 434.1367702353
2.1983390802 1.3671984969 -1.0802983766 164.6060778842 386.9723419031
2.0950124471 -0.5055487376 0.8267820771 464.3382678584 202.9326554071
1.7824561088 1.2368809704 -0.1031601285 175.7379075418 271.7771948292
2.6588510636 -0.1466194073 -0.3037086062 378.3003951673 311.5324416110
2.2538497045 -0.9608366362 1.2047620648 514.1015165952 177.0185712932
2.3780720027 -0.0837965984 2.0767695085 438.4627985258 61.7017774430
2.9680979097 -2.4510036395 1.5364771412 593.5925292655 198.0037411429
2.8361755367 1.9949440335 -2.4556373968 112.2276194532 473.5669145322
2.0821692119 -1.0065134618 0.4658650749 512.5356574070 262.6330594670
1.2103062974 0.1184933070 0.6222756592 407.0546096957 179.5666383522
0.9923400970 0.5709656991 -0.1292795507 212.5743568703 370.2165295761
2.6984458114 1.3496573022 0.7124865195 254.5496510089 174.8882273944
1.6820117367 -2.6908657484 -0.4410075725 745.3667197789 452.9194680875
1.4393502068 -0.3605422360 0.5295601244 481.9275452397 232.6816883063
2.4819671509 -1.0003026340 -0.6462119426 457.8549748226 371.2484669333
2.4003927181 0.1999549924 -0.1597382894 347.5421561830 295.7593207985
1.6781638844 1.7635796532 -1.0815039641 8.2392463622 434.1959558736
2.8599623337 -1.4393414243 0.8130817700 509.6616833708 234.7915072891
2.8028733044 -1.8940930289 0.2984196099 539.9192534970 288.8151333894
2.2679231297 1.6166728105 1.6066018340 226.9094696529 42.3487773431
1.5339740108 -0.0088084180 1.0042570867 433.2726418419 132.4153387706
2.2683739193 1.5151538458 1.0720505343 222.4148073776 110.9811651662
2.8407462338 2.6756664027 -1.3199547291 68.9627783527 345.1156987348
2.5245239422 -1.9046691708 0.2882304037 561.6792457485 295.6465403422
1.2961433232 -0.2137759639 0.8682376054 486.3265681893 150.8786054013
2.5432224523 -0.6373923841 0.7409534547 453.4996101833 221.6735802632
2.9691898119 0.8306301282 -1.4718533968 262.5046326645 389.2185283918
1.9577623473 1.9570472736 1.2495788176 134.3539118832 39.8123385377
2.3703281476 -2.2094223224 -0.8768088657 576.5025590778 426.4252276714
2.5332886341 0.3624403137 -0.8886724309 311.6620046385 365.7057751758
2.7230803671 2.1668952310 -1.0932890004 119.2520221963 338.4612792300
1.9507874860 -0.6407648270 1.0479185312 496.9491603103 175.3698740315
1.3270867205 -0.5234995568 1.3446707796 565.4748625133 75.2989891189
2.8849499926 1.7528628131 -1.9172862492 156.9658126191 419.9422949108
1.6796342927 -1.3761458959 -0.5238268143 571.5393870276 432.4010291760
2.0330982211 1.2071025275 -0.3551796497 197.7609114592 303.3273936143
1.5235769822 -1.1851647188 1.3670204011 639.4317285941 128.5146705856
2.8384515790 -2.7845431762 0.8899561949 617.4807574253 256.5352315887
2.5609837967 -2.9277062911 -1.0449301538 617.4209158716 440.1885293020
1.7669752855 0.9690625695 -0.5529376649 201.2247007253 356.8721472506
1.8439066339 -0.9471699808 1.1522247373 549.7311851864 169.2078312470
1.4488983111 0.6617484764 1.0469220162 310.2080399973 77.7042943972
2.7059739807 -0.7331271193 0.7287971851 455.6367162527 226.1209175111
2.8833560441 2.6773336796 -0.2468877160 102.7585003531 237.4163066130
1.9496769023 -1.6101641628 0.3732577648 593.5301226039 293.9916969866
2.7832056284 2.7310910625 0.6875618561 111.7913923375 141.1526202546
0.7034332180 -0.0654622727 0.4930513506 535.7037856133 203.8598555160
1.9631750106 0.7384015444 -1.1730532119 231.8894001870 439.5922488640
2.7390766891 1.4458832406 -1.4800111153 189.4386128847 391.9071041344
1.6947515968 -1.6709432923 1.9441946478 690.3630031820 78.0864401517
1.3192468384 -0.5366856561 1.1335808896 559.5515805344 117.9297715879
2.3746660379 0.5242174031 1.6523616679 362.0359491435 86.5318458205
1.8809823717 2.0841163296 0.5893151287 72.3295239721 126.3795440551

gimbalangles:
0.8490930457 -0.1841063417 0.6374138560

end: