T_CW:
0.9518351390 -0.2099639757 -0.2234390233 -0.0339165607
-0.2378064393 -0.0455415216 -0.9702443338 -0.0565615401
0.1935406046 0.9766478888 -0.0932788060 -0.0434277626
0.0000000000 0.0000000000 0.0000000000 1.0000000000

T_CW_cov:
0.0000003359 0.0000000022 0.0000000004 0.0000000101 0.0000007358 -0.0000000753
0.0000000022 0.0000001941 0.0000000029 -0.0000005370 -0.0000000093 -0.0000000230
0.0000000004 0.0000000029 0.0000001933 0.0000000176 -0.0000000388 0.0000000015
0.0000000101 -0.0000005370 0.0000000176 0.0000020683 0.0000000555 0.0000001345
0.0000007358 -0.0000000093 -0.0000000388 0.0000000555 0.0000021894 -0.0000001647
-0.0000000753 -0.0000000230 0.0000000015 0.0000001345 -0.0000001647 0.0000005927

target_points_pix:
-2.8243573618 2.6628569762 -1.5907718359 47.5030748114 467.6608742515
0.1742910257 2.9893768659 1.8724033039 294.4061382966 58.1960711281
-1.8989089335 2.7021134331 -0.4054152166 127.4403008134 310.4857275381
0.4525511890 1.4771543701 -0.3709931605 402.0461481673 260.2444222134
-1.4021994661 2.7108304751 0.3961482093 161.8278130209 214.9925327922
0.0134727521 1.9966532696 -2.2999075116 383.9348283455 476.3215214414
0.0713589459 2.8688959608 -0.9051086491 344.2973303214 296.2362204819
-0.3054732399 1.1553874900 0.2017032538 227.9770268520 183.6985745484
0.8179732118 2.2948193458 -0.2082891874 406.6876639973 223.5287833538
-1.4132040819 1.7390647207 -0.1303300090 77.7173303469 296.0383302580
0.4760255981 1.6652719494 -2.0074300235 442.3316082355 460.5821016975
0.4157939103 1.1830938811 0.6503161745 368.5381874827 60.2695356569
-0.0197024909 1.9179607289 -0.7375181316 338.2562800502 312.7766485373
-0.8454043785 2.6955158446 1.3401100284 196.0481756453 105.1987388869
1.6912700364 2.9152958030 2.0943006760 416.0880429808 23.2710768844
-2.1987197781 2.6869103662 1.2249913925 23.9302352821 139.8726747062
2.1243149059 2.5165360083 -1.1599424087 516.9295839170 276.6698930855
2.2838413789 1.2710353105 -2.0665887182 683.5376471378 417.3810015534
-2.7312989435 2.6530594031 -1.3942433270 51.0912381139 444.4247623851
-2.6333375856 2.5260876036 -0.4714651478 8.8091734163 351.9800403321
-1.8036662741 2.9213890742 0.4185609520 129.9383340879 222.8767695166
2.6356910408 1.1581813945 0.7110316627 702.6386893760 14.3493829040
0.8606978522 2.4381202060 -0.8605197644 419.2230080163 282.9927999132
2.8400527988 2.3293742471 -2.5758741647 596.1033060139 372.5325172240
0.6837708879 1.9678359559 0.5759732938 384.5603316779 132.5544510778
2.4952987901 1.9204534977 1.3630564139 555.6023714721 12.0232913759
1.9598271384 2.0807628825 -1.8172077782 547.0979445235 348.7524294792
0.3223913466 0.6572687096 0.3411312926 397.8112465225 49.6259167182
1.2977747122 2.7046068227 -2.0603174099 461.6800164330 359.7948540276
2.8920798147 2.1378650829 -2.5311623147 616.9288605345 377.0453082653
-0.8911796826 2.9815497203 -1.4877817901 274.9759752487 364.3156036244
2.7260240624 2.2495865463 -1.9352716347 588.4571294761 330.0725332691
1.1135292309 2.9590436052 0.6041369903 397.3421786260 155.9970393557
-0.8537239679 1.5280305348 1.0098617859 91.9556932519 56.0797068506
0.6336242524 1.1783842050 -1.0552852102 476.6038488093 378.6804672218
2.3667225286 2.8706255632 -2.1373102295 523.4297400704 333.4390953729
0.2585293654 0.5934473492 -0.5108773483 452.1666600653 373.3951850468
2.1983390802 1.3671984969 -1.0802983766 643.3295875218 293.6320899439
1.0168380356 1.8187565862 1.2681363448 411.2036838500 24.2285568962
1.7824561088 1.2368809704 -0.1031601285 602.5777444416 169.7998531288
1.2383180701 1.3099832525 -2.0678546936 568.6185531497 471.0222006147
0.7871674616 2.0424983208 0.2012990387 403.2040713912 177.7057147819
1.3716637695 0.8792669647 -1.3574988410 654.1351569008 418.5567736494
0.9719223617 1.9689701437 -1.5625638722 465.6522649361 364.2161029148
-0.2121167416 1.7897788713 0.8297268490 253.6818339639 103.5303518444
2.8361755367 1.9949440335 -2.4556373968 627.1414678021 380.1775514332
0.9923400970 0.5709656991 -0.1292795507 651.3144642037 174.3457884152
2.6984458114 1.3496573022 0.7124865195 667.7761544796 36.8031175013
0.8962104592 2.8887750237 0.0742970148 391.3791522837 200.7810949833
1.4570043822 2.3114412965 -2.8657043889 507.2228183747 438.0997535856
-1.3300249498 2.5741901058 1.1257362683 135.4966913471 130.4337409595
1.6781638844 1.7635796532 -1.0815039641 540.0193242160 298.5825056404
-1.1012706995 2.9606741992 0.3197833124 210.2174444701 217.5366853021
1.4697371940 1.7050643911 -2.6910499524 555.8447190268 477.7793117825
1.4997362677 2.2552284310 -1.7042058754 496.1399986369 344.5739698946
-1.2276053261 2.6819769802 0.8135725963 167.0886718487 167.3507617598
1.9711161295 2.5320500174 -0.8647562015 501.1158891439 256.6598514122
0.6325419191 2.6208530677 -2.3930825352 422.0538628828 408.3920360202
2.2683739193 1.5151538458 1.0720505343 588.4800583304 7.5911980677
2.8407462338 2.6756664027 -1.3199547291 554.7324108695 271.5671823484
-1.6435711194 1.7206815262 -0.2385074952 31.5145541831 327.4407921112
0.8583509219 1.9819683117 -2.4177920373 471.2714959350 450.5932934792
-2.7642033712 2.8377397974 0.0312227722 14.1100648620 288.3369431349
-0.7126786561 1.9834577945 -1.0618160856 259.3324685677 376.9077965163
1.9193600062 2.7960739311 -1.6739447817 493.7511758142 313.4552083473
2.8049534027 1.7549510628 -2.7261348255 657.0042282899 419.8932218799
1.9577623473 1.9570472736 1.2495788176 504.7248623740 32.4865984740
-1.0407025969 1.8511915990 0.7612577383 118.4690466285 137.3561242263
-2.1579012616 2.6158550684 1.2160301151 19.7796016445 136.8797398935
2.7230803671 2.1668952310 -1.0932890004 585.2508592892 262.5740951350
-1.6965573658 2.2500304313 -1.4300462053 152.8553725849 440.6829203893
-0.0667491202 2.8893935758 -1.8135267343 350.5246834987 370.6518538575
2.8849499926 1.7528628131 -1.9172862492 653.9134284698 343.8393015027
1.1468270981 2.4561268263 -0.9711199181 444.5259349140 285.0259548214
1.8638170845 2.7136824619 0.0667283887 469.7040785981 183.0352108537
1.7836301664 2.3017608285 -2.5962998189 528.0902133702 406.6439879715
2.0330982211 1.2071025275 -0.3551796497 642.7586623772 200.8634778063
1.1730569531 1.2704948479 -1.1105960248 543.4759469618 347.5098212503
0.7279847276 1.9901461379 -1.3627605785 436.3791098264 351.2334080207
1.7827388544 2.9902355627 2.0898483581 421.0971084257 28.3924034370
0.9641042651 2.6882373571 1.1690572800 380.6250138050 99.4606093238
0.7664780110 2.9653914697 -0.1033146028 383.1134226156 217.7084302732
1.7669752855 0.9690625695 -0.5529376649 667.8678964982 242.7710745155
1.1060195470 2.4830620612 0.3854567192 414.3424948302 163.7417832693
2.8833560441 2.6773336796 -0.2468877160 544.0041152938 191.7042984124
2.7832056284 2.7310910625 0.6875618561 522.6544151881 121.7626954049
0.4773538111 1.3095008612 -1.5680206608 456.7066185246 451.6551616953
2.7390766891 1.4458832406 -1.4800111153 684.0474907887 318.4383755220
-1.4239071394 1.7163547221 -0.1251398761 71.2833272137 297.1591488639
1.8142779780 2.3081898863 -0.8022692629 502.3432241736 256.3993624578
-1.0390669904 2.4980477584 1.6226163434 149.2596959763 62.2937515744
-0.1459639570 2.6501550755 1.2960006555 272.3534160046 98.2980314078
0.1815827826 2.0076210646 -1.8337579884 389.6489236957 420.9090538696
1.8809823717 2.0841163296 0.5893151287 500.1821815283 116.8183890805
0.5522005358 2.0961738439 -1.3378655295 413.0628084658 349.0910856982

gimbalangles:
-0.0959372978 0.2253866558 -1.3537881975

end: