T_CW:
-0.0891186342 -0.9663920298 0.2411313206 0.2005178829
-0.0013361055 -0.2419784015 -0.9702807161 0.3931499105
0.9960201222 -0.0867922691 0.0202735829 -0.2353207446
0.0000000000 0.0000000000 0.0000000000 1.0000000000

T_CW_cov:
0.0000003304 0.0000000052 -0.0000000113 -0.0000000348 0.0000007050 0.0000000053
0.0000000052 0.0000001952 -0.0000000003 -0.0000005156 0.0000000129 -0.0000000611
-0.0000000113 -0.0000000003 0.0000002169 -0.0000000606 -0.0000000149 0.0000000023
-0.0000000348 -0.0000005156 -0.0000000606 0.0000019196 -0.0000000769 0.0000002608
0.0000007050 0.0000000129 -0.0000000149 -0.0000000769 0.0000020285 0.0000000403
0.0000000053 -0.0000000611 0.0000000023 0.0000002608 0.0000000403 0.0000006507

target_points_pix:
2.8469624497 -1.2706155376 -0.4268351525 471.3031165900 338.7854252918
1.2955616386 -1.4164051859 0.0125195018 674.3162395167 388.0356052026
2.9185907309 1.9178459633 1.8610296438 235.8465141318 60.8503671015
2.6305978994 -2.5336026126 1.4089481569 628.1827823527 205.9813270741
2.5591223247 -0.0443953625 0.5219552533 390.1753950766 228.8052104545
1.8324549851 0.5136414256 0.1050882143 307.2891785494 265.5793516244
2.2959027539 -0.3651612911 1.0377432566 444.0497443647 178.8113231968
2.3041003494 -2.2990699818 1.7052507894 652.2432781256 165.2234238052
2.2457088193 -0.2690198173 -1.2941584072 369.0865278393 446.9355430187
2.0176283046 -1.3083910700 2.4854543714 610.2548575036 26.9978141698
2.2385537561 -1.8200234489 -0.7064504535 555.0843780655 410.8447460560
2.8752574486 -1.5801047162 -0.1999385455 499.8667366115 324.2028157030
1.0143189639 -0.1834378360 0.2340703772 480.0409609252 303.4834099883
1.3939397812 -1.4548252074 -0.2639512733 644.4417784572 429.4254970516
2.6388940522 0.2859068827 0.6616028722 359.7024493383 206.9598951425
1.8436071198 -0.3614789899 -0.5329186283 413.3936100404 388.1252494374
2.6356910408 1.1581813945 0.7110316627 272.3733940327 179.0317321862
2.2974160006 1.1434337072 1.1115312662 272.2801785654 121.2849736889
1.8636994645 0.9851570773 0.8625067980 264.8671190799 132.9361097566
2.9486415274 -2.6758647837 -1.6358413215 552.9495813122 458.1059323473
2.8400527988 2.3293742471 -2.5758741647 72.7427779577 479.9796406818
2.4952987901 1.9204534977 1.3630564139 197.6968246485 79.6637728093
2.5258584135 -2.8592762385 -0.6116947642 624.5570221556 400.5753383367
2.8920798147 2.1378650829 -2.5311623147 100.5076080766 473.1773740511
2.7260240624 2.2495865463 -1.9352716347 86.3059388618 424.9889006831
2.3241395539 -2.8069241618 -0.5895953926 643.6415994237 411.3973168051
2.6278435143 1.8946618219 1.8255796272 222.5095498979 42.1096708210
2.6912848041 -2.1106228893 -0.6993441011 545.4100457736 385.5174905600
2.2863225682 -1.1407866103 2.4543879926 562.0559453146 50.2736677909
1.5889353798 -2.3704226469 0.0978376196 744.7039631919 374.7917943913
2.4841714159 1.4051269004 1.6262681959 264.0789004460 67.6764989979
2.7991553079 -1.1303929253 0.2989914414 476.8008535872 273.4828471025
2.3235776381 -0.6902499417 -1.1799127502 418.1807836035 434.1749230425
2.1983390802 1.3671984969 -1.0802983766 164.8146704968 387.0144459715
2.0950124471 -0.5055487376 0.8267820771 463.8881378252 202.8139467245
1.7824561088 1.2368809704 -0.1031601285 175.8931823121 271.6382895772
2.6588510636 -0.1466194073 -0.3037086062 378.8550861027 311.8991261750
2.2538497045 -0.9608366362 1.2047620648 514.5563559346 177.1840701026
2.3780720027 -0.0837965984 2.0767695085 438.4990216222 61.5201257497
2.9680979097 -2.4510036395 1.5364771412 593.3961908992 198.1205883619
2.8361755367 1.9949440335 -2.4556373968 112.1596120145 473.3943214513
2.0821692119 -1.0065134618 0.4658650749 513.2880847844 262.0478554500
1.2103062974 0.1184933070 0.6222756592 407.1913794779 179.7669016708
0.9923400970 0.5709656991 -0.1292795507 212.9114017359 370.2463477909
2.6984458114 1.3496573022 0.7124865195 254.5028354312 175.1333845725
1.6820117367 -2.6908657484 -0.4410075725 744.7099433150 453.0921240841
1.4393502068 -0.3605422360 0.5295601244 481.8280713489 232.4124837820
2.4819671509 -1.0003026340 -0.6462119426 457.8278399683 371.5141073794
2.4003927181 0.1999549924 -0.1597382894 347.2051061721 295.5411868708
1.6781638844 1.7635796532 -1.0815039641 8.1206988272 434.0422235278
2.8599623337 -1.4393414243 0.8130817700 510.0817260123 235.0215795377
2.8028733044 -1.8940930289 0.2984196099 540.1686386241 288.8738657246
2.2679231297 1.6166728105 1.6066018340 226.7461740142 42.5909691504
1.5339740108 -0.0088084180 1.0042570867 433.3647543666 132.6363826395
2.2683739193 1.5151538458 1.0720505343 222.8048693488 111.0164360888
2.8407462338 2.6756664027 -1.3199547291 69.0374375913 345.7067124933
2.5245239422 -1.9046691708 0.2882304037 561.5601954901 296.3058643653
1.2961433232 -0.2137759639 0.8682376054 485.9819169075 151.2046551503
2.5432224523 -0.6373923841 0.7409534547 454.0268374140 221.8148130951
2.9691898119 0.8306301282 -1.4718533968 262.8692625073 388.8718529721
1.9577623473 1.9570472736 1.2495788176 134.1317011934 40.0368147413
2.3703281476 -2.2094223224 -0.8768088657 576.3826838257 426.1906849695
2.5332886341 0.3624403137 -0.8886724309 311.7987366472 364.9589077481
2.7230803671 2.1668952310 -1.0932890004 119.0475651138 337.8295909830
1.9507874860 -0.6407648270 1.0479185312 497.1912354882 175.5371731567
1.3270867205 -0.5234995568 1.3446707796 565.8127221909 75.6780629037
2.8849499926 1.7528628131 -1.9172862492 156.3848698700 419.7525778944
1.6796342927 -1.3761458959 -0.5238268143 571.7176787587 432.2806053607
2.0330982211 1.2071025275 -0.3551796497 197.4482228994 303.0998401077
1.5235769822 -1.1851647188 1.3670204011 638.7006854882 128.5758882299
2.8384515790 -2.7845431762 0.8899561949 617.2878044607 256.4365226684
2.5609837967 -2.9277062911 -1.0449301538 617.2141999454 439.9000015860
1.7669752855 0.9690625695 -0.5529376649 201.6222717366 356.9191648919
1.8439066339 -0.9471699808 1.1522247373 549.0446893887 168.8462926393
1.4488983111 0.6617484764 1.0469220162 310.0186482634 77.9963302716
2.7059739807 -0.7331271193 0.7287971851 455.5192919770 226.2002548542
2.8833560441 2.6773336796 -0.2468877160 102.6646336367 237.5542567745
1.9496769023 -1.6101641628 0.3732577648 593.5021522851 294.0414198845
2.7832056284 2.7310910625 0.6875618561 111.6623189051 141.3679009241
0.7034332180 -0.0654622727 0.4930513506 536.2071453140 203.9522301891
1.9631750106 0.7384015444 -1.1730532119 231.4191804157 439.2623344549
2.7390766891 1.4458832406 -1.4800111153 189.6082853962 392.6152126070
1.6947515968 -1.6709432923 1.9441946478 690.5705045948 78.0467116767
1.3192468384 -0.5366856561 1.1335808896 559.8388649759 117.9603968297
2.3746660379 0.5242174031 1.6523616679 361.2158033064 86.5532189379
1.8809823717 2.0841163296 0.5893151287 72.7804344522 126.8038460086

gimbalangles:
-0.0959372978 0.2253866558 -1.3537881975

end: