T_CW:
-0.0890831956 -0.9664538606 0.2408964913 0.2004418617
-0.0012043353 -0.2417533801 -0.9703369790 0.3925310093
0.9960234605 -0.0867308390 0.0203722292 -0.2354815245
0.0000000000 0.0000000000 0.0000000000 1.0000000000

T_CW_cov:
0.0000003455 0.0000000171 -0.0000000104 -0.0000000601 0.0000007333 0.0000000160
0.0000000171 0.0000002045 -0.0000000002 -0.0000005349 0.0000000353 -0.0000000524
-0.0000000104 -0.0000000002 0.0000002243 -0.0000000662 -0.0000000165 0.0000000016
-0.0000000601 -0.0000005349 -0.0000000662 0.0000019634 -0.0000001226 0.0000002431
0.0000007333 0.0000000353 -0.0000000165 -0.0000001226 0.0000020829 0.0000000605
0.0000000160 -0.0000000524 0.0000000016 0.0000002431 0.0000000605 0.0000006584

target_points_pix:
2.8469624497 -1.2706155376 -0.4268351525 471.0139481270 339.4261382592
1.2955616386 -1.4164051859 0.0125195018 674.5799636902 387.8566081845
2.9185907309 1.9178459633 1.8610296438 236.1184604354 60.3626668976
2.6305978994 -2.5336026126 1.4089481569 628.3061841089 206.0343245995
2.5591223247 -0.0443953625 0.5219552533 390.2849975674 228.5487762415
1.8324549851 0.5136414256 0.1050882143 307.2457953044 265.6270484159
2.2959027539 -0.3651612911 1.0377432566 443.9817086486 178.4942995416
2.3041003494 -2.2990699818 1.7052507894 652.2478211133 165.0106703901
2.2457088193 -0.2690198173 -1.2941584072 368.8042544421 446.8672152488
2.0176283046 -1.3083910700 2.4854543714 610.4892840812 26.7020352007
2.2385537561 -1.8200234489 -0.7064504535 554.9653532513 410.8715252936
2.8752574486 -1.5801047162 -0.1999385455 499.9860461989 324.1108210607
1.0143189639 -0.1834378360 0.2340703772 479.6604219228 302.8027146916
1.3939397812 -1.4548252074 -0.2639512733 644.6238729285 428.8826524269
2.6388940522 0.2859068827 0.6616028722 359.7725432897 206.7521419555
1.8436071198 -0.3614789899 -0.5329186283 413.5518654586 388.3737508097
2.6356910408 1.1581813945 0.7110316627 272.0231941296 178.6350236937
2.2974160006 1.1434337072 1.1115312662 271.8963844714 121.4218893359
1.8636994645 0.9851570773 0.8625067980 264.7558953567 133.1186003577
2.9486415274 -2.6758647837 -1.6358413215 552.9675345410 458.5076165119
2.4952987901 1.9204534977 1.3630564139 197.7100927062 79.3235701834
2.5258584135 -2.8592762385 -0.6116947642 624.2483969835 400.6815497332
2.8920798147 2.1378650829 -2.5311623147 100.5909266205 472.9894283138
2.7260240624 2.2495865463 -1.9352716347 86.7934335782 424.9875206450
2.3241395539 -2.8069241618 -0.5895953926 643.7449050114 411.5873690707
2.6278435143 1.8946618219 1.8255796272 222.0490599353 42.5943681628
2.6912848041 -2.1106228893 -0.6993441011 544.6433561567 385.6702687141
2.2863225682 -1.1407866103 2.4543879926 562.1685817762 49.7809442050
1.5889353798 -2.3704226469 0.0978376196 744.3645420609 374.5382235186
2.4841714159 1.4051269004 1.6262681959 264.0429222297 67.5109527498
2.7991553079 -1.1303929253 0.2989914414 476.8779844890 273.4161975865
2.3235776381 -0.6902499417 -1.1799127502 418.5507498064 434.0976643156
2.1983390802 1.3671984969 -1.0802983766 164.7342806621 387.4721408841
2.0950124471 -0.5055487376 0.8267820771 463.5585618745 202.9924920479
1.7824561088 1.2368809704 -0.1031601285 175.7946976517 272.0806902533
2.6588510636 -0.1466194073 -0.3037086062 378.1224771620 311.7048168791
2.2538497045 -0.9608366362 1.2047620648 514.4280260363 177.1780995376
2.3780720027 -0.0837965984 2.0767695085 437.8635213927 61.6576831375
2.9680979097 -2.4510036395 1.5364771412 593.3792860160 197.5968546482
2.8361755367 1.9949440335 -2.4556373968 112.4917858143 473.8957734995
2.0821692119 -1.0065134618 0.4658650749 512.7668726153 262.5429669162
1.2103062974 0.1184933070 0.6222756592 407.5685608238 179.3458366167
0.9923400970 0.5709656991 -0.1292795507 212.9681871882 370.3281314006
2.6984458114 1.3496573022 0.7124865195 254.7791596592 175.3228098648
1.6820117367 -2.6908657484 -0.4410075725 745.1722884992 453.3980122472
1.4393502068 -0.3605422360 0.5295601244 482.0792591148 232.6423874418
2.4819671509 -1.0003026340 -0.6462119426 458.0831557136 371.4147806329
2.4003927181 0.1999549924 -0.1597382894 347.7864347319 295.8557023251
1.6781638844 1.7635796532 -1.0815039641 8.1958067384 434.1322907041
2.8599623337 -1.4393414243 0.8130817700 510.1922696963 234.8082116295
2.8028733044 -1.8940930289 0.2984196099 539.9527976128 288.9367047970
2.2679231297 1.6166728105 1.6066018340 226.5809341518 42.5473070531
1.5339740108 -0.0088084180 1.0042570867 432.9668860926 132.6387961473
2.2683739193 1.5151538458 1.0720505343 222.7501178697 111.0781857468
2.8407462338 2.6756664027 -1.3199547291 69.0205434043 345.6388898767
2.5245239422 -1.9046691708 0.2882304037 561.4279187914 296.0190544911
1.2961433232 -0.2137759639 0.8682376054 486.2949891839 151.1423590311
2.5432224523 -0.6373923841 0.7409534547 453.9666593636 221.5842697652
2.9691898119 0.8306301282 -1.4718533968 262.6142033093 388.3894451559
1.9577623473 1.9570472736 1.2495788176 134.5549708553 40.1962943841
2.3703281476 -2.2094223224 -0.8768088657 576.7143471849 426.3598945633
2.5332886341 0.3624403137 -0.8886724309 311.6033706542 365.6148977353
2.7230803671 2.1668952310 -1.0932890004 119.3975202181 338.3206190742
1.9507874860 -0.6407648270 1.0479185312 497.1781299047 175.8076903278
1.3270867205 -0.5234995568 1.3446707796 565.6703350321 75.4935678727
2.8849499926 1.7528628131 -1.9172862492 156.6413966943 420.0531243293
1.6796342927 -1.3761458959 -0.5238268143 571.7140847722 432.0773898263
2.0330982211 1.2071025275 -0.3551796497 197.3639421073 303.2136911871
1.5235769822 -1.1851647188 1.3670204011 638.6790024056 128.3323194156
2.8384515790 -2.7845431762 0.8899561949 617.1087686959 256.2257925443
2.5609837967 -2.9277062911 -1.0449301538 617.4361955467 439.8510376538
1.7669752855 0.9690625695 -0.5529376649 201.5868500577 356.5134848804
1.8439066339 -0.9471699808 1.1522247373 549.4491221385 168.8605523415
1.4488983111 0.6617484764 1.0469220162 310.3604333550 77.4091929274
2.7059739807 -0.7331271193 0.7287971851 455.8424504941 226.1028914766
2.8833560441 2.6773336796 -0.2468877160 102.4808518497 237.9811529496
1.9496769023 -1.6101641628 0.3732577648 593.6090554831 293.9966141335
2.7832056284 2.7310910625 0.6875618561 111.6845532911 140.8917254007
0.7034332180 -0.0654622727 0.4930513506 536.0460751083 203.7779839648
1.9631750106 0.7384015444 -1.1730532119 231.5643659447 439.3150340419
2.7390766891 1.4458832406 -1.4800111153 189.3381293785 392.3155528878
1.6947515968 -1.6709432923 1.9441946478 689.9482352390 78.0798848751
1.3192468384 -0.5366856561 1.1335808896 559.7746007097 117.5111441058
2.3746660379 0.5242174031 1.6523616679 361.6144799722 86.3422108619
1.8809823717 2.0841163296 0.5893151287 72.5564132640 126.4169046689

gimbalangles:
-0.9279389419 0.3446952810 0.4232843088

end: