T_CW:
-0.0888769138 -0.9664492502 0.2409911638 0.1996139671
-0.0011861406 -0.2418457810 -0.9703139756 0.3925562955
0.9960419104 -0.0865243610 0.0203481619 -0.2357795654
0.0000000000 0.0000000000 0.0000000000 1.0000000000

T_CW_cov:
0.0000003301 0.0000000052 -0.0000000113 -0.0000000348 0.0000007044 0.0000000050
0.0000000052 0.0000001950 -0.0000000003 -0.0000005150 0.0000000129 -0.0000000607
-0.0000000113 -0.0000000003 0.0000002168 -0.0000000605 -0.0000000151 0.0000000023
-0.0000000348 -0.0000005150 -0.0000000605 0.0000019173 -0.0000000770 0.0000002597
0.0000007044 0.0000000129 -0.0000000151 -0.0000000770 0.0000020268 0.0000000395
0.0000000050 -0.0000000607 0.0000000023 0.0000002597 0.0000000395 0.0000006498

target_points_pix:
2.8469624497 -1.2706155376 -0.4268351525 471.3871284229 339.1784503812
1.2955616386 -1.4164051859 0.0125195018 674.6231493673 387.8263666353
2.9185907309 1.9178459633 1.8610296438 236.0974547603 61.0452950869
2.6305978994 -2.5336026126 1.4089481569 628.0385001487 205.9695976920
2.5591223247 -0.0443953625 0.5219552533 389.9907771575 228.0873277310
1.8324549851 0.5136414256 0.1050882143 307.5299387982 265.2060070655
2.2959027539 -0.3651612911 1.0377432566 444.0534557961 178.9268419704
2.3041003494 -2.2990699818 1.7052507894 651.9310655104 164.6896987568
2.2457088193 -0.2690198173 -1.2941584072 368.9530996281 446.7326873426
2.0176283046 -1.3083910700 2.4854543714 610.6659048669 27.1438559169
2.2385537561 -1.8200234489 -0.7064504535 555.2430260470 410.8755293610
2.8752574486 -1.5801047162 -0.1999385455 500.0640906877 323.9022888453
1.0143189639 -0.1834378360 0.2340703772 480.1394783258 303.0114805399
1.3939397812 -1.4548252074 -0.2639512733 644.6511285140 429.4688730340
2.6388940522 0.2859068827 0.6616028722 359.9008636325 206.9281940212
1.8436071198 -0.3614789899 -0.5329186283 413.9107255750 388.1104642595
2.6356910408 1.1581813945 0.7110316627 272.0963641686 178.7431548476
2.2974160006 1.1434337072 1.1115312662 272.2339303405 121.3210940623
1.8636994645 0.9851570773 0.8625067980 264.4968878255 132.9873307573
2.9486415274 -2.6758647837 -1.6358413215 552.6292924491 458.6034903953
2.8400527988 2.3293742471 -2.5758741647 73.0789834969 479.8598748948
2.4952987901 1.9204534977 1.3630564139 197.6356498191 79.2350485772
2.5258584135 -2.8592762385 -0.6116947642 624.4402215065 400.6142150807
2.8920798147 2.1378650829 -2.5311623147 100.7928813716 473.1878867099
2.7260240624 2.2495865463 -1.9352716347 86.4680306464 425.2829139512
2.3241395539 -2.8069241618 -0.5895953926 643.9087012032 411.4413956843
2.6278435143 1.8946618219 1.8255796272 222.6082849665 41.8765050304
2.6912848041 -2.1106228893 -0.6993441011 544.9340330781 385.9851574012
2.2863225682 -1.1407866103 2.4543879926 561.6872005929 50.0788316684
1.5889353798 -2.3704226469 0.0978376196 744.3978300171 374.9425349288
2.4841714159 1.4051269004 1.6262681959 264.4551856894 67.7379344752
2.7991553079 -1.1303929253 0.2989914414 477.1169221685 273.7410059899
2.3235776381 -0.6902499417 -1.1799127502 418.1435162084 434.0857865301
2.1983390802 1.3671984969 -1.0802983766 165.1617655422 387.3745729253
2.0950124471 -0.5055487376 0.8267820771 463.9470646299 202.6671318289
1.7824561088 1.2368809704 -0.1031601285 175.9313769033 272.0319262427
2.6588510636 -0.1466194073 -0.3037086062 378.6587586821 311.4508493288
2.2538497045 -0.9608366362 1.2047620648 514.3899026352 176.9731720308
2.3780720027 -0.0837965984 2.0767695085 438.5641243012 61.4459500694
2.9680979097 -2.4510036395 1.5364771412 593.6050133851 197.8913697977
2.8361755367 1.9949440335 -2.4556373968 112.1069048960 473.4427280733
2.0821692119 -1.0065134618 0.4658650749 512.6979265966 262.4847213236
1.2103062974 0.1184933070 0.6222756592 406.8201881522 179.1581022326
0.9923400970 0.5709656991 -0.1292795507 212.8596266539 370.7130312182
2.6984458114 1.3496573022 0.7124865195 254.4291030253 174.8497193481
1.6820117367 -2.6908657484 -0.4410075725 745.3331665296 453.3810715820
1.4393502068 -0.3605422360 0.5295601244 482.3390771753 232.4803060767
2.4819671509 -1.0003026340 -0.6462119426 458.0496725586 371.3595901591
2.4003927181 0.1999549924 -0.1597382894 347.7053049720 295.7159667453
1.6781638844 1.7635796532 -1.0815039641 7.8157384533 433.3196917987
2.8599623337 -1.4393414243 0.8130817700 509.9882580614 234.8674270650
2.8028733044 -1.8940930289 0.2984196099 539.4060219001 288.9402588292
2.2679231297 1.6166728105 1.6066018340 226.6362381360 43.0565973413
1.5339740108 -0.0088084180 1.0042570867 432.6988643848 132.6644496814
2.2683739193 1.5151538458 1.0720505343 222.5912686385 111.2342719406
2.8407462338 2.6756664027 -1.3199547291 69.0360941193 345.7122004614
2.5245239422 -1.9046691708 0.2882304037 561.1745355369 295.8247393087
1.2961433232 -0.2137759639 0.8682376054 486.0696134949 151.1559825881
2.5432224523 -0.6373923841 0.7409534547 453.4816512721 221.6268109996
2.9691898119 0.8306301282 -1.4718533968 262.2978425429 389.0405910457
1.9577623473 1.9570472736 1.2495788176 133.8212183170 40.0334689293
2.3703281476 -2.2094223224 -0.8768088657 576.6767819576 426.3502797330
2.5332886341 0.3624403137 -0.8886724309 311.4832124181 365.2737511424
2.7230803671 2.1668952310 -1.0932890004 119.3785129227 338.5534954867
1.9507874860 -0.6407648270 1.0479185312 497.1589610247 175.8068012195
1.3270867205 -0.5234995568 1.3446707796 565.5660172189 75.1514127639
2.8849499926 1.7528628131 -1.9172862492 156.4017761453 419.9298557379
1.6796342927 -1.3761458959 -0.5238268143 571.3473358423 432.2422023365
2.0330982211 1.2071025275 -0.3551796497 197.4726426795 303.1969141481
1.5235769822 -1.1851647188 1.3670204011 639.0071002688 128.5341875801
2.8384515790 -2.7845431762 0.8899561949 617.5371018189 256.6403592230
2.5609837967 -2.9277062911 -1.0449301538 617.2497344616 440.1103285372
1.7669752855 0.9690625695 -0.5529376649 201.5062622497 356.9064870384
1.8439066339 -0.9471699808 1.1522247373 549.2253261540 168.7899046075
1.4488983111 0.6617484764 1.0469220162 310.1156174691 77.5103838166
2.7059739807 -0.7331271193 0.7287971851 455.9349248306 226.0600334227
2.8833560441 2.6773336796 -0.2468877160 102.4825557174 237.7054645406
1.9496769023 -1.6101641628 0.3732577648 593.5804632296 294.0177024351
2.7832056284 2.7310910625 0.6875618561 111.9389285143 141.7651553558
0.7034332180 -0.0654622727 0.4930513506 535.5495408253 203.7966305473
1.9631750106 0.7384015444 -1.1730532119 231.7603518447 439.6615866452
2.7390766891 1.4458832406 -1.4800111153 188.9566914841 392.2585769609
1.6947515968 -1.6709432923 1.9441946478 690.6420516644 77.8893362537
1.3192468384 -0.5366856561 1.1335808896 559.4449511880 117.4660256926
2.3746660379 0.5242174031 1.6523616679 361.8773354930 86.3819770716
1.8809823717 2.0841163296 0.5893151287 72.1793157858 126.4308278505

gimbalangles:
-1.7687709559 -0.2119787634 -0.4907673765

end: