T_CW:
0.8961793306 0.3112181751 -0.3162370234 -0.0362252437
-0.0869821473 0.8221425464 0.5625973156 -0.0069457311
0.4350824215 -0.4766811103 0.7638575820 0.0044362104
0.0000000000 0.0000000000 0.0000000000 1.0000000000

T_CW_cov:
0.0000005394 -0.0000000305 -0.0000000231 0.0000001341 0.0000010520 0.0000000894
-0.0000000305 0.0000004267 -0.0000000043 -0.0000011225 -0.0000000931 -0.0000001040
-0.0000000231 -0.0000000043 0.0000002918 -0.0000000129 -0.0000000641 -0.0000000039
0.0000001341 -0.0000011225 -0.0000000129 0.0000035664 0.0000003499 0.0000003249
0.0000010520 -0.0000000931 -0.0000000641 0.0000003499 0.0000026599 0.0000001640
0.0000000894 -0.0000001040 -0.0000000039 0.0000003249 0.0000001640 0.0000007246

target_points_pix:
-0.3745088197 -2.7924729661 1.8430836583 204.4571697995 123.7597349514
1.5213801119 -2.2008710222 2.5041141733 365.5327346580 203.6269844660
-0.7937816819 -1.6414176510 0.7071862127 10.0387341544 20.3597446739
1.1463216217 -1.7295446098 1.9332112052 361.5882827193 201.3034022022
0.2808005009 -1.1718645692 1.1250327653 295.7905074248 182.8106920026
0.9121584893 0.1426808612 1.2079831403 460.3120996533 376.5658640978
0.0462699197 -0.8578527772 1.6217053210 262.9263492753 268.0680490962
2.6305978994 -2.5336026126 1.4089481569 452.0954242477 131.9500473673
2.5591223247 -0.0443953625 0.5219552533 702.0883043077 243.3821076833
2.2959027539 -0.3651612911 1.0377432566 569.5037344360 249.3645495390
1.5642042617 -2.1943799157 2.0967586103 376.2680694472 184.1586805588
2.3041003494 -2.2990699818 1.7052507894 429.8871998053 159.0224851927
1.9063566704 -1.8720756095 2.8336165515 387.3308179572 232.4803005897
2.0176283046 -1.3083910700 2.4854543714 416.7497446340 249.4800459370
0.1060971975 -1.5869797388 2.1014893325 264.8626164365 225.8132653376
0.5802513707 -1.4129348864 1.3211278183 328.9687690016 180.1600865170
-0.1801198384 -0.5479985749 1.3114649932 215.9617397319 299.6297847046
2.8752574486 -1.5801047162 -0.1999385455 650.5005295062 22.0091375625
1.0143189639 -0.1834378360 0.2340703772 627.2129316158 200.6336436144
0.4256399553 -1.6947218047 2.8575435986 292.6608929670 252.8709020041
2.6388940522 0.2859068827 0.6616028722 726.6557651559 298.5159518816
0.3042496640 -0.7297572688 1.2382640873 310.8751917003 249.9762405117
-0.2146575641 -0.5046357991 1.9549094726 227.9366099476 342.2682211288
-1.8055531173 -2.3431906182 2.2358729284 9.5586568811 178.3517778177
0.3802981729 -1.2987431511 2.1045967176 298.0833888209 247.4357847883
1.1523788830 -2.1628663225 2.9736070176 336.0198252616 225.8706718474
-0.9402351494 -1.2005288970 2.4392588703 134.4233052945 294.2940995233
-0.3823346286 -2.6004217608 2.8138227545 219.6122327129 200.1071200532
-0.2089443667 -2.2213772583 2.7520224592 234.6676343859 218.4753001068
1.3518114199 0.7830964934 2.7510300194 432.5910672308 455.2023976616
-0.1150878283 -1.6216023649 0.6994336735 209.5179702448 59.8854725435
0.0799047365 -1.4043005573 2.5796705873 265.5423463949 265.0492828741
1.1871005587 -0.8619068936 2.0176006026 386.6703999697 270.6758065181
-0.3599161903 -1.9936056061 1.4339193395 192.1270111166 136.3406201174
-0.4663553090 -0.8967115007 0.8784296744 103.7188631002 183.2740855535
2.2863225682 -1.1407866103 2.4543879926 437.6054366376 256.3717929346
1.8480999231 1.0615362460 2.2632808650 522.0567709449 475.2549698348
2.7991553079 -1.1303929253 0.2989914414 621.2613607385 116.8556337143
-1.2364746597 -0.8307857292 2.2308155062 49.6350003605 343.1570379729
2.0950124471 -0.5055487376 0.8267820771 567.5117632541 221.0215438785
2.4648997918 0.1336515858 2.7860253487 478.1282275488 351.4108621953
0.4971001036 -2.9282306381 1.2764082264 290.2737397437 77.0897340985
2.2538497045 -0.9608366362 1.2047620648 508.8090418165 207.2440670618
0.1978387829 -1.7049102467 0.9341318838 272.7671542467 104.8628554890
2.3780720027 -0.0837965984 2.0767695085 503.2863822063 320.1622139137
2.9680979097 -2.4510036395 1.5364771412 466.8956157936 145.1852768273
2.0821692119 -1.0065134618 0.4658650749 565.0396923461 134.8691687791
1.2103062974 0.1184933070 0.6222756592 601.2852483013 325.1242877082
-1.2099097975 -2.5639048038 2.8155812467 137.0944264781 203.3774121112
1.4393502068 -0.3605422360 0.5295601244 570.5813795037 213.3176248170
1.5215156292 -2.3620191306 2.0995385183 369.9881736735 175.4432686115
2.8599623337 -1.4393414243 0.8130817700 547.5762086556 146.8193012479
2.8028733044 -1.8940930289 0.2984196099 559.2870866532 70.9592443442
0.3150226326 -1.7471125294 2.0745693761 285.2798781284 210.5900829219
1.5339740108 -0.0088084180 1.0042570867 546.0491990072 309.3152685099
-0.6810045623 -1.9562404295 2.2617881460 174.1512056967 210.5955876723
0.5836029694 -0.4548003720 2.6430373429 327.9288529984 341.7242794175
2.1449007298 0.0322231014 2.5423879487 467.5349947709 346.2547980973
0.8815263559 -0.9544215061 1.7466657053 364.7692961924 251.5320984188
-0.7461558169 -2.7348513775 1.8641295763 159.8004740800 124.7023349821
2.5245239422 -1.9046691708 0.2882304037 542.6581223391 63.0166524581
1.2961433232 -0.2137759639 0.8682376054 517.5924471902 274.9585759505
0.8867691270 -0.1269636338 2.4130534049 370.7141043079 362.7878086528
2.5432224523 -0.6373923841 0.7409534547 596.0809258796 198.3941696792
1.7478756708 0.7464948804 2.7115920619 463.7834472983 432.6423383548
1.9507874860 -0.6407648270 1.0479185312 521.5190765298 225.3908133672
1.3270867205 -0.5234995568 1.3446707796 448.7429107732 265.8446385728
0.2999752779 -2.0607219307 2.4452932410 279.3968904234 211.2401961754
1.9041661336 -2.7694805772 1.8613690763 390.4142821195 144.5683529972
1.0122261489 -2.4413387388 0.6226324034 365.1409294502 36.2798744666
-0.1488004004 -2.9553414777 1.9345515260 229.8604715565 125.3223804830
1.1641200600 -2.7568952982 2.8068855712 330.3490512471 191.2027115921
-1.1180691055 -2.3775737935 1.9674464230 105.8006477117 154.4943797124
1.5235769822 -1.1851647188 1.3670204011 431.2128086233 203.2946417084
-0.8810201176 -1.1056814359 1.4752285971 64.8085957520 237.8965041740
0.5907485963 -0.3012064055 2.8976125351 327.4640066526 362.1638991733
1.5116640493 -2.8250780375 1.5329666214 371.7927519979 118.2476707369
2.8384515790 -2.7845431762 0.8899561949 476.6060441589 87.4271876591
-0.8731389884 -0.7814524095 2.0937015579 114.2841394169 330.9227322370
0.6812398773 -2.9641218080 2.8611191676 297.3100858983 183.5241013269
-0.6234941816 -2.3304749221 2.5405973644 190.8220487988 201.5604669333
1.8439066339 -0.9471699808 1.1522247373 483.3960849419 205.9129796926
1.4488983111 0.6617484764 1.0469220162 621.1621594594 455.5192814225
-0.1829379517 -2.5761408041 2.0242684627 228.3249638919 152.4881187841
2.7059739807 -0.7331271193 0.7287971851 598.7902828422 189.3439694298
1.9496769023 -1.6101641628 0.3732577648 513.8642892089 76.3743098171
0.7034332180 -0.0654622727 0.4930513506 516.0838687358 292.1380245920
0.8632843827 -2.1953825049 0.8209358257 351.0936905606 71.7667162978
1.6947515968 -1.6709432923 1.9441946478 402.9637193527 204.6937029784
-0.9075675655 -0.5141792791 2.0537428217 93.4841748685 376.6591926512
0.5875879920 -1.9410979907 2.7733843637 302.8015248685 232.8268345702
1.3192468384 -0.5366856561 1.1335808896 463.7316401343 250.1284852116
2.3746660379 0.5242174031 1.6523616679 579.3449573224 374.7923883851

gimbalangles:
2.2055889146 0.3217727473 -1.9050013983

end: