T_CW:
-0.0890300313 -0.9664453784 0.2409501692 0.2001608186
-0.0011982218 -0.2418067141 -0.9703236972 0.3927760701
0.9960282214 -0.0866766609 0.0203700434 -0.2357802970
0.0000000000 0.0000000000 0.0000000000 1.0000000000

T_CW_cov:
0.0000003301 0.0000000052 -0.0000000113 -0.0000000348 0.0000007043 0.0000000051
0.0000000052 0.0000001950 -0.0000000003 -0.0000005150 0.0000000129 -0.0000000609
-0.0000000113 -0.0000000003 0.0000002168 -0.0000000605 -0.0000000149 0.0000000023
-0.0000000348 -0.0000005150 -0.0000000605 0.0000019175 -0.0000000769 0.0000002602
0.0000007043 0.0000000129 -0.0000000149 -0.0000000769 0.0000020265 0.0000000397
0.0000000051 -0.0000000609 0.0000000023 0.0000002602 0.0000000397 0.0000006498

target_points_pix:
2.8469624497 -1.2706155376 -0.4268351525 471.2651165118 338.9821146491
1.2955616386 -1.4164051859 0.0125195018 674.3883748075 387.4779709860
2.9185907309 1.9178459633 1.8610296438 236.0073552956 60.9038763407
2.6305978994 -2.5336026126 1.4089481569 628.1207119785 205.8014971873
2.5591223247 -0.0443953625 0.5219552533 389.8575686791 228.9827631740
1.8324549851 0.5136414256 0.1050882143 307.3437122599 265.3705441871
2.2959027539 -0.3651612911 1.0377432566 444.1222615907 178.3746999274
2.3041003494 -2.2990699818 1.7052507894 652.4560673520 165.0476874910
2.2457088193 -0.2690198173 -1.2941584072 368.9053396964 446.7490120686
2.0176283046 -1.3083910700 2.4854543714 610.3465988750 26.7479333094
2.2385537561 -1.8200234489 -0.7064504535 555.6216328803 411.1301144628
2.8752574486 -1.5801047162 -0.1999385455 499.8559047749 324.1909773279
1.0143189639 -0.1834378360 0.2340703772 479.6212020224 302.9942260015
1.3939397812 -1.4548252074 -0.2639512733 644.5988061783 429.4595128119
2.6388940522 0.2859068827 0.6616028722 359.6935112782 207.0448637407
1.8436071198 -0.3614789899 -0.5329186283 413.6251024291 387.9745564177
2.6356910408 1.1581813945 0.7110316627 271.9643007705 178.2589303759
2.2974160006 1.1434337072 1.1115312662 272.0175161871 121.6592307807
1.8636994645 0.9851570773 0.8625067980 264.5560028407 132.6469613007
2.9486415274 -2.6758647837 -1.6358413215 552.9530735480 458.5700631760
2.8400527988 2.3293742471 -2.5758741647 72.8278482640 479.9952279244
2.4952987901 1.9204534977 1.3630564139 197.9473742911 79.3008423344
2.5258584135 -2.8592762385 -0.6116947642 624.1301633095 400.3035123300
2.8920798147 2.1378650829 -2.5311623147 100.8403385342 473.1650418909
2.7260240624 2.2495865463 -1.9352716347 86.1384801013 425.2153276720
2.3241395539 -2.8069241618 -0.5895953926 643.7131424485 411.4404108870
2.6278435143 1.8946618219 1.8255796272 222.4614118721 42.2949350479
2.6912848041 -2.1106228893 -0.6993441011 544.6928574453 385.5692194226
2.2863225682 -1.1407866103 2.4543879926 562.1949108410 50.2737359874
1.5889353798 -2.3704226469 0.0978376196 744.6271439303 375.0418006725
2.4841714159 1.4051269004 1.6262681959 264.1850525273 67.5658382843
2.7991553079 -1.1303929253 0.2989914414 476.9847948654 273.0847538679
2.3235776381 -0.6902499417 -1.1799127502 418.2486930979 434.1640993082
2.1983390802 1.3671984969 -1.0802983766 164.7175253121 387.4614849923
2.0950124471 -0.5055487376 0.8267820771 463.7151797238 203.0412750412
1.7824561088 1.2368809704 -0.1031601285 175.7870149674 272.0401729632
2.6588510636 -0.1466194073 -0.3037086062 378.3696543775 311.8772346785
2.2538497045 -0.9608366362 1.2047620648 514.3870072929 177.3629060195
2.3780720027 -0.0837965984 2.0767695085 438.6509572704 61.5115740657
2.9680979097 -2.4510036395 1.5364771412 593.8547218376 197.7231003770
2.8361755367 1.9949440335 -2.4556373968 112.1033968546 473.8044650834
2.0821692119 -1.0065134618 0.4658650749 512.6783476395 262.2133480147
1.2103062974 0.1184933070 0.6222756592 406.8892009794 179.7762937951
0.9923400970 0.5709656991 -0.1292795507 212.7523743487 370.3308991967
2.6984458114 1.3496573022 0.7124865195 254.5507610598 174.7153692439
1.6820117367 -2.6908657484 -0.4410075725 745.0633178995 453.1766669827
1.4393502068 -0.3605422360 0.5295601244 481.9266132349 232.5499555024
2.4819671509 -1.0003026340 -0.6462119426 457.8759674980 371.1685126363
2.4003927181 0.1999549924 -0.1597382894 347.2162340024 295.7210548307
1.6781638844 1.7635796532 -1.0815039641 8.0861597703 434.3513494308
2.8599623337 -1.4393414243 0.8130817700 509.8273562495 234.7594244792
2.8028733044 -1.8940930289 0.2984196099 539.2989860222 289.0336282611
2.2679231297 1.6166728105 1.6066018340 226.8942571680 42.3371996711
1.5339740108 -0.0088084180 1.0042570867 433.1673367919 132.7455100854
2.2683739193 1.5151538458 1.0720505343 222.5901385267 111.4144497451
2.8407462338 2.6756664027 -1.3199547291 69.1182868893 345.6535704121
2.5245239422 -1.9046691708 0.2882304037 561.5129097539 295.6527611420
1.2961433232 -0.2137759639 0.8682376054 486.1613183978 150.9463669117
2.5432224523 -0.6373923841 0.7409534547 454.0532368792 221.7279053431
2.9691898119 0.8306301282 -1.4718533968 262.3105833098 388.8802061010
1.9577623473 1.9570472736 1.2495788176 134.4456040254 40.0195925549
2.3703281476 -2.2094223224 -0.8768088657 576.5671812480 426.3907029400
2.5332886341 0.3624403137 -0.8886724309 311.8528962346 365.0474738964
2.7230803671 2.1668952310 -1.0932890004 119.3010505004 338.6217463939
1.9507874860 -0.6407648270 1.0479185312 497.2949716751 175.6579669575
1.3270867205 -0.5234995568 1.3446707796 565.7412858048 74.9986538861
2.8849499926 1.7528628131 -1.9172862492 156.2895036180 420.3866868788
1.6796342927 -1.3761458959 -0.5238268143 571.5949791979 432.6725444984
2.0330982211 1.2071025275 -0.3551796497 197.7943559246 303.5066507103
1.5235769822 -1.1851647188 1.3670204011 638.7622972488 128.4804394403
2.8384515790 -2.7845431762 0.8899561949 617.6225750164 256.3750182402
2.5609837967 -2.9277062911 -1.0449301538 617.3323075435 440.0489669853
1.7669752855 0.9690625695 -0.5529376649 201.4096513926 356.8803550249
1.8439066339 -0.9471699808 1.1522247373 549.6733932346 168.6861522804
1.4488983111 0.6617484764 1.0469220162 310.0403490691 77.6282674465
2.7059739807 -0.7331271193 0.7287971851 455.6495773911 226.0939396185
2.8833560441 2.6773336796 -0.2468877160 102.7927768006 237.7383828866
1.9496769023 -1.6101641628 0.3732577648 593.3688037524 294.3428203476
2.7832056284 2.7310910625 0.6875618561 111.6897891761 141.1655801362
0.7034332180 -0.0654622727 0.4930513506 536.1694568824 203.9434064419
1.9631750106 0.7384015444 -1.1730532119 231.7137212526 439.6262785043
2.7390766891 1.4458832406 -1.4800111153 189.3984174084 392.5143964383
1.6947515968 -1.6709432923 1.9441946478 690.4359066239 78.1251878389
1.3192468384 -0.5366856561 1.1335808896 559.8233976652 117.6518316680
2.3746660379 0.5242174031 1.6523616679 361.6882962610 86.7361179850
1.8809823717 2.0841163296 0.5893151287 72.6537466923 126.8652850062

gimbalangles:
0.7234799706 -0.1952775961 -0.0001264082

end: