T_CW:
-0.0890342139 -0.9664171829 0.2410616879 0.2002717860
-0.0015643387 -0.2418868889 -0.9703031927 0.3932577930
0.9960273398 -0.0867672841 0.0200244052 -0.2356903921
0.0000000000 0.0000000000 0.0000000000 1.0000000000

T_CW_cov:
0.0000003301 0.0000000052 -0.0000000113 -0.0000000348 0.0000007042 0.0000000056
0.0000000052 0.0000001950 -0.0000000003 -0.0000005151 0.0000000129 -0.0000000610
-0.0000000113 -0.0000000003 0.0000002168 -0.0000000608 -0.0000000149 0.0000000022
-0.0000000348 -0.0000005151 -0.0000000608 0.0000019177 -0.0000000769 0.0000002604
0.0000007042 0.0000000129 -0.0000000149 -0.0000000769 0.0000020262 0.0000000407
0.0000000056 -0.0000000610 0.0000000022 0.0000002604 0.0000000407 0.0000006499

target_points_pix:
2.8469624497 -1.2706155376 -0.4268351525 471.2586175544 339.0252397606
1.2955616386 -1.4164051859 0.0125195018 674.6141623389 387.8282379045
2.9185907309 1.9178459633 1.8610296438 235.9383827898 60.5129560889
2.6305978994 -2.5336026126 1.4089481569 628.5421017110 205.9266725633
2.5591223247 -0.0443953625 0.5219552533 389.8683141639 228.2840783557
1.8324549851 0.5136414256 0.1050882143 307.9354583478 265.3403422523
2.2959027539 -0.3651612911 1.0377432566 444.2362153086 179.0573516744
2.3041003494 -2.2990699818 1.7052507894 652.4295724163 164.9170232465
2.2457088193 -0.2690198173 -1.2941584072 369.3865432736 446.6897280362
2.0176283046 -1.3083910700 2.4854543714 610.3040722361 27.0227335604
2.2385537561 -1.8200234489 -0.7064504535 555.1294072898 411.2644540675
2.8752574486 -1.5801047162 -0.1999385455 500.2265776536 324.1070559713
1.0143189639 -0.1834378360 0.2340703772 479.9081266876 303.3155828307
1.3939397812 -1.4548252074 -0.2639512733 644.9499342993 429.2000475485
2.6388940522 0.2859068827 0.6616028722 359.6244508542 206.5417685062
1.8436071198 -0.3614789899 -0.5329186283 413.7225705510 387.6865654764
2.6356910408 1.1581813945 0.7110316627 272.1306484535 178.3371445891
2.2974160006 1.1434337072 1.1115312662 271.9452158012 121.3172585113
1.8636994645 0.9851570773 0.8625067980 264.7248361452 132.8157610036
2.9486415274 -2.6758647837 -1.6358413215 552.7609173190 458.2298287583
2.8400527988 2.3293742471 -2.5758741647 72.7798140395 479.8376934746
2.4952987901 1.9204534977 1.3630564139 197.9218243298 79.3031599205
2.5258584135 -2.8592762385 -0.6116947642 624.4167747538 400.4607631541
2.8920798147 2.1378650829 -2.5311623147 100.7511160830 473.3030806637
2.7260240624 2.2495865463 -1.9352716347 86.2354208665 425.1475110459
2.3241395539 -2.8069241618 -0.5895953926 643.2999997760 411.5588231056
2.6278435143 1.8946618219 1.8255796272 222.1412274006 42.2408900248
2.6912848041 -2.1106228893 -0.6993441011 544.6776625847 385.7083443063
2.2863225682 -1.1407866103 2.4543879926 562.2706650652 49.9330996324
1.5889353798 -2.3704226469 0.0978376196 744.5114482158 374.7439612632
2.4841714159 1.4051269004 1.6262681959 264.4603261986 67.7275832605
2.7991553079 -1.1303929253 0.2989914414 476.7725434380 273.4987134759
2.3235776381 -0.6902499417 -1.1799127502 418.0650115946 433.9593339086
2.1983390802 1.3671984969 -1.0802983766 165.1821449412 387.5722409503
2.0950124471 -0.5055487376 0.8267820771 463.9201692089 203.0239264732
1.7824561088 1.2368809704 -0.1031601285 175.8316129879 272.0413392968
2.6588510636 -0.1466194073 -0.3037086062 378.5777364598 311.5538276572
2.2538497045 -0.9608366362 1.2047620648 514.6898611513 177.1089488256
2.3780720027 -0.0837965984 2.0767695085 438.4330924313 61.3229292075
2.9680979097 -2.4510036395 1.5364771412 593.5179205366 197.6662990332
2.8361755367 1.9949440335 -2.4556373968 112.3237940447 473.2856519436
2.0821692119 -1.0065134618 0.4658650749 513.1997385525 262.1542173271
1.2103062974 0.1184933070 0.6222756592 407.0726732610 179.3255827751
0.9923400970 0.5709656991 -0.1292795507 212.6975871586 370.7032437166
2.6984458114 1.3496573022 0.7124865195 254.3807364844 175.1397291622
1.6820117367 -2.6908657484 -0.4410075725 745.1362949753 453.2704428717
1.4393502068 -0.3605422360 0.5295601244 481.9777297925 232.8164482368
2.4819671509 -1.0003026340 -0.6462119426 458.3006910435 371.2322075180
2.4003927181 0.1999549924 -0.1597382894 347.2304767101 295.6446413656
1.6781638844 1.7635796532 -1.0815039641 8.3803174024 433.9528887180
2.8599623337 -1.4393414243 0.8130817700 510.1511265555 234.9306623610
2.8028733044 -1.8940930289 0.2984196099 539.6201953834 288.6693120250
2.2679231297 1.6166728105 1.6066018340 226.7986770700 42.4549579472
1.5339740108 -0.0088084180 1.0042570867 433.2260788809 132.3648635681
2.2683739193 1.5151538458 1.0720505343 222.5697724985 110.9259225851
2.8407462338 2.6756664027 -1.3199547291 69.3033375097 345.4769952548
2.5245239422 -1.9046691708 0.2882304037 561.3164187536 295.9646028865
1.2961433232 -0.2137759639 0.8682376054 486.6210161332 151.3351235694
2.5432224523 -0.6373923841 0.7409534547 453.6695326387 221.5420401689
2.9691898119 0.8306301282 -1.4718533968 262.4940099805 388.7118304669
1.9577623473 1.9570472736 1.2495788176 134.1766795933 39.8534920658
2.3703281476 -2.2094223224 -0.8768088657 576.3848392620 426.0948307094
2.5332886341 0.3624403137 -0.8886724309 311.7043186066 365.3064075236
2.7230803671 2.1668952310 -1.0932890004 119.2692338505 337.9859514728
1.9507874860 -0.6407648270 1.0479185312 496.9629343174 175.9805429179
1.3270867205 -0.5234995568 1.3446707796 565.8266080689 75.4916307771
2.8849499926 1.7528628131 -1.9172862492 156.3938176149 420.0896631114
1.6796342927 -1.3761458959 -0.5238268143 571.4832077654 432.2725882722
2.0330982211 1.2071025275 -0.3551796497 197.6931007446 303.7313303559
1.5235769822 -1.1851647188 1.3670204011 638.6453050154 128.3505503178
2.8384515790 -2.7845431762 0.8899561949 617.1776042958 256.1632551280
2.5609837967 -2.9277062911 -1.0449301538 617.3976599317 440.0750973368
1.7669752855 0.9690625695 -0.5529376649 201.5121102939 356.8421484854
1.8439066339 -0.9471699808 1.1522247373 549.7173789685 168.9312351283
1.4488983111 0.6617484764 1.0469220162 310.1495899997 77.1836694397
2.7059739807 -0.7331271193 0.7287971851 455.5498736655 226.3155095661
2.8833560441 2.6773336796 -0.2468877160 103.0267181325 237.8388705847
1.9496769023 -1.6101641628 0.3732577648 593.2494238344 294.1753449124
2.7832056284 2.7310910625 0.6875618561 111.8019274207 140.9627676793
0.7034332180 -0.0654622727 0.4930513506 536.0440676136 203.8270481539
1.9631750106 0.7384015444 -1.1730532119 231.0158787098 439.5355406489
2.7390766891 1.4458832406 -1.4800111153 189.4259237062 392.1419767364
1.6947515968 -1.6709432923 1.9441946478 690.5057220336 78.0883504556
1.3192468384 -0.5366856561 1.1335808896 559.1843251299 117.5984822763
2.3746660379 0.5242174031 1.6523616679 361.6391761348 86.2707305535
1.8809823717 2.0841163296 0.5893151287 72.2354770325 126.5053902346

gimbalangles:
2.2055889146 0.3217727473 -1.9050013983

end: