T_CW:
-0.3525169725 -0.8355075543 -0.4214960389 -0.0378532861
-0.8417083160 0.4799292967 -0.2473761932 -0.0201641394
0.4089729757 0.2675724144 -0.8724368792 -0.0649845292
0.0000000000 0.0000000000 0.0000000000 1.0000000000

T_CW_cov:
0.0000003970 -0.0000000474 0.0000000196 0.0000001300 0.0000008612 0.0000000617
-0.0000000474 0.0000003097 0.0000000107 -0.0000008486 -0.0000001260 0.0000000576
0.0000000196 0.0000000107 0.0000002397 -0.0000000787 0.0000000744 0.0000000119
0.0000001300 -0.0000008486 -0.0000000787 0.0000029146 0.0000003566 -0.0000002844
0.0000008612 -0.0000001260 0.0000000744 0.0000003566 0.0000024356 0.0000000534
0.0000000617 0.0000000576 0.0000000119 -0.0000002844 0.0000000534 0.0000005680

target_points_pix:
1.4904409015 -0.8576028127 -2.6357354281 492.3274514574 144.1534993425
0.7583609253 0.4677505926 -2.4511855211 407.6127568673 256.1779844074
1.6304909208 -0.4683184133 -1.9111117291 441.0859820665 110.4492189173
0.4525511890 1.4771543701 -0.3709931605 7.7070329401 354.7000219155
-0.4339811544 0.3604827340 -1.2275564470 461.7689143055 454.3099320595
-1.2830020915 -0.7477612956 -2.9741651212 682.5535755557 431.9523912759
1.5085798632 -1.1919996516 -1.7278603287 536.2391602358 40.3467566991
0.0134727521 1.9966532696 -2.2999075116 302.9864665660 385.5560782086
1.5390997624 -1.5424577392 -2.4175742588 559.5985624858 84.0069646581
2.6638076555 -1.1338153697 -2.9948707751 464.8720967131 90.0183744880
0.4760255981 1.6652719494 -2.0074300235 297.2513244171 330.8429306252
0.0469361765 -0.1783641195 -2.6535832882 507.2497132798 295.1928337949
1.5905470624 0.5227412081 -2.2990225691 369.2323527225 191.9829031282
2.2457088193 -0.2690198173 -1.2941584072 367.9645319251 21.2853407904
2.1243149059 2.5165360083 -1.1599424087 141.9212799245 209.4067943536
2.2027673226 1.2739145926 -2.7746600208 328.0794547629 200.5940877707
1.7022931842 0.6034113149 -2.4383688156 365.6325937138 193.0788435434
2.2838413789 1.2710353105 -2.0665887182 292.1369005295 173.5547189221
1.3605142988 1.3279683397 -2.8167563008 343.2109008405 251.7599519408
0.8606978522 2.4381202060 -0.8605197644 86.9538888695 330.8988267035
2.8400527988 2.3293742471 -2.5758741647 259.4795361169 199.4413784222
-0.2118470871 -0.0163581002 -1.5873625828 516.7877448541 346.3052456924
1.9598271384 2.0807628825 -1.8172077782 232.7146357323 220.8596047955
-0.1823780494 -0.8635400208 -2.5844140384 611.2818744706 285.6497783522
-1.2292746160 0.8858709981 -2.9739817686 472.2993023860 472.3364928491
1.2977747122 2.7046068227 -2.0603174099 222.6390621774 295.9551032195
2.8920798147 2.1378650829 -2.5311623147 264.6281586358 190.1163998606
2.1800794479 -1.0439377960 -1.9029706145 470.1934812962 32.8173852416
2.7260240624 2.2495865463 -1.9352716347 225.9987637959 184.6181017746
2.4497479841 -1.5512437600 -2.3657692494 505.3310738657 29.6909430928
1.4521663042 -0.5399965625 -1.6630885379 454.4835392384 95.4461357567
0.6336242524 1.1783842050 -1.0552852102 239.7185825604 285.6160476833
2.3667225286 2.8706255632 -2.1373102295 213.0777884266 232.3446316298
2.9170283047 -1.1525861895 -2.5332101054 452.0969254445 47.7056325682
1.0749470139 -2.7742481684 -2.6710858845 748.3185436433 43.0063854669
0.2585293654 0.5934473492 -0.5108773483 221.9587641685 304.3878064686
2.2425741823 -1.7173131963 -2.8670343424 526.9955133622 70.8083666592
2.1983390802 1.3671984969 -1.0802983766 206.0447500285 132.8360737471
1.6075514943 0.3175726274 -1.9505948349 370.3728085453 164.5954243216
0.2277862557 -0.3340403307 -2.6300424523 512.6442026203 269.6566201296
0.7112279187 -0.6943231092 -2.1725083750 525.7115351062 187.6761156021
1.7824561088 1.2368809704 -0.1031601285 5.7853711814 38.8142597385
1.1504892931 -0.6627365524 -2.0403880364 492.3403159247 143.1049950238
1.2383180701 1.3099832525 -2.0678546936 310.1626474201 246.5745152420
1.3716637695 0.8792669647 -1.3574988410 288.9688447785 186.7705100885
0.9719223617 1.9689701437 -1.5625638722 226.3231738575 292.9757755668
2.8361755367 1.9949440335 -2.4556373968 268.1756954024 185.3684933802
0.9923400970 0.5709656991 -0.1292795507 51.9304181337 20.4375286381
0.7575916053 0.2523891601 -1.0951950878 364.8202954086 188.7702328133
0.0588398480 0.1345663759 -1.9919443238 469.0608399599 307.7233335091
1.4570043822 2.3114412965 -2.8657043889 290.7735312034 277.3218720615
2.7544963644 -1.4088225197 -2.8622308738 480.0525332771 64.2800932104
1.6781638844 1.7635796532 -1.0815039641 179.9056266828 201.7002500610
1.4697371940 1.7050643911 -2.6910499524 314.0098640955 256.4016189120
1.4997362677 2.2552284310 -1.7042058754 216.7230364271 259.7114714037
2.9010377035 -2.0761523624 -2.9764524155 522.7665950000 31.5388475914
2.4690198210 -0.8218292901 -1.7671497527 431.2290130231 20.1749711090
1.9711161295 2.5320500174 -0.8647562015 99.1294039817 211.7332700767
1.1375885433 -0.0063029323 -2.6361798873 436.0733813679 210.3373603100
1.5108970396 -1.3615313295 -2.9687420888 533.7540940713 134.2901660430
0.6325419191 2.6208530677 -2.3930825352 258.6638812680 344.8341749973
2.0870307964 0.3507490887 -2.2443769366 364.5082241926 150.0051559413
2.8407462338 2.6756664027 -1.3199547291 153.8046196332 174.5372111426
-1.0103194588 -0.8321822294 -2.8083801352 679.0136974846 395.0956821392
-0.3638610292 -0.9546125156 -1.7797905765 740.9277064887 299.3987257800
0.8583509219 1.9819683117 -2.4177920373 294.3156147639 306.3233769172
0.3303057821 0.2394415897 -2.7978580808 453.0151933685 287.3771793796
0.9955118727 -0.6900885001 -2.2663970244 505.2825966935 168.4770322363
1.9193600062 2.7960739311 -1.6739447817 181.3842855880 249.5644566763
2.8049534027 1.7549510628 -2.7261348255 292.7420579471 186.4881564520
2.9691898119 0.8306301282 -1.4718533968 269.5956275818 79.8917667331
1.4706806190 -0.4806013601 -2.0637464314 453.6929840146 132.2056148921
0.0746601060 0.5852067123 -2.6719971241 431.4657010877 324.3921835335
2.4239824816 0.7568461512 -2.0444246221 320.3631586469 140.6031681695
2.5332886341 0.3624403137 -0.8886724309 262.3516502205 8.6387934215
2.7230803671 2.1668952310 -1.0932890004 155.4213921136 145.5751729821
-0.0667491202 2.8893935758 -1.8135267343 197.4067789629 439.4284957799
2.8849499926 1.7528628131 -1.9172862492 248.1835827855 155.5351183607
1.1468270981 2.4561268263 -0.9711199181 111.3195718931 294.8789436790
1.7836301664 2.3017608285 -2.5962998189 273.1210341503 255.1131450056
1.7040403951 -1.8849249930 -2.4309656511 586.5857531682 50.7731356374
-0.3139309819 -0.3902845608 -2.9588867546 549.3978800586 322.7794447427
2.0330982211 1.2071025275 -0.3551796497 96.3844376266 55.6864166371
1.1730569531 1.2704948479 -1.1105960248 228.5998464002 222.2912187748
0.6570472120 0.4945068807 -1.4712885553 365.8527383004 243.9928436227
-1.1789359356 0.5890362018 -2.6866246034 501.1548796356 477.2654352263
0.7279847276 1.9901461379 -1.3627605785 204.1189658141 321.0322966954
1.5773005481 0.8563350408 -2.8473658583 367.3491509081 222.6698687988
1.7669752855 0.9690625695 -0.5529376649 161.3152887523 83.0177186142
2.3311839498 -0.9539271198 -2.8889311096 463.6100978965 107.4958029783
0.1346661905 -1.4032030397 -2.7868114016 642.5526893871 225.5321605071
0.4773538111 1.3095008612 -1.5680206608 291.7041451040 317.3347461555
-0.4791536927 2.3891232452 -2.6389828612 307.3413272114 436.5386201971
1.9631750106 0.7384015444 -1.1730532119 270.3250010874 112.5043229698
2.7390766891 1.4458832406 -1.4800111153 234.8152726299 127.1996040731
1.1137504699 -0.3175425869 -1.4064089642 442.6656732118 119.3152323826
2.9181215669 -0.3698662499 -2.9485027558 407.7272145755 110.2375096594
1.8142779780 2.3081898863 -0.8022692629 100.1609936944 210.2919356269
0.6772129729 -1.3872812868 -2.0826048477 632.1521782066 131.5273644036
0.5091662389 -1.5917825661 -1.9651756083 703.0197963404 116.8168757749
0.1815827826 2.0076210646 -1.8337579884 262.0540325314 379.8988339509
2.7857291322 0.2667104279 -2.9126554396 374.2477041441 139.7395375786
1.0562875771 0.1801981948 -0.5239100279 281.1243468234 47.4864304159
0.5522005358 2.0961738439 -1.3378655295 193.7583769051 348.6318658812
0.6331406616 -0.7213015916 -1.7853225676 545.4346676483 168.5574958334

gimbalangles:
-1.2946333680 0.4349132967 0.3992176289

end: