T_CW:
0.7522652804 -0.4869026703 0.4438724340 -0.0199121381
0.0804363398 -0.6007877490 -0.7953515424 -0.0532381391
0.6539319102 0.6340188249 -0.4127870958 -0.0582754703
0.0000000000 0.0000000000 0.0000000000 1.0000000000

T_CW_cov:
0.0000004246 -0.0000000606 -0.0000000661 0.0000001843 0.0000008721 0.0000000702
-0.0000000606 0.0000004003 -0.0000000163 -0.0000009042 -0.0000001624 -0.0000000596
-0.0000000661 -0.0000000163 0.0000003736 0.0000000869 -0.0000002005 -0.0000000070
0.0000001843 -0.0000009042 0.0000000869 0.0000026996 0.0000004920 0.0000003689
0.0000008721 -0.0000001624 -0.0000002005 0.0000004920 0.0000024096 0.0000002878
0.0000000702 -0.0000000596 -0.0000000070 0.0000003689 0.0000002878 0.0000008206

target_points_pix:
0.7583609253 0.4677505926 -2.4511855211 269.3213843597 472.2263491259
0.4525511890 1.4771543701 -0.3709931605 272.8944043256 128.7579649836
0.0134727521 1.9966532696 -2.2999075116 151.5688484553 303.9917997144
0.0713589459 2.8688959608 -0.9051086491 179.5687752617 123.1000952328
1.8324549851 0.5136414256 0.1050882143 571.6897842211 188.7682955908
0.8179732118 2.2948193458 -0.2082891874 301.4382331284 95.8394801959
0.4760255981 1.6652719494 -2.0074300235 221.0101795086 305.2445071137
1.5905470624 0.5227412081 -2.2990225691 364.7255351551 409.5658356664
0.8980708545 -0.2130090316 -0.3464988306 647.7186491047 429.9766233167
2.2457088193 -0.2690198173 -1.2941584072 542.3266721729 419.1428521204
-0.0197024909 1.9179607289 -0.7375181316 158.6200932189 135.8864514756
2.1243149059 2.5165360083 -1.1599424087 363.5949023464 206.0458004865
2.2027673226 1.2739145926 -2.7746600208 359.8460275833 353.1303481547
1.7022931842 0.6034113149 -2.4383688156 364.0942599510 403.5731030178
2.6388940522 0.2859068827 0.6616028722 700.6867651277 156.8419659538
2.2838413789 1.2710353105 -2.0665887182 387.8669846015 318.5741923387
1.8436071198 -0.3614789899 -0.5329186283 652.9628909619 396.3519258437
2.6356910408 1.1581813945 0.7110316627 572.4286261542 113.0093838647
1.3605142988 1.3279683397 -2.8167563008 299.4551030705 367.2670985577
0.8606978522 2.4381202060 -0.8605197644 280.7417138497 162.8498736933
2.2974160006 1.1434337072 1.1115312662 608.0287052045 35.7804901627
1.8636994645 0.9851570773 0.8625067980 592.8589100606 39.7958696110
2.8400527988 2.3293742471 -2.5758741647 366.6759170274 285.5796124594
2.4952987901 1.9204534977 1.3630564139 541.1967699628 12.8563667289
1.9598271384 2.0807628825 -1.8172077782 348.5351298852 261.2529427901
1.2977747122 2.7046068227 -2.0603174099 283.2577108480 244.6397874752
2.8920798147 2.1378650829 -2.5311623147 374.8233430894 291.2308617345
-0.8911796826 2.9815497203 -1.4877817901 11.2824459305 144.2580254192
2.7260240624 2.2495865463 -1.9352716347 379.9486055373 261.3741914695
1.1135292309 2.9590436052 0.6041369903 338.3264683765 5.5712062538
0.6336242524 1.1783842050 -1.0552852102 283.2587187831 259.7717972441
2.3667225286 2.8706255632 -2.1373102295 341.8012915439 245.7366273560
0.2585293654 0.5934473492 -0.5108773483 257.1801004626 245.7727449143
2.3235776381 -0.6902499417 -1.1799127502 622.0450345347 477.9623076218
2.1983390802 1.3671984969 -1.0802983766 418.8894435256 253.6564996103
1.6075514943 0.3175726274 -1.9505948349 395.6101700437 413.1712610703
1.7824561088 1.2368809704 -0.1031601285 459.3798499167 168.3060012147
2.6588510636 -0.1466194073 -0.3037086062 645.9964443293 308.9485467986
1.2383180701 1.3099832525 -2.0678546936 311.6316477816 329.5141431561
0.7871674616 2.0424983208 0.2012990387 326.9750529102 40.0127923362
1.3716637695 0.8792669647 -1.3574988410 372.7694327444 314.6013478139
0.9719223617 1.9689701437 -1.5625638722 283.4289491406 248.1584040740
2.8361755367 1.9949440335 -2.4556373968 378.3173484473 294.4338880014
0.9923400970 0.5709656991 -0.1292795507 469.4446367561 188.3892016352
2.6984458114 1.3496573022 0.7124865195 553.2899926973 109.8120948204
0.7575916053 0.2523891601 -1.0951950878 361.6810298009 407.2790325847
0.8962104592 2.8887750237 0.0742970148 300.7246549376 55.1586381559
2.4003927181 0.1999549924 -0.1597382894 605.1178144789 260.2789444241
1.4570043822 2.3114412965 -2.8657043889 284.8091151732 304.9078116507
1.6781638844 1.7635796532 -1.0815039641 366.4522274458 229.0253187928
1.4697371940 1.7050643911 -2.6910499524 301.6567320019 331.5688619070
1.4997362677 2.2552284310 -1.7042058754 316.0883854273 244.9262142371
1.9711161295 2.5320500174 -0.8647562015 363.4874457122 184.4136773240
0.6325419191 2.6208530677 -2.3930825352 223.7772709347 265.9387565399
2.0870307964 0.3507490887 -2.2443769366 413.1247475199 406.3078518810
2.2683739193 1.5151538458 1.0720505343 552.5169554671 36.0339837895
2.8407462338 2.6756664027 -1.3199547291 388.7930529519 216.7102684116
0.8583509219 1.9819683117 -2.4177920373 251.5326321460 305.1110586516
0.7902253300 -0.0498267092 -0.2495925517 598.0343997239 348.0203707103
1.9193600062 2.7960739311 -1.6739447817 330.3268946589 223.0606866569
2.8049534027 1.7549510628 -2.7261348255 376.6901417546 316.9396581943
2.9691898119 0.8306301282 -1.4718533968 467.9075965736 308.4241094922
2.4239824816 0.7568461512 -2.0444246221 420.2049164598 350.9849171320
2.5332886341 0.3624403137 -0.8886724309 519.8957691710 310.0327583888
2.7230803671 2.1668952310 -1.0932890004 408.6883364423 221.3734920371
-0.0667491202 2.8893935758 -1.8135267343 152.8292110680 205.0250252442
2.8849499926 1.7528628131 -1.9172862492 404.0919891442 281.6796160956
1.1468270981 2.4561268263 -0.9711199181 303.4690722711 179.1236504527
1.8638170845 2.7136824619 0.0667283887 382.9464899785 105.2357197725
1.7836301664 2.3017608285 -2.5962998189 312.2226130434 290.8652428864
2.0330982211 1.2071025275 -0.3551796497 459.7993584026 203.0186590590
1.1730569531 1.2704948479 -1.1105960248 344.7843231065 259.2242194606
0.6570472120 0.4945068807 -1.4712885553 296.9181963082 403.1854572441
0.7279847276 1.9901461379 -1.3627605785 262.1685786718 227.9793600317
1.5773005481 0.8563350408 -2.8473658583 329.0973815110 403.3875747754
0.7664780110 2.9653914697 -0.1033146028 279.8806461930 66.4346256204
1.7669752855 0.9690625695 -0.5529376649 448.7659232287 232.6858866999
1.1060195470 2.4830620612 0.3854567192 349.1795970338 34.5956914727
2.8833560441 2.6773336796 -0.2468877160 424.1110906028 157.1650871025
2.7832056284 2.7310910625 0.6875618561 453.9320073390 87.2976276646
0.4773538111 1.3095008612 -1.5680206608 236.6092423427 301.6646688643
-0.4791536927 2.3891232452 -2.6389828612 81.1306371329 301.6177803506
1.9631750106 0.7384015444 -1.1730532119 439.5022940659 305.7081216152
2.7390766891 1.4458832406 -1.4800111153 425.6632314840 274.8334884343
2.9181215669 -0.3698662499 -2.9485027558 464.6467684544 474.2764953053
1.8142779780 2.3081898863 -0.8022692629 363.9264315298 185.2675984634
0.1815827826 2.0076210646 -1.8337579884 181.5247874140 264.0261099692
2.7857291322 0.2667104279 -2.9126554396 425.4933008945 419.2584798666
1.8809823717 2.0841163296 0.5893151287 444.3574686396 65.3401982911
1.0562875771 0.1801981948 -0.5239100279 489.5246426653 324.7938635297
0.5522005358 2.0961738439 -1.3378655295 240.0467289807 217.1044796625

gimbalangles:
-0.4788549649 -0.4598279564 -0.9964231654

end: