T_CW:
-0.0889731783 -0.9664516386 0.2409460600 0.2000108176
-0.0013906648 -0.2417846808 -0.9703289309 0.3930089457
0.9960330515 -0.0866683242 0.0201683413 -0.2356986067
0.0000000000 0.0000000000 0.0000000000 1.0000000000

T_CW_cov:
0.0000003453 0.0000000171 -0.0000000104 -0.0000000600 0.0000007328 0.0000000163
0.0000000171 0.0000002043 -0.0000000002 -0.0000005345 0.0000000353 -0.0000000523
-0.0000000104 -0.0000000002 0.0000002243 -0.0000000663 -0.0000000166 0.0000000016
-0.0000000600 -0.0000005345 -0.0000000663 0.0000019620 -0.0000001223 0.0000002427
0.0000007328 0.0000000353 -0.0000000166 -0.0000001223 0.0000020812 0.0000000612
0.0000000163 -0.0000000523 0.0000000016 0.0000002427 0.0000000612 0.0000006580

target_points_pix:
2.8469624497 -1.2706155376 -0.4268351525 471.6070434422 338.8160178481
1.2955616386 -1.4164051859 0.0125195018 674.6265943282 387.8371652782
2.9185907309 1.9178459633 1.8610296438 235.6906584123 60.5457536406
2.6305978994 -2.5336026126 1.4089481569 628.1272234285 206.0425075658
2.5591223247 -0.0443953625 0.5219552533 389.7812279565 228.6419685954
1.8324549851 0.5136414256 0.1050882143 307.1115749296 265.2675438772
2.2959027539 -0.3651612911 1.0377432566 444.4689970425 178.4437735860
2.3041003494 -2.2990699818 1.7052507894 652.3387578829 164.5711195535
2.2457088193 -0.2690198173 -1.2941584072 369.0403307474 446.3338972352
2.0176283046 -1.3083910700 2.4854543714 610.2274175839 26.6258935213
2.2385537561 -1.8200234489 -0.7064504535 555.1311594574 411.5151691333
2.8752574486 -1.5801047162 -0.1999385455 499.7761762930 324.1034856438
1.0143189639 -0.1834378360 0.2340703772 480.1205929048 303.2412913254
1.3939397812 -1.4548252074 -0.2639512733 644.8598499581 429.3361734731
2.6388940522 0.2859068827 0.6616028722 360.0502181444 206.9247993640
1.8436071198 -0.3614789899 -0.5329186283 413.5714539537 387.8564594506
2.6356910408 1.1581813945 0.7110316627 271.8919156256 178.7142122251
2.2974160006 1.1434337072 1.1115312662 272.1294300398 121.4271378286
1.8636994645 0.9851570773 0.8625067980 264.6791128264 132.7060772050
2.9486415274 -2.6758647837 -1.6358413215 553.2155477079 458.5505137692
2.4952987901 1.9204534977 1.3630564139 197.6272744520 79.5334485550
2.5258584135 -2.8592762385 -0.6116947642 624.4562502830 400.6241846443
2.8920798147 2.1378650829 -2.5311623147 100.7352442931 473.0967854049
2.7260240624 2.2495865463 -1.9352716347 86.3031228113 424.8974497594
2.3241395539 -2.8069241618 -0.5895953926 643.8027609270 411.0947490229
2.6278435143 1.8946618219 1.8255796272 222.5154510736 42.1779783615
2.6912848041 -2.1106228893 -0.6993441011 544.4373065074 385.6588084964
2.2863225682 -1.1407866103 2.4543879926 562.0912170964 50.3896841292
1.5889353798 -2.3704226469 0.0978376196 744.7531257219 374.8087773374
2.4841714159 1.4051269004 1.6262681959 263.9679618551 67.4533404383
2.7991553079 -1.1303929253 0.2989914414 476.9801521303 273.3403941985
2.3235776381 -0.6902499417 -1.1799127502 418.2726446569 434.0300404304
2.1983390802 1.3671984969 -1.0802983766 164.7745301574 387.3611682663
2.0950124471 -0.5055487376 0.8267820771 463.8503090981 203.0645587123
1.7824561088 1.2368809704 -0.1031601285 176.0613879455 271.7580781916
2.6588510636 -0.1466194073 -0.3037086062 378.5744979556 311.7053314395
2.2538497045 -0.9608366362 1.2047620648 514.3817172467 177.3174335316
2.3780720027 -0.0837965984 2.0767695085 438.3815679780 61.5863732602
2.9680979097 -2.4510036395 1.5364771412 593.4726551197 198.1296491861
2.8361755367 1.9949440335 -2.4556373968 112.8093841449 473.3775200301
2.0821692119 -1.0065134618 0.4658650749 512.7485430105 262.4972057126
1.2103062974 0.1184933070 0.6222756592 406.9234847860 179.7239133658
0.9923400970 0.5709656991 -0.1292795507 212.7078238474 370.5069650091
2.6984458114 1.3496573022 0.7124865195 254.2985380860 175.1126798380
1.6820117367 -2.6908657484 -0.4410075725 745.1376320289 452.8564611430
1.4393502068 -0.3605422360 0.5295601244 482.3262860385 232.5504800588
2.4819671509 -1.0003026340 -0.6462119426 457.9621235573 371.0987742697
2.4003927181 0.1999549924 -0.1597382894 347.3765256335 295.8694946051
1.6781638844 1.7635796532 -1.0815039641 8.3582621154 433.5863884257
2.8599623337 -1.4393414243 0.8130817700 510.3070123778 235.0701261733
2.8028733044 -1.8940930289 0.2984196099 539.5323783902 288.7185893143
2.2679231297 1.6166728105 1.6066018340 226.5401835499 42.5352893742
1.5339740108 -0.0088084180 1.0042570867 432.8614109310 132.7070661564
2.2683739193 1.5151538458 1.0720505343 223.0638609561 111.5019878773
2.8407462338 2.6756664027 -1.3199547291 68.9426882475 345.4311672626
2.5245239422 -1.9046691708 0.2882304037 561.4441981811 296.0274425441
1.2961433232 -0.2137759639 0.8682376054 485.9916608467 151.0334884739
2.5432224523 -0.6373923841 0.7409534547 453.5856202490 221.6690919779
2.9691898119 0.8306301282 -1.4718533968 262.7778491237 388.5275456979
1.9577623473 1.9570472736 1.2495788176 133.7313776124 40.1705377147
2.3703281476 -2.2094223224 -0.8768088657 576.4035825810 426.1381231411
2.5332886341 0.3624403137 -0.8886724309 311.5593864077 365.3968451632
2.7230803671 2.1668952310 -1.0932890004 118.8586235139 338.4701554447
1.9507874860 -0.6407648270 1.0479185312 497.3485491560 175.4478518529
1.3270867205 -0.5234995568 1.3446707796 565.8037547612 75.0793267964
2.8849499926 1.7528628131 -1.9172862492 156.4151070068 420.0893069188
1.6796342927 -1.3761458959 -0.5238268143 571.4513928088 432.5395772715
2.0330982211 1.2071025275 -0.3551796497 197.2449463602 303.2569102688
1.5235769822 -1.1851647188 1.3670204011 638.6391627567 128.6704469632
2.8384515790 -2.7845431762 0.8899561949 617.2752844508 256.5571661283
2.5609837967 -2.9277062911 -1.0449301538 617.3760685847 440.2297654934
1.7669752855 0.9690625695 -0.5529376649 201.6347409672 356.7862494242
1.8439066339 -0.9471699808 1.1522247373 549.1874956812 168.7851276467
1.4488983111 0.6617484764 1.0469220162 310.2163414708 77.7735743862
2.7059739807 -0.7331271193 0.7287971851 455.8480010142 226.3137798282
2.8833560441 2.6773336796 -0.2468877160 102.4658199121 237.8786436836
1.9496769023 -1.6101641628 0.3732577648 593.5498359942 293.9150238625
2.7832056284 2.7310910625 0.6875618561 111.9167846323 141.1198268488
0.7034332180 -0.0654622727 0.4930513506 536.1462588750 203.7884951357
1.9631750106 0.7384015444 -1.1730532119 231.1920466612 439.7966688234
2.7390766891 1.4458832406 -1.4800111153 189.4026999850 392.1489254063
1.6947515968 -1.6709432923 1.9441946478 690.3333981186 77.9824728058
1.3192468384 -0.5366856561 1.1335808896 559.7236041850 117.7693955082
2.3746660379 0.5242174031 1.6523616679 361.5881584150 86.3501940015
1.8809823717 2.0841163296 0.5893151287 72.5233943312 126.7881674712

gimbalangles:
-0.4788549649 -0.4598279564 -0.9964231654

end: