T_CW:
-0.0889346239 -0.9664307716 0.2410439717 0.1999019896
-0.0012177460 -0.2418972371 -0.9703011099 0.3926942095
0.9960367211 -0.0865868946 0.0203361726 -0.2356756365
0.0000000000 0.0000000000 0.0000000000 1.0000000000

T_CW_cov:
0.0000003454 0.0000000171 -0.0000000104 -0.0000000601 0.0000007330 0.0000000160
0.0000000171 0.0000002043 -0.0000000002 -0.0000005346 0.0000000354 -0.0000000522
-0.0000000104 -0.0000000002 0.0000002243 -0.0000000662 -0.0000000166 0.0000000016
-0.0000000601 -0.0000005346 -0.0000000662 0.0000019622 -0.0000001225 0.0000002426
0.0000007330 0.0000000354 -0.0000000166 -0.0000001225 0.0000020818 0.0000000606
0.0000000160 -0.0000000522 0.0000000016 0.0000002426 0.0000000606 0.0000006580

target_points_pix:
2.8469624497 -1.2706155376 -0.4268351525 471.3680830278 339.0686673870
1.2955616386 -1.4164051859 0.0125195018 674.3048267751 388.3342708370
2.9185907309 1.9178459633 1.8610296438 236.0660014728 60.6053029194
2.6305978994 -2.5336026126 1.4089481569 628.0468031225 206.0900407753
2.5591223247 -0.0443953625 0.5219552533 390.3572071021 228.6426193583
1.8324549851 0.5136414256 0.1050882143 307.9184398873 264.9541692907
2.2959027539 -0.3651612911 1.0377432566 443.9602883557 178.8936551056
2.3041003494 -2.2990699818 1.7052507894 652.7666085254 164.7786463475
2.2457088193 -0.2690198173 -1.2941584072 368.8983223028 446.4346566304
2.0176283046 -1.3083910700 2.4854543714 610.5291195950 26.6775806349
2.2385537561 -1.8200234489 -0.7064504535 555.4431190573 411.3438529232
2.8752574486 -1.5801047162 -0.1999385455 499.9572176227 323.8277234358
1.0143189639 -0.1834378360 0.2340703772 480.1276017613 303.1995107448
1.3939397812 -1.4548252074 -0.2639512733 644.2879158370 429.2793237339
2.6388940522 0.2859068827 0.6616028722 359.9350967277 206.7856127922
1.8436071198 -0.3614789899 -0.5329186283 413.4128117593 387.8285121853
2.6356910408 1.1581813945 0.7110316627 272.3418264225 178.9169601577
2.2974160006 1.1434337072 1.1115312662 272.1492560481 121.4759501308
1.8636994645 0.9851570773 0.8625067980 264.4402661091 132.9300198548
2.9486415274 -2.6758647837 -1.6358413215 552.8168352079 458.2050236401
2.4952987901 1.9204534977 1.3630564139 197.6572904125 79.6589228594
2.5258584135 -2.8592762385 -0.6116947642 624.5570260514 400.4546109583
2.8920798147 2.1378650829 -2.5311623147 100.9755175566 473.5293846287
2.7260240624 2.2495865463 -1.9352716347 86.4271448889 425.1076085775
2.3241395539 -2.8069241618 -0.5895953926 643.5710529756 411.6814712988
2.6278435143 1.8946618219 1.8255796272 222.8152491916 42.1114220884
2.6912848041 -2.1106228893 -0.6993441011 544.4901493355 385.6367780693
2.2863225682 -1.1407866103 2.4543879926 561.6358692049 50.1857007457
1.5889353798 -2.3704226469 0.0978376196 744.4970796844 375.0173929659
2.4841714159 1.4051269004 1.6262681959 264.4784950344 67.2480084100
2.7991553079 -1.1303929253 0.2989914414 476.7917108296 273.3446875435
2.3235776381 -0.6902499417 -1.1799127502 418.4566313454 433.9133397872
2.1983390802 1.3671984969 -1.0802983766 164.8230044312 387.5632622450
2.0950124471 -0.5055487376 0.8267820771 463.7818500318 203.1275231008
1.7824561088 1.2368809704 -0.1031601285 175.7452491322 271.6851233185
2.6588510636 -0.1466194073 -0.3037086062 378.1995721981 311.7670123528
2.2538497045 -0.9608366362 1.2047620648 514.5186938313 177.0697398758
2.3780720027 -0.0837965984 2.0767695085 438.4362178925 61.6969774009
2.9680979097 -2.4510036395 1.5364771412 593.4430472352 198.0641393247
2.8361755367 1.9949440335 -2.4556373968 112.5564074996 474.0469062268
2.0821692119 -1.0065134618 0.4658650749 512.8303776358 262.2637299828
1.2103062974 0.1184933070 0.6222756592 407.0947570649 179.4372463749
0.9923400970 0.5709656991 -0.1292795507 212.6101423149 370.4504608722
2.6984458114 1.3496573022 0.7124865195 254.6786665129 174.6752823230
1.6820117367 -2.6908657484 -0.4410075725 745.5109552155 452.7121458963
1.4393502068 -0.3605422360 0.5295601244 482.3387641495 232.3057714290
2.4819671509 -1.0003026340 -0.6462119426 457.9759801693 371.3746402829
2.4003927181 0.1999549924 -0.1597382894 347.3785858273 296.0724779885
1.6781638844 1.7635796532 -1.0815039641 8.2234332455 433.9548510723
2.8599623337 -1.4393414243 0.8130817700 509.4290087627 234.8637284007
2.8028733044 -1.8940930289 0.2984196099 539.7213962416 289.0822920346
2.2679231297 1.6166728105 1.6066018340 226.9201252574 42.5176988167
1.5339740108 -0.0088084180 1.0042570867 432.9010313510 132.2908625303
2.2683739193 1.5151538458 1.0720505343 222.7063265119 111.2073566236
2.8407462338 2.6756664027 -1.3199547291 69.0991213452 345.7302259805
2.5245239422 -1.9046691708 0.2882304037 561.3287043833 295.6055262994
1.2961433232 -0.2137759639 0.8682376054 486.0984825568 151.1044545754
2.5432224523 -0.6373923841 0.7409534547 453.5407701624 221.9337167596
2.9691898119 0.8306301282 -1.4718533968 262.4744967925 388.6761730090
1.9577623473 1.9570472736 1.2495788176 134.1626377579 40.1185254086
2.3703281476 -2.2094223224 -0.8768088657 576.7313689155 426.1374189172
2.5332886341 0.3624403137 -0.8886724309 311.0705232853 365.1491738611
2.7230803671 2.1668952310 -1.0932890004 119.2016185761 338.4075874007
1.9507874860 -0.6407648270 1.0479185312 497.0781009332 175.7800001354
1.3270867205 -0.5234995568 1.3446707796 565.4960084709 75.3689966277
2.8849499926 1.7528628131 -1.9172862492 156.4437736215 420.3958352646
1.6796342927 -1.3761458959 -0.5238268143 571.5510091695 432.0620129092
2.0330982211 1.2071025275 -0.3551796497 197.5482741400 303.3094658266
1.5235769822 -1.1851647188 1.3670204011 639.2711132787 128.3416205920
2.8384515790 -2.7845431762 0.8899561949 617.2361275994 256.8438933820
2.5609837967 -2.9277062911 -1.0449301538 617.5878008790 440.2391200948
1.7669752855 0.9690625695 -0.5529376649 201.4282204230 356.5410452654
1.8439066339 -0.9471699808 1.1522247373 549.6507363691 168.9688935857
1.4488983111 0.6617484764 1.0469220162 310.1883919902 77.1980565962
2.7059739807 -0.7331271193 0.7287971851 455.4858834203 226.2495564928
2.8833560441 2.6773336796 -0.2468877160 102.4855047492 237.4808387278
1.9496769023 -1.6101641628 0.3732577648 593.7812811662 294.3917481660
2.7832056284 2.7310910625 0.6875618561 111.7926095033 141.8909607408
0.7034332180 -0.0654622727 0.4930513506 535.7567307264 203.9594534753
1.9631750106 0.7384015444 -1.1730532119 231.3232909346 439.3528165434
2.7390766891 1.4458832406 -1.4800111153 189.2543563481 392.3149844723
1.6947515968 -1.6709432923 1.9441946478 690.7222829231 78.5106116561
1.3192468384 -0.5366856561 1.1335808896 559.4486493162 117.5886916286
2.3746660379 0.5242174031 1.6523616679 361.7215680966 86.3521550898
1.8809823717 2.0841163296 0.5893151287 72.5973060271 126.6078868230

gimbalangles:
-1.2946333680 0.4349132967 0.3992176289

end: