T_CW:
-0.0891310459 -0.9663600394 0.2412549086 0.2004312582
-0.0012397587 -0.2421111360 -0.9702477317 0.3925927156
0.9960191362 -0.0867782930 0.0203815655 -0.2355896080
0.0000000000 0.0000000000 0.0000000000 1.0000000000

T_CW_cov:
0.0000003454 0.0000000171 -0.0000000104 -0.0000000601 0.0000007331 0.0000000160
0.0000000171 0.0000002044 -0.0000000002 -0.0000005348 0.0000000354 -0.0000000525
-0.0000000104 -0.0000000002 0.0000002243 -0.0000000662 -0.0000000164 0.0000000016
-0.0000000601 -0.0000005348 -0.0000000662 0.0000019631 -0.0000001226 0.0000002433
0.0000007331 0.0000000354 -0.0000000164 -0.0000001226 0.0000020822 0.0000000606
0.0000000160 -0.0000000525 0.0000000016 0.0000002433 0.0000000606 0.0000006582

target_points_pix:
2.8469624497 -1.2706155376 -0.4268351525 471.1857309646 338.9187038148
1.2955616386 -1.4164051859 0.0125195018 674.4270786272 387.9060506540
2.9185907309 1.9178459633 1.8610296438 235.9456064379 60.7368865588
2.6305978994 -2.5336026126 1.4089481569 628.4033357031 206.1492659199
2.5591223247 -0.0443953625 0.5219552533 390.1041392674 228.8162796817
1.8324549851 0.5136414256 0.1050882143 307.2106861626 265.3893476231
2.2959027539 -0.3651612911 1.0377432566 444.2960967058 178.8281997223
2.3041003494 -2.2990699818 1.7052507894 652.1884389134 164.5547458070
2.2457088193 -0.2690198173 -1.2941584072 368.7446270427 446.5116470706
2.0176283046 -1.3083910700 2.4854543714 610.7604936211 27.0075530529
2.2385537561 -1.8200234489 -0.7064504535 555.2499995265 411.3558453871
2.8752574486 -1.5801047162 -0.1999385455 499.9568655410 324.2933522557
1.0143189639 -0.1834378360 0.2340703772 479.7651195287 303.1978113643
1.3939397812 -1.4548252074 -0.2639512733 644.7177953012 429.2121819718
2.6388940522 0.2859068827 0.6616028722 360.2104900709 206.9548809579
1.8436071198 -0.3614789899 -0.5329186283 413.5672467171 388.2625737819
2.6356910408 1.1581813945 0.7110316627 271.8947697758 178.7240181754
2.2974160006 1.1434337072 1.1115312662 272.3992438050 121.4574428051
1.8636994645 0.9851570773 0.8625067980 264.6704174659 132.8799553735
2.9486415274 -2.6758647837 -1.6358413215 552.5961267104 458.2974666957
2.4952987901 1.9204534977 1.3630564139 197.8413656377 79.5920248398
2.5258584135 -2.8592762385 -0.6116947642 624.1440240488 400.4381910244
2.8920798147 2.1378650829 -2.5311623147 100.5615764721 473.2939209877
2.7260240624 2.2495865463 -1.9352716347 86.0630931558 424.7449199463
2.3241395539 -2.8069241618 -0.5895953926 643.6598448532 411.1358400060
2.6278435143 1.8946618219 1.8255796272 222.6540213953 41.9604758858
2.6912848041 -2.1106228893 -0.6993441011 544.7587197871 385.6348825540
2.2863225682 -1.1407866103 2.4543879926 561.8196210794 49.9889184413
1.5889353798 -2.3704226469 0.0978376196 744.6655235720 374.8954686691
2.4841714159 1.4051269004 1.6262681959 263.8606754881 67.9339189017
2.7991553079 -1.1303929253 0.2989914414 476.9197880264 273.3876543215
2.3235776381 -0.6902499417 -1.1799127502 418.3715063991 434.5088103207
2.1983390802 1.3671984969 -1.0802983766 165.1657712332 387.1493350723
2.0950124471 -0.5055487376 0.8267820771 464.2690289338 202.7983335793
1.7824561088 1.2368809704 -0.1031601285 175.7761377457 271.6370146559
2.6588510636 -0.1466194073 -0.3037086062 378.7506615561 311.8407276245
2.2538497045 -0.9608366362 1.2047620648 514.3253573249 177.3694590619
2.3780720027 -0.0837965984 2.0767695085 438.5709242737 61.5113225303
2.9680979097 -2.4510036395 1.5364771412 593.7417439749 198.2216080653
2.8361755367 1.9949440335 -2.4556373968 112.1608012262 473.7631751839
2.0821692119 -1.0065134618 0.4658650749 512.8108650026 262.3562271981
1.2103062974 0.1184933070 0.6222756592 407.3604891998 179.4844125036
0.9923400970 0.5709656991 -0.1292795507 212.5004294789 370.2044134024
2.6984458114 1.3496573022 0.7124865195 254.7036610913 175.2244947911
1.6820117367 -2.6908657484 -0.4410075725 744.6567153931 453.0415131418
1.4393502068 -0.3605422360 0.5295601244 482.3131650669 232.7619328516
2.4819671509 -1.0003026340 -0.6462119426 458.2280767009 371.4478974857
2.4003927181 0.1999549924 -0.1597382894 347.7580489805 295.2387333356
1.6781638844 1.7635796532 -1.0815039641 8.1294330137 433.9584727245
2.8599623337 -1.4393414243 0.8130817700 509.5819237885 234.9606437895
2.8028733044 -1.8940930289 0.2984196099 540.2309929787 289.0512622474
2.2679231297 1.6166728105 1.6066018340 226.7126355078 42.7758362313
1.5339740108 -0.0088084180 1.0042570867 433.0101644754 132.4978401553
2.2683739193 1.5151538458 1.0720505343 222.4284952346 111.0148056756
2.8407462338 2.6756664027 -1.3199547291 68.9109448591 345.6637209937
2.5245239422 -1.9046691708 0.2882304037 561.4336746539 295.6720603653
1.2961433232 -0.2137759639 0.8682376054 486.2720219327 150.8332184168
2.5432224523 -0.6373923841 0.7409534547 453.8545012173 221.6854294700
2.9691898119 0.8306301282 -1.4718533968 262.4443802746 388.7935103199
1.9577623473 1.9570472736 1.2495788176 134.3650643840 40.2006361678
2.3703281476 -2.2094223224 -0.8768088657 576.1556750509 426.5018317611
2.5332886341 0.3624403137 -0.8886724309 311.3430096252 365.1682434272
2.7230803671 2.1668952310 -1.0932890004 119.1630907661 338.4717336196
1.9507874860 -0.6407648270 1.0479185312 496.8036674042 175.5913688452
1.3270867205 -0.5234995568 1.3446707796 565.6147447742 75.5422193708
2.8849499926 1.7528628131 -1.9172862492 156.4385233019 420.1219480530
1.6796342927 -1.3761458959 -0.5238268143 571.3236145818 432.2876746750
2.0330982211 1.2071025275 -0.3551796497 197.8224454109 303.2306051477
1.5235769822 -1.1851647188 1.3670204011 638.8998123070 127.9267740725
2.8384515790 -2.7845431762 0.8899561949 617.1288794429 256.4060455546
2.5609837967 -2.9277062911 -1.0449301538 617.6011596564 440.1664078701
1.7669752855 0.9690625695 -0.5529376649 201.3989852039 356.2008996807
1.8439066339 -0.9471699808 1.1522247373 549.4681332229 169.2127684725
1.4488983111 0.6617484764 1.0469220162 310.5498592225 77.2029910354
2.7059739807 -0.7331271193 0.7287971851 455.7704230454 226.1922950031
2.8833560441 2.6773336796 -0.2468877160 102.7653828787 237.4057557576
1.9496769023 -1.6101641628 0.3732577648 593.2879860274 294.0163109986
2.7832056284 2.7310910625 0.6875618561 111.6693914602 141.3268490481
0.7034332180 -0.0654622727 0.4930513506 536.2749491293 204.0426222544
1.9631750106 0.7384015444 -1.1730532119 231.1623304308 439.3928137081
2.7390766891 1.4458832406 -1.4800111153 189.4057700097 391.8351585202
1.6947515968 -1.6709432923 1.9441946478 690.3711524993 78.2286865680
1.3192468384 -0.5366856561 1.1335808896 559.7529457000 117.5297092813
2.3746660379 0.5242174031 1.6523616679 361.9236927865 86.8543534990
1.8809823717 2.0841163296 0.5893151287 72.3952217789 126.4622767535

gimbalangles:
-1.3797999940 0.4371429619 -1.2161419145

end: