T_CW:
0.5328440949 -0.7366817745 0.4163857991 -0.0204879033
0.7007567755 0.6599697518 0.2708871875 -0.0171477071
-0.4743596864 0.1474445317 0.8678957299 0.0132682814
0.0000000000 0.0000000000 0.0000000000 1.0000000000

T_CW_cov:
0.0000005215 -0.0000001087 -0.0000000197 0.0000002497 0.0000011351 0.0000000327
-0.0000001087 0.0000003667 0.0000000249 -0.0000009765 -0.0000002086 0.0000000016
-0.0000000197 0.0000000249 0.0000002257 -0.0000000808 -0.0000000385 -0.0000000010
0.0000002497 -0.0000009765 -0.0000000808 0.0000031773 0.0000004693 -0.0000000189
0.0000011351 -0.0000002086 -0.0000000385 0.0000004693 0.0000030512 0.0000000170
0.0000000327 0.0000000016 -0.0000000010 -0.0000000189 0.0000000170 0.0000005537

target_points_pix:
-2.8948441399 0.6269529752 1.2765981320 235.5434169269 119.6610246402
-1.7842749994 0.3589897521 1.3896783254 300.3303417375 165.2416430967
0.4101131736 0.5362741924 2.2116901022 471.7714395461 402.5122279090
0.3768682695 1.5477426008 2.0531356562 361.6119374345 478.6182914247
-2.7560724588 -1.2194953932 1.9192833866 393.2562716539 47.3561524330
0.0462699197 -0.8578527772 1.6217053210 624.4819619278 218.7069486776
-2.3803740549 2.2241037003 1.1999952244 141.3702767394 249.5312473985
-1.6797658353 0.4497206555 0.9246442775 251.2236505524 146.2509052682
-0.1910322562 1.2311524432 2.2972743069 367.4192358628 375.7884487186
-2.9630438574 1.2498685434 0.2703220651 58.2938493655 82.0776083301
0.1060971975 -1.5869797388 2.1014893325 699.2892563401 173.8790922621
-0.8454043785 2.6955158446 1.3401100284 142.5304353040 427.0326395943
-2.1145543690 2.5368280306 1.6527436758 176.1020927527 292.8882648579
-0.1801198384 -0.5479985749 1.3114649932 549.7129447347 208.3600221617
0.2911990845 0.4534318924 1.9094584180 465.0987893215 391.5798553216
0.4256399553 -1.6947218047 2.8575435986 688.4368376920 231.8200675171
-1.9740008485 0.2407913313 0.2379810357 141.5582965311 0.6274480451
-1.9416308981 -1.1170647662 2.7064884155 445.2172779274 132.5593886618
-2.1987197781 2.6869103662 1.2249913925 119.2716662042 292.2272765774
0.3042496640 -0.7297572688 1.2382640873 721.1034752687 253.9357512483
-0.2146575641 -0.5046357991 1.9549094726 521.3567888584 243.4178332537
-1.8055531173 -2.3431906182 2.2358729284 540.0155334636 21.3692936988
-0.8437154314 1.5526174756 2.5041567278 326.1210514629 334.0629334420
-1.4715007191 1.0947300271 1.7225109219 283.8573673658 253.5284147264
-1.6281093659 -0.3303049794 1.0078361132 341.4974634787 74.1501825137
-2.4109286583 1.5240721805 0.6122623179 100.5503287878 171.8878688071
-0.4403439149 0.7830369850 1.9775365700 374.1864113792 325.0037192338
0.3802981729 -1.2987431511 2.1045967176 707.3563487007 233.1833609405
-1.9557092750 -0.1852068968 1.1358403326 317.5030293602 86.1232719670
-0.9402351494 -1.2005288970 2.4392588703 514.0940605665 158.2624588858
-0.3089028941 2.6625183818 2.6735419307 288.4749713244 428.8100451399
-0.3823346286 -2.6004217608 2.8138227545 682.6805315274 106.3653493312
0.3581181741 0.7410917287 2.9171161179 457.1014414809 386.7930357108
-0.8537239679 1.5280305348 1.0098617859 187.3456570837 345.8671489928
-0.2089443667 -2.2213772583 2.7520224592 670.2603286174 141.4028651489
0.0001974302 0.4256021854 2.6457210473 453.3461730798 339.6806576820
-1.8400861476 0.6802285019 2.7417002054 349.5179079988 231.4743130545
0.0799047365 -1.4043005573 2.5796705873 632.4226488805 216.5937683879
-2.2600804841 2.7042386112 2.9957597684 258.5856952453 298.4137482946
-2.2552646269 1.6043643505 1.8194632491 238.0885168166 235.9632430559
-0.4663553090 -0.8967115007 0.8784296744 587.3273837722 44.0445353053
-0.7198827339 0.7791230628 0.4858749195 164.5315076589 273.1790419033
-1.2364746597 -0.8307857292 2.2308155062 461.7323837525 157.0448626191
-1.2146827552 0.4313236250 0.0528315889 42.1551589895 42.8209036606
-1.8310523068 -0.1889451984 1.5644050636 352.7149040365 129.9168330628
-1.4178930604 0.5616682054 2.3963558138 359.1119954884 240.6231873850
-2.6261878393 -0.7849814902 2.7541684472 396.2830117935 128.1964754578
-2.3787147104 0.3569107646 2.5683948238 341.3631908763 186.1794655650
0.0114893594 1.4849654352 2.7194465450 377.4697212463 399.2336517002
-1.0463656283 2.8561966183 2.4513405431 243.9200737403 381.6933078380
-1.3853892513 2.8067198839 2.5439830716 245.2512953819 353.7163279371
-2.4055301863 0.9708260692 2.4281034256 303.5452196325 211.0952224025
-1.2099097975 -2.5639048038 2.8155812467 593.4673594067 76.1647400218
-1.3300249498 2.5741901058 1.1257362683 114.2818792277 366.9899303330
0.5781786926 0.7674459552 2.0919120920 461.2183640293 451.2401874563
-1.2276053261 2.6819769802 0.8135725963 45.9074926855 398.0601718018
-2.3268183976 1.7937684323 2.5591340519 273.6386633331 255.0396327689
-0.6125680017 0.4219487398 1.6907229199 381.2559961318 277.9766197265
-0.7909341437 1.6858794598 2.4060578815 314.6141122434 345.6912320337
-0.6810045623 -1.9562404295 2.2617881460 615.7240317311 98.6064043670
0.5836029694 -0.4548003720 2.6430373429 587.8353699157 338.8298779717
-1.8196517110 0.4238616465 0.7629712756 226.4269532367 117.7223799558
-0.9064956900 1.3399447130 1.3053989599 246.2127599528 319.3138716328
-1.7250105261 1.3799615575 1.7287495262 257.4376481991 254.0058701229
-0.5327274467 1.8078641803 2.4510237977 319.3051120654 372.6546966681
0.8867691270 -0.1269636338 2.4130534049 600.0757864679 409.8909127870
-2.0168399528 -0.7930379665 1.4646715140 386.2215715744 62.3610207215
0.0615378091 1.2928000387 1.6921680272 341.0591547345 436.6128797222
-1.8473174646 1.5680524798 0.7082291128 115.3644058279 227.7192486833
-1.3199728770 -0.4454115690 0.6293955931 346.4825435503 9.3352438152
0.3863538972 0.6004048737 2.4777203984 465.6109778248 394.0867570747
-1.0407025969 1.8511915990 0.7612577383 103.4048414249 353.7732446636
-2.1579012616 2.6158550684 1.2160301151 122.5112547862 290.9179399776
-2.1605879291 -0.8868400575 2.0349525460 405.0055779563 97.6831656685
-1.0231969654 -0.6532888771 1.3941302240 449.7431400950 121.3404882276
-2.4747552270 1.7971304399 1.5320622131 199.2069902042 226.4176899761
-2.8987142952 2.4095418038 2.8717692845 252.9506772227 257.7297465559
-0.0697798789 0.3330106119 2.1652521284 448.3662068875 330.3543179528
-0.8258884787 1.9551499206 2.9404138368 324.7760221134 350.7259647895
0.0760607588 1.1070308493 1.1084568367 301.8657834524 473.7249002895
-2.6748752440 -2.4932236144 2.6376832354 487.6751414160 26.4286964270
-1.3015980204 -0.4775983353 1.9294706893 422.7800854027 161.5861327470
-1.4769533415 0.8018814294 2.2416422603 335.2492950564 247.1586463569
-1.2490170593 1.8097791482 2.9824056964 320.9829557359 317.1474354973
-1.1180691055 -2.3775737935 1.9674464230 623.7359464456 6.0395118948
-0.8810201176 -1.1056814359 1.4752285971 521.8435123252 88.8003696360
0.5907485963 -0.3012064055 2.8976125351 564.2586121482 347.4889346783
-1.6522343275 -1.1665498691 1.5140104995 448.7350529228 48.1936603009
-2.5526482625 1.6899305882 2.4297630987 266.2501602594 237.5085948535
-2.9155772865 1.8015255028 0.9202060444 127.8487045324 178.6679566441
-2.2550310878 2.7469332465 2.5621232452 232.9675316411 298.9007414321
-0.8731389884 -0.7814524095 2.0937015579 484.4136756054 173.8502084046
-1.6404500805 -1.0437677291 1.8670063384 444.8690255069 94.8126263233
-1.9208082146 1.6423306677 1.6909841948 233.1762468498 256.0558746248
-0.2705378639 1.4697607094 2.7967741969 368.1401131279 371.2464004176
-0.6234941816 -2.3304749221 2.5405973644 645.2289370724 94.0883901951
-0.3200082119 0.9773080063 1.1397837352 294.4394095804 372.5765246367
-1.5110241473 -1.3140682982 1.4522052634 475.9231439814 30.8034702767
-0.9075675655 -0.5141792791 2.0537428217 457.3046231636 190.5784111311
-2.8451823330 1.0493991114 0.7078918140 146.6724761430 111.6416355297
-1.0390669904 2.4980477584 1.6226163434 190.9833947042 381.9845981055

gimbalangles:
1.8731132997 -0.4296423247 -0.6261600191

end: