T_CW:
0.9008721994 -0.1749737865 -0.3972574159 -0.0369654982
-0.4064743143 -0.6612078101 -0.6305417224 -0.0362182259
-0.1523414332 0.7295124440 -0.6667860840 -0.0617625836
0.0000000000 0.0000000000 0.0000000000 1.0000000000

T_CW_cov:
0.0000004588 -0.0000000592 -0.0000000183 0.0000001509 0.0000010306 0.0000000282
-0.0000000592 0.0000002548 0.0000000029 -0.0000007830 -0.0000001111 -0.0000000029
-0.0000000183 0.0000000029 0.0000001983 -0.0000000109 -0.0000000903 -0.0000000020
0.0000001509 -0.0000007830 -0.0000000109 0.0000030592 0.0000002697 0.0000001190
0.0000010306 -0.0000001111 -0.0000000903 0.0000002697 0.0000029604 0.0000000489
0.0000000282 -0.0000000029 -0.0000000020 0.0000001190 0.0000000489 0.0000006191

target_points_pix:
-2.8243573618 2.6628569762 -1.5907718359 201.7421157843 265.1071671747
-1.8989089335 2.7021134331 -0.4054152166 173.8374726603 161.8295362025
-2.4509590965 0.8871749841 -2.1853645049 221.9753186724 414.8146442034
0.7583609253 0.4677505926 -2.4511855211 582.3279889786 359.9338249246
0.4525511890 1.4771543701 -0.3709931605 428.2120479157 44.6023984257
-1.4021994661 2.7108304751 0.3961482093 124.8864301317 43.7994009391
-0.4339811544 0.3604827340 -1.2275564470 374.5407608012 389.9354067426
0.0134727521 1.9966532696 -2.2999075116 420.2160782278 246.5421721504
0.0713589459 2.8688959608 -0.9051086491 364.5646559270 111.3398931422
-2.5095895023 1.4537282118 -1.9005724212 210.9764193018 351.1501598867
-1.3783621819 0.6183489028 -2.2812195003 320.3676762263 416.7089064983
-1.4132040819 1.7390647207 -0.1303300090 124.9905107367 154.7454189082
0.4760255981 1.6652719494 -2.0074300235 464.9321048813 233.1075913480
1.5905470624 0.5227412081 -2.2990225691 708.2963520912 302.8539693019
-0.0197024909 1.9179607289 -0.7375181316 362.6259657288 129.8684217124
-2.2570881565 2.7082349037 -2.0633919600 260.3126921192 265.7588067275
-2.4349464755 0.7633696205 -1.9950480928 202.2370538891 427.2458344283
-2.9891561525 1.0928385460 -1.1234454871 66.8669950012 384.6794763679
2.1243149059 2.5165360083 -1.1599424087 581.5717699943 40.0266113564
2.2027673226 1.2739145926 -2.7746600208 662.1405761907 236.7546166810
1.7022931842 0.6034113149 -2.4383688156 702.3462939476 296.4018249438
2.2838413789 1.2710353105 -2.0665887182 709.5292414475 175.6173534896
-2.7312989435 2.6530594031 -1.3942433270 194.3873664334 254.1680596414
-2.6333375856 2.5260876036 -0.4714651478 117.4190147874 206.6389708365
-1.8036662741 2.9213890742 0.4185609520 101.3157297984 64.4020301232
1.3605142988 1.3279683397 -2.8167563008 570.0605959543 268.6501939410
0.8606978522 2.4381202060 -0.8605197644 448.2620219472 76.7614373045
-1.2333229781 0.8026401249 -0.6833503019 164.4798242143 315.1258162004
2.8400527988 2.3293742471 -2.5758741647 634.6748165536 147.4829703507
1.9598271384 2.0807628825 -1.8172077782 588.2309517912 130.9369821629
-1.2292746160 0.8858709981 -2.9739817686 365.2481204820 393.5699522811
1.2977747122 2.7046068227 -2.0603174099 491.0593518164 156.9910695117
2.8920798147 2.1378650829 -2.5311623147 657.4035218308 149.0999502836
-0.8911796826 2.9815497203 -1.4877817901 317.9652666502 186.9113599619
2.7260240624 2.2495865463 -1.9352716347 650.5532985796 100.3348661327
-1.5747020397 0.3647896395 -2.1186734669 287.2943102148 460.5962981955
0.6336242524 1.1783842050 -1.0552852102 503.9400579260 169.4473764107
2.3667225286 2.8706255632 -2.1373102295 566.1306820971 118.1091410119
0.2585293654 0.5934473492 -0.5108773483 481.6745198007 163.7997838410
-2.5954390840 0.9615306910 -1.9993108423 196.6799405160 407.0235834862
1.2383180701 1.3099832525 -2.0678546936 569.2343587959 227.5476191383
1.3716637695 0.8792669647 -1.3574988410 675.3543920648 178.7799156601
0.9719223617 1.9689701437 -1.5625638722 493.7793771967 159.7848947791
-1.8048953481 1.9335417400 -1.4229821744 240.4672060670 269.3561283577
2.8361755367 1.9949440335 -2.4556373968 667.6805874110 149.9194534916
0.7575916053 0.2523891601 -1.0951950878 715.2517147009 298.5300472584
0.0588398480 0.1345663759 -1.9919443238 515.0819802240 437.3287247333
1.4570043822 2.3114412965 -2.8657043889 522.3884259368 214.3643722044
1.6781638844 1.7635796532 -1.0815039641 603.3888889272 67.5327308289
-1.1012706995 2.9606741992 0.3197833124 177.8159883671 33.8391587004
1.4697371940 1.7050643911 -2.6910499524 556.2345711802 233.6573376239
1.4997362677 2.2552284310 -1.7042058754 530.3000214580 136.0311440230
1.9711161295 2.5320500174 -0.8647562015 567.4327184023 9.1961874090
-2.7764038774 2.3680402460 -0.8289858517 134.9502330704 243.7350056610
1.1375885433 -0.0063029323 -2.6361798873 699.5956659068 425.9181637141
0.6325419191 2.6208530677 -2.3930825352 449.3210687221 202.6513957313
2.8407462338 2.6756664027 -1.3199547291 641.5992420510 19.0789944392
-1.6435711194 1.7206815262 -0.2385074952 115.1786670771 185.6321527710
0.8583509219 1.9819683117 -2.4177920373 489.1800274504 225.0020565626
0.3303057821 0.2394415897 -2.7978580808 542.0322067986 419.9638851509
-2.8070000852 2.1028983329 -1.6509945629 191.6979857135 300.3656536553
-1.0050947886 1.3796874961 -1.1237346037 278.6170455367 261.9139694036
-2.7642033712 2.8377397974 0.0312227722 70.5777498859 158.6970096507
-0.7126786561 1.9834577945 -1.0618160856 309.2366625915 196.7562348343
1.9193600062 2.7960739311 -1.6739447817 536.6289461975 100.4462852897
2.8049534027 1.7549510628 -2.7261348255 677.7744335057 182.2538321993
0.0746601060 0.5852067123 -2.6719971241 487.6834037006 379.2711298101
-1.7178836189 1.5332592184 -0.2148120387 82.7364423928 203.4131371081
-1.0310568987 0.1681308091 -1.9239170579 337.6958745329 478.6190044833
-1.6965573658 2.2500304313 -1.4300462053 254.7400482544 245.4200788068
-0.0667491202 2.8893935758 -1.8135267343 383.8285856068 182.1913191832
2.8849499926 1.7528628131 -1.9172862492 730.2940105853 103.4534996150
1.1468270981 2.4561268263 -0.9711199181 480.1953848991 73.4605126819
1.7836301664 2.3017608285 -2.5962998189 547.7913426852 188.8944236046
-1.7593186310 0.6483982310 -1.4034331411 198.6377534056 409.9310422066
1.1730569531 1.2704948479 -1.1105960248 585.4688082141 128.9463219960
0.6570472120 0.4945068807 -1.4712885553 591.2575662265 300.4496534048
-2.7635838127 2.5758996306 0.1771810151 27.8731176355 156.6379190579
-1.1789359356 0.5890362018 -2.6866246034 361.4963462043 420.0810489845
0.7279847276 1.9901461379 -1.3627605785 464.9532290603 152.4081930304
-2.3709911216 0.7873857488 -1.7873182151 187.6900824819 419.3060178372
-2.1351115329 0.3711751050 -2.8548084772 286.7031223723 476.0848004961
-1.5993342926 1.4370656586 -2.3495525503 306.2125450162 338.4034317369
-1.5057213679 1.4881960724 0.1935683238 2.3116125475 125.4964774929
1.5773005481 0.8563350408 -2.8473658583 632.8763492743 299.7634924578
-1.6020343444 1.0108264512 -2.1461077954 292.4390634977 373.4217370732
0.4773538111 1.3095008612 -1.5680206608 477.3140836019 225.6285998969
-0.4791536927 2.3891232452 -2.6389828612 386.3653965382 256.3307043243
-1.7376268140 2.4434120148 -2.6251467566 311.8316931230 285.6481043752
-2.7196823128 2.1269550887 -0.8836294877 131.9458058972 261.2030294972
-1.4239071394 1.7163547221 -0.1251398761 120.6428014113 156.0390777471
1.8142779780 2.3081898863 -0.8022692629 569.7593177275 8.9739652161
0.1815827826 2.0076210646 -1.8337579884 422.2170238662 213.5080965562
0.5522005358 2.0961738439 -1.3378655295 441.8126699006 154.2266375217
-2.7921738827 1.8243530301 -1.3223706776 154.9315561975 307.6267020840

gimbalangles:
-0.8133290905 0.4086119776 -1.3789406981

end: