T_CW:
-0.0891608248 -0.9664120846 0.2410353295 0.2003213090
-0.0014146492 -0.2418760378 -0.9703061275 0.3933204399
0.9960162379 -0.0868542750 0.0201987329 -0.2356992627
0.0000000000 0.0000000000 0.0000000000 1.0000000000

T_CW_cov:
0.0000003301 0.0000000052 -0.0000000113 -0.0000000347 0.0000007042 0.0000000055
0.0000000052 0.0000001950 -0.0000000003 -0.0000005151 0.0000000128 -0.0000000611
-0.0000000113 -0.0000000003 0.0000002168 -0.0000000606 -0.0000000148 0.0000000023
-0.0000000347 -0.0000005151 -0.0000000606 0.0000019177 -0.0000000767 0.0000002606
0.0000007042 0.0000000128 -0.0000000148 -0.0000000767 0.0000020262 0.0000000405
0.0000000055 -0.0000000611 0.0000000023 0.0000002606 0.0000000405 0.0000006500

target_points_pix:
2.8469624497 -1.2706155376 -0.4268351525 471.3343272264 339.1161530680
1.2955616386 -1.4164051859 0.0125195018 674.5059402765 387.7269241452
2.9185907309 1.9178459633 1.8610296438 236.2026936035 60.6610544533
2.6305978994 -2.5336026126 1.4089481569 628.4432834413 205.9309613428
2.5591223247 -0.0443953625 0.5219552533 389.7500242721 228.8230909528
1.8324549851 0.5136414256 0.1050882143 307.6472126104 265.1793311087
2.2959027539 -0.3651612911 1.0377432566 444.4251232970 179.2516305190
2.3041003494 -2.2990699818 1.7052507894 652.3698296914 164.8933980575
2.2457088193 -0.2690198173 -1.2941584072 369.2509987307 446.7003877377
2.0176283046 -1.3083910700 2.4854543714 610.6205195508 26.8256168611
2.2385537561 -1.8200234489 -0.7064504535 555.4971141720 410.7311264826
2.8752574486 -1.5801047162 -0.1999385455 500.0941397468 324.4803683092
1.0143189639 -0.1834378360 0.2340703772 479.5719917421 303.1724732635
1.3939397812 -1.4548252074 -0.2639512733 644.7757561649 429.4316039624
2.6388940522 0.2859068827 0.6616028722 359.4521452887 206.7584773014
1.8436071198 -0.3614789899 -0.5329186283 413.1166872475 388.1542980060
2.6356910408 1.1581813945 0.7110316627 271.9541208376 178.5034537672
2.2974160006 1.1434337072 1.1115312662 272.2950271239 121.4542753161
1.8636994645 0.9851570773 0.8625067980 264.8337232987 132.9663532318
2.9486415274 -2.6758647837 -1.6358413215 552.5963658648 458.6213572216
2.8400527988 2.3293742471 -2.5758741647 73.0820851103 479.7467355068
2.4952987901 1.9204534977 1.3630564139 197.6680046824 79.1885735943
2.5258584135 -2.8592762385 -0.6116947642 624.2911990018 400.6346649071
2.8920798147 2.1378650829 -2.5311623147 100.2774492430 473.3563543694
2.7260240624 2.2495865463 -1.9352716347 86.1557014627 425.2614729900
2.3241395539 -2.8069241618 -0.5895953926 644.0294261006 411.0954540577
2.6278435143 1.8946618219 1.8255796272 222.6783638086 42.1643213113
2.6912848041 -2.1106228893 -0.6993441011 544.3544459830 385.3331977122
2.2863225682 -1.1407866103 2.4543879926 562.1259351388 50.0024171219
1.5889353798 -2.3704226469 0.0978376196 744.2583602396 374.6360967185
2.4841714159 1.4051269004 1.6262681959 263.8378883841 67.3274412703
2.7991553079 -1.1303929253 0.2989914414 476.4859561659 273.3631576835
2.3235776381 -0.6902499417 -1.1799127502 418.2196877534 434.2022528724
2.1983390802 1.3671984969 -1.0802983766 164.8734170988 387.1464642353
2.0950124471 -0.5055487376 0.8267820771 464.0194275719 202.8000842033
1.7824561088 1.2368809704 -0.1031601285 176.1248453090 272.0737540938
2.6588510636 -0.1466194073 -0.3037086062 378.4186279854 311.5851213568
2.2538497045 -0.9608366362 1.2047620648 514.5350719460 177.1836973729
2.3780720027 -0.0837965984 2.0767695085 438.4098468190 61.9050291812
2.9680979097 -2.4510036395 1.5364771412 593.7214220475 197.7684348738
2.8361755367 1.9949440335 -2.4556373968 112.2434904464 473.6988392664
2.0821692119 -1.0065134618 0.4658650749 513.0223091154 262.1708674566
1.2103062974 0.1184933070 0.6222756592 406.7160891275 179.6000240551
0.9923400970 0.5709656991 -0.1292795507 212.5492942756 370.6001849868
2.6984458114 1.3496573022 0.7124865195 254.3480746003 174.5560607303
1.6820117367 -2.6908657484 -0.4410075725 744.6262244622 453.0009453763
1.4393502068 -0.3605422360 0.5295601244 482.1497201068 233.1138597650
2.4819671509 -1.0003026340 -0.6462119426 458.0910026324 371.1139347107
2.4003927181 0.1999549924 -0.1597382894 347.5283180710 296.0868295245
1.6781638844 1.7635796532 -1.0815039641 8.1407199583 434.2069302101
2.8599623337 -1.4393414243 0.8130817700 509.8408179702 235.1815091575
2.8028733044 -1.8940930289 0.2984196099 539.6154793354 289.1845054349
2.2679231297 1.6166728105 1.6066018340 226.6450826561 42.4844560761
1.5339740108 -0.0088084180 1.0042570867 433.3153620830 132.4482389144
2.2683739193 1.5151538458 1.0720505343 222.7312740333 111.3137106357
2.8407462338 2.6756664027 -1.3199547291 68.8063954990 345.2575122977
2.5245239422 -1.9046691708 0.2882304037 561.6644413262 296.2251332660
1.2961433232 -0.2137759639 0.8682376054 486.2348575519 151.0547585296
2.5432224523 -0.6373923841 0.7409534547 453.8741476419 221.7543129360
2.9691898119 0.8306301282 -1.4718533968 262.5691373617 388.7781056573
1.9577623473 1.9570472736 1.2495788176 134.1834583187 39.8973924445
2.3703281476 -2.2094223224 -0.8768088657 576.6167135708 426.2957717302
2.5332886341 0.3624403137 -0.8886724309 311.5652523132 365.3896714830
2.7230803671 2.1668952310 -1.0932890004 118.9803622030 338.3649008201
1.9507874860 -0.6407648270 1.0479185312 497.1364328988 175.5644572392
1.3270867205 -0.5234995568 1.3446707796 565.2392508053 75.6988288275
2.8849499926 1.7528628131 -1.9172862492 156.5263926300 420.0535760323
1.6796342927 -1.3761458959 -0.5238268143 571.3953792903 432.1856839972
2.0330982211 1.2071025275 -0.3551796497 197.3691119393 303.2838439931
1.5235769822 -1.1851647188 1.3670204011 638.6580752837 128.4484755495
2.8384515790 -2.7845431762 0.8899561949 617.2183798530 256.1713720484
2.5609837967 -2.9277062911 -1.0449301538 617.7077806876 440.3075734230
1.7669752855 0.9690625695 -0.5529376649 201.6122152883 356.8295867198
1.8439066339 -0.9471699808 1.1522247373 549.3707048625 168.9447513889
1.4488983111 0.6617484764 1.0469220162 309.7822281561 77.8601636542
2.7059739807 -0.7331271193 0.7287971851 455.6482744808 226.0796078784
2.8833560441 2.6773336796 -0.2468877160 102.5065526244 237.1212431619
1.9496769023 -1.6101641628 0.3732577648 593.3539685783 293.8333662565
2.7832056284 2.7310910625 0.6875618561 111.8124024919 141.9502377400
0.7034332180 -0.0654622727 0.4930513506 536.4831077354 204.1464060289
1.9631750106 0.7384015444 -1.1730532119 231.5157515683 440.0450685793
2.7390766891 1.4458832406 -1.4800111153 189.1616763207 392.1633614128
1.6947515968 -1.6709432923 1.9441946478 690.5448423452 78.3843105979
1.3192468384 -0.5366856561 1.1335808896 559.4114726436 117.3746122031
2.3746660379 0.5242174031 1.6523616679 361.7762433603 86.6124336694
1.8809823717 2.0841163296 0.5893151287 72.2018071999 126.7314827353

gimbalangles:
-0.8133290905 0.4086119776 -1.3789406981

end: