T_CW:
-0.0890089231 -0.9664204403 0.2410579687 0.1998434078
-0.0013181543 -0.2419040768 -0.9702992735 0.3927926787
0.9960299564 -0.0866830450 0.0202577301 -0.2355277203
0.0000000000 0.0000000000 0.0000000000 1.0000000000

T_CW_cov:
0.0000003303 0.0000000052 -0.0000000113 -0.0000000347 0.0000007047 0.0000000052
0.0000000052 0.0000001951 -0.0000000003 -0.0000005153 0.0000000129 -0.0000000609
-0.0000000113 -0.0000000003 0.0000002169 -0.0000000607 -0.0000000149 0.0000000023
-0.0000000347 -0.0000005153 -0.0000000607 0.0000019184 -0.0000000768 0.0000002601
0.0000007047 0.0000000129 -0.0000000149 -0.0000000768 0.0000020277 0.0000000399
0.0000000052 -0.0000000609 0.0000000023 0.0000002601 0.0000000399 0.0000006503

target_points_pix:
2.8469624497 -1.2706155376 -0.4268351525 471.0882550539 339.0065446412
1.2955616386 -1.4164051859 0.0125195018 674.3245396418 387.8581962462
2.9185907309 1.9178459633 1.8610296438 236.0401663300 60.4657684209
2.6305978994 -2.5336026126 1.4089481569 628.1373736817 206.3057496438
2.5591223247 -0.0443953625 0.5219552533 390.0504793013 228.1751539259
1.8324549851 0.5136414256 0.1050882143 307.2644153505 265.3180956679
2.2959027539 -0.3651612911 1.0377432566 443.9203146591 178.7862286028
2.3041003494 -2.2990699818 1.7052507894 652.2297460316 164.5945049488
2.2457088193 -0.2690198173 -1.2941584072 369.1031025262 446.3017764303
2.0176283046 -1.3083910700 2.4854543714 610.7476191229 26.9450077138
2.2385537561 -1.8200234489 -0.7064504535 555.1416103948 411.0064357575
2.8752574486 -1.5801047162 -0.1999385455 499.8934568954 324.3249555054
1.0143189639 -0.1834378360 0.2340703772 479.4403257767 302.9659111374
1.3939397812 -1.4548252074 -0.2639512733 644.6381606913 429.3478824235
2.6388940522 0.2859068827 0.6616028722 359.6163189662 206.8291363904
1.8436071198 -0.3614789899 -0.5329186283 413.4602438601 388.1074242827
2.6356910408 1.1581813945 0.7110316627 272.1270314643 178.7593714552
2.2974160006 1.1434337072 1.1115312662 272.2586706476 121.3665274079
1.8636994645 0.9851570773 0.8625067980 264.4957466451 132.9573986175
2.9486415274 -2.6758647837 -1.6358413215 552.8284139874 458.4090818967
2.8400527988 2.3293742471 -2.5758741647 72.9195923026 479.9209876653
2.4952987901 1.9204534977 1.3630564139 197.5132114028 79.7902296595
2.5258584135 -2.8592762385 -0.6116947642 624.4125386578 400.5398672711
2.8920798147 2.1378650829 -2.5311623147 100.6556337024 473.7784973136
2.7260240624 2.2495865463 -1.9352716347 86.3687786261 425.3776829208
2.3241395539 -2.8069241618 -0.5895953926 643.6801221624 411.7435020671
2.6278435143 1.8946618219 1.8255796272 222.5533666171 41.8921945708
2.6912848041 -2.1106228893 -0.6993441011 544.7503442004 385.7816416808
2.2863225682 -1.1407866103 2.4543879926 561.8417510022 50.1222702329
1.5889353798 -2.3704226469 0.0978376196 744.5229020931 374.7073022337
2.4841714159 1.4051269004 1.6262681959 264.0369292588 67.3497986322
2.7991553079 -1.1303929253 0.2989914414 476.8947325234 273.2426410199
2.3235776381 -0.6902499417 -1.1799127502 418.1976520483 433.9151218785
2.1983390802 1.3671984969 -1.0802983766 164.9591100199 387.1514295938
2.0950124471 -0.5055487376 0.8267820771 463.9440141120 203.0083250301
1.7824561088 1.2368809704 -0.1031601285 176.1134028504 272.0414496178
2.6588510636 -0.1466194073 -0.3037086062 378.4260537759 311.5243140667
2.2538497045 -0.9608366362 1.2047620648 514.0656649757 177.2133952814
2.3780720027 -0.0837965984 2.0767695085 438.6485869100 61.8661365518
2.9680979097 -2.4510036395 1.5364771412 593.4269900401 197.6019317450
2.8361755367 1.9949440335 -2.4556373968 112.4241352225 473.1238879000
2.0821692119 -1.0065134618 0.4658650749 512.5766834948 261.9439131496
1.2103062974 0.1184933070 0.6222756592 407.3588646391 179.5652563934
0.9923400970 0.5709656991 -0.1292795507 212.7194032185 370.4798742998
2.6984458114 1.3496573022 0.7124865195 254.4645462084 174.8462776171
1.6820117367 -2.6908657484 -0.4410075725 745.2496513845 453.2210778041
1.4393502068 -0.3605422360 0.5295601244 482.1952859719 232.7647863010
2.4819671509 -1.0003026340 -0.6462119426 457.8564673911 371.0853625316
2.4003927181 0.1999549924 -0.1597382894 347.0586763206 295.6453453021
1.6781638844 1.7635796532 -1.0815039641 7.8388136471 433.8690701801
2.8599623337 -1.4393414243 0.8130817700 509.9090464898 235.2896366302
2.8028733044 -1.8940930289 0.2984196099 539.8262961224 288.8215832227
2.2679231297 1.6166728105 1.6066018340 226.7311158296 42.8788564195
1.5339740108 -0.0088084180 1.0042570867 432.9763917443 132.1533662232
2.2683739193 1.5151538458 1.0720505343 222.5927729052 111.0120793572
2.8407462338 2.6756664027 -1.3199547291 69.2300391680 345.3034515202
2.5245239422 -1.9046691708 0.2882304037 561.0855377922 295.9986497356
1.2961433232 -0.2137759639 0.8682376054 486.3156614978 151.1195968421
2.5432224523 -0.6373923841 0.7409534547 453.9439411191 221.5910067088
2.9691898119 0.8306301282 -1.4718533968 262.6683323077 388.7258287096
1.9577623473 1.9570472736 1.2495788176 134.3734526342 40.0897649745
2.3703281476 -2.2094223224 -0.8768088657 576.6391263121 425.9151612409
2.5332886341 0.3624403137 -0.8886724309 311.5675438023 365.2922492327
2.7230803671 2.1668952310 -1.0932890004 119.1602829569 338.2267564973
1.9507874860 -0.6407648270 1.0479185312 497.1208145287 175.7947326508
1.3270867205 -0.5234995568 1.3446707796 565.5066635269 75.3649053970
2.8849499926 1.7528628131 -1.9172862492 156.5085430875 419.8053218853
1.6796342927 -1.3761458959 -0.5238268143 571.5272578792 432.5900218817
2.0330982211 1.2071025275 -0.3551796497 197.2600182529 303.4263387306
1.5235769822 -1.1851647188 1.3670204011 638.4950305451 128.4865451679
2.8384515790 -2.7845431762 0.8899561949 617.3397475769 256.3413074765
2.5609837967 -2.9277062911 -1.0449301538 617.6467130459 439.9682514314
1.7669752855 0.9690625695 -0.5529376649 201.3794345766 356.3918216962
1.8439066339 -0.9471699808 1.1522247373 549.5008973382 169.1708564641
1.4488983111 0.6617484764 1.0469220162 309.8628644146 77.4781205222
2.7059739807 -0.7331271193 0.7287971851 456.0425118191 226.2992062421
2.8833560441 2.6773336796 -0.2468877160 102.5057820801 237.6091578051
1.9496769023 -1.6101641628 0.3732577648 593.2073345792 293.9714789614
2.7832056284 2.7310910625 0.6875618561 111.7607907440 141.2871167941
0.7034332180 -0.0654622727 0.4930513506 536.0758221224 203.9366808697
1.9631750106 0.7384015444 -1.1730532119 231.3425018441 439.3800067844
2.7390766891 1.4458832406 -1.4800111153 189.4152891586 392.3740455218
1.6947515968 -1.6709432923 1.9441946478 690.1499684915 78.0592524745
1.3192468384 -0.5366856561 1.1335808896 559.6949897083 117.8126505934
2.3746660379 0.5242174031 1.6523616679 361.4529623988 86.3852637011
1.8809823717 2.0841163296 0.5893151287 72.4402947321 126.7949459339

gimbalangles:
-0.9415692332 -0.3808478887 -0.3366809263

end: