T_CW:
-0.0891330529 -0.9664142818 0.2410367915 0.2001618785
-0.0013199384 -0.2418851955 -0.9703039781 0.3928511184
0.9960188536 -0.0868043095 0.0202843586 -0.2356536964
0.0000000000 0.0000000000 0.0000000000 1.0000000000

T_CW_cov:
0.0000003301 0.0000000052 -0.0000000113 -0.0000000347 0.0000007045 0.0000000053
0.0000000052 0.0000001950 -0.0000000003 -0.0000005152 0.0000000128 -0.0000000611
-0.0000000113 -0.0000000003 0.0000002168 -0.0000000606 -0.0000000148 0.0000000023
-0.0000000347 -0.0000005152 -0.0000000606 0.0000019180 -0.0000000768 0.0000002605
0.0000007045 0.0000000128 -0.0000000148 -0.0000000768 0.0000020269 0.0000000400
0.0000000053 -0.0000000611 0.0000000023 0.0000002605 0.0000000400 0.0000006501

target_points_pix:
2.8469624497 -1.2706155376 -0.4268351525 471.2746283465 339.1573680965
1.2955616386 -1.4164051859 0.0125195018 674.2558212258 387.3327627867
2.9185907309 1.9178459633 1.8610296438 235.9926628967 60.5724507175
2.6305978994 -2.5336026126 1.4089481569 628.4139186045 206.0269882767
2.5591223247 -0.0443953625 0.5219552533 389.7807328352 228.3547155473
1.8324549851 0.5136414256 0.1050882143 307.6715469517 265.3259913416
2.2959027539 -0.3651612911 1.0377432566 444.4317905123 179.0491485068
2.3041003494 -2.2990699818 1.7052507894 652.3047156205 164.8063907774
2.2457088193 -0.2690198173 -1.2941584072 368.6615578031 446.5949223308
2.0176283046 -1.3083910700 2.4854543714 610.6173323143 26.6791358632
2.2385537561 -1.8200234489 -0.7064504535 554.9801431351 410.9656097436
2.8752574486 -1.5801047162 -0.1999385455 499.8234830154 324.1665755089
1.0143189639 -0.1834378360 0.2340703772 479.6266156886 302.8306660187
1.3939397812 -1.4548252074 -0.2639512733 644.8330835587 429.4665392695
2.6388940522 0.2859068827 0.6616028722 359.4378392281 207.1153561692
1.8436071198 -0.3614789899 -0.5329186283 413.4287959541 388.0238412556
2.6356910408 1.1581813945 0.7110316627 272.1554665190 178.6046220579
2.2974160006 1.1434337072 1.1115312662 272.3458743082 121.1189055625
1.8636994645 0.9851570773 0.8625067980 264.7958310229 133.3010855354
2.9486415274 -2.6758647837 -1.6358413215 552.6119782919 458.3030012837
2.8400527988 2.3293742471 -2.5758741647 72.4479846737 479.7637892652
2.4952987901 1.9204534977 1.3630564139 197.8656750768 79.3369886380
2.5258584135 -2.8592762385 -0.6116947642 624.1587615218 400.3953223021
2.8920798147 2.1378650829 -2.5311623147 100.5197622470 473.3377449001
2.7260240624 2.2495865463 -1.9352716347 85.7797997058 425.1120632373
2.3241395539 -2.8069241618 -0.5895953926 643.4393768009 411.2949020862
2.6278435143 1.8946618219 1.8255796272 222.4257917597 41.9556290085
2.6912848041 -2.1106228893 -0.6993441011 544.9454740712 385.8907342602
2.2863225682 -1.1407866103 2.4543879926 562.0390323331 50.1109878361
1.5889353798 -2.3704226469 0.0978376196 744.4379463315 374.5341330788
2.4841714159 1.4051269004 1.6262681959 264.2512875651 67.6520416334
2.7991553079 -1.1303929253 0.2989914414 476.9536090699 273.3302205852
2.3235776381 -0.6902499417 -1.1799127502 418.1486013778 434.2614118145
2.1983390802 1.3671984969 -1.0802983766 164.9891554800 387.2970872821
2.0950124471 -0.5055487376 0.8267820771 464.0900833711 202.9068902786
1.7824561088 1.2368809704 -0.1031601285 175.8976242393 271.8975345974
2.6588510636 -0.1466194073 -0.3037086062 378.7396668821 311.6438297693
2.2538497045 -0.9608366362 1.2047620648 514.7668974196 176.9559117967
2.3780720027 -0.0837965984 2.0767695085 438.5166954862 61.7283134603
2.9680979097 -2.4510036395 1.5364771412 593.7043699818 197.8996563122
2.8361755367 1.9949440335 -2.4556373968 112.4441510769 473.5658149148
2.0821692119 -1.0065134618 0.4658650749 512.4806050028 262.3373839729
1.2103062974 0.1184933070 0.6222756592 407.1814666995 179.3974859083
0.9923400970 0.5709656991 -0.1292795507 212.7830811075 370.4809082134
2.6984458114 1.3496573022 0.7124865195 254.4854041202 175.0053603407
1.6820117367 -2.6908657484 -0.4410075725 745.1230082258 453.1284301137
1.4393502068 -0.3605422360 0.5295601244 482.1622589844 232.5429997619
2.4819671509 -1.0003026340 -0.6462119426 458.0274590070 371.1291272995
2.4003927181 0.1999549924 -0.1597382894 347.5278004054 295.7070795911
1.6781638844 1.7635796532 -1.0815039641 7.7219520571 434.0936893024
2.8599623337 -1.4393414243 0.8130817700 509.5955648206 234.8422229000
2.8028733044 -1.8940930289 0.2984196099 539.5060446355 289.1078245699
2.2679231297 1.6166728105 1.6066018340 226.4001576749 42.6715397107
1.5339740108 -0.0088084180 1.0042570867 433.1058022115 132.4866182193
2.2683739193 1.5151538458 1.0720505343 223.0370067171 111.3370181449
2.8407462338 2.6756664027 -1.3199547291 68.8888190834 345.6163708040
2.5245239422 -1.9046691708 0.2882304037 561.5298309321 295.7164617684
1.2961433232 -0.2137759639 0.8682376054 486.1128000750 150.9425308943
2.5432224523 -0.6373923841 0.7409534547 453.4965219392 221.8802592638
2.9691898119 0.8306301282 -1.4718533968 262.4922101827 388.7700460213
1.9577623473 1.9570472736 1.2495788176 134.2735464036 40.0249666128
2.3703281476 -2.2094223224 -0.8768088657 576.3595087746 426.4902899908
2.5332886341 0.3624403137 -0.8886724309 311.7566262369 365.3188145390
2.7230803671 2.1668952310 -1.0932890004 119.3153755631 338.3295868503
1.9507874860 -0.6407648270 1.0479185312 496.7914251109 175.5264133485
1.3270867205 -0.5234995568 1.3446707796 565.7558087797 75.6395761684
2.8849499926 1.7528628131 -1.9172862492 156.6115462635 419.9082674686
1.6796342927 -1.3761458959 -0.5238268143 571.3272683826 432.4756794413
2.0330982211 1.2071025275 -0.3551796497 197.6569467952 303.4258113560
1.5235769822 -1.1851647188 1.3670204011 639.1699901250 128.3168849752
2.8384515790 -2.7845431762 0.8899561949 617.2874427725 256.1056056227
2.5609837967 -2.9277062911 -1.0449301538 617.3914792142 440.2632115826
1.7669752855 0.9690625695 -0.5529376649 201.4383993175 356.9944501850
1.8439066339 -0.9471699808 1.1522247373 549.5024906273 169.1612195399
1.4488983111 0.6617484764 1.0469220162 309.8860708580 77.7604017784
2.7059739807 -0.7331271193 0.7287971851 455.6562923904 225.7699401798
2.8833560441 2.6773336796 -0.2468877160 102.4940559689 237.7938276202
1.9496769023 -1.6101641628 0.3732577648 593.0883916292 293.7982073739
2.7832056284 2.7310910625 0.6875618561 112.0638214070 141.7854008823
0.7034332180 -0.0654622727 0.4930513506 536.0599988569 204.0334483371
1.9631750106 0.7384015444 -1.1730532119 231.4149257845 439.4634975077
2.7390766891 1.4458832406 -1.4800111153 189.0792783026 392.0498522447
1.6947515968 -1.6709432923 1.9441946478 690.6741722876 78.2196467040
1.3192468384 -0.5366856561 1.1335808896 559.2450858795 117.3224628985
2.3746660379 0.5242174031 1.6523616679 361.4556253550 86.6443299053
1.8809823717 2.0841163296 0.5893151287 71.9763682375 126.8680256296

gimbalangles:
1.8731132997 -0.4296423247 -0.6261600191

end: