T_CW:
0.6920155756 -0.6290487164 0.3541357869 -0.0224590253
0.2402474350 0.6632975260 0.7087436504 0.0057715604
-0.6807316748 -0.4053814307 0.6101395598 0.0052070994
0.0000000000 0.0000000000 0.0000000000 1.0000000000

T_CW_cov:
0.0000005664 -0.0000000726 -0.0000000675 0.0000001575 0.0000013188 0.0000000047
-0.0000000726 0.0000005025 0.0000000154 -0.0000013715 -0.0000001293 0.0000000384
-0.0000000675 0.0000000154 0.0000002884 -0.0000000682 -0.0000002746 -0.0000000030
0.0000001575 -0.0000013715 -0.0000000682 0.0000044847 0.0000002575 0.0000001382
0.0000013188 -0.0000001293 -0.0000002746 0.0000002575 0.0000037861 -0.0000000291
0.0000000047 0.0000000384 -0.0000000030 0.0000001382 -0.0000000291 0.0000007945

target_points_pix:
-2.6364039434 -2.3323645090 1.6131212919 387.6071569865 173.1803330705
-2.8948441399 0.6269529752 1.2765981320 184.6623792912 300.4425384256
-1.7842749994 0.3589897521 1.3896783254 250.7143538978 340.1783488914
-0.3745088197 -2.7924729661 1.8430836583 579.6544842556 179.0499773692
-0.7937816819 -1.6414176510 0.7071862127 480.2128564863 125.9410350820
0.2808005009 -1.1718645692 1.1250327653 699.4918836166 262.6568557335
-2.7560724588 -1.2194953932 1.9192833866 342.2495067507 232.5234625140
0.0462699197 -0.8578527772 1.6217053210 582.5898973827 349.8503838084
-0.1550543400 -2.4137450398 0.5014556902 646.6928679691 18.0629419837
-2.6734566750 -2.6265165695 1.2701937931 390.4473253247 141.9541396325
-1.6797658353 0.4497206555 0.9246442775 195.4090634490 327.3752965296
-2.8002920322 -2.7177990940 0.7087254771 375.4542815908 101.8649095084
-2.2493776015 -2.3923425776 1.7472308018 412.1004428591 180.0051354768
-0.4611632066 -1.2374349928 0.2883990725 505.7989780806 64.6270798552
0.1060971975 -1.5869797388 2.1014893325 608.8878107615 300.2309760642
-0.8863209803 -2.2520445289 0.3132015694 501.2449569644 30.4913654293
-2.1289845198 -2.0063977310 0.0907732718 354.3846969597 54.6347377088
-0.1801198384 -0.5479985749 1.3114649932 514.3561616688 350.5695332689
-2.3933415223 -2.8145690041 2.1568703343 426.0815347431 185.8784512376
0.4256399553 -1.6947218047 2.8575435986 639.9838703334 353.2225452224
-1.9740008485 0.2407913313 0.2379810357 123.2444580131 215.2499186286
-1.9416308981 -1.1170647662 2.7064884155 395.8410037689 289.8130781623
0.3042496640 -0.7297572688 1.2382640873 684.3252798080 374.2223314919
-0.2146575641 -0.5046357991 1.9549094726 506.2665520503 396.8170621024
-1.8055531173 -2.3431906182 2.2358729284 443.1577029420 212.5203468590
-1.4715007191 1.0947300271 1.7225109219 207.4357139158 479.1412033434
-2.7741509670 -2.0402444891 -0.1757024121 308.5411484799 41.6796911155
-1.6281093659 -0.3303049794 1.0078361132 299.2987209145 253.7947530710
0.3802981729 -1.2987431511 2.1045967176 655.3193572962 352.5363138286
-1.9557092750 -0.1852068968 1.1358403326 276.7322838623 264.5840648913
-0.9402351494 -1.2005288970 2.4392588703 462.7061199568 305.2538036518
-0.3823346286 -2.6004217608 2.8138227545 561.6946756256 254.4970159952
-1.5873220287 -2.6442079861 1.2926729153 457.3410782192 139.7012818267
-0.2089443667 -2.2213772583 2.7520224592 570.7413185926 277.9665327498
-1.8400861476 0.6802285019 2.7417002054 306.5031400637 418.0183812479
-0.1150878283 -1.6216023649 0.6994336735 616.6790904842 114.5183804503
0.0799047365 -1.4043005573 2.5796705873 586.4326316689 346.0896722092
-0.3599161903 -1.9936056061 1.4339193395 562.1647705034 191.1879358598
-2.2552646269 1.6043643505 1.8194632491 139.9503525022 459.1938612306
-0.4663553090 -0.8967115007 0.8784296744 480.2694683628 224.2595356706
-1.2364746597 -0.8307857292 2.2308155062 416.4977424339 310.2407157295
-1.8310523068 -0.1889451984 1.5644050636 309.7145704390 297.6197178464
-2.4795398100 0.0634801912 0.4110664761 169.4038193484 207.3634452282
-1.4178930604 0.5616682054 2.3963558138 319.2081779493 430.0283584597
-2.6261878393 -0.7849814902 2.7541684472 351.7252615054 291.4153196884
0.1978387829 -1.7049102467 0.9341318838 699.7011146712 150.5340741487
-1.9262396669 -0.5333356992 0.4900413074 263.7365340516 178.2705439291
-2.3787147104 0.3569107646 2.5683948238 297.3679414044 358.1781789409
-1.0606481474 -2.1885100011 0.3504036302 473.8313982484 47.2307776943
-2.8798376111 -2.4797889453 0.6139716428 357.9487679815 102.2430056215
-2.4055301863 0.9708260692 2.4281034256 247.8605722385 398.5122985681
-1.2099097975 -2.5639048038 2.8155812467 493.1414405652 240.1312074558
-1.7586502624 -2.0947587884 0.1629999156 390.4439649763 49.7982074391
-2.4637418305 -2.7427375996 0.0218696577 375.9657344135 33.8955656473
0.3150226326 -1.7471125294 2.0745693761 652.9154415675 293.4667976303
-0.6810045623 -1.9562404295 2.2617881460 516.0331364541 253.1488845549
-1.8196517110 0.4238616465 0.7629712756 174.3025435540 301.2427952275
-0.7461558169 -2.7348513775 1.8641295763 536.6147313738 180.9636295492
-2.2714974815 -1.5754805292 -0.3708202209 284.9479027441 12.0805487690
-2.0168399528 -0.7930379665 1.4646715140 337.9204904695 242.3318195554
-1.3199728770 -0.4454115690 0.6293955931 304.0457950279 213.5703803858
-2.9188407590 -1.3810012220 1.0839570419 315.7859680023 176.1461949081
-1.4161008387 -2.1674853346 0.4832161336 435.5153128609 78.2540803162
-1.5563505293 -2.3259772891 0.0237559221 419.7329627877 13.0104056136
-2.1605879291 -0.8868400575 2.0349525460 356.4906110397 266.2509786203
-1.0231969654 -0.6532888771 1.3941302240 398.4878757465 281.6686266040
-2.4747552270 1.7971304399 1.5320622131 79.0393227777 455.1053482944
0.2999752779 -2.0607219307 2.4452932410 642.0775119249 289.8211533563
-2.6748752440 -2.4932236144 2.6376832354 409.4776126039 216.6654939575
-0.4784341868 -2.0935500770 0.3372802366 564.3630292449 19.5195985215
-2.9458023404 -0.1409691835 0.5459986167 196.1653230722 198.1744209425
-1.3015980204 -0.4775983353 1.9294706893 382.1176560876 319.4692656699
-0.5766055598 -2.9777220371 0.7269098261 577.0846868152 51.7246611200
-1.4769533415 0.8018814294 2.2416422603 285.8349331878 448.1583849393
-0.1488004004 -2.9553414777 1.9345515260 610.5475757189 179.3583890402
-1.2496893304 -1.2176234362 0.9201692519 401.2582733436 182.4244437938
-1.1180691055 -2.3775737935 1.9674464230 490.5705544748 202.7071811320
-0.8810201176 -1.1056814359 1.4752285971 448.2628452481 253.0346617896
-1.6522343275 -1.1665498691 1.5140104995 384.9406149873 230.6796187386
-2.5526482625 1.6899305882 2.4297630987 185.8499436962 452.4038678956
-0.8731389884 -0.7814524095 2.0937015579 442.1459917623 323.4980850205
-2.3524978632 -0.4190901020 -0.6763358060 86.7799294937 6.0530648864
-1.6404500805 -1.0437677291 1.8670063384 389.9772253064 261.3892207520
-1.7962047277 -1.0397187367 -0.0814019688 278.5044426814 62.0597565973
-2.5730577092 -2.3438354084 1.3885911678 386.4396615790 159.2077749036
0.6812398773 -2.9641218080 2.8611191676 698.8864590744 261.5462053983
-0.6234941816 -2.3304749221 2.5405973644 533.3870561082 248.7358995067
-2.5794207443 -2.5586017987 0.5377249120 374.6057441948 90.5144238732
-0.1829379517 -2.5761408041 2.0242684627 595.2632266886 208.2984983952
-2.2583880082 -1.9579383648 0.2674464298 350.4044136181 80.1104643717
-1.1873207592 -1.9520912279 0.6023171523 448.5677102281 98.8294100621
-1.5110241473 -1.3140682982 1.4522052634 402.3045965102 220.0003254449
-0.9075675655 -0.5141792791 2.0537428217 421.8546703710 343.9123154351
0.5875879920 -1.9410979907 2.7733843637 675.2687230393 335.4754927879
-2.8451823330 1.0493991114 0.7078918140 77.1408108847 304.0649954905
-0.7268183569 -2.5035628023 0.7114419446 536.6246393545 75.0699580254

gimbalangles:
2.4308433676 -0.3618977444 -0.8331973883

end: