T_CW:
-0.0888373671 -0.9664403406 0.2410414701 0.1995165798
-0.0012097842 -0.2418934244 -0.9703020703 0.3925909356
0.9960454099 -0.0864906894 0.0203199907 -0.2357067856
0.0000000000 0.0000000000 0.0000000000 1.0000000000

T_CW_cov:
0.0000003302 0.0000000052 -0.0000000113 -0.0000000348 0.0000007046 0.0000000051
0.0000000052 0.0000001950 -0.0000000003 -0.0000005150 0.0000000129 -0.0000000607
-0.0000000113 -0.0000000003 0.0000002168 -0.0000000606 -0.0000000151 0.0000000023
-0.0000000348 -0.0000005150 -0.0000000606 0.0000019175 -0.0000000770 0.0000002596
0.0000007046 0.0000000129 -0.0000000151 -0.0000000770 0.0000020272 0.0000000396
0.0000000051 -0.0000000607 0.0000000023 0.0000002596 0.0000000396 0.0000006499

target_points_pix:
2.8469624497 -1.2706155376 -0.4268351525 471.3320110976 339.1485792243
1.2955616386 -1.4164051859 0.0125195018 674.4244648484 388.0569987987
2.9185907309 1.9178459633 1.8610296438 235.7010418306 60.6809692930
2.6305978994 -2.5336026126 1.4089481569 628.3893641522 206.2568719465
2.5591223247 -0.0443953625 0.5219552533 389.9005176235 228.3290677702
1.8324549851 0.5136414256 0.1050882143 307.3885497582 265.3909266983
2.2959027539 -0.3651612911 1.0377432566 443.8407017679 179.2388562973
2.3041003494 -2.2990699818 1.7052507894 652.8040475086 164.7931652638
2.2457088193 -0.2690198173 -1.2941584072 369.1232708783 446.7500381506
2.0176283046 -1.3083910700 2.4854543714 610.5561038156 26.7328590543
2.2385537561 -1.8200234489 -0.7064504535 555.5065128161 411.2624061417
2.8752574486 -1.5801047162 -0.1999385455 500.2606407231 324.0159417807
1.0143189639 -0.1834378360 0.2340703772 479.8226417134 303.3258206654
1.3939397812 -1.4548252074 -0.2639512733 645.0143614165 429.0645601830
2.6388940522 0.2859068827 0.6616028722 359.5971581138 206.7678763631
1.8436071198 -0.3614789899 -0.5329186283 413.4109691639 387.5197132468
2.6356910408 1.1581813945 0.7110316627 272.3853196281 178.3353079937
2.2974160006 1.1434337072 1.1115312662 272.0280324582 121.3534927522
1.8636994645 0.9851570773 0.8625067980 264.9321354541 132.9250462905
2.9486415274 -2.6758647837 -1.6358413215 552.4731581483 458.4115637200
2.8400527988 2.3293742471 -2.5758741647 72.5993379184 479.7096482012
2.4952987901 1.9204534977 1.3630564139 198.0885003915 79.4948912548
2.5258584135 -2.8592762385 -0.6116947642 624.3095412775 400.6398449140
2.8920798147 2.1378650829 -2.5311623147 100.5049521956 473.3798799630
2.7260240624 2.2495865463 -1.9352716347 86.1938429948 424.8097676361
2.3241395539 -2.8069241618 -0.5895953926 643.6765187257 411.1802546645
2.6278435143 1.8946618219 1.8255796272 222.4612320381 42.3202090536
2.6912848041 -2.1106228893 -0.6993441011 544.8933829515 385.4104414728
2.2863225682 -1.1407866103 2.4543879926 562.0155930898 50.1344010678
1.5889353798 -2.3704226469 0.0978376196 744.6776416484 374.3464153366
2.4841714159 1.4051269004 1.6262681959 264.5704672753 67.9305671886
2.7991553079 -1.1303929253 0.2989914414 476.6504803131 273.3922196579
2.3235776381 -0.6902499417 -1.1799127502 418.3709904476 433.7015701362
2.1983390802 1.3671984969 -1.0802983766 164.8809988692 387.0137991517
2.0950124471 -0.5055487376 0.8267820771 463.8629696120 203.1015439177
1.7824561088 1.2368809704 -0.1031601285 175.8592719143 271.5931197944
2.6588510636 -0.1466194073 -0.3037086062 378.6152742038 311.6978385445
2.2538497045 -0.9608366362 1.2047620648 514.3198876464 176.9494526073
2.3780720027 -0.0837965984 2.0767695085 438.7875139433 61.3767667376
2.9680979097 -2.4510036395 1.5364771412 593.5372910718 198.1182520238
2.8361755367 1.9949440335 -2.4556373968 112.3690702013 473.4247865415
2.0821692119 -1.0065134618 0.4658650749 512.8585893696 262.0109198647
1.2103062974 0.1184933070 0.6222756592 406.8587119499 179.9905849841
0.9923400970 0.5709656991 -0.1292795507 212.6626316344 370.2315882411
2.6984458114 1.3496573022 0.7124865195 254.7264527116 174.5901778480
1.6820117367 -2.6908657484 -0.4410075725 745.1298239343 453.2518691869
1.4393502068 -0.3605422360 0.5295601244 482.3021365554 232.7289753131
2.4819671509 -1.0003026340 -0.6462119426 458.3799991527 371.5455317851
2.4003927181 0.1999549924 -0.1597382894 347.3636356833 295.7043557942
1.6781638844 1.7635796532 -1.0815039641 8.0346337057 433.8477548854
2.8599623337 -1.4393414243 0.8130817700 509.7777447530 235.0621592779
2.8028733044 -1.8940930289 0.2984196099 539.6788092323 288.9593572277
2.2679231297 1.6166728105 1.6066018340 226.7142119813 42.6888188665
1.5339740108 -0.0088084180 1.0042570867 432.7639610317 132.3147948741
2.2683739193 1.5151538458 1.0720505343 223.0161441859 110.8965744836
2.8407462338 2.6756664027 -1.3199547291 69.1864039079 345.4010662200
2.5245239422 -1.9046691708 0.2882304037 561.6725344326 295.8909317890
1.2961433232 -0.2137759639 0.8682376054 486.2260063728 151.1733166269
2.5432224523 -0.6373923841 0.7409534547 453.5709684985 221.6053709966
2.9691898119 0.8306301282 -1.4718533968 262.7495236960 388.9710117886
1.9577623473 1.9570472736 1.2495788176 134.4752586078 40.1644396724
2.3703281476 -2.2094223224 -0.8768088657 576.6778622353 426.3164486817
2.5332886341 0.3624403137 -0.8886724309 310.9782629618 365.7278732041
2.7230803671 2.1668952310 -1.0932890004 119.4557671499 338.5024494670
1.9507874860 -0.6407648270 1.0479185312 497.0617163722 175.7077583370
1.3270867205 -0.5234995568 1.3446707796 565.5068391549 75.0456524920
2.8849499926 1.7528628131 -1.9172862492 156.7752283765 420.0273827261
1.6796342927 -1.3761458959 -0.5238268143 571.4212329428 432.5830779550
2.0330982211 1.2071025275 -0.3551796497 197.5035276862 303.7643386686
1.5235769822 -1.1851647188 1.3670204011 638.8556877001 128.6313434154
2.8384515790 -2.7845431762 0.8899561949 617.3182658549 256.2196687934
2.5609837967 -2.9277062911 -1.0449301538 617.2664309465 440.0718222460
1.7669752855 0.9690625695 -0.5529376649 201.2896586968 357.2208154028
1.8439066339 -0.9471699808 1.1522247373 549.3854621276 168.6446525466
1.4488983111 0.6617484764 1.0469220162 309.7914510549 77.4953843474
2.7059739807 -0.7331271193 0.7287971851 455.4713501064 226.2916490084
2.8833560441 2.6773336796 -0.2468877160 102.7390407831 237.6938110402
1.9496769023 -1.6101641628 0.3732577648 593.3093892834 294.0347993440
2.7832056284 2.7310910625 0.6875618561 111.7798807044 141.2753742705
0.7034332180 -0.0654622727 0.4930513506 535.9114369868 203.8190533347
1.9631750106 0.7384015444 -1.1730532119 231.1289350361 439.6950005717
2.7390766891 1.4458832406 -1.4800111153 189.1747236115 392.6189422638
1.6947515968 -1.6709432923 1.9441946478 690.5423655623 77.8937527777
1.3192468384 -0.5366856561 1.1335808896 558.9404263888 117.5726373881
2.3746660379 0.5242174031 1.6523616679 361.5638104250 86.5594641022
1.8809823717 2.0841163296 0.5893151287 72.4770040008 126.5816693635

gimbalangles:
-1.3478345889 -0.0334321948 -1.6523406335

end: