T_CW:
-0.0889949667 -0.9664381291 0.2409921960 0.2002722347
-0.0011954704 -0.2418484289 -0.9703133042 0.3928683288
0.9960313583 -0.0866410992 0.0203679447 -0.2354188512
0.0000000000 0.0000000000 0.0000000000 1.0000000000

T_CW_cov:
0.0000003304 0.0000000052 -0.0000000113 -0.0000000348 0.0000007050 0.0000000051
0.0000000052 0.0000001951 -0.0000000003 -0.0000005155 0.0000000129 -0.0000000609
-0.0000000113 -0.0000000003 0.0000002169 -0.0000000605 -0.0000000150 0.0000000023
-0.0000000348 -0.0000005155 -0.0000000605 0.0000019191 -0.0000000769 0.0000002604
0.0000007050 0.0000000129 -0.0000000150 -0.0000000769 0.0000020284 0.0000000398
0.0000000051 -0.0000000609 0.0000000023 0.0000002604 0.0000000398 0.0000006505

target_points_pix:
2.8469624497 -1.2706155376 -0.4268351525 471.2937436439 338.9770719006
1.2955616386 -1.4164051859 0.0125195018 674.3999863799 387.7389699989
2.9185907309 1.9178459633 1.8610296438 236.3279533837 60.9217678629
2.6305978994 -2.5336026126 1.4089481569 628.5321630795 206.1852199383
2.5591223247 -0.0443953625 0.5219552533 389.9746389892 228.2388441551
1.8324549851 0.5136414256 0.1050882143 307.5440762508 265.1957127072
2.2959027539 -0.3651612911 1.0377432566 443.9445521348 178.4091043368
2.3041003494 -2.2990699818 1.7052507894 652.1494773199 164.8958860245
2.2457088193 -0.2690198173 -1.2941584072 368.9859408585 446.6515038315
2.0176283046 -1.3083910700 2.4854543714 610.3539160424 26.6793026161
2.2385537561 -1.8200234489 -0.7064504535 554.8335607845 410.8687160601
2.8752574486 -1.5801047162 -0.1999385455 499.8125535512 324.1535557420
1.0143189639 -0.1834378360 0.2340703772 479.6662966976 303.1272142057
1.3939397812 -1.4548252074 -0.2639512733 644.7162012434 429.2386922769
2.6388940522 0.2859068827 0.6616028722 359.6294831788 206.9568618011
1.8436071198 -0.3614789899 -0.5329186283 413.4643877330 388.0381322777
2.6356910408 1.1581813945 0.7110316627 271.9869367620 178.5996406818
2.2974160006 1.1434337072 1.1115312662 272.4882623979 121.4967315040
1.8636994645 0.9851570773 0.8625067980 264.9171891782 133.2126511585
2.9486415274 -2.6758647837 -1.6358413215 553.0868514090 458.4555685605
2.8400527988 2.3293742471 -2.5758741647 72.6383746063 479.8428093348
2.4952987901 1.9204534977 1.3630564139 197.4800053406 79.6993208310
2.5258584135 -2.8592762385 -0.6116947642 624.5316082627 400.9176391193
2.8920798147 2.1378650829 -2.5311623147 100.8732020012 473.3606214011
2.7260240624 2.2495865463 -1.9352716347 86.2733926221 425.4943303859
2.3241395539 -2.8069241618 -0.5895953926 643.3747267065 411.4814277149
2.6278435143 1.8946618219 1.8255796272 222.3707853739 42.3247425464
2.6912848041 -2.1106228893 -0.6993441011 544.6750269514 385.5553443064
2.2863225682 -1.1407866103 2.4543879926 562.0472354023 49.8888437460
1.5889353798 -2.3704226469 0.0978376196 744.5917002809 375.1066432082
2.4841714159 1.4051269004 1.6262681959 264.4155720364 68.0426031331
2.7991553079 -1.1303929253 0.2989914414 476.7394949596 273.3948308156
2.3235776381 -0.6902499417 -1.1799127502 418.1906321052 434.0956835876
2.1983390802 1.3671984969 -1.0802983766 164.9332898079 387.4239692017
2.0950124471 -0.5055487376 0.8267820771 464.4020181707 203.0081148014
1.7824561088 1.2368809704 -0.1031601285 175.8445118733 272.2418505749
2.6588510636 -0.1466194073 -0.3037086062 378.4205016293 311.5898355799
2.2538497045 -0.9608366362 1.2047620648 514.4000074969 177.1508806990
2.3780720027 -0.0837965984 2.0767695085 438.0847857468 61.6649227523
2.9680979097 -2.4510036395 1.5364771412 593.5637256210 197.9666892290
2.8361755367 1.9949440335 -2.4556373968 112.5574974920 473.8943414506
2.0821692119 -1.0065134618 0.4658650749 513.0906951415 262.3147204347
1.2103062974 0.1184933070 0.6222756592 407.2974425893 179.4454339266
0.9923400970 0.5709656991 -0.1292795507 212.6882465756 370.2531033027
2.6984458114 1.3496573022 0.7124865195 254.6037830095 174.8580796585
1.6820117367 -2.6908657484 -0.4410075725 745.1021777463 452.9889318257
1.4393502068 -0.3605422360 0.5295601244 482.1292780466 232.7499923619
2.4819671509 -1.0003026340 -0.6462119426 457.8921065783 371.0331877969
2.4003927181 0.1999549924 -0.1597382894 347.6447814181 295.9673250030
1.6781638844 1.7635796532 -1.0815039641 8.3858076564 434.2022198427
2.8599623337 -1.4393414243 0.8130817700 509.8818282996 234.8819760764
2.8028733044 -1.8940930289 0.2984196099 539.6908894525 288.8680100063
2.2679231297 1.6166728105 1.6066018340 226.8954288691 42.9074902258
1.5339740108 -0.0088084180 1.0042570867 433.0392837810 132.4107078011
2.2683739193 1.5151538458 1.0720505343 222.6285994840 110.9071733864
2.8407462338 2.6756664027 -1.3199547291 69.2804474266 345.6044813641
2.5245239422 -1.9046691708 0.2882304037 561.3890064054 296.2312298125
1.2961433232 -0.2137759639 0.8682376054 485.9441682564 151.2751655351
2.5432224523 -0.6373923841 0.7409534547 453.5186777006 221.6214731712
2.9691898119 0.8306301282 -1.4718533968 262.2796085734 388.8692925840
1.9577623473 1.9570472736 1.2495788176 134.5209356768 39.8836477900
2.3703281476 -2.2094223224 -0.8768088657 576.8551935535 426.4486360185
2.5332886341 0.3624403137 -0.8886724309 311.6676025367 365.1333591470
2.7230803671 2.1668952310 -1.0932890004 119.2533881924 338.4330904279
1.9507874860 -0.6407648270 1.0479185312 497.2067186454 176.0071114771
1.3270867205 -0.5234995568 1.3446707796 565.7252408477 75.3453490842
2.8849499926 1.7528628131 -1.9172862492 156.6078849096 420.0157795771
1.6796342927 -1.3761458959 -0.5238268143 571.4575450584 432.3838955908
2.0330982211 1.2071025275 -0.3551796497 197.9267252247 303.3416136016
1.5235769822 -1.1851647188 1.3670204011 638.8508040505 128.2501094475
2.8384515790 -2.7845431762 0.8899561949 617.5836603764 256.1653054239
2.5609837967 -2.9277062911 -1.0449301538 616.9552499435 439.8252443990
1.7669752855 0.9690625695 -0.5529376649 201.4320847688 357.0047993489
1.8439066339 -0.9471699808 1.1522247373 549.8828663131 168.8519817604
1.4488983111 0.6617484764 1.0469220162 310.3347739655 77.6563157715
2.7059739807 -0.7331271193 0.7287971851 455.6117431778 226.6406492812
2.8833560441 2.6773336796 -0.2468877160 102.9889159407 237.7026507484
1.9496769023 -1.6101641628 0.3732577648 593.6882173805 294.1793011057
2.7832056284 2.7310910625 0.6875618561 111.8642478099 141.2828369005
0.7034332180 -0.0654622727 0.4930513506 536.0863232592 203.9574630672
1.9631750106 0.7384015444 -1.1730532119 231.2773182590 439.3892468787
2.7390766891 1.4458832406 -1.4800111153 189.1856290701 392.5345947274
1.6947515968 -1.6709432923 1.9441946478 690.4752289902 78.4413429407
1.3192468384 -0.5366856561 1.1335808896 559.5627535043 117.8005746296
2.3746660379 0.5242174031 1.6523616679 361.7971759755 86.2689361724
1.8809823717 2.0841163296 0.5893151287 72.4164934033 126.7400188557

gimbalangles:
0.3108366667 0.2636742816 -1.5180805792

end: