T_CW:
-0.0890469777 -0.9663635422 0.2412719212 0.2002627901
-0.0011775305 -0.2421319065 -0.9702426260 0.3924839306
0.9960267312 -0.0866812786 0.0204231919 -0.2352718713
0.0000000000 0.0000000000 0.0000000000 1.0000000000

T_CW_cov:
0.0000003305 0.0000000052 -0.0000000113 -0.0000000349 0.0000007053 0.0000000050
0.0000000052 0.0000001952 -0.0000000003 -0.0000005157 0.0000000129 -0.0000000610
-0.0000000113 -0.0000000003 0.0000002169 -0.0000000605 -0.0000000150 0.0000000023
-0.0000000349 -0.0000005157 -0.0000000605 0.0000019200 -0.0000000771 0.0000002605
0.0000007053 0.0000000129 -0.0000000150 -0.0000000771 0.0000020294 0.0000000395
0.0000000050 -0.0000000610 0.0000000023 0.0000002605 0.0000000395 0.0000006507

target_points_pix:
2.8469624497 -1.2706155376 -0.4268351525 471.1825910953 339.0231895626
1.2955616386 -1.4164051859 0.0125195018 674.4254314739 387.7888149091
2.9185907309 1.9178459633 1.8610296438 235.7827430184 60.8398699443
2.6305978994 -2.5336026126 1.4089481569 628.4356197232 205.9573244785
2.5591223247 -0.0443953625 0.5219552533 389.7483715469 228.4612654573
1.8324549851 0.5136414256 0.1050882143 307.3048388880 265.5642614164
2.2959027539 -0.3651612911 1.0377432566 444.2472917756 178.9357048387
2.3041003494 -2.2990699818 1.7052507894 652.3758153277 164.8849462035
2.2457088193 -0.2690198173 -1.2941584072 368.9694399203 447.0668339017
2.0176283046 -1.3083910700 2.4854543714 610.6329179060 26.9179264663
2.2385537561 -1.8200234489 -0.7064504535 555.1613816223 410.9308096302
2.8752574486 -1.5801047162 -0.1999385455 500.4589932319 324.0053301952
1.0143189639 -0.1834378360 0.2340703772 479.6703390102 302.8581602412
1.3939397812 -1.4548252074 -0.2639512733 644.1873334034 429.4419146942
2.6388940522 0.2859068827 0.6616028722 359.7703157343 206.6820057046
1.8436071198 -0.3614789899 -0.5329186283 413.4795569289 388.1126759995
2.6356910408 1.1581813945 0.7110316627 272.4431044605 178.8358188739
2.2974160006 1.1434337072 1.1115312662 272.8500052385 121.0095524354
1.8636994645 0.9851570773 0.8625067980 264.8162976228 132.9292856132
2.9486415274 -2.6758647837 -1.6358413215 552.5491099401 458.1957642660
2.8400527988 2.3293742471 -2.5758741647 72.6218729695 479.7534224582
2.4952987901 1.9204534977 1.3630564139 197.7838421748 79.3806354630
2.5258584135 -2.8592762385 -0.6116947642 624.4873627387 400.9533006387
2.8920798147 2.1378650829 -2.5311623147 100.2855030785 472.9359157634
2.7260240624 2.2495865463 -1.9352716347 86.5764625281 425.0840316878
2.3241395539 -2.8069241618 -0.5895953926 643.8254139792 411.5600611816
2.6278435143 1.8946618219 1.8255796272 222.2879475088 42.1004507557
2.6912848041 -2.1106228893 -0.6993441011 544.7009110627 385.5711694058
2.2863225682 -1.1407866103 2.4543879926 561.8081421562 50.1628054891
1.5889353798 -2.3704226469 0.0978376196 744.3966280149 374.7620041782
2.4841714159 1.4051269004 1.6262681959 264.8747752554 67.6737173178
2.7991553079 -1.1303929253 0.2989914414 476.5052614824 273.2728308748
2.3235776381 -0.6902499417 -1.1799127502 418.1874075746 434.1205081298
2.1983390802 1.3671984969 -1.0802983766 165.0592773379 387.4709983379
2.0950124471 -0.5055487376 0.8267820771 464.4249129662 202.6627222268
1.7824561088 1.2368809704 -0.1031601285 176.2733511283 271.9615909110
2.6588510636 -0.1466194073 -0.3037086062 378.4216378784 311.4128599178
2.2538497045 -0.9608366362 1.2047620648 514.4599602883 177.1513228984
2.3780720027 -0.0837965984 2.0767695085 438.4614611092 61.7606402044
2.9680979097 -2.4510036395 1.5364771412 593.3063438241 198.3950312637
2.8361755367 1.9949440335 -2.4556373968 112.2882981608 473.5997243895
2.0821692119 -1.0065134618 0.4658650749 512.7183242257 262.1695830920
1.2103062974 0.1184933070 0.6222756592 406.9103657068 179.2099329375
0.9923400970 0.5709656991 -0.1292795507 212.6382837630 370.3895992287
2.6984458114 1.3496573022 0.7124865195 254.3181885550 174.7033567190
1.6820117367 -2.6908657484 -0.4410075725 745.0348844560 452.9544512208
1.4393502068 -0.3605422360 0.5295601244 482.1468327270 232.4452318523
2.4819671509 -1.0003026340 -0.6462119426 457.8201246714 371.2965278828
2.4003927181 0.1999549924 -0.1597382894 347.5849334734 295.7026588537
1.6781638844 1.7635796532 -1.0815039641 8.1989548976 433.9461686077
2.8599623337 -1.4393414243 0.8130817700 509.3931445828 235.1616957324
2.8028733044 -1.8940930289 0.2984196099 539.8357552481 289.0772468504
2.2679231297 1.6166728105 1.6066018340 226.5703506076 42.5573239955
1.5339740108 -0.0088084180 1.0042570867 433.3608732978 132.4902415697
2.2683739193 1.5151538458 1.0720505343 222.7177902204 110.9721118507
2.8407462338 2.6756664027 -1.3199547291 68.8613669497 345.6010909732
2.5245239422 -1.9046691708 0.2882304037 561.2762810994 295.9037810902
1.2961433232 -0.2137759639 0.8682376054 486.2825419637 151.1834736329
2.5432224523 -0.6373923841 0.7409534547 453.6056809969 221.6388778621
2.9691898119 0.8306301282 -1.4718533968 262.2063811139 388.8236693521
1.9577623473 1.9570472736 1.2495788176 134.5142268153 40.0636912764
2.3703281476 -2.2094223224 -0.8768088657 576.5129446495 426.6045199730
2.5332886341 0.3624403137 -0.8886724309 311.5683300630 365.3954387658
2.7230803671 2.1668952310 -1.0932890004 119.7103873807 338.4686540844
1.9507874860 -0.6407648270 1.0479185312 497.2556949306 175.8384929437
1.3270867205 -0.5234995568 1.3446707796 565.6390773973 75.3532407014
2.8849499926 1.7528628131 -1.9172862492 156.8233261792 419.9230624096
1.6796342927 -1.3761458959 -0.5238268143 571.3816515762 432.2880037421
2.0330982211 1.2071025275 -0.3551796497 197.5487073959 303.3220751949
1.5235769822 -1.1851647188 1.3670204011 638.5176883093 128.4825170417
2.8384515790 -2.7845431762 0.8899561949 617.1593730378 256.6208641223
2.5609837967 -2.9277062911 -1.0449301538 617.3890982274 440.0092123321
1.7669752855 0.9690625695 -0.5529376649 201.7074137925 356.8023098800
1.8439066339 -0.9471699808 1.1522247373 549.1765487071 169.0656863559
1.4488983111 0.6617484764 1.0469220162 310.1268674478 77.7537427712
2.7059739807 -0.7331271193 0.7287971851 455.6615325612 226.3698328205
2.8833560441 2.6773336796 -0.2468877160 102.9254462793 237.5362224571
1.9496769023 -1.6101641628 0.3732577648 593.4179141265 293.9771153835
2.7832056284 2.7310910625 0.6875618561 111.9098880461 141.3963007858
0.7034332180 -0.0654622727 0.4930513506 536.1669520856 203.8515366382
1.9631750106 0.7384015444 -1.1730532119 231.2138663476 439.2008228994
2.7390766891 1.4458832406 -1.4800111153 189.4318402734 392.4641589226
1.6947515968 -1.6709432923 1.9441946478 690.5180925791 78.1419572282
1.3192468384 -0.5366856561 1.1335808896 559.6832892471 117.5890654033
2.3746660379 0.5242174031 1.6523616679 362.1553306227 86.4335618257
1.8809823717 2.0841163296 0.5893151287 72.6836662674 126.4031457100

gimbalangles:
2.4308433676 -0.3618977444 -0.8331973883

end: