T_CW:
0.2968962474 -0.8584347253 0.4182612110 -0.0204202588
-0.8226966401 -0.0075757164 0.5684301601 0.0143475529
-0.4847915600 -0.5128668744 -0.7084805661 -0.0568974237
0.0000000000 0.0000000000 0.0000000000 1.0000000000

T_CW_cov:
0.0000005516 -0.0000000583 -0.0000000057 0.0000001355 0.0000013068 0.0000000125
-0.0000000583 0.0000004874 0.0000000148 -0.0000013532 -0.0000001189 0.0000001228
-0.0000000057 0.0000000148 0.0000002634 -0.0000000492 -0.0000000401 0.0000000041
0.0000001355 -0.0000013532 -0.0000000492 0.0000044177 0.0000002672 -0.0000003141
0.0000013068 -0.0000001189 -0.0000000401 0.0000002672 0.0000037582 0.0000000129
0.0000000125 0.0000001228 0.0000000041 -0.0000003141 0.0000000129 0.0000007634

target_points_pix:
-0.6320758571 -2.9734307655 -0.9551538105 567.3017211078 240.8601686585
-2.4509590965 0.8871749841 -2.1853645049 111.3842744455 323.9486281523
-1.1698605629 -0.0915581141 -1.3700899405 238.5670801525 271.0748079705
-0.4339811544 0.3604827340 -1.2275564470 94.9679842416 144.7546265034
-1.2830020915 -0.7477612956 -2.9741651212 295.8472863710 191.0091686554
-1.9323731186 -0.3012474738 -0.7481905140 274.9397556872 422.0054661781
-2.1173200533 -2.1447782396 -1.4060294826 422.6238118115 316.4717207725
-1.7590488229 -1.6158880204 -0.8003083999 431.5016937085 352.1174988051
-1.3783621819 0.6183489028 -2.2812195003 133.0003157801 220.3208040918
0.8751195563 -2.7412553167 -2.3497777337 525.4668504001 50.9691990873
-2.7526374896 -2.4282561608 -2.0502608060 399.1008596133 308.3880427148
0.0469361765 -0.1783641195 -2.6535832882 252.2109223494 43.6649370969
-0.4132450863 -1.6619243622 -0.3975132155 586.5242913346 266.4971229440
-2.6318751097 -0.2406755511 -1.7765257254 250.9902178806 348.8194350813
-0.8863209803 -2.2520445289 0.3132015694 704.9822048034 413.4750528347
-2.1289845198 -2.0063977310 0.0907732718 513.4036081134 468.4477261454
-2.4349464755 0.7633696205 -1.9950480928 123.7771201456 338.3876307274
-1.5006224968 -2.7756126823 -1.2469839680 488.6184445666 285.0240930480
-0.3342155314 -1.4791719233 -1.8288346165 418.4896739879 156.7352644354
-2.5927084704 -2.6493188930 -0.8510426906 461.4634101481 367.9270915384
-1.4003785247 -0.3736922668 -0.7233151088 299.0442251085 378.1921895172
-0.3665870185 -2.4417945195 -0.7850897223 580.5804922161 225.3415929826
-0.8431574331 -1.9395949874 -1.4799140705 453.5485969008 227.2906461108
-2.6437567343 -2.7994983705 -2.3091975591 410.9647624094 289.8844808491
-2.7741509670 -2.0402444891 -0.1757024121 457.7241721493 456.9946747417
-0.2118470871 -0.0163581002 -1.5873625828 224.8903735386 93.0929933916
-1.9646052403 -2.0029863434 -1.3242917964 422.6886506235 315.0661829825
-0.1823780494 -0.8635400208 -2.5844140384 331.9974023040 103.3856032105
-1.2292746160 0.8858709981 -2.9739817686 111.7676792948 165.4545659695
-0.7482836631 -2.2901477881 -2.3809329031 430.4027143572 185.4565945756
-0.5278049365 -2.9772354716 -1.6874461611 513.7313632147 199.1575936894
-1.8905943680 -2.4627044847 -2.4214448040 407.8291481342 253.1408033870
-1.5747020397 0.3647896395 -2.1186734669 173.3748016125 252.1920509879
0.8262230982 -2.7700330224 -2.2296368352 534.4274572824 57.6803792595
-0.4042982512 -2.7503468765 -0.9514857109 573.6637116917 221.2385320852
-2.9933007186 -2.9934415882 -2.4369486571 408.9973320552 297.1054518825
0.6597325242 -2.7190445851 -1.4226758844 603.7007268078 82.2920675909
1.0749470139 -2.7742481684 -2.6710858845 513.3263334367 30.6433417775
-0.9505699837 -1.1068315995 -0.2186933854 494.7734867073 385.7726533439
-2.5954390840 0.9615306910 -1.9993108423 95.9530105669 354.2647254226
-0.5276153481 -2.5064104042 -2.0030443754 469.9276845022 183.6236382444
0.2277862557 -0.3340403307 -2.6300424523 275.9634177909 23.8104467865
-0.1425061998 -1.1158049670 -0.6788600397 514.3398387674 183.7769677240
-0.9856763569 -0.5848182569 -0.8305814883 345.9171703260 305.8365034091
0.5258951825 -1.9250366668 -0.8884842334 637.9878295063 70.9372795271
-1.0606481474 -2.1885100011 0.3504036302 682.4537103418 439.7175228382
0.0588398480 0.1345663759 -1.9919443238 191.9531372048 14.7710747438
-2.3495685473 0.3594685558 -2.9255488728 192.3426970807 262.6656845762
-1.2272046121 -1.5636394124 -2.1282380772 380.4712715672 224.4185645322
-1.7586502624 -2.0947587884 0.1629999156 557.7580276664 456.0810809936
-2.4637418305 -2.7427375996 0.0218696577 529.5348320734 437.9623757838
-2.1679331945 -2.2497089087 -2.4883330897 389.1976163431 264.2902675523
-1.2502089736 -0.4633432231 -1.6307261334 290.8605132325 254.6203814631
-1.7725763211 0.1321032521 -2.5127218453 210.3555057232 243.6021735770
0.6126184509 -1.9652231620 -0.7123293042 698.7571489482 55.8135627117
-2.0098147786 -2.3425078733 -0.2469870441 511.4933181868 402.5927094766
-1.0103194588 -0.8321822294 -2.8083801352 309.3432872982 176.5221212396
-0.3638610292 -0.9546125156 -1.7797905765 368.6553068260 149.9887812235
0.5171586540 -2.8836435482 -0.8402935305 684.0647172114 121.0644616877
-2.9469886051 -0.0556582209 -2.3291306646 230.9761103032 328.1085330172
-2.2714974815 -1.5754805292 -0.3708202209 432.8016788064 432.2139350733
-2.2906387154 -1.9032725139 -2.9466558645 357.7422653801 253.5797757896
0.0126243685 -2.0694425955 -2.4142551407 442.1553706560 118.4010236634
-0.3936100835 -1.1881348723 -1.5631378304 404.9461308424 168.9544349874
-2.0786952816 -1.2439389284 -2.8570242590 324.5283562973 246.8020993659
-1.5563505293 -2.3259772891 0.0237559221 571.9044382386 410.3608983048
-1.9296688539 -1.8920561824 -1.4908164832 409.3159045377 303.5591389668
-1.8553364985 -2.2370036957 -1.3848175939 437.8786972459 302.6605306498
-1.1895189559 -0.0584733151 -0.8465864265 232.8676061611 346.8193424219
-2.1610756819 -2.5467967732 -1.5818627512 436.2349960200 304.1933524931
-1.0310568987 0.1681308091 -1.9239170579 195.8010209746 206.9966286634
0.7293110861 -2.4662675618 -1.2961584207 616.9777495579 61.8900037587
0.4923176364 -2.9486591499 -2.4580393176 508.9539123075 95.3765684480
-0.7896994598 -0.6712832293 -1.4482634684 334.7818342226 217.5301389661
0.1761868050 -2.0212782925 -1.2051419420 549.9457564423 128.8587138509
-2.0809982885 -2.3007220402 -1.1211365928 447.1639271385 331.2141001304
-1.7593186310 0.6483982310 -1.4034331411 95.4763893043 349.3324729340
0.9252734353 -2.1199048929 -1.1736164176 646.4720667013 0.2445239602
-0.3139309819 -0.3902845608 -2.9588867546 272.5894941654 97.1144421200
-1.2283828643 -2.6822559147 -2.2808022666 441.5708452940 222.1359864313
-2.4005462004 -1.4231052476 -1.7722446267 355.6529550453 317.1658274839
-1.0519031372 -0.6309223896 -1.1260086692 334.7182713985 277.0837244885
0.0229598532 -2.2709885252 -1.3699846470 534.5170130443 149.9128093912
-2.5222100225 -0.7635231769 -2.4214857334 292.0015217746 292.6447286443
-1.1789359356 0.5890362018 -2.6866246034 146.7302586021 176.7630476295
-2.3709911216 0.7873857488 -1.7873182151 109.3643027628 356.0492079236
-2.1351115329 0.3711751050 -2.8548084772 188.8086690772 252.2357887312
-2.3524978632 -0.4190901020 -0.6763358060 287.9782710470 452.9671110404
-2.4323608169 -2.8139920343 -0.8519714480 475.7093663724 357.9281390973
-1.6020343444 1.0108264512 -2.1461077954 57.7755043475 253.9297739833
0.1346661905 -1.4032030397 -2.7868114016 380.6018642257 82.4192222868
0.6772129729 -1.3872812868 -2.0826048477 441.9056136927 9.4956202459
-1.4994475505 -0.9512953885 -2.1558872977 325.8463308114 242.0819819380
0.5091662389 -1.5917825661 -1.9651756083 461.3723724636 48.2086198638
-1.9858815282 -1.4791766923 -1.1752089238 391.4769451811 335.6270881535
-0.2655979503 -2.6868276852 -2.0208468826 489.4542909833 164.2060704338
-2.2862629253 -0.2226837426 -1.4929258470 252.1404696507 353.7989776100

gimbalangles:
-2.2468195521 -0.4314712731 -0.3328099020

end: