T_CW:
0.9138657500 0.2634093752 -0.3089739342 -0.0354974357
0.1503287527 -0.9264230386 -0.3451689727 -0.0232921709
-0.3771613144 0.2689904360 -0.8862242878 -0.0672219605
0.0000000000 0.0000000000 0.0000000000 1.0000000000

T_CW_cov:
0.0000004246 0.0000000060 -0.0000000474 -0.0000001010 0.0000008386 0.0000000018
0.0000000060 0.0000003299 -0.0000000004 -0.0000008376 0.0000000806 0.0000000445
-0.0000000474 -0.0000000004 0.0000002694 -0.0000000128 -0.0000001740 -0.0000000015
-0.0000001010 -0.0000008376 -0.0000000128 0.0000027772 -0.0000003883 0.0000000644
0.0000008386 0.0000000806 -0.0000001740 -0.0000003883 0.0000022710 -0.0000000481
0.0000000018 0.0000000445 -0.0000000015 0.0000000644 -0.0000000481 0.0000005064

target_points_pix:
-2.8243573618 2.6628569762 -1.5907718359 264.9083988224 56.2428633897
-2.4509590965 0.8871749841 -2.1853645049 266.5151793023 202.9626077793
0.7583609253 0.4677505926 -2.4511855211 566.6923997106 302.5858091977
-1.1698605629 -0.0915581141 -1.3700899405 266.4848628036 295.0050562334
-0.4339811544 0.3604827340 -1.2275564470 383.3765195229 239.5279738380
-1.2830020915 -0.7477612956 -2.9741651212 334.1039005006 367.6296810775
0.0134727521 1.9966532696 -2.2999075116 492.3404890601 135.4385271316
-2.5095895023 1.4537282118 -1.9005724212 263.6886824600 150.0079388278
-1.9323731186 -0.3012474738 -0.7481905140 54.2810062560 282.9604826724
-1.3783621819 0.6183489028 -2.2812195003 336.4218088951 237.8788408599
0.4760255981 1.6652719494 -2.0074300235 553.2547103941 141.8159742890
0.0469361765 -0.1783641195 -2.6535832882 460.6699930977 355.6247770839
1.5905470624 0.5227412081 -2.2990225691 737.9069208121 323.8137320974
-2.6318751097 -0.2406755511 -1.7765257254 181.2241112498 280.8420350160
-2.2570881565 2.7082349037 -2.0633919600 321.1768554203 83.4513484186
-2.4349464755 0.7633696205 -1.9950480928 251.6165681768 204.6078769556
-2.9891561525 1.0928385460 -1.1234454871 155.6542594873 126.7627679804
1.7022931842 0.6034113149 -2.4383688156 740.0069682078 316.9824967585
-1.4003785247 -0.3736922668 -0.7233151088 87.8328461680 326.7521801875
-2.7312989435 2.6530594031 -1.3942433270 258.8219080626 39.9337297240
1.3605142988 1.3279683397 -2.8167563008 633.4359479401 231.2886919715
-1.2333229781 0.8026401249 -0.6833503019 228.4486946812 97.3942308753
-0.2118470871 -0.0163581002 -1.5873625828 419.4325474847 326.3848218700
-0.1823780494 -0.8635400208 -2.5844140384 418.5788946065 432.4917987834
-1.2292746160 0.8858709981 -2.9739817686 374.5255188637 238.9252263846
1.2977747122 2.7046068227 -2.0603174099 678.1717421297 42.8724810644
-1.5747020397 0.3647896395 -2.1186734669 305.2229726099 252.4768229238
0.6336242524 1.1783842050 -1.0552852102 676.8100815289 71.7366362727
0.2585293654 0.5934473492 -0.5108773483 653.4504745051 46.4431928920
-2.5954390840 0.9615306910 -1.9993108423 248.9515563708 189.6641435359
0.2277862557 -0.3340403307 -2.6300424523 479.0255977456 381.6165364843
1.2383180701 1.3099832525 -2.0678546936 680.3000922419 190.4357038493
0.9719223617 1.9689701437 -1.5625638722 677.9816578165 49.6203441348
-1.8048953481 1.9335417400 -1.4229821744 301.3930091443 78.6278617519
-0.9856763569 -0.5848182569 -0.8305814883 147.0099823163 419.4018844572
0.7575916053 0.2523891601 -1.0951950878 749.6593709662 322.7747447869
0.0588398480 0.1345663759 -1.9919443238 469.7482303740 316.7796811926
-2.3495685473 0.3594685558 -2.9255488728 293.5842566595 259.8927165263
1.4570043822 2.3114412965 -2.8657043889 640.4432942127 148.5936672724
1.4697371940 1.7050643911 -2.6910499524 656.5126562324 190.2398575756
1.1375885433 -0.0063029323 -2.6361798873 614.5194638644 379.5279139165
-1.2502089736 -0.4633432231 -1.6307261334 263.6964651744 349.0060162720
-1.7725763211 0.1321032521 -2.5127218453 304.1041419153 277.9353592374
0.6325419191 2.6208530677 -2.3930825352 564.3393123172 92.7846838765
-1.0103194588 -0.8321822294 -2.8083801352 346.1717060317 386.3992756525
0.8583509219 1.9819683117 -2.4177920373 588.9835782887 144.6565179403
0.3303057821 0.2394415897 -2.7978580808 497.9969546238 319.2545095700
-2.8070000852 2.1028983329 -1.6509945629 252.0506149724 93.4706905075
-1.0050947886 1.3796874961 -1.1237346037 340.1273907882 86.4015989743
-2.9469886051 -0.0556582209 -2.3291306646 217.2572425676 269.5460483661
-0.7126786561 1.9834577945 -1.0618160856 399.2317078973 8.3332923653
-2.2906387154 -1.9032725139 -2.9466558645 231.3735594436 441.2807519489
-2.0786952816 -1.2439389284 -2.8570242590 260.8148500948 389.0763665976
0.0746601060 0.5852067123 -2.6719971241 475.8552955344 276.5225913831
-1.1895189559 -0.0584733151 -0.8465864265 185.2962961196 271.0065089560
-1.0310568987 0.1681308091 -1.9239170579 335.7116740235 278.1717784559
-1.6965573658 2.2500304313 -1.4300462053 320.7141208390 54.5905963038
-0.0667491202 2.8893935758 -1.8135267343 501.9422775094 24.3211348796
-0.7896994598 -0.6712832293 -1.4482634684 287.2085558197 417.3635878582
1.7836301664 2.3017608285 -2.5962998189 708.1540843548 129.5062705435
-1.7593186310 0.6483982310 -1.4034331411 250.5845926746 190.8063840919
-0.3139309819 -0.3902845608 -2.9588867546 420.9557761061 363.0457499025
-2.4005462004 -1.4231052476 -1.7722446267 129.9333342267 424.3216372005
-1.0519031372 -0.6309223896 -1.1260086692 204.9367268878 404.8810222363
-2.5222100225 -0.7635231769 -2.4214857334 221.8809996150 337.5561093534
0.6570472120 0.4945068807 -1.4712885553 623.5203755309 266.4148911932
-1.1789359356 0.5890362018 -2.6866246034 364.6087385182 254.8255619501
0.7279847276 1.9901461379 -1.3627605785 647.3354118714 17.0925227331
-2.3709911216 0.7873857488 -1.7873182151 241.9573817646 194.1379278716
-2.1351115329 0.3711751050 -2.8548084772 302.5084284714 260.7858708437
-1.5993342926 1.4370656586 -2.3495525503 344.0323010123 176.3661908730
1.5773005481 0.8563350408 -2.8473658583 665.6509441700 286.1872661562
-1.6020343444 1.0108264512 -2.1461077954 324.6160248268 198.6159103975
0.4773538111 1.3095008612 -1.5680206608 574.3511711936 138.0333162517
-0.4791536927 2.3891232452 -2.6389828612 451.3385357013 130.1765657563
-1.7376268140 2.4434120148 -2.6251467566 363.9377769808 128.5126622550
-2.7196823128 2.1269550887 -0.8836294877 199.0032263283 20.4344123658
-1.4994475505 -0.9512953885 -2.1558872977 264.1972157912 394.1927935535
0.1815827826 2.0076210646 -1.8337579884 521.4834528005 93.5256763885
-2.2862629253 -0.2226837426 -1.4929258470 172.8629025861 281.0252750003
0.5522005358 2.0961738439 -1.3378655295 610.7132904118 6.5345953219
-2.7921738827 1.8243530301 -1.3223706776 219.9876630605 86.5046304846

gimbalangles:
-1.1992217813 0.3141114740 -1.8514526311

end: