T_CW:
-0.0890421179 -0.9664469551 0.2409393788 0.2002828909
-0.0013985159 -0.2417786912 -0.9703304121 0.3930930760
0.9960268799 -0.0867372326 0.0201768953 -0.2355883835
0.0000000000 0.0000000000 0.0000000000 1.0000000000

T_CW_cov:
0.0000003454 0.0000000170 -0.0000000104 -0.0000000600 0.0000007329 0.0000000163
0.0000000170 0.0000002044 -0.0000000002 -0.0000005347 0.0000000353 -0.0000000524
-0.0000000104 -0.0000000002 0.0000002243 -0.0000000663 -0.0000000165 0.0000000016
-0.0000000600 -0.0000005347 -0.0000000663 0.0000019626 -0.0000001224 0.0000002430
0.0000007329 0.0000000353 -0.0000000165 -0.0000001224 0.0000020817 0.0000000613
0.0000000163 -0.0000000524 0.0000000016 0.0000002430 0.0000000613 0.0000006582

target_points_pix:
2.8469624497 -1.2706155376 -0.4268351525 471.1028430754 338.9499044876
1.2955616386 -1.4164051859 0.0125195018 674.1931850461 387.9647639269
2.9185907309 1.9178459633 1.8610296438 236.0298701938 60.4440731133
2.6305978994 -2.5336026126 1.4089481569 628.2111877562 206.1365361262
2.5591223247 -0.0443953625 0.5219552533 390.1257197376 228.5967815446
1.8324549851 0.5136414256 0.1050882143 307.6331905350 265.6516129411
2.2959027539 -0.3651612911 1.0377432566 444.5682446940 178.8443615544
2.3041003494 -2.2990699818 1.7052507894 652.3838525960 164.6710347049
2.2457088193 -0.2690198173 -1.2941584072 368.8801260175 446.6273224624
2.0176283046 -1.3083910700 2.4854543714 610.4020394242 26.5058179675
2.2385537561 -1.8200234489 -0.7064504535 555.0783188480 410.8881151029
2.8752574486 -1.5801047162 -0.1999385455 499.8798744686 323.9437766666
1.0143189639 -0.1834378360 0.2340703772 479.4961608871 302.7411154021
1.3939397812 -1.4548252074 -0.2639512733 644.7973202854 429.2411075596
2.6388940522 0.2859068827 0.6616028722 359.7298324235 207.0688744541
1.8436071198 -0.3614789899 -0.5329186283 413.8445175418 387.9196990977
2.6356910408 1.1581813945 0.7110316627 272.3995470561 178.3380183581
2.2974160006 1.1434337072 1.1115312662 272.3477353599 121.3585206609
1.8636994645 0.9851570773 0.8625067980 265.3158021799 132.8044721668
2.9486415274 -2.6758647837 -1.6358413215 552.8220278459 458.3092778697
2.4952987901 1.9204534977 1.3630564139 197.6186236324 79.3966016358
2.5258584135 -2.8592762385 -0.6116947642 624.4324858031 400.7897423542
2.8920798147 2.1378650829 -2.5311623147 100.8633623647 473.1827708195
2.7260240624 2.2495865463 -1.9352716347 86.2835111675 425.3645144845
2.3241395539 -2.8069241618 -0.5895953926 643.4396879382 411.1016831014
2.6278435143 1.8946618219 1.8255796272 222.3511346353 41.9893219439
2.6912848041 -2.1106228893 -0.6993441011 545.0324213128 385.8896731202
2.2863225682 -1.1407866103 2.4543879926 561.8889974629 50.0233699426
1.5889353798 -2.3704226469 0.0978376196 744.4006320831 374.8166054936
2.4841714159 1.4051269004 1.6262681959 264.0625174939 67.5739050977
2.7991553079 -1.1303929253 0.2989914414 476.7373533155 273.5938811234
2.3235776381 -0.6902499417 -1.1799127502 418.4931378576 434.3956222882
2.1983390802 1.3671984969 -1.0802983766 165.2708978427 387.3193478958
2.0950124471 -0.5055487376 0.8267820771 464.2056041036 202.9472286472
1.7824561088 1.2368809704 -0.1031601285 176.0597446835 271.6819235842
2.6588510636 -0.1466194073 -0.3037086062 378.0039605727 311.2319613644
2.2538497045 -0.9608366362 1.2047620648 514.5498888226 177.0042771857
2.3780720027 -0.0837965984 2.0767695085 438.4992671910 61.8608667049
2.9680979097 -2.4510036395 1.5364771412 593.5797821405 197.8778496780
2.8361755367 1.9949440335 -2.4556373968 112.4760508949 473.6751484161
2.0821692119 -1.0065134618 0.4658650749 512.8648260105 262.2085340808
1.2103062974 0.1184933070 0.6222756592 407.3137240173 179.5004316737
0.9923400970 0.5709656991 -0.1292795507 212.4321141855 370.5012339084
2.6984458114 1.3496573022 0.7124865195 254.3847696908 174.8690392628
1.6820117367 -2.6908657484 -0.4410075725 744.8943196973 453.1311264058
1.4393502068 -0.3605422360 0.5295601244 482.0736752230 232.7188523003
2.4819671509 -1.0003026340 -0.6462119426 458.1579272309 371.6819428427
2.4003927181 0.1999549924 -0.1597382894 347.7017329098 295.8969766775
1.6781638844 1.7635796532 -1.0815039641 8.2256722427 433.7970056413
2.8599623337 -1.4393414243 0.8130817700 510.0747228907 234.8466048629
2.8028733044 -1.8940930289 0.2984196099 539.6598437281 289.2976345845
2.2679231297 1.6166728105 1.6066018340 226.7308285907 42.8177906161
1.5339740108 -0.0088084180 1.0042570867 433.1937874582 132.5642294671
2.2683739193 1.5151538458 1.0720505343 223.0105492513 110.9570937046
2.8407462338 2.6756664027 -1.3199547291 69.1724118762 345.4981744934
2.5245239422 -1.9046691708 0.2882304037 561.6223073219 295.8466341277
1.2961433232 -0.2137759639 0.8682376054 486.1575654872 151.0901872289
2.5432224523 -0.6373923841 0.7409534547 453.8282708234 221.5552639352
2.9691898119 0.8306301282 -1.4718533968 262.3016112784 388.9021625917
1.9577623473 1.9570472736 1.2495788176 134.2267488087 40.2328588853
2.3703281476 -2.2094223224 -0.8768088657 576.3646759114 426.3200691508
2.5332886341 0.3624403137 -0.8886724309 311.9225904178 365.1150318473
2.7230803671 2.1668952310 -1.0932890004 119.3704731685 338.4464477866
1.9507874860 -0.6407648270 1.0479185312 497.0298031118 175.5528947646
1.3270867205 -0.5234995568 1.3446707796 565.4892433635 75.7031997291
2.8849499926 1.7528628131 -1.9172862492 156.6327364952 420.1206635786
1.6796342927 -1.3761458959 -0.5238268143 571.6349799831 432.1730284766
2.0330982211 1.2071025275 -0.3551796497 197.2061927191 303.3835685633
1.5235769822 -1.1851647188 1.3670204011 639.2011811774 128.1246023520
2.8384515790 -2.7845431762 0.8899561949 617.3405987959 256.4420440251
2.5609837967 -2.9277062911 -1.0449301538 617.5091676901 439.7710791603
1.7669752855 0.9690625695 -0.5529376649 201.4321216397 356.8797342206
1.8439066339 -0.9471699808 1.1522247373 549.4287516861 168.8450321282
1.4488983111 0.6617484764 1.0469220162 309.9442478988 77.6242178056
2.7059739807 -0.7331271193 0.7287971851 455.4872576469 226.1194617991
2.8833560441 2.6773336796 -0.2468877160 102.4486548717 237.6590535135
1.9496769023 -1.6101641628 0.3732577648 593.5901434251 294.0149108486
2.7832056284 2.7310910625 0.6875618561 111.5521489907 141.3359385065
0.7034332180 -0.0654622727 0.4930513506 536.1534236312 204.1191578175
1.9631750106 0.7384015444 -1.1730532119 230.9861994778 439.7716972336
2.7390766891 1.4458832406 -1.4800111153 189.5263331567 392.7129755660
1.6947515968 -1.6709432923 1.9441946478 690.3536354244 78.2312145877
1.3192468384 -0.5366856561 1.1335808896 559.6729508395 117.3766073184
2.3746660379 0.5242174031 1.6523616679 361.6467770331 86.4267973224
1.8809823717 2.0841163296 0.5893151287 72.3022862120 126.9326268147

gimbalangles:
-0.1840365247 0.3272791104 -0.1676078475

end: