T_CW:
-0.0889298609 -0.9664276113 0.2410583996 0.1999401598
-0.0013666774 -0.2418986763 -0.9703005527 0.3932684296
0.9960369531 -0.0866181422 0.0201912208 -0.2354408203
0.0000000000 0.0000000000 0.0000000000 1.0000000000

T_CW_cov:
0.0000003303 0.0000000052 -0.0000000113 -0.0000000348 0.0000007048 0.0000000053
0.0000000052 0.0000001951 -0.0000000003 -0.0000005154 0.0000000129 -0.0000000608
-0.0000000113 -0.0000000003 0.0000002169 -0.0000000606 -0.0000000150 0.0000000023
-0.0000000348 -0.0000005154 -0.0000000606 0.0000019187 -0.0000000768 0.0000002601
0.0000007048 0.0000000129 -0.0000000150 -0.0000000768 0.0000020278 0.0000000404
0.0000000053 -0.0000000608 0.0000000023 0.0000002601 0.0000000404 0.0000006504

target_points_pix:
2.8469624497 -1.2706155376 -0.4268351525 471.4237672039 338.9197413267
1.2955616386 -1.4164051859 0.0125195018 674.3285166789 387.9672131630
2.9185907309 1.9178459633 1.8610296438 235.8614901890 60.3380662292
2.6305978994 -2.5336026126 1.4089481569 628.0568752467 205.9501784511
2.5591223247 -0.0443953625 0.5219552533 390.1177408152 228.5212637565
1.8324549851 0.5136414256 0.1050882143 307.6435062165 265.2184050503
2.2959027539 -0.3651612911 1.0377432566 444.1336358577 178.9918315580
2.3041003494 -2.2990699818 1.7052507894 652.7440205492 164.7740106805
2.2457088193 -0.2690198173 -1.2941584072 368.7858897701 447.0562744781
2.0176283046 -1.3083910700 2.4854543714 610.2509334310 26.4238509544
2.2385537561 -1.8200234489 -0.7064504535 554.9261862834 410.9388552936
2.8752574486 -1.5801047162 -0.1999385455 499.9230656830 324.4162355238
1.0143189639 -0.1834378360 0.2340703772 479.4508732556 303.0517045960
1.3939397812 -1.4548252074 -0.2639512733 644.2962285994 429.0104189047
2.6388940522 0.2859068827 0.6616028722 359.5487392968 207.0559762050
1.8436071198 -0.3614789899 -0.5329186283 413.8575634867 388.2220657533
2.6356910408 1.1581813945 0.7110316627 272.0685232885 178.4568982615
2.2974160006 1.1434337072 1.1115312662 272.4826193539 121.5001516150
1.8636994645 0.9851570773 0.8625067980 264.4867359142 133.1145868067
2.9486415274 -2.6758647837 -1.6358413215 552.7081211718 458.6366790755
2.8400527988 2.3293742471 -2.5758741647 72.9592165558 479.8194086797
2.4952987901 1.9204534977 1.3630564139 197.6611020657 79.3255504234
2.5258584135 -2.8592762385 -0.6116947642 624.8897488705 400.4772298284
2.8920798147 2.1378650829 -2.5311623147 100.5877011767 473.4115244404
2.7260240624 2.2495865463 -1.9352716347 85.8929029152 424.6499545354
2.3241395539 -2.8069241618 -0.5895953926 643.7628004071 411.3432854414
2.6278435143 1.8946618219 1.8255796272 222.3492270926 42.3277055117
2.6912848041 -2.1106228893 -0.6993441011 544.8837970407 386.0529216793
2.2863225682 -1.1407866103 2.4543879926 562.2215683034 50.0672289650
1.5889353798 -2.3704226469 0.0978376196 744.7534928304 374.9093968655
2.4841714159 1.4051269004 1.6262681959 264.1700126634 67.9356189201
2.7991553079 -1.1303929253 0.2989914414 477.2301282229 273.6793573489
2.3235776381 -0.6902499417 -1.1799127502 418.3612904130 434.2535312124
2.1983390802 1.3671984969 -1.0802983766 164.9902313125 387.0281940258
2.0950124471 -0.5055487376 0.8267820771 464.1869156699 203.2037967048
1.7824561088 1.2368809704 -0.1031601285 175.8868339909 271.6280919717
2.6588510636 -0.1466194073 -0.3037086062 378.3611636483 311.5215180340
2.2538497045 -0.9608366362 1.2047620648 514.0457917567 177.2805211678
2.3780720027 -0.0837965984 2.0767695085 438.4899963706 61.7438560195
2.9680979097 -2.4510036395 1.5364771412 593.3702612805 198.0735454316
2.8361755367 1.9949440335 -2.4556373968 112.3921790175 473.5148126953
2.0821692119 -1.0065134618 0.4658650749 513.0726243469 261.9166881879
1.2103062974 0.1184933070 0.6222756592 407.0608517480 179.8305845462
0.9923400970 0.5709656991 -0.1292795507 212.9797240884 370.7673090240
2.6984458114 1.3496573022 0.7124865195 254.0904437356 175.1420794940
1.6820117367 -2.6908657484 -0.4410075725 744.9044062086 453.1753687942
1.4393502068 -0.3605422360 0.5295601244 482.4540126173 232.4382315510
2.4819671509 -1.0003026340 -0.6462119426 458.2824266946 371.6042639321
2.4003927181 0.1999549924 -0.1597382894 347.4208563867 296.0699047087
1.6781638844 1.7635796532 -1.0815039641 8.0858058281 433.9401648224
2.8599623337 -1.4393414243 0.8130817700 509.6599805662 234.4905776072
2.8028733044 -1.8940930289 0.2984196099 539.8154962826 288.8002990876
2.2679231297 1.6166728105 1.6066018340 226.5635010390 42.7112039067
1.5339740108 -0.0088084180 1.0042570867 433.4162012557 132.1048319367
2.2683739193 1.5151538458 1.0720505343 222.5454374600 111.3475860687
2.8407462338 2.6756664027 -1.3199547291 69.0977041135 345.6392053293
2.5245239422 -1.9046691708 0.2882304037 561.5520718526 295.8282090960
1.2961433232 -0.2137759639 0.8682376054 486.1201701779 151.2387342877
2.5432224523 -0.6373923841 0.7409534547 453.9632602154 221.7411095380
2.9691898119 0.8306301282 -1.4718533968 262.4939518951 388.8997190690
1.9577623473 1.9570472736 1.2495788176 134.2964295693 40.4771301802
2.3703281476 -2.2094223224 -0.8768088657 576.0676101875 426.5564356793
2.5332886341 0.3624403137 -0.8886724309 311.7672874492 365.5438308685
2.7230803671 2.1668952310 -1.0932890004 119.2647129845 338.1310209657
1.9507874860 -0.6407648270 1.0479185312 497.0786281070 175.6028690030
1.3270867205 -0.5234995568 1.3446707796 565.5253555724 75.7737046540
2.8849499926 1.7528628131 -1.9172862492 156.5887497831 420.1547876163
1.6796342927 -1.3761458959 -0.5238268143 571.4506824969 432.2262105603
2.0330982211 1.2071025275 -0.3551796497 197.4498728395 303.6118821795
1.5235769822 -1.1851647188 1.3670204011 639.0013755595 128.4854233785
2.8384515790 -2.7845431762 0.8899561949 617.6002921682 256.6263659829
2.5609837967 -2.9277062911 -1.0449301538 617.3388452178 440.1093089079
1.7669752855 0.9690625695 -0.5529376649 201.5686071214 356.7269936078
1.8439066339 -0.9471699808 1.1522247373 549.5649063751 169.1833485704
1.4488983111 0.6617484764 1.0469220162 310.0110548532 77.5898507094
2.7059739807 -0.7331271193 0.7287971851 455.7800575917 226.1705829420
2.8833560441 2.6773336796 -0.2468877160 102.8020818042 237.5898341331
1.9496769023 -1.6101641628 0.3732577648 593.5503803163 293.9711046861
2.7832056284 2.7310910625 0.6875618561 111.8132113027 141.3784710650
0.7034332180 -0.0654622727 0.4930513506 535.9846656440 204.2275880314
1.9631750106 0.7384015444 -1.1730532119 231.9827084676 439.3394625456
2.7390766891 1.4458832406 -1.4800111153 189.4834314766 391.7588422499
1.6947515968 -1.6709432923 1.9441946478 690.3349715071 78.1445439811
1.3192468384 -0.5366856561 1.1335808896 559.3778012607 117.5728721399
2.3746660379 0.5242174031 1.6523616679 361.4565473391 86.9056774520
1.8809823717 2.0841163296 0.5893151287 72.6401946114 126.2558388042

gimbalangles:
-1.1992217813 0.3141114740 -1.8514526311

end: