T_CW:
-0.0889590007 -0.9664226383 0.2410675848 0.1998275551
-0.0012820018 -0.2419158567 -0.9702963850 0.3925614077
0.9960344636 -0.0866256458 0.0202816373 -0.2354507897
0.0000000000 0.0000000000 0.0000000000 1.0000000000

T_CW_cov:
0.0000003304 0.0000000052 -0.0000000113 -0.0000000348 0.0000007050 0.0000000052
0.0000000052 0.0000001951 -0.0000000003 -0.0000005154 0.0000000129 -0.0000000609
-0.0000000113 -0.0000000003 0.0000002169 -0.0000000607 -0.0000000150 0.0000000023
-0.0000000348 -0.0000005154 -0.0000000607 0.0000019188 -0.0000000770 0.0000002601
0.0000007050 0.0000000129 -0.0000000150 -0.0000000770 0.0000020284 0.0000000397
0.0000000052 -0.0000000609 0.0000000023 0.0000002601 0.0000000397 0.0000006504

target_points_pix:
2.8469624497 -1.2706155376 -0.4268351525 471.3449282292 339.0720176477
1.2955616386 -1.4164051859 0.0125195018 674.3576143796 387.5923625927
2.9185907309 1.9178459633 1.8610296438 236.0789018217 60.4324052175
2.6305978994 -2.5336026126 1.4089481569 628.6563470667 206.0882512437
2.5591223247 -0.0443953625 0.5219552533 389.6520801777 228.7983132223
1.8324549851 0.5136414256 0.1050882143 307.1975559089 265.0895679918
2.2959027539 -0.3651612911 1.0377432566 443.9589664372 178.7526796310
2.3041003494 -2.2990699818 1.7052507894 652.6435917482 164.9126869066
2.2457088193 -0.2690198173 -1.2941584072 369.2451981840 446.1503122557
2.0176283046 -1.3083910700 2.4854543714 610.4034393030 26.7737281241
2.2385537561 -1.8200234489 -0.7064504535 555.3290543311 411.1338863785
2.8752574486 -1.5801047162 -0.1999385455 499.9873699076 324.1273614919
1.0143189639 -0.1834378360 0.2340703772 479.5113004083 302.9996641808
1.3939397812 -1.4548252074 -0.2639512733 644.5540821544 428.9462898555
2.6388940522 0.2859068827 0.6616028722 359.7058880140 206.6458769601
1.8436071198 -0.3614789899 -0.5329186283 413.5028680398 388.0436162696
2.6356910408 1.1581813945 0.7110316627 272.4457114590 178.7175770127
2.2974160006 1.1434337072 1.1115312662 272.1822400869 121.2846873100
1.8636994645 0.9851570773 0.8625067980 264.4527866983 132.6828996255
2.9486415274 -2.6758647837 -1.6358413215 553.3338161539 458.5622837886
2.8400527988 2.3293742471 -2.5758741647 72.7727894005 479.9767316709
2.4952987901 1.9204534977 1.3630564139 197.5769532282 79.0815978876
2.5258584135 -2.8592762385 -0.6116947642 624.1963186837 400.4449068045
2.8920798147 2.1378650829 -2.5311623147 101.0554726496 473.3581293998
2.7260240624 2.2495865463 -1.9352716347 86.5045933728 425.5543688588
2.3241395539 -2.8069241618 -0.5895953926 643.7605426635 411.0270462361
2.6278435143 1.8946618219 1.8255796272 222.2756661317 42.1083068061
2.6912848041 -2.1106228893 -0.6993441011 544.8153509681 385.6044301544
2.2863225682 -1.1407866103 2.4543879926 562.0089028156 50.2661226217
1.5889353798 -2.3704226469 0.0978376196 744.3557824854 375.0373042710
2.4841714159 1.4051269004 1.6262681959 263.7855935583 67.8046972313
2.7991553079 -1.1303929253 0.2989914414 477.0399720488 273.5661576869
2.3235776381 -0.6902499417 -1.1799127502 418.3219252131 433.8749461915
2.1983390802 1.3671984969 -1.0802983766 164.9137168902 387.2854795382
2.0950124471 -0.5055487376 0.8267820771 464.3884520954 202.9560298411
1.7824561088 1.2368809704 -0.1031601285 176.1131150193 271.5597115633
2.6588510636 -0.1466194073 -0.3037086062 378.8024496262 311.5235110026
2.2538497045 -0.9608366362 1.2047620648 514.2572301697 176.9524052320
2.3780720027 -0.0837965984 2.0767695085 438.5991546067 61.7849214613
2.9680979097 -2.4510036395 1.5364771412 593.4350335889 198.0650695146
2.8361755367 1.9949440335 -2.4556373968 112.4044006979 473.2938027072
2.0821692119 -1.0065134618 0.4658650749 512.5968026549 262.1795489486
1.2103062974 0.1184933070 0.6222756592 407.2313513650 179.6247234046
0.9923400970 0.5709656991 -0.1292795507 212.4010757730 370.2434682343
2.6984458114 1.3496573022 0.7124865195 254.4419693121 174.9107043128
1.6820117367 -2.6908657484 -0.4410075725 745.1100057099 453.0657353708
1.4393502068 -0.3605422360 0.5295601244 481.9490102399 232.7336119194
2.4819671509 -1.0003026340 -0.6462119426 457.8806587306 371.3936373854
2.4003927181 0.1999549924 -0.1597382894 347.5628184961 295.9014210476
1.6781638844 1.7635796532 -1.0815039641 8.3121107798 433.9250482891
2.8599623337 -1.4393414243 0.8130817700 509.7164302741 234.9895562613
2.8028733044 -1.8940930289 0.2984196099 539.5227248517 288.9746298096
2.2679231297 1.6166728105 1.6066018340 226.8097930095 42.5717989473
1.5339740108 -0.0088084180 1.0042570867 433.0621619346 132.5167390819
2.2683739193 1.5151538458 1.0720505343 222.6667907889 110.9172331423
2.8407462338 2.6756664027 -1.3199547291 68.7877056494 345.1921798624
2.5245239422 -1.9046691708 0.2882304037 561.4917595702 296.0443043894
1.2961433232 -0.2137759639 0.8682376054 486.4214989888 151.1084689343
2.5432224523 -0.6373923841 0.7409534547 454.1499435597 221.5094126527
2.9691898119 0.8306301282 -1.4718533968 262.4591719828 388.9293087905
1.9577623473 1.9570472736 1.2495788176 134.1419854243 40.0645235372
2.3703281476 -2.2094223224 -0.8768088657 576.3815973270 426.4550348844
2.5332886341 0.3624403137 -0.8886724309 311.9271018295 365.4339955507
2.7230803671 2.1668952310 -1.0932890004 119.4051749581 338.1402043507
1.9507874860 -0.6407648270 1.0479185312 497.0543506923 175.6734985110
1.3270867205 -0.5234995568 1.3446707796 565.4358502101 75.4876773293
2.8849499926 1.7528628131 -1.9172862492 156.4691572182 419.8507083077
1.6796342927 -1.3761458959 -0.5238268143 571.4161597332 432.2682342744
2.0330982211 1.2071025275 -0.3551796497 197.6465919031 303.2204087694
1.5235769822 -1.1851647188 1.3670204011 638.7650449171 128.8250742310
2.8384515790 -2.7845431762 0.8899561949 617.1659866623 256.4069774836
2.5609837967 -2.9277062911 -1.0449301538 617.3894891225 439.9183350695
1.7669752855 0.9690625695 -0.5529376649 201.0614556857 356.6152191623
1.8439066339 -0.9471699808 1.1522247373 549.2769933315 168.9272662728
1.4488983111 0.6617484764 1.0469220162 309.8941975262 77.4057941191
2.7059739807 -0.7331271193 0.7287971851 455.3438624943 226.0946169058
2.8833560441 2.6773336796 -0.2468877160 102.7865032277 237.6817280728
1.9496769023 -1.6101641628 0.3732577648 593.7896566703 294.1596241218
2.7832056284 2.7310910625 0.6875618561 111.8297032127 141.5880478549
0.7034332180 -0.0654622727 0.4930513506 536.0810323326 203.7667778182
1.9631750106 0.7384015444 -1.1730532119 231.5174803624 439.3901357913
2.7390766891 1.4458832406 -1.4800111153 188.9067342471 392.5834572553
1.6947515968 -1.6709432923 1.9441946478 690.4883579586 78.3816618671
1.3192468384 -0.5366856561 1.1335808896 559.1872345056 117.4532434852
2.3746660379 0.5242174031 1.6523616679 361.6122195480 86.4105200287
1.8809823717 2.0841163296 0.5893151287 72.7620992828 126.5923787334

gimbalangles:
-2.2468195521 -0.4314712731 -0.3328099020

end: