T_CW:
0.5974224503 -0.7990667638 0.0676662602 -0.0292057474
0.4713327928 0.4181497378 0.7765282964 0.0054472341
-0.6487925818 -0.4320221102 0.6264384104 0.0030680741
0.0000000000 0.0000000000 0.0000000000 1.0000000000

T_CW_cov:
0.0000005199 -0.0000000319 -0.0000000457 0.0000000470 0.0000011870 -0.0000001232
-0.0000000319 0.0000003199 -0.0000000223 -0.0000009239 -0.0000000593 0.0000000202
-0.0000000457 -0.0000000223 0.0000002316 0.0000000972 -0.0000001891 0.0000000098
0.0000000470 -0.0000009239 0.0000000972 0.0000033194 0.0000000752 0.0000001236
0.0000011870 -0.0000000593 -0.0000001891 0.0000000752 0.0000033469 -0.0000002140
-0.0000001232 0.0000000202 0.0000000098 0.0000001236 -0.0000002140 0.0000006786

target_points_pix:
-2.6364039434 -2.3323645090 1.6131212919 398.7440131945 177.3080358845
-2.8948441399 0.6269529752 1.2765981320 157.2268778946 229.0719034730
-1.7842749994 0.3589897521 1.3896783254 209.3299430501 290.1362187608
-0.3745088197 -2.7924729661 1.8430836583 570.1505023814 248.0546864733
-0.7937816819 -1.6414176510 0.7071862127 499.2460271746 166.4643814341
0.2808005009 -1.1718645692 1.1250327653 644.9343734305 361.7667851331
-2.7560724588 -1.2194953932 1.9192833866 336.0343432507 217.8965588009
0.0462699197 -0.8578527772 1.6217053210 516.7295916463 404.3221498881
-0.2553136312 -1.9712086642 0.1715341730 676.5760700148 66.7871647386
-0.1550543400 -2.4137450398 0.5014556902 680.3574125128 125.6980492269
-2.6734566750 -2.6265165695 1.2701937931 412.0907410206 149.2567077860
-1.6797658353 0.4497206555 0.9246442775 157.5074793846 259.7219135157
-2.8002920322 -2.7177990940 0.7087254771 411.7122018148 105.8625016100
-2.2493776015 -2.3923425776 1.7472308018 419.4722232987 192.6340994013
-0.4611632066 -1.2374349928 0.2883990725 542.3510179391 119.2421088006
0.1060971975 -1.5869797388 2.1014893325 555.9730157649 367.2889045670
-0.8863209803 -2.2520445289 0.3132015694 550.4222874723 86.1048213408
-2.1289845198 -2.0063977310 0.0907732718 407.5351158094 54.2488604450
0.5802513707 -1.4129348864 1.3211278183 724.1058891906 401.7106457324
-0.1801198384 -0.5479985749 1.3114649932 455.1670010391 385.4978977622
-2.3933415223 -2.8145690041 2.1568703343 430.1789670325 202.9241022046
0.4256399553 -1.6947218047 2.8575435986 565.8818584689 423.8820565783
-1.9740008485 0.2407913313 0.2379810357 123.1763881591 123.2123665105
-1.9416308981 -1.1170647662 2.7064884155 367.4147141187 290.5758340353
0.3042496640 -0.7297572688 1.2382640873 596.4320205017 456.6061783787
-0.2146575641 -0.5046357991 1.9549094726 432.6909487691 424.6882154837
-1.8055531173 -2.3431906182 2.2358729284 437.1559945559 233.2972967698
-1.4715007191 1.0947300271 1.7225109219 117.1776439060 410.9729900185
-2.7741509670 -2.0402444891 -0.1757024121 368.8448901330 24.2517763426
-1.6281093659 -0.3303049794 1.0078361132 287.1761131007 223.6819176510
0.3802981729 -1.2987431511 2.1045967176 578.8714945769 428.5283902328
-1.9557092750 -0.1852068968 1.1358403326 261.6009675607 226.4869971026
1.1523788830 -2.1628663225 2.9736070176 680.3480912951 469.6023452203
-0.9402351494 -1.2005288970 2.4392588703 423.7697145077 326.3427294025
-0.3823346286 -2.6004217608 2.8138227545 530.3878681113 310.4454470437
-1.5873220287 -2.6442079861 1.2926729153 474.1623777006 171.0945516952
-0.2089443667 -2.2213772583 2.7520224592 530.4203210742 335.2797305215
-1.8400861476 0.6802285019 2.7417002054 237.9316627083 382.5561972990
-0.1150878283 -1.6216023649 0.6994336735 622.9556493208 203.1091827679
0.0799047365 -1.4043005573 2.5796705873 521.3603289697 402.0083138859
-0.3599161903 -1.9936056061 1.4339193395 550.6653047655 253.8602619420
-2.2552646269 1.6043643505 1.8194632491 54.8669740394 369.0732137756
-0.4663553090 -0.8967115007 0.8784296744 466.2065272831 257.6806610789
-1.2364746597 -0.8307857292 2.2308155062 379.6935127631 315.9310516721
0.4971001036 -2.9282306381 1.2764082264 748.5066057201 240.1822168584
-1.8310523068 -0.1889451984 1.5644050636 282.1055968011 269.4937489231
-2.4795398100 0.0634801912 0.4110664761 173.9931307936 132.2221411574
-1.4178930604 0.5616682054 2.3963558138 246.3623689321 398.7507274433
-2.6261878393 -0.7849814902 2.7541684472 324.8607005915 276.9551482728
0.1978387829 -1.7049102467 0.9341318838 681.8792156589 262.1457881967
-1.9262396669 -0.5333356992 0.4900413074 278.0985237786 138.7093113086
-2.3787147104 0.3569107646 2.5683948238 248.9949191595 322.0941295421
-1.0606481474 -2.1885100011 0.3504036302 520.0525969344 91.6139882902
-2.8798376111 -2.4797889453 0.6139716428 395.0118869922 100.5307547942
-2.4055301863 0.9708260692 2.4281034256 186.6843320454 345.0939253977
-1.2099097975 -2.5639048038 2.8155812467 473.6397357368 275.9871627509
-1.7586502624 -2.0947587884 0.1629999156 443.4155733251 62.9682655490
-2.4637418305 -2.7427375996 0.0218696577 434.8759397202 42.2934656472
0.3150226326 -1.7471125294 2.0745693761 596.6522032438 374.5331217046
-2.3268183976 1.7937684323 2.5591340519 98.6667042451 409.7927415656
-0.6125680017 0.4219487398 1.6907229199 258.4201266587 467.6265504462
-0.6810045623 -1.9562404295 2.2617881460 489.3907795947 295.4281172364
-2.0098147786 -2.3425078733 -0.2469870441 445.3896198770 3.2750197076
-1.8196517110 0.4238616465 0.7629712756 145.8324539570 225.8209317257
-1.7250105261 1.3799615575 1.7287495262 67.8739574220 406.9263122787
-0.7461558169 -2.7348513775 1.8641295763 531.7345596064 235.5918352017
-2.0168399528 -0.7930379665 1.4646715140 328.2673123610 226.5289316720
-1.3199728770 -0.4454115690 0.6293955931 305.0773756797 187.0116426627
-2.9188407590 -1.3810012220 1.0839570419 329.9084186695 155.4622593174
-1.4161008387 -2.1674853346 0.4832161336 474.8650896524 106.1464110177
-1.5563505293 -2.3259772891 0.0237559221 482.1319647993 39.5894789820
-2.1605879291 -0.8868400575 2.0349525460 338.0602247680 255.3142057521
-1.0231969654 -0.6532888771 1.3941302240 371.9974443073 283.5286621672
-2.8987142952 2.4095418038 2.8717692845 55.6161212560 411.3780181970
0.2999752779 -2.0607219307 2.4452932410 588.2257955755 367.9837400467
-2.6748752440 -2.4932236144 2.6376832354 404.7599327745 225.8570855934
-0.4784341868 -2.0935500770 0.3372802366 608.8387022055 98.5086842569
-2.9458023404 -0.1409691835 0.5459986167 203.8976007789 133.3197489230
-1.3015980204 -0.4775983353 1.9294706893 343.9458235923 313.0455471051
-0.5766055598 -2.9777220371 0.7269098261 609.9741665702 131.4313493395
-1.4769533415 0.8018814294 2.2416422603 207.1501801229 405.5058047283
-0.1488004004 -2.9553414777 1.9345515260 597.4152182623 258.4872253371
-1.2496893304 -1.2176234362 0.9201692519 407.8937769204 191.8406136205
1.1641200600 -2.7568952982 2.8068855712 712.0322353726 413.7245685201
-1.1180691055 -2.3775737935 1.9674464230 483.4843955682 240.3956556329
-0.8810201176 -1.1056814359 1.4752285971 427.8794200349 273.1878376559
-1.6522343275 -1.1665498691 1.5140104995 377.2574811158 231.3263191031
-2.5526482625 1.6899305882 2.4297630987 104.7876398196 377.5466122270
-0.8731389884 -0.7814524095 2.0937015579 398.6220344120 337.1652618130
-1.6404500805 -1.0437677291 1.8670063384 370.7015039842 261.4898832885
-1.9208082146 1.6423306677 1.6909841948 16.2018593121 405.8137642070
-1.7962047277 -1.0397187367 -0.0814019688 332.5461593675 32.6092405769
-2.5730577092 -2.3438354084 1.3885911678 402.1384254887 164.1006019650
0.6812398773 -2.9641218080 2.8611191676 645.3022377526 359.6595858112
-0.6234941816 -2.3304749221 2.5405973644 506.5134128545 296.9409721627
-2.5794207443 -2.5586017987 0.5377249120 414.4757323386 95.2091133904
-0.1829379517 -2.5761408041 2.0242684627 574.0317540774 279.1566071557
-2.2583880082 -1.9579383648 0.2674464298 394.9430122988 76.6633948251
-1.1873207592 -1.9520912279 0.6023171523 479.8447836810 130.1270032082
-1.5110241473 -1.3140682982 1.4522052634 396.4739425021 226.6829745532
-0.9075675655 -0.5141792791 2.0537428217 372.6502643803 349.6459244588
0.5875879920 -1.9410979907 2.7733843637 601.8578308338 418.3848378936
-2.8451823330 1.0493991114 0.7078918140 44.2540059709 193.9220818907
-0.7268183569 -2.5035628023 0.7114419446 566.8483126884 139.6381669230

gimbalangles:
2.4628731870 -0.0674907480 -0.6420367231

end: