T_CW:
0.5177790606 -0.8378895550 -0.1727597696 -0.0336288544
-0.8448166718 -0.5326055782 0.0511477191 -0.0086473076
-0.1348689565 0.1194671156 -0.9836350811 -0.0675545406
0.0000000000 0.0000000000 0.0000000000 1.0000000000

T_CW_cov:
0.0000004844 -0.0000000248 -0.0000000122 -0.0000000172 0.0000012146 0.0000000055
-0.0000000248 0.0000002840 0.0000000089 -0.0000008674 -0.0000000083 0.0000000130
-0.0000000122 0.0000000089 0.0000002001 -0.0000000361 -0.0000000555 0.0000000006
-0.0000000172 -0.0000008674 -0.0000000361 0.0000033403 -0.0000002085 -0.0000000129
0.0000012146 -0.0000000083 -0.0000000555 -0.0000002085 0.0000037326 -0.0000000137
0.0000000055 0.0000000130 0.0000000006 -0.0000000129 -0.0000000137 0.0000006169

target_points_pix:
1.4904409015 -0.8576028127 -2.6357354281 583.7334260561 136.4498465992
-2.4509590965 0.8871749841 -2.1853645049 215.0099530731 381.5916311091
0.7583609253 0.4677505926 -2.4511855211 416.6192001818 131.8408169797
1.6304909208 -0.4683184133 -1.9111117291 616.9190067320 45.3211281834
-1.1698605629 -0.0915581141 -1.3700899405 320.1305374000 402.0561645822
-0.4339811544 0.3604827340 -1.2275564470 307.3818881553 259.7523382017
-1.2830020915 -0.7477612956 -2.9741651212 412.0157900797 348.1822988243
0.0134727521 1.9966532696 -2.2999075116 245.8355336022 119.9447779281
1.5390997624 -1.5424577392 -2.4175742588 686.7719989698 162.6417302130
-2.5095895023 1.4537282118 -1.9005724212 142.8845180061 369.2651572481
2.6638076555 -1.1338153697 -2.9948707751 660.8080424400 55.6469150642
-1.3783621819 0.6183489028 -2.2812195003 289.0497798705 309.8321392967
0.4760255981 1.6652719494 -2.0074300235 276.2901089385 73.8143384459
0.0469361765 -0.1783641195 -2.6535832882 432.6840959082 231.1691642801
1.5905470624 0.5227412081 -2.2990225691 463.9868875535 32.3992109203
-2.2570881565 2.7082349037 -2.0633919600 84.5129755331 272.0789764613
-2.4349464755 0.7633696205 -1.9950480928 209.1089684429 400.5475490915
-0.3342155314 -1.4791719233 -1.8288346165 579.2093127906 386.4431883312
1.7022931842 0.6034113149 -2.4383688156 460.1186008526 28.5454500090
1.3605142988 1.3279683397 -2.8167563008 379.3154938994 57.9615685426
-1.2333229781 0.8026401249 -0.6833503019 32.7411102349 398.7399725104
-0.2118470871 -0.0163581002 -1.5873625828 398.5116214109 255.0856818398
-0.1823780494 -0.8635400208 -2.5844140384 480.6130321619 287.0401992076
-1.2292746160 0.8858709981 -2.9739817686 305.7035555363 270.8737035892
-0.7482836631 -2.2901477881 -2.3809329031 594.8897206620 437.6177480524
-0.8911796826 2.9815497203 -1.4877817901 21.6582089775 120.6986953250
-1.5747020397 0.3647896395 -2.1186734669 291.1230388721 348.3000475207
1.4521663042 -0.5399965625 -1.6630885379 644.6628887420 48.5013672077
-2.5954390840 0.9615306910 -1.9993108423 187.4521510220 399.8843628028
2.2425741823 -1.7173131963 -2.8670343424 705.2097124039 117.3661265385
1.6075514943 0.3175726274 -1.9505948349 501.0921903510 3.2108604460
0.2277862557 -0.3340403307 -2.6300424523 456.2489516377 224.0997804075
0.7112279187 -0.6943231092 -2.1725083750 540.4673194420 194.8054006467
1.1504892931 -0.6627365524 -2.0403880364 583.6303921684 135.6657847929
1.2383180701 1.3099832525 -2.0678546936 359.0718908474 9.6887717350
-1.8048953481 1.9335417400 -1.4229821744 61.8094312870 294.9334017245
0.7575916053 0.2523891601 -1.0951950878 462.0543501580 23.3470129444
0.0588398480 0.1345663759 -1.9919443238 404.0904296602 209.8751201103
-2.3495685473 0.3594685558 -2.9255488728 295.4751852599 364.2034790221
-1.2272046121 -1.5636394124 -2.1282380772 497.1837810550 450.8936116318
1.4570043822 2.3114412965 -2.8657043889 313.6776509576 15.8565174430
2.7544963644 -1.4088225197 -2.8622308738 711.0645245491 50.0968744317
1.4697371940 1.7050643911 -2.6910499524 353.0058878809 24.8172545521
1.1375885433 -0.0063029323 -2.6361798873 478.7800034305 127.2417804637
-1.2502089736 -0.4633432231 -1.6307261334 373.4378322707 416.8607725112
-1.7725763211 0.1321032521 -2.5127218453 317.8786438307 356.6594882172
1.5108970396 -1.3615313295 -2.9687420888 608.7248998311 170.4839107560
0.6325419191 2.6208530677 -2.3930825352 231.9010011621 41.5105749199
-1.0103194588 -0.8321822294 -2.8083801352 430.3802539973 341.0137858246
-0.3638610292 -0.9546125156 -1.7797905765 507.6822614811 346.6353746274
0.8583509219 1.9819683117 -2.4177920373 292.5852893178 49.1600353474
0.3303057821 0.2394415897 -2.7978580808 413.3212041761 188.7973010605
0.9955118727 -0.6900885001 -2.2663970244 555.7928568863 165.0919170225
-2.8070000852 2.1028983329 -1.6509945629 47.2782790663 367.4468735378
-1.0050947886 1.3796874961 -1.1237346037 101.2080075244 248.4673007609
-2.9469886051 -0.0556582209 -2.3291306646 272.5069221079 460.9331548052
-0.7126786561 1.9834577945 -1.0618160856 27.8090304831 143.8141155764
-2.2906387154 -1.9032725139 -2.9466558645 448.9069729232 471.2208506974
0.0126243685 -2.0694425955 -2.4142551407 624.6752682257 352.1290852334
-0.3936100835 -1.1881348723 -1.5631378304 555.3152682406 393.1352305332
-2.0786952816 -1.2439389284 -2.8570242590 411.2873619025 429.9499679856
1.4706806190 -0.4806013601 -2.0637464314 585.9103624532 83.4643607775
0.0746601060 0.5852067123 -2.6719971241 372.8456160125 191.7374048311
-1.0310568987 0.1681308091 -1.9239170579 329.4509468833 321.8357001940
-1.6965573658 2.2500304313 -1.4300462053 39.5377964197 259.7066876111
-0.0667491202 2.8893935758 -1.8135267343 121.1175919498 54.6183483609
-0.7896994598 -0.6712832293 -1.4482634684 440.5021105703 404.2035813701
-1.7593186310 0.6483982310 -1.4034331411 190.2450298747 397.1130043845
1.7040403951 -1.8849249930 -2.4309656511 743.9218470201 165.8160604937
-0.3139309819 -0.3902845608 -2.9588867546 429.6506984529 266.6682222555
-2.5222100225 -0.7635231769 -2.4214857334 348.8086359665 466.5864905654
0.6570472120 0.4945068807 -1.4712885553 401.2433965284 77.8285481770
-1.1789359356 0.5890362018 -2.6866246034 317.1880211011 285.6481502748
-2.3709911216 0.7873857488 -1.7873182151 190.1479124162 410.1637908511
-2.1351115329 0.3711751050 -2.8548084772 299.9206813371 353.6928020881
-1.5993342926 1.4370656586 -2.3495525503 222.7683488576 281.7527610969
1.5773005481 0.8563350408 -2.8473658583 426.7441241156 60.3783205465
2.3311839498 -0.9539271198 -2.8889311096 629.7272675834 72.6271124658
-1.6020343444 1.0108264512 -2.1461077954 239.1805082923 310.4290421839
0.1346661905 -1.4032030397 -2.7868114016 540.0190506394 286.5572189236
0.4773538111 1.3095008612 -1.5680206608 281.3970503023 55.8396282293
-0.4791536927 2.3891232452 -2.6389828612 221.6066289705 154.8638469843
1.1137504699 -0.3175425869 -1.4064089642 601.0821745880 56.7306581519
-1.7376268140 2.4434120148 -2.6251467566 174.3195566091 241.6205064817
0.6772129729 -1.3872812868 -2.0826048477 633.3894883422 246.9359221848
-1.4994475505 -0.9512953885 -2.1558872977 416.1048479588 426.4572463892
0.5091662389 -1.5917825661 -1.9651756083 661.9635663862 286.2616124526
0.1815827826 2.0076210646 -1.8337579884 213.3968919306 75.3720955095
-0.2655979503 -2.6868276852 -2.0208468826 734.7044726733 468.0124990882
-2.7921738827 1.8243530301 -1.3223706776 7.7808763843 412.7684518634
0.6331406616 -0.7213015916 -1.7853225676 567.5563671703 199.6748094072

gimbalangles:
-1.6228654353 0.1735406249 -0.5535987970

end: