T_CW:
0.0528941218 -0.9403737152 -0.3360051900 -0.0362602266
0.1554288238 0.3401282648 -0.9274452244 -0.0564698638
0.9864299735 -0.0031684908 0.1641519663 -0.0336644843
0.0000000000 0.0000000000 0.0000000000 1.0000000000

T_CW_cov:
0.0000003959 0.0000000414 -0.0000000028 -0.0000000544 0.0000008421 -0.0000000248
0.0000000414 0.0000001989 0.0000000022 -0.0000004919 0.0000000625 0.0000000351
-0.0000000028 0.0000000022 0.0000002077 -0.0000000068 -0.0000000233 0.0000000007
-0.0000000544 -0.0000004919 -0.0000000068 0.0000017540 -0.0000000525 -0.0000000744
0.0000008421 0.0000000625 -0.0000000233 -0.0000000525 0.0000023280 -0.0000000829
-0.0000000248 0.0000000351 0.0000000007 -0.0000000744 -0.0000000829 0.0000007220

target_points_pix:
2.8469624497 -1.2706155376 -0.4268351525 505.0995212894 270.3856015884
1.2955616386 -1.4164051859 0.0125195018 638.3320305258 172.4045846475
2.9185907309 1.9178459633 1.8610296438 197.2629149612 187.5691674675
0.9121584893 0.1426808612 1.2079831403 255.0896528338 15.1501551826
2.6305978994 -2.5336026126 1.4089481569 548.7217479591 83.2293957133
2.5591223247 -0.0443953625 0.5219552533 372.1735692669 224.7125771449
1.8324549851 0.5136414256 0.1050882143 313.4489720243 280.8442443577
2.2959027539 -0.3651612911 1.0377432566 383.2235675271 160.7286461062
2.3041003494 -2.2990699818 1.7052507894 535.6037495847 42.0059104674
0.8980708545 -0.2130090316 -0.3464988306 475.1171218975 340.3491900990
2.2457088193 -0.2690198173 -1.2941584072 470.0437991642 411.8770006814
2.2385537561 -1.8200234489 -0.7064504535 613.1106488581 278.0707452157
2.8752574486 -1.5801047162 -0.1999385455 521.0721831089 242.9853383534
1.0143189639 -0.1834378360 0.2340703772 402.2208572219 196.7913271334
1.3939397812 -1.4548252074 -0.2639512733 652.4628659978 223.1938015051
2.6388940522 0.2859068827 0.6616028722 340.6580031348 224.4886991652
1.8436071198 -0.3614789899 -0.5329186283 457.8773720428 325.3245893425
2.6356910408 1.1581813945 0.7110316627 264.4700529186 247.5423615394
2.7511059297 -2.1694872227 -1.9673213969 663.1277973165 388.7431541935
1.6985656786 2.3108705817 2.0575274508 30.5836557624 127.2635167583
2.2974160006 1.1434337072 1.1115312662 238.0336359366 205.2122627650
1.8636994645 0.9851570773 0.8625067980 231.2944222506 211.0487755398
2.9486415274 -2.6758647837 -1.6358413215 670.0015637466 332.9006522774
2.4952987901 1.9204534977 1.3630564139 177.2939929591 214.0848102907
2.5258584135 -2.8592762385 -0.6116947642 681.0421406476 232.6541496996
2.4273031833 1.9853565523 2.7413508252 142.8469347088 106.2668262379
2.6442776321 -1.9549028644 -2.2435606455 669.8451139175 433.1811337630
2.1800794479 -1.0439377960 -1.9029706145 602.6729552328 465.8548766356
2.3241395539 -2.8069241618 -0.5895953926 700.9066575109 227.8998316309
2.6278435143 1.8946618219 1.8255796272 180.9689461703 180.6507667714
2.6912848041 -2.1106228893 -0.6993441011 599.1846960961 267.5911406270
2.9170283047 -1.1525861895 -2.5332101054 579.7388424229 473.4446662031
1.5404004160 2.0873391010 1.9086104661 29.9791058248 120.9937403702
2.2863225682 -1.1407866103 2.4543879926 405.8250927980 22.0215712165
2.8541328387 -2.2616395508 -2.4159725580 684.0975169139 427.2285654415
1.5889353798 -2.3704226469 0.0978376196 723.8632541651 129.7036808959
2.4841714159 1.4051269004 1.6262681959 215.1910221320 176.7808444079
1.8480999231 1.0615362460 2.2632808650 185.6465579007 70.1254847973
2.7991553079 -1.1303929253 0.2989914414 468.6768123352 214.8404247288
2.3235776381 -0.6902499417 -1.1799127502 507.4220445073 376.1140159596
2.1983390802 1.3671984969 -1.0802983766 271.0022851962 456.7568224197
2.0950124471 -0.5055487376 0.8267820771 405.7507506661 164.6663296108
2.4648997918 0.1336515858 2.7860253487 293.1923028500 52.0730975032
2.3406080829 1.6524588336 2.3188796262 170.8643914584 122.2274614709
1.7824561088 1.2368809704 -0.1031601285 223.2049426076 344.4070659164
2.6588510636 -0.1466194073 -0.3037086062 407.8556944692 295.7616621250
2.2538497045 -0.9608366362 1.2047620648 434.1871132006 123.1291273287
2.3780720027 -0.0837965984 2.0767695085 326.8266500801 89.3232604681
1.9648604716 -1.5172012612 -1.6765924910 679.6057575922 429.9540223815
2.9680979097 -2.4510036395 1.5364771412 521.6430084333 97.3812676616
2.0821692119 -1.0065134618 0.4658650749 474.7601099322 181.2247557135
1.2103062974 0.1184933070 0.6222756592 319.1785371422 161.6868300292
0.9923400970 0.5709656991 -0.1292795507 249.9125917256 347.4083169162
2.6984458114 1.3496573022 0.7124865195 251.4092348317 253.8441791266
1.4393502068 -0.3605422360 0.5295601244 408.2226540442 166.3904860812
2.4819671509 -1.0003026340 -0.6462119426 506.2033238631 301.2784301645
2.4003927181 0.1999549924 -0.1597382894 370.7251340306 295.2443924206
2.1326369723 1.5933316956 2.3844999725 156.3458908757 102.4843296530
2.8599623337 -1.4393414243 0.8130817700 474.0539992123 168.9708757679
2.4690198210 -0.8218292901 -1.7671497527 542.0180698906 432.7028401623
2.8028733044 -1.8940930289 0.2984196099 531.0970151360 192.0107666378
2.2679231297 1.6166728105 1.6066018340 181.2600887734 176.3965647339
1.5339740108 -0.0088084180 1.0042570867 333.7923264856 128.9006257345
2.2683739193 1.5151538458 1.0720505343 202.1436866048 221.0920123407
2.8407462338 2.6756664027 -1.3199547291 188.9481634293 479.0670460169
2.1449007298 0.0322231014 2.5423879487 297.0932682922 39.4383921413
2.5245239422 -1.9046691708 0.2882304037 548.0787536336 183.9221544417
1.2961433232 -0.2137759639 0.8682376054 365.1418018707 111.6222206462
0.7902253300 -0.0498267092 -0.2495925517 421.8464097220 336.0149172385
2.5432224523 -0.6373923841 0.7409534547 416.8384537175 187.0055541148
2.9691898119 0.8306301282 -1.4718533968 360.1379099928 427.0456695618
1.9577623473 1.9570472736 1.2495788176 122.2744493068 211.1603378849
1.7478756708 0.7464948804 2.7115920619 198.4691353796 7.5794325917
2.3703281476 -2.2094223224 -0.8768088657 650.0891537423 281.2392238761
2.5332886341 0.3624403137 -0.8886724309 381.0794806363 374.2197185386
2.7230803671 2.1668952310 -1.0932890004 222.1013758497 447.3803803487
1.5141529547 1.3550904227 1.7856819041 122.0078478153 98.7590165915
1.9507874860 -0.6407648270 1.0479185312 412.5630243547 129.4003477246
1.3270867205 -0.5234995568 1.3446707796 387.4414777001 33.7011548119
1.8638170845 2.7136824619 0.0667283887 39.2947861685 386.1256758493
1.6796342927 -1.3761458959 -0.5238268143 614.2599223662 274.3486517237
2.0330982211 1.2071025275 -0.3551796497 255.4015947864 365.7102216467
1.5235769822 -1.1851647188 1.3670204011 474.9428068905 27.2785309623
2.9461481719 2.4968893176 2.7161145307 146.0774949777 146.8118623571
2.8384515790 -2.7845431762 0.8899561949 576.5625985429 124.5483878200
0.8063107787 0.5184446572 1.0431785338 159.2353536246 52.0491094125
2.5609837967 -2.9277062911 -1.0449301538 707.5526045416 272.0451348151
1.7669752855 0.9690625695 -0.5529376649 275.5084662943 398.4977266951
1.8439066339 -0.9471699808 1.1522247373 444.4435945433 97.4588332989
1.4488983111 0.6617484764 1.0469220162 231.1837540785 150.8346988846
2.7059739807 -0.7331271193 0.7287971851 424.0397898052 190.2174160453
2.8833560441 2.6773336796 -0.2468877160 172.4254059546 373.3952429636
1.9496769023 -1.6101641628 0.3732577648 555.4137307042 159.4094259059
2.7832056284 2.7310910625 0.6875618561 144.2096754851 297.0212223682
0.7034332180 -0.0654622727 0.4930513506 341.6057663413 100.3246825072
1.9631750106 0.7384015444 -1.1730532119 342.3673492857 464.7734249927
2.7390766891 1.4458832406 -1.4800111153 300.1088519393 462.6340221952
1.3192468384 -0.5366856561 1.1335808896 401.2556438855 59.1500715761
2.3746660379 0.5242174031 1.6523616679 285.4465323725 142.1128434832
1.8809823717 2.0841163296 0.5893151287 110.5546179717 289.8056443723
1.0562875771 0.1801981948 -0.5239100279 382.0610407929 411.2802918467

gimbalangles:
0.1752069348 0.3425802145 -0.0561961481

end: