T_CW:
-0.0889966644 -0.9663810874 0.2412202057 0.2000408948
-0.0011263777 -0.2420833971 -0.9702547913 0.3924522577
0.9960312872 -0.0866211451 0.0204561048 -0.2358080577
0.0000000000 0.0000000000 0.0000000000 1.0000000000

T_CW_cov:
0.0000003301 0.0000000052 -0.0000000113 -0.0000000349 0.0000007044 0.0000000050
0.0000000052 0.0000001950 -0.0000000003 -0.0000005150 0.0000000130 -0.0000000609
-0.0000000113 -0.0000000003 0.0000002168 -0.0000000605 -0.0000000150 0.0000000023
-0.0000000349 -0.0000005150 -0.0000000605 0.0000019175 -0.0000000771 0.0000002602
0.0000007044 0.0000000130 -0.0000000150 -0.0000000771 0.0000020267 0.0000000394
0.0000000050 -0.0000000609 0.0000000023 0.0000002602 0.0000000394 0.0000006497

target_points_pix:
2.8469624497 -1.2706155376 -0.4268351525 471.1927459163 339.1944254622
1.2955616386 -1.4164051859 0.0125195018 674.2339143854 387.5586208015
2.9185907309 1.9178459633 1.8610296438 236.0371931471 60.8059976047
2.6305978994 -2.5336026126 1.4089481569 628.4751018468 206.1343861406
2.5591223247 -0.0443953625 0.5219552533 390.2229240619 228.5810555440
1.8324549851 0.5136414256 0.1050882143 307.5164520740 265.3093900823
2.2959027539 -0.3651612911 1.0377432566 444.3975958426 179.1484537906
2.3041003494 -2.2990699818 1.7052507894 652.5503442231 164.8118972807
2.2457088193 -0.2690198173 -1.2941584072 369.1985992713 446.7934578915
2.0176283046 -1.3083910700 2.4854543714 610.8133466790 26.6518965431
2.2385537561 -1.8200234489 -0.7064504535 555.0364822581 411.0215111627
2.8752574486 -1.5801047162 -0.1999385455 499.9911456533 324.6087758810
1.0143189639 -0.1834378360 0.2340703772 479.6263258810 302.8182009838
1.3939397812 -1.4548252074 -0.2639512733 645.0403615845 429.4672617324
2.6388940522 0.2859068827 0.6616028722 359.8648098758 206.6783826338
1.8436071198 -0.3614789899 -0.5329186283 413.5052242154 387.9213518738
2.6356910408 1.1581813945 0.7110316627 272.0742130282 178.2355442172
2.2974160006 1.1434337072 1.1115312662 272.3608244023 121.7113868378
1.8636994645 0.9851570773 0.8625067980 264.6013332702 132.8852540385
2.9486415274 -2.6758647837 -1.6358413215 553.0239035578 458.2518507188
2.8400527988 2.3293742471 -2.5758741647 72.8539342299 479.9182428103
2.4952987901 1.9204534977 1.3630564139 197.7882184044 79.4693693308
2.5258584135 -2.8592762385 -0.6116947642 624.3531015812 400.7835462644
2.8920798147 2.1378650829 -2.5311623147 100.9399687683 473.4155243341
2.7260240624 2.2495865463 -1.9352716347 86.0481681712 425.6525279606
2.3241395539 -2.8069241618 -0.5895953926 643.5849073373 411.1771819647
2.6278435143 1.8946618219 1.8255796272 222.6715720848 42.2348183438
2.6912848041 -2.1106228893 -0.6993441011 545.0569217536 385.4423308063
2.2863225682 -1.1407866103 2.4543879926 561.9530258042 50.3031880101
1.5889353798 -2.3704226469 0.0978376196 744.4957929763 374.7764606298
2.4841714159 1.4051269004 1.6262681959 264.4017348398 67.4051160452
2.7991553079 -1.1303929253 0.2989914414 477.0407956969 273.4910350321
2.3235776381 -0.6902499417 -1.1799127502 417.8718309487 434.5223375687
2.1983390802 1.3671984969 -1.0802983766 164.5831292654 387.0079919251
2.0950124471 -0.5055487376 0.8267820771 464.0944848156 203.0212812204
1.7824561088 1.2368809704 -0.1031601285 175.8329612609 272.1916269341
2.6588510636 -0.1466194073 -0.3037086062 378.4090711466 311.3467178015
2.2538497045 -0.9608366362 1.2047620648 514.2249066382 177.6937436880
2.3780720027 -0.0837965984 2.0767695085 438.4897708450 61.9801514135
2.9680979097 -2.4510036395 1.5364771412 593.6063897808 197.8522824594
2.8361755367 1.9949440335 -2.4556373968 112.4022981253 473.6239088593
2.0821692119 -1.0065134618 0.4658650749 512.6620468471 262.4307909869
1.2103062974 0.1184933070 0.6222756592 407.4175229800 179.6189611559
0.9923400970 0.5709656991 -0.1292795507 212.6255766518 370.5827445334
2.6984458114 1.3496573022 0.7124865195 254.3303361329 174.6242815118
1.6820117367 -2.6908657484 -0.4410075725 745.1432547765 453.1947107839
1.4393502068 -0.3605422360 0.5295601244 482.2311238937 232.5883213848
2.4819671509 -1.0003026340 -0.6462119426 457.9223900786 371.4330907980
2.4003927181 0.1999549924 -0.1597382894 347.2479436193 295.8090206495
1.6781638844 1.7635796532 -1.0815039641 7.9017249176 433.7827493782
2.8599623337 -1.4393414243 0.8130817700 509.7705530358 235.0769665933
2.8028733044 -1.8940930289 0.2984196099 539.5254513014 288.8881929060
2.2679231297 1.6166728105 1.6066018340 226.7357073260 42.2886484425
1.5339740108 -0.0088084180 1.0042570867 433.1073518335 132.5354374213
2.2683739193 1.5151538458 1.0720505343 222.7330510004 111.0981754705
2.8407462338 2.6756664027 -1.3199547291 69.1149376187 344.9867228889
2.5245239422 -1.9046691708 0.2882304037 561.6457767794 295.9064942772
1.2961433232 -0.2137759639 0.8682376054 486.5272124468 150.7924246514
2.5432224523 -0.6373923841 0.7409534547 453.7037832326 221.5290650799
2.9691898119 0.8306301282 -1.4718533968 262.2149217482 388.8376952792
1.9577623473 1.9570472736 1.2495788176 134.5417468610 40.1808444729
2.3703281476 -2.2094223224 -0.8768088657 576.5007764067 426.5646701455
2.5332886341 0.3624403137 -0.8886724309 311.4458674380 365.1707988873
2.7230803671 2.1668952310 -1.0932890004 119.1152692220 338.1143095770
1.9507874860 -0.6407648270 1.0479185312 497.1660294668 175.5273829924
1.3270867205 -0.5234995568 1.3446707796 565.8041099959 75.3449454596
2.8849499926 1.7528628131 -1.9172862492 156.4757695718 420.0934205435
1.6796342927 -1.3761458959 -0.5238268143 571.3962756434 432.1448011556
2.0330982211 1.2071025275 -0.3551796497 197.3146280241 303.5088777731
1.5235769822 -1.1851647188 1.3670204011 639.0108070867 128.5719905930
2.8384515790 -2.7845431762 0.8899561949 617.4010337086 256.3024179693
2.5609837967 -2.9277062911 -1.0449301538 617.6783137068 439.9124475648
1.7669752855 0.9690625695 -0.5529376649 201.3846420068 356.7008971983
1.8439066339 -0.9471699808 1.1522247373 549.4292620228 168.8457353991
1.4488983111 0.6617484764 1.0469220162 310.1121754557 77.5414281397
2.7059739807 -0.7331271193 0.7287971851 455.6086265995 226.1496393409
2.8833560441 2.6773336796 -0.2468877160 102.9003641624 237.6489238621
1.9496769023 -1.6101641628 0.3732577648 593.5467386784 294.5346159504
2.7832056284 2.7310910625 0.6875618561 111.6022695560 141.5820393595
0.7034332180 -0.0654622727 0.4930513506 535.9065789730 203.5664412956
1.9631750106 0.7384015444 -1.1730532119 231.2722548052 439.5387283377
2.7390766891 1.4458832406 -1.4800111153 189.3169849519 392.2565717208
1.6947515968 -1.6709432923 1.9441946478 690.4276016798 78.4006471530
1.3192468384 -0.5366856561 1.1335808896 559.8445605788 118.0516403583
2.3746660379 0.5242174031 1.6523616679 361.4626356255 86.6864597764
1.8809823717 2.0841163296 0.5893151287 72.3072679711 126.5579727849

gimbalangles:
-1.6228654353 0.1735406249 -0.5535987970

end: