T_CW:
-0.0888956987 -0.9664076040 0.2411511927 0.1996437215
-0.0013629690 -0.2419914682 -0.9702774199 0.3927289218
0.9960400078 -0.0865821708 0.0201948171 -0.2357746817
0.0000000000 0.0000000000 0.0000000000 1.0000000000

T_CW_cov:
0.0000003301 0.0000000052 -0.0000000113 -0.0000000348 0.0000007043 0.0000000053
0.0000000052 0.0000001950 -0.0000000003 -0.0000005150 0.0000000129 -0.0000000608
-0.0000000113 -0.0000000003 0.0000002168 -0.0000000607 -0.0000000151 0.0000000023
-0.0000000348 -0.0000005150 -0.0000000607 0.0000019173 -0.0000000770 0.0000002598
0.0000007043 0.0000000129 -0.0000000151 -0.0000000770 0.0000020265 0.0000000399
0.0000000053 -0.0000000608 0.0000000023 0.0000002598 0.0000000399 0.0000006498

target_points_pix:
2.8469624497 -1.2706155376 -0.4268351525 471.3852672566 339.1546651857
1.2955616386 -1.4164051859 0.0125195018 674.5159617656 387.9291721193
2.9185907309 1.9178459633 1.8610296438 236.0014738637 60.5823828976
2.6305978994 -2.5336026126 1.4089481569 628.3122207102 205.9232127711
2.5591223247 -0.0443953625 0.5219552533 390.0947943105 228.7188935843
1.8324549851 0.5136414256 0.1050882143 307.3053597952 265.0902927913
2.2959027539 -0.3651612911 1.0377432566 444.2395779259 178.7361809414
2.3041003494 -2.2990699818 1.7052507894 652.6049900017 164.9519436820
2.2457088193 -0.2690198173 -1.2941584072 369.3812420858 446.1587833275
2.0176283046 -1.3083910700 2.4854543714 610.6203763854 26.5814720109
2.2385537561 -1.8200234489 -0.7064504535 555.4409864135 411.3731932256
2.8752574486 -1.5801047162 -0.1999385455 499.5863851345 324.2110667466
1.0143189639 -0.1834378360 0.2340703772 479.3589475334 302.8136636317
1.3939397812 -1.4548252074 -0.2639512733 644.2322921815 429.1266642978
2.6388940522 0.2859068827 0.6616028722 359.9089848070 206.9404372401
1.8436071198 -0.3614789899 -0.5329186283 413.6992612181 388.0748004613
2.6356910408 1.1581813945 0.7110316627 271.8178988044 178.4164901001
2.2974160006 1.1434337072 1.1115312662 272.1010460645 121.5180597377
1.8636994645 0.9851570773 0.8625067980 264.8332168717 132.7491928744
2.9486415274 -2.6758647837 -1.6358413215 552.7948784006 458.3753702704
2.8400527988 2.3293742471 -2.5758741647 73.1258188323 479.7781819619
2.4952987901 1.9204534977 1.3630564139 197.6131011899 79.2093554523
2.5258584135 -2.8592762385 -0.6116947642 624.5161827530 400.9297602332
2.8920798147 2.1378650829 -2.5311623147 100.8170298675 473.1627576902
2.7260240624 2.2495865463 -1.9352716347 86.3092587841 425.2093569027
2.3241395539 -2.8069241618 -0.5895953926 643.8118599399 411.5335127800
2.6278435143 1.8946618219 1.8255796272 222.5584292247 41.7994250527
2.6912848041 -2.1106228893 -0.6993441011 544.7327179000 385.7917898211
2.2863225682 -1.1407866103 2.4543879926 562.1363751794 50.0604020072
1.5889353798 -2.3704226469 0.0978376196 744.4081994029 374.7067229624
2.4841714159 1.4051269004 1.6262681959 264.3807052972 67.3334701024
2.7991553079 -1.1303929253 0.2989914414 476.5725403846 273.3972271127
2.3235776381 -0.6902499417 -1.1799127502 418.5259962745 434.4136988703
2.1983390802 1.3671984969 -1.0802983766 164.9750626448 387.2138909637
2.0950124471 -0.5055487376 0.8267820771 464.2357725816 202.9543488976
1.7824561088 1.2368809704 -0.1031601285 176.0078328711 271.8082006466
2.6588510636 -0.1466194073 -0.3037086062 377.8068455798 311.3327525150
2.2538497045 -0.9608366362 1.2047620648 514.6095000947 177.1932074225
2.3780720027 -0.0837965984 2.0767695085 438.3375893918 61.4043941601
2.9680979097 -2.4510036395 1.5364771412 593.8470690260 198.2837057840
2.8361755367 1.9949440335 -2.4556373968 112.4667934873 473.8279184727
2.0821692119 -1.0065134618 0.4658650749 512.8693196895 262.3677229171
1.2103062974 0.1184933070 0.6222756592 407.4308590487 179.4859845607
0.9923400970 0.5709656991 -0.1292795507 212.3631413478 370.3205168073
2.6984458114 1.3496573022 0.7124865195 254.7595339278 174.7608457843
1.6820117367 -2.6908657484 -0.4410075725 745.3057448851 453.3326379967
1.4393502068 -0.3605422360 0.5295601244 482.4379668717 232.3348348045
2.4819671509 -1.0003026340 -0.6462119426 457.7060499314 371.5372594873
2.4003927181 0.1999549924 -0.1597382894 347.3902632709 295.7141937734
1.6781638844 1.7635796532 -1.0815039641 8.2012179609 433.9459062385
2.8599623337 -1.4393414243 0.8130817700 509.7350327751 234.5713021972
2.8028733044 -1.8940930289 0.2984196099 539.4610882156 289.1188883851
2.2679231297 1.6166728105 1.6066018340 226.4870363963 42.5576357728
1.5339740108 -0.0088084180 1.0042570867 433.3478567482 132.4162912471
2.2683739193 1.5151538458 1.0720505343 222.8022290828 111.1377607195
2.8407462338 2.6756664027 -1.3199547291 69.0299862651 345.3634428175
2.5245239422 -1.9046691708 0.2882304037 561.4757535376 295.6633693420
1.2961433232 -0.2137759639 0.8682376054 486.4804857253 151.3222333744
2.5432224523 -0.6373923841 0.7409534547 453.8889686117 221.5915694312
2.9691898119 0.8306301282 -1.4718533968 262.7686021604 388.6574367763
1.9577623473 1.9570472736 1.2495788176 134.3207095658 40.1615288020
2.3703281476 -2.2094223224 -0.8768088657 576.2798581763 426.2635140733
2.5332886341 0.3624403137 -0.8886724309 311.1088493020 365.6480830452
2.7230803671 2.1668952310 -1.0932890004 119.0682030176 338.3311783334
1.9507874860 -0.6407648270 1.0479185312 496.9610164268 175.3793678129
1.3270867205 -0.5234995568 1.3446707796 565.6424626083 75.4018707141
2.8849499926 1.7528628131 -1.9172862492 156.5112937541 419.9041101509
1.6796342927 -1.3761458959 -0.5238268143 571.3531017204 432.2854425844
2.0330982211 1.2071025275 -0.3551796497 197.2906977732 303.4761869257
1.5235769822 -1.1851647188 1.3670204011 638.9882482577 128.3277329453
2.8384515790 -2.7845431762 0.8899561949 617.5778770891 256.4720527152
2.5609837967 -2.9277062911 -1.0449301538 616.9838582488 440.1569051829
1.7669752855 0.9690625695 -0.5529376649 201.3626030786 356.8564729150
1.8439066339 -0.9471699808 1.1522247373 549.1547999165 168.7349309729
1.4488983111 0.6617484764 1.0469220162 309.9205737410 77.1371974840
2.7059739807 -0.7331271193 0.7287971851 455.6797228908 226.1494693087
2.8833560441 2.6773336796 -0.2468877160 102.7897476865 237.5319200778
1.9496769023 -1.6101641628 0.3732577648 593.3478705486 294.0626925838
2.7832056284 2.7310910625 0.6875618561 111.7085347702 141.5557804822
0.7034332180 -0.0654622727 0.4930513506 536.1507280793 203.7158676348
1.9631750106 0.7384015444 -1.1730532119 231.0994280480 439.6794333402
2.7390766891 1.4458832406 -1.4800111153 189.1196949715 391.9367715987
1.6947515968 -1.6709432923 1.9441946478 690.0620379847 77.9885439747
1.3192468384 -0.5366856561 1.1335808896 559.4957909976 117.9593000203
2.3746660379 0.5242174031 1.6523616679 361.3581934348 86.1749342613
1.8809823717 2.0841163296 0.5893151287 72.6423589338 127.2984689121

gimbalangles:
2.4628731870 -0.0674907480 -0.6420367231

end: