T_CW:
0.7755822000 0.3927240292 -0.4942065235 -0.0384117103
-0.1008466073 0.8499367330 0.5171436083 -0.0088190802
0.6231389996 -0.3512483263 0.6988006872 0.0019366815
0.0000000000 0.0000000000 0.0000000000 1.0000000000

T_CW_cov:
0.0000004876 0.0000001112 -0.0000000381 -0.0000002038 0.0000010633 0.0000000138
0.0000001112 0.0000003723 -0.0000000360 -0.0000009620 0.0000001805 0.0000000119
-0.0000000381 -0.0000000360 0.0000002488 0.0000001076 -0.0000001043 -0.0000000016
-0.0000002038 -0.0000009620 0.0000001076 0.0000031026 -0.0000002773 0.0000000359
0.0000010633 0.0000001805 -0.0000001043 -0.0000002773 0.0000029319 0.0000000913
0.0000000138 0.0000000119 -0.0000000016 0.0000000359 0.0000000913 0.0000007237

target_points_pix:
-0.3745088197 -2.7924729661 1.8430836583 97.9788125980 74.5891408415
1.5213801119 -2.2008710222 2.5041141733 308.3652330972 188.0195067672
2.8469624497 -1.2706155376 -0.4268351525 611.5647710437 39.0712835226
0.4101131736 0.5362741924 2.2116901022 284.9990992524 471.6911793521
2.9185907309 1.9178459633 1.8610296438 578.8864754058 465.7247109280
1.1463216217 -1.7295446098 1.9332112052 304.6043220085 185.7949018025
0.2808005009 -1.1718645692 1.1250327653 227.8914615605 160.3889269544
0.9121584893 0.1426808612 1.2079831403 398.0885758050 353.9942813198
0.0462699197 -0.8578527772 1.6217053210 187.1735073377 255.5957654636
2.6305978994 -2.5336026126 1.4089481569 396.6753237863 122.6748436142
2.5591223247 -0.0443953625 0.5219552533 579.4655612304 235.2178232276
1.8324549851 0.5136414256 0.1050882143 732.7882460287 308.7470051826
2.2959027539 -0.3651612911 1.0377432566 490.2952028005 238.1055295412
1.5642042617 -2.1943799157 2.0967586103 320.7210394089 168.2966020691
2.3041003494 -2.2990699818 1.7052507894 375.5922073618 146.7968197666
1.9063566704 -1.8720756095 2.8336165515 331.3218130282 218.5884198292
2.0176283046 -1.3083910700 2.4854543714 360.6910275720 236.6293751064
0.1060971975 -1.5869797388 2.1014893325 188.5681906999 207.1964102673
0.5802513707 -1.4129348864 1.3211278183 267.1401144126 159.8731321098
-0.1801198384 -0.5479985749 1.3114649932 123.0421154815 293.0978250658
2.8752574486 -1.5801047162 -0.1999385455 558.0193115337 48.3975698644
1.0143189639 -0.1834378360 0.2340703772 532.4108318626 198.5280689991
0.2911990845 0.4534318924 1.9094584180 272.3554781947 477.1483763927
0.4256399553 -1.6947218047 2.8575435986 224.0387293452 238.3826533203
0.8344632586 0.7250167015 1.6089183875 392.2970041564 475.2469030229
2.6388940522 0.2859068827 0.6616028722 591.2631698551 277.3449381557
0.3042496640 -0.7297572688 1.2382640873 246.2640872507 235.8951625818
-0.2146575641 -0.5046357991 1.9549094726 140.3541087361 341.5532982895
2.6356910408 1.1581813945 0.7110316627 669.3294660429 389.7063690302
2.2974160006 1.1434337072 1.1115312662 594.8374608125 414.0512847723
1.8636994645 0.9851570773 0.8625067980 608.2664581688 424.6698732115
0.3802981729 -1.2987431511 2.1045967176 230.8148301451 232.4825079165
1.1523788830 -2.1628663225 2.9736070176 275.8164913780 210.7035188305
-0.3823346286 -2.6004217608 2.8138227545 123.9241576167 173.4341629218
-0.2089443667 -2.2213772583 2.7520224592 147.1252830064 197.4682024098
1.3518114199 0.7830964934 2.7510300194 371.2818390660 427.9809905264
0.0799047365 -1.4043005573 2.5796705873 189.1311318154 252.2291631632
1.1871005587 -0.8619068936 2.0176006026 330.6375194088 257.5766016944
-0.3599161903 -1.9936056061 1.4339193395 79.8031303732 88.7274631062
2.2863225682 -1.1407866103 2.4543879926 380.0080227236 243.8743039233
2.4841714159 1.4051269004 1.6262681959 555.6906620685 435.1674955668
1.8480999231 1.0615362460 2.2632808650 446.1288739960 431.7596747972
2.7991553079 -1.1303929253 0.2989914414 533.7339834996 127.0607129853
2.0950124471 -0.5055487376 0.8267820771 489.9624269753 213.3122969490
2.4648997918 0.1336515858 2.7860253487 413.9882195333 330.6806876380
0.4971001036 -2.9282306381 1.2764082264 219.8720805084 34.8885631885
2.3406080829 1.6524588336 2.3188796262 499.3762720403 467.8977571904
2.6588510636 -0.1466194073 -0.3037086062 717.2109086573 149.4080640297
2.2538497045 -0.9608366362 1.2047620648 444.0676716801 199.0846791864
0.1978387829 -1.7049102467 0.9341318838 196.8063603923 64.7438384627
2.3780720027 -0.0837965984 2.0767695085 436.1933780400 301.2502757587
2.9680979097 -2.4510036395 1.5364771412 409.9683808087 137.7822571917
2.0821692119 -1.0065134618 0.4658650749 491.5967857221 137.5018642305
1.2103062974 0.1184933070 0.6222756592 509.5430425765 301.1077862965
2.6984458114 1.3496573022 0.7124865195 691.6909595336 414.5841283645
1.4393502068 -0.3605422360 0.5295601244 492.1759803340 207.1321943633
2.4003927181 0.1999549924 -0.1597382894 739.5211408378 209.3203781085
2.1326369723 1.5933316956 2.3844999725 480.4640575108 474.0975468265
1.5215156292 -2.3620191306 2.0995385183 313.6335565616 158.8116823656
2.8599623337 -1.4393414243 0.8130817700 477.5187505386 146.6128100862
2.8028733044 -1.8940930289 0.2984196099 490.0056101591 78.4832217669
0.3150226326 -1.7471125294 2.0745693761 213.8122058152 191.1702122843
1.5339740108 -0.0088084180 1.0042570867 470.0968127902 290.5706938063
-0.6810045623 -1.9562404295 2.2617881460 53.9805973628 182.7406422698
0.5836029694 -0.4548003720 2.6430373429 266.0221157033 332.4598090477
2.2683739193 1.5151538458 1.0720505343 639.9979949167 477.0226454524
2.1449007298 0.0322231014 2.5423879487 405.1664695787 326.5764059717
0.8815263559 -0.9544215061 1.7466657053 307.0268711341 238.9327973962
-0.7461558169 -2.7348513775 1.8641295763 24.2096168465 65.4874682312
2.5245239422 -1.9046691708 0.2882304037 477.1583110405 68.4255677652
1.2961433232 -0.2137759639 0.8682376054 448.9348202498 260.4822806153
0.8867691270 -0.1269636338 2.4130534049 312.5453901800 349.6362474140
2.5432224523 -0.6373923841 0.7409534547 512.0639167803 195.4513628393
0.3863538972 0.6004048737 2.4777203984 275.5137593819 479.0191131063
1.7478756708 0.7464948804 2.7115920619 399.0470164217 404.1123524461
1.9507874860 -0.6407648270 1.0479185312 453.5645437086 216.3101969761
1.3270867205 -0.5234995568 1.3446707796 390.5293076154 252.7515409540
0.2999752779 -2.0607219307 2.4452932410 206.9294070791 190.9295558796
1.9041661336 -2.7694805772 1.8613690763 335.4795880585 128.2190374051
1.0122261489 -2.4413387388 0.6226324034 309.9956508315 5.3450629931
-0.1488004004 -2.9553414777 1.9345515260 136.8030850819 81.0924655275
1.1641200600 -2.7568952982 2.8068855712 269.2651071867 172.0741907814
1.5235769822 -1.1851647188 1.3670204011 375.6187477710 191.4304628206
0.5907485963 -0.3012064055 2.8976125351 265.7295696881 353.0344482012
1.5116640493 -2.8250780375 1.5329666214 316.3207927819 97.5705699931
2.8384515790 -2.7845431762 0.8899561949 420.7996729121 81.5822801384
0.6812398773 -2.9641218080 2.8611191676 229.6473280482 161.3511213877
-0.6234941816 -2.3304749221 2.5405973644 79.9965506239 172.8294524960
0.8063107787 0.5184446572 1.0431785338 438.5531681075 444.1020874653
1.8439066339 -0.9471699808 1.1522247373 422.8695043952 196.7114812014
1.4488983111 0.6617484764 1.0469220162 517.9906914688 403.2345201728
-0.1829379517 -2.5761408041 2.0242684627 134.9097341049 115.6436037298
2.7059739807 -0.7331271193 0.7287971851 514.5040681977 187.5909174661
1.9496769023 -1.6101641628 0.3732577648 453.5213823251 76.0233611804
0.7034332180 -0.0654622727 0.4930513506 446.5751775010 275.4895290217
0.8632843827 -2.1953825049 0.8209358257 293.7279178138 42.0517157483
1.6947515968 -1.6709432923 1.9441946478 348.0622556823 191.3908485417
0.5875879920 -1.9410979907 2.7733843637 236.3773910199 216.3541876506
1.3192468384 -0.5366856561 1.1335808896 404.1449521551 238.3492939235
2.3746660379 0.5242174031 1.6523616679 492.7959860587 343.6157242706

gimbalangles:
2.2078874570 0.5167871457 -2.0396184558

end: