T_CW:
-0.4029105041 -0.7878700755 0.4657508667 -0.0190795026
-0.7704807789 0.5666440788 0.2920168783 0.0042180730
-0.4939863308 -0.2411954229 -0.8353456009 -0.0668878633
0.0000000000 0.0000000000 0.0000000000 1.0000000000

T_CW_cov:
0.0000006532 -0.0000000686 -0.0000000875 0.0000001182 0.0000015276 0.0000000334
-0.0000000686 0.0000005208 0.0000000304 -0.0000013580 -0.0000001183 0.0000002288
-0.0000000875 0.0000000304 0.0000003617 -0.0000000909 -0.0000003796 0.0000000123
0.0000001182 -0.0000013580 -0.0000000909 0.0000044204 0.0000001482 -0.0000002610
0.0000015276 -0.0000001183 -0.0000003796 0.0000001482 0.0000044159 0.0000000199
0.0000000334 0.0000002288 0.0000000123 -0.0000002610 0.0000000199 0.0000010228

target_points_pix:
-0.6320758571 -2.9734307655 -0.9551538105 668.5270386669 37.3161193486
-2.4509590965 0.8871749841 -2.1853645049 309.5877645003 393.9682560065
0.7583609253 0.4677505926 -2.4511855211 78.0591352616 72.7729071529
-1.1698605629 -0.0915581141 -1.3700899405 358.7062173720 305.0861703560
-0.4339811544 0.3604827340 -1.2275564470 219.3397265594 280.6411745686
-1.2830020915 -0.7477612956 -2.9741651212 352.8292983495 217.2155947767
-2.5095895023 1.4537282118 -1.9005724212 271.0495012763 460.9387299705
-1.9323731186 -0.3012474738 -0.7481905140 473.7054805008 407.8468070679
-2.1173200533 -2.1447782396 -1.4060294826 544.4330129483 239.8910294691
-1.7590488229 -1.6158880204 -0.8003083999 581.8788538688 267.1327038505
-1.3783621819 0.6183489028 -2.2812195003 272.0177009409 316.4807804558
-2.7526374896 -2.4282561608 -2.0502608060 513.0723397580 249.8401740487
0.0469361765 -0.1783641195 -2.6535832882 249.2233491946 138.4186658551
-0.4132450863 -1.6619243622 -0.3975132155 728.8030878780 35.5516060717
-2.6318751097 -0.2406755511 -1.7765257254 410.6025992901 359.3432480111
-2.4349464755 0.7633696205 -1.9950480928 322.7029513138 399.2483285423
-1.5006224968 -2.7756126823 -1.2469839680 597.5972990457 160.7858111305
-0.3342155314 -1.4791719233 -1.8288346165 427.6022107891 104.2407219242
-2.5927084704 -2.6493188930 -0.8510426906 631.5037238896 263.2636401142
-1.4003785247 -0.3736922668 -0.7233151088 467.7678448495 360.5482446606
-0.3665870185 -2.4417945195 -0.7850897223 675.6545330528 3.4867256851
-0.8431574331 -1.9395949874 -1.4799140705 511.7436997644 136.4113138304
-2.6437567343 -2.7994983705 -2.3091975591 512.0617428963 225.6377462874
-2.7741509670 -2.0402444891 -0.1757024121 701.5952273231 355.6193855592
-0.2118470871 -0.0163581002 -1.5873625828 258.5063094993 185.7561954442
-1.9646052403 -2.0029863434 -1.3242917964 543.6453729651 239.0955107479
-0.1823780494 -0.8635400208 -2.5844140384 328.0443241307 128.1844677311
-1.2292746160 0.8858709981 -2.9739817686 237.0591576626 290.0410105135
-0.7482836631 -2.2901477881 -2.3809329031 458.5108796577 119.3773233053
-0.5278049365 -2.9772354716 -1.6874461611 558.0986886096 55.2841872140
-1.8905943680 -2.4627044847 -2.4214448040 483.1955799234 194.8939934515
-1.5747020397 0.3647896395 -2.1186734669 308.8002071194 320.7795427370
-0.4042982512 -2.7503468765 -0.9514857109 659.0739356116 8.3262300632
-2.9933007186 -2.9934415882 -2.4369486571 515.1431871983 234.2809630482
-0.9505699837 -1.1068315995 -0.2186933854 697.2880773720 252.5268356761
-2.5954390840 0.9615306910 -1.9993108423 314.9816323009 418.5838544319
-0.5276153481 -2.5064104042 -2.0030443754 496.2624402364 83.6494416056
0.2277862557 -0.3340403307 -2.6300424523 251.4084739800 109.2337444693
-0.1425061998 -1.1158049670 -0.6788600397 548.0472499550 32.9498225007
-0.9856763569 -0.5848182569 -0.8305814883 462.5901334590 276.2322019800
0.0588398480 0.1345663759 -1.9919443238 205.8606418397 153.2371642281
-2.3495685473 0.3594685558 -2.9255488728 325.3700365369 321.4813265537
-1.2272046121 -1.5636394124 -2.1282380772 439.5749866765 189.3918324062
-2.1679331945 -2.2497089087 -2.4883330897 473.3868782676 218.0448102308
-1.2502089736 -0.4633432231 -1.6307261334 385.8593961050 266.7172684891
-1.7725763211 0.1321032521 -2.5127218453 326.5450410484 299.8200228874
-2.0098147786 -2.3425078733 -0.2469870441 734.8333790937 261.1882040846
-1.0103194588 -0.8321822294 -2.8083801352 353.5238828552 198.3244111530
-0.3638610292 -0.9546125156 -1.7797905765 382.2648814932 136.7138032194
0.3303057821 0.2394415897 -2.7978580808 181.2981991892 129.8287358853
-2.9469886051 -0.0556582209 -2.3291306646 384.5718166692 352.5560742233
-2.2714974815 -1.5754805292 -0.3708202209 647.9455181041 344.2790492647
-2.2906387154 -1.9032725139 -2.9466558645 437.7934631545 229.2829477883
0.0126243685 -2.0694425955 -2.4142551407 423.0232301413 53.5740859775
-0.3936100835 -1.1881348723 -1.5631378304 424.0186766856 124.0541041335
-2.0786952816 -1.2439389284 -2.8570242590 406.1243759371 243.9530957259
0.0746601060 0.5852067123 -2.6719971241 161.6091748412 178.4917852650
-1.9296688539 -1.8920561824 -1.4908164832 521.0482408788 237.8538262841
-1.8553364985 -2.2370036957 -1.3848175939 550.4686453465 216.8533706284
-1.1895189559 -0.0584733151 -0.8465864265 397.1096026004 364.1193459373
-2.1610756819 -2.5467967732 -1.5818627512 550.0982145948 220.0461272522
-1.0310568987 0.1681308091 -1.9239170579 299.0803963730 279.3068730393
-0.7896994598 -0.6712832293 -1.4482634684 397.3875090083 212.6007800072
-2.0809982885 -2.3007220402 -1.1211365928 583.0546627488 237.1509720586
-1.7593186310 0.6483982310 -1.4034331411 311.7741371843 414.5183825294
-0.3139309819 -0.3902845608 -2.9588867546 287.5431008746 162.9027914191
-1.2283828643 -2.6822559147 -2.2808022666 495.0425304574 143.0812469785
-2.4005462004 -1.4231052476 -1.7722446267 477.5260767489 283.2018988389
-1.0519031372 -0.6309223896 -1.1260086692 434.2603638555 259.6721358398
-2.5222100225 -0.7635231769 -2.4214857334 408.5176791312 297.3204360458
-1.1789359356 0.5890362018 -2.6866246034 258.6675310966 282.2896153458
-2.3709911216 0.7873857488 -1.7873182151 323.5112253608 415.7843951257
-2.1351115329 0.3711751050 -2.8548084772 317.6038978098 314.9507635599
-1.5993342926 1.4370656586 -2.3495525503 209.8568471740 380.7922509231
-2.3524978632 -0.4190901020 -0.6763358060 504.8631373780 429.1391788442
-1.7962047277 -1.0397187367 -0.0814019688 690.7486722031 404.2630327243
-2.4323608169 -2.8139920343 -0.8519714480 641.7939548622 243.0163890449
-1.6020343444 1.0108264512 -2.1461077954 250.9535122463 365.6732668899
0.1346661905 -1.4032030397 -2.7868114016 349.9838169770 76.4463409267
-1.7376268140 2.4434120148 -2.6251467566 125.8460360157 437.6726286278
-1.4994475505 -0.9512953885 -2.1558872977 404.8129934218 238.6270817281
-1.9858815282 -1.4791766923 -1.1752089238 525.4663034388 277.3640652013
-0.2655979503 -2.6868276852 -2.0208468826 502.4538001004 47.7471020452
-2.2862629253 -0.2226837426 -1.4929258470 414.6494756279 362.7164563263

gimbalangles:
-1.9065972115 -0.4843768663 0.4727353203

end: