T_CW:
-0.0889515840 -0.9664379039 0.2410091154 0.1998306343
-0.0012666895 -0.2418583330 -0.9703107452 0.3927924930
0.9960351456 -0.0866159614 0.0202895051 -0.2355473351
0.0000000000 0.0000000000 0.0000000000 1.0000000000

T_CW_cov:
0.0000003303 0.0000000052 -0.0000000113 -0.0000000348 0.0000007047 0.0000000052
0.0000000052 0.0000001951 -0.0000000003 -0.0000005153 0.0000000129 -0.0000000608
-0.0000000113 -0.0000000003 0.0000002169 -0.0000000606 -0.0000000150 0.0000000023
-0.0000000348 -0.0000005153 -0.0000000606 0.0000019183 -0.0000000769 0.0000002600
0.0000007047 0.0000000129 -0.0000000150 -0.0000000769 0.0000020277 0.0000000398
0.0000000052 -0.0000000608 0.0000000023 0.0000002600 0.0000000398 0.0000006502

target_points_pix:
2.8469624497 -1.2706155376 -0.4268351525 471.3983727357 339.2330519888
1.2955616386 -1.4164051859 0.0125195018 674.2454939336 387.6729003941
2.9185907309 1.9178459633 1.8610296438 235.8333568052 61.1472229788
2.6305978994 -2.5336026126 1.4089481569 628.4851991682 206.2672454764
2.5591223247 -0.0443953625 0.5219552533 390.1375686520 228.3650613220
1.8324549851 0.5136414256 0.1050882143 307.1146121930 265.3301901810
2.2959027539 -0.3651612911 1.0377432566 443.6654904091 179.0161841154
2.3041003494 -2.2990699818 1.7052507894 652.2407605267 164.8005915666
2.2457088193 -0.2690198173 -1.2941584072 369.0419020508 446.5308631202
2.0176283046 -1.3083910700 2.4854543714 610.4523549917 26.9910863447
2.2385537561 -1.8200234489 -0.7064504535 555.3552912541 411.1143055996
2.8752574486 -1.5801047162 -0.1999385455 500.1459682466 324.4959108565
1.0143189639 -0.1834378360 0.2340703772 479.8180077615 303.0112671735
1.3939397812 -1.4548252074 -0.2639512733 644.7644471551 428.9733828686
2.6388940522 0.2859068827 0.6616028722 359.9138641003 206.9403666163
1.8436071198 -0.3614789899 -0.5329186283 413.5579945094 388.0627422022
2.6356910408 1.1581813945 0.7110316627 272.0948562762 178.7781757396
2.2974160006 1.1434337072 1.1115312662 272.1771972047 121.6251907218
1.8636994645 0.9851570773 0.8625067980 264.1106875289 132.8726607722
2.9486415274 -2.6758647837 -1.6358413215 553.0808239048 457.9717786712
2.8400527988 2.3293742471 -2.5758741647 72.7799677587 479.8816872463
2.4952987901 1.9204534977 1.3630564139 197.9758103665 79.0893054654
2.5258584135 -2.8592762385 -0.6116947642 624.1269891675 400.5794935375
2.8920798147 2.1378650829 -2.5311623147 100.9898166803 473.2612184301
2.7260240624 2.2495865463 -1.9352716347 86.5371971619 425.1792900096
2.3241395539 -2.8069241618 -0.5895953926 643.5164545845 411.5344012016
2.6278435143 1.8946618219 1.8255796272 223.0033038310 42.0961578702
2.6912848041 -2.1106228893 -0.6993441011 545.0669680641 385.7796446924
2.2863225682 -1.1407866103 2.4543879926 562.1281487086 49.8877128969
1.5889353798 -2.3704226469 0.0978376196 744.4162623720 374.4554939072
2.4841714159 1.4051269004 1.6262681959 263.9150281400 67.4480713952
2.7991553079 -1.1303929253 0.2989914414 477.1327317693 273.3110756472
2.3235776381 -0.6902499417 -1.1799127502 418.5027721628 434.2496120207
2.1983390802 1.3671984969 -1.0802983766 164.8005618346 387.0998085433
2.0950124471 -0.5055487376 0.8267820771 463.9530220849 202.7472220836
1.7824561088 1.2368809704 -0.1031601285 175.7930616364 271.9023596174
2.6588510636 -0.1466194073 -0.3037086062 378.4032000526 311.2641671968
2.2538497045 -0.9608366362 1.2047620648 514.5231256308 177.3201941313
2.3780720027 -0.0837965984 2.0767695085 438.5678376362 61.6241334682
2.9680979097 -2.4510036395 1.5364771412 593.5795387317 198.0634634878
2.8361755367 1.9949440335 -2.4556373968 112.2350989813 473.6774573816
2.0821692119 -1.0065134618 0.4658650749 512.9178064454 262.0571917920
1.2103062974 0.1184933070 0.6222756592 406.8186164513 179.2446601112
0.9923400970 0.5709656991 -0.1292795507 212.5033028675 370.1450142796
2.6984458114 1.3496573022 0.7124865195 254.4561024264 174.8258265455
1.6820117367 -2.6908657484 -0.4410075725 744.9358761388 452.9786301921
1.4393502068 -0.3605422360 0.5295601244 482.1791499260 232.8424370263
2.4819671509 -1.0003026340 -0.6462119426 457.9046925616 371.4498095272
2.4003927181 0.1999549924 -0.1597382894 347.5368915372 295.9777514399
1.6781638844 1.7635796532 -1.0815039641 8.0611227972 434.0647822562
2.8599623337 -1.4393414243 0.8130817700 509.9532462715 235.1341022345
2.8028733044 -1.8940930289 0.2984196099 539.9992260629 289.1797967630
2.2679231297 1.6166728105 1.6066018340 226.6732730295 42.7310666552
1.5339740108 -0.0088084180 1.0042570867 433.1377260548 133.0170773705
2.2683739193 1.5151538458 1.0720505343 222.8355553476 110.8936977603
2.8407462338 2.6756664027 -1.3199547291 69.0345535497 345.4515969563
2.5245239422 -1.9046691708 0.2882304037 561.5200578245 295.9446642055
1.2961433232 -0.2137759639 0.8682376054 486.1772348488 151.0929822951
2.5432224523 -0.6373923841 0.7409534547 453.3051158957 221.7491516450
2.9691898119 0.8306301282 -1.4718533968 262.7170802145 388.7995777702
1.9577623473 1.9570472736 1.2495788176 134.4742177868 39.8529131077
2.3703281476 -2.2094223224 -0.8768088657 576.5286104880 426.7194358388
2.5332886341 0.3624403137 -0.8886724309 311.9347599540 365.3495410796
2.7230803671 2.1668952310 -1.0932890004 119.2339826868 338.7169947306
1.9507874860 -0.6407648270 1.0479185312 497.0969289527 175.5465410553
1.3270867205 -0.5234995568 1.3446707796 565.7365711371 75.4622483077
2.8849499926 1.7528628131 -1.9172862492 156.7869113829 420.4143154225
1.6796342927 -1.3761458959 -0.5238268143 571.4964616531 432.1515732830
2.0330982211 1.2071025275 -0.3551796497 197.3910506284 303.4178441386
1.5235769822 -1.1851647188 1.3670204011 639.1078629460 128.5884754960
2.8384515790 -2.7845431762 0.8899561949 617.1933463868 256.6022020409
2.5609837967 -2.9277062911 -1.0449301538 617.6795713368 439.4863633603
1.7669752855 0.9690625695 -0.5529376649 201.3673993283 356.7753661207
1.8439066339 -0.9471699808 1.1522247373 549.8204045044 168.9631733027
1.4488983111 0.6617484764 1.0469220162 310.1236683576 77.4034506533
2.7059739807 -0.7331271193 0.7287971851 455.6383212326 226.4337762192
2.8833560441 2.6773336796 -0.2468877160 102.7724063960 237.2354706259
1.9496769023 -1.6101641628 0.3732577648 593.3919125615 293.7848175166
2.7832056284 2.7310910625 0.6875618561 111.9599900156 141.4485715465
0.7034332180 -0.0654622727 0.4930513506 535.6634307153 204.2063526950
1.9631750106 0.7384015444 -1.1730532119 231.3025309670 439.6498450696
2.7390766891 1.4458832406 -1.4800111153 188.9865313048 392.4295764529
1.6947515968 -1.6709432923 1.9441946478 690.5072986261 78.3711863718
1.3192468384 -0.5366856561 1.1335808896 559.2771341785 117.4394995977
2.3746660379 0.5242174031 1.6523616679 361.8008232542 86.2205254846
1.8809823717 2.0841163296 0.5893151287 72.2954035828 126.7193333113

gimbalangles:
-1.9065972115 -0.4843768663 0.4727353203

end: