T_CW:
-0.0889318574 -0.9664512244 0.2409629756 0.1998124872
-0.0012783055 -0.2418105950 -0.9703226278 0.3928614939
0.9960368922 -0.0866006179 0.0202692454 -0.2357603715
0.0000000000 0.0000000000 0.0000000000 1.0000000000

T_CW_cov:
0.0000003301 0.0000000052 -0.0000000113 -0.0000000348 0.0000007043 0.0000000052
0.0000000052 0.0000001950 -0.0000000003 -0.0000005150 0.0000000129 -0.0000000608
-0.0000000113 -0.0000000003 0.0000002168 -0.0000000606 -0.0000000150 0.0000000023
-0.0000000348 -0.0000005150 -0.0000000606 0.0000019173 -0.0000000769 0.0000002599
0.0000007043 0.0000000129 -0.0000000150 -0.0000000769 0.0000020265 0.0000000399
0.0000000052 -0.0000000608 0.0000000023 0.0000002599 0.0000000399 0.0000006498

target_points_pix:
2.8469624497 -1.2706155376 -0.4268351525 471.0464537211 338.9089629729
1.2955616386 -1.4164051859 0.0125195018 674.5228888514 388.0893404565
2.9185907309 1.9178459633 1.8610296438 235.7790270337 60.9015558387
2.6305978994 -2.5336026126 1.4089481569 628.4697126753 206.5135599029
2.5591223247 -0.0443953625 0.5219552533 389.8860386029 228.2637551221
1.8324549851 0.5136414256 0.1050882143 307.5613993831 265.1274779999
2.2959027539 -0.3651612911 1.0377432566 444.3538990681 178.6827129221
2.3041003494 -2.2990699818 1.7052507894 652.2152054345 164.6165451715
2.2457088193 -0.2690198173 -1.2941584072 368.9010381491 446.5811807350
2.0176283046 -1.3083910700 2.4854543714 610.6308876352 26.4615168853
2.2385537561 -1.8200234489 -0.7064504535 555.4895004006 411.1360075851
2.8752574486 -1.5801047162 -0.1999385455 499.4435258391 324.3365414705
1.0143189639 -0.1834378360 0.2340703772 480.3580394447 302.9604662310
1.3939397812 -1.4548252074 -0.2639512733 644.4775416075 428.9921542386
2.6388940522 0.2859068827 0.6616028722 359.8157399920 206.6932667815
1.8436071198 -0.3614789899 -0.5329186283 413.2944191158 387.8019716762
2.6356910408 1.1581813945 0.7110316627 271.7244158608 178.5370450441
2.2974160006 1.1434337072 1.1115312662 271.9595787115 121.4638736150
1.8636994645 0.9851570773 0.8625067980 264.5043334283 133.0217094125
2.9486415274 -2.6758647837 -1.6358413215 553.0445676615 458.5978422284
2.8400527988 2.3293742471 -2.5758741647 72.9151488386 479.9318001878
2.4952987901 1.9204534977 1.3630564139 197.6379499675 79.7372464286
2.5258584135 -2.8592762385 -0.6116947642 624.8504933957 400.6885350112
2.8920798147 2.1378650829 -2.5311623147 100.4609825657 473.2125103323
2.7260240624 2.2495865463 -1.9352716347 86.1933624401 425.2450250782
2.3241395539 -2.8069241618 -0.5895953926 643.4921927719 411.6534681345
2.6278435143 1.8946618219 1.8255796272 222.4562540575 42.1239026348
2.6912848041 -2.1106228893 -0.6993441011 544.6107678077 385.4996116914
2.2863225682 -1.1407866103 2.4543879926 561.8470371426 50.2859171561
1.5889353798 -2.3704226469 0.0978376196 744.6647687743 374.8369588167
2.4841714159 1.4051269004 1.6262681959 263.9059000859 67.7832711006
2.7991553079 -1.1303929253 0.2989914414 476.5479672116 273.4112119590
2.3235776381 -0.6902499417 -1.1799127502 418.3716447126 434.4460342989
2.1983390802 1.3671984969 -1.0802983766 165.0580880944 387.4120532050
2.0950124471 -0.5055487376 0.8267820771 464.1904188553 202.9978700571
1.7824561088 1.2368809704 -0.1031601285 175.8825954749 271.8365084209
2.6588510636 -0.1466194073 -0.3037086062 378.6646140500 311.5269217217
2.2538497045 -0.9608366362 1.2047620648 514.7178683333 177.2426153439
2.3780720027 -0.0837965984 2.0767695085 438.7814920146 61.7238119452
2.9680979097 -2.4510036395 1.5364771412 593.5580610970 198.1005089527
2.8361755367 1.9949440335 -2.4556373968 112.4214509900 473.6319389659
2.0821692119 -1.0065134618 0.4658650749 512.7648081397 262.1442466655
1.2103062974 0.1184933070 0.6222756592 407.0288822076 179.6220229628
0.9923400970 0.5709656991 -0.1292795507 212.5023710665 370.5876336139
2.6984458114 1.3496573022 0.7124865195 254.2893462168 174.6318691508
1.6820117367 -2.6908657484 -0.4410075725 745.0785383881 452.8960147110
1.4393502068 -0.3605422360 0.5295601244 481.9415508130 232.9619173458
2.4819671509 -1.0003026340 -0.6462119426 458.0885995061 371.4172472530
2.4003927181 0.1999549924 -0.1597382894 347.2408479506 295.8807503140
1.6781638844 1.7635796532 -1.0815039641 8.2348429613 434.1318063479
2.8599623337 -1.4393414243 0.8130817700 509.4504705666 234.9200319736
2.8028733044 -1.8940930289 0.2984196099 539.8523031147 289.1106697978
2.2679231297 1.6166728105 1.6066018340 226.8654060905 42.4649814517
1.5339740108 -0.0088084180 1.0042570867 432.8486329392 132.3004321728
2.2683739193 1.5151538458 1.0720505343 222.7305584201 110.9450813540
2.8407462338 2.6756664027 -1.3199547291 68.8656388370 345.4406948677
2.5245239422 -1.9046691708 0.2882304037 561.7000239089 295.7327611725
1.2961433232 -0.2137759639 0.8682376054 486.1114616695 150.7953975992
2.5432224523 -0.6373923841 0.7409534547 453.6620893705 221.6108724701
2.9691898119 0.8306301282 -1.4718533968 262.6335203463 388.8508195651
1.9577623473 1.9570472736 1.2495788176 134.3921428535 40.0339150897
2.3703281476 -2.2094223224 -0.8768088657 576.3989767615 426.2926138253
2.5332886341 0.3624403137 -0.8886724309 311.2148443183 365.6289852561
2.7230803671 2.1668952310 -1.0932890004 119.3107569186 338.4305932754
1.9507874860 -0.6407648270 1.0479185312 497.0295785786 175.5099642444
1.3270867205 -0.5234995568 1.3446707796 565.5347954664 75.4826868475
2.8849499926 1.7528628131 -1.9172862492 156.7531072150 420.1309514110
1.6796342927 -1.3761458959 -0.5238268143 571.7405173404 432.1571376935
2.0330982211 1.2071025275 -0.3551796497 197.4903603671 303.5515621325
1.5235769822 -1.1851647188 1.3670204011 638.9508246714 128.4777449617
2.8384515790 -2.7845431762 0.8899561949 617.6788409310 256.5882619323
2.5609837967 -2.9277062911 -1.0449301538 617.3899470661 439.9835332203
1.7669752855 0.9690625695 -0.5529376649 201.3454994560 356.7377567921
1.8439066339 -0.9471699808 1.1522247373 549.4303586837 168.4924319567
1.4488983111 0.6617484764 1.0469220162 309.9013568131 77.3000994298
2.7059739807 -0.7331271193 0.7287971851 456.0106726965 226.0684526867
2.8833560441 2.6773336796 -0.2468877160 102.8707547449 237.5571699303
1.9496769023 -1.6101641628 0.3732577648 593.4929520071 294.0324552074
2.7832056284 2.7310910625 0.6875618561 112.0679340183 141.4236465933
0.7034332180 -0.0654622727 0.4930513506 535.9935184542 204.2100095505
1.9631750106 0.7384015444 -1.1730532119 231.6366068524 439.6148517494
2.7390766891 1.4458832406 -1.4800111153 189.2202076780 392.2211214827
1.6947515968 -1.6709432923 1.9441946478 690.3383093201 78.3092901212
1.3192468384 -0.5366856561 1.1335808896 559.1231882468 117.6299415910
2.3746660379 0.5242174031 1.6523616679 361.5117535581 86.2176889341
1.8809823717 2.0841163296 0.5893151287 72.7065183779 126.7256970326

gimbalangles:
2.2078874570 0.5167871457 -2.0396184558

end: