T_CW:
-0.2078376995 -0.8442742576 -0.4939680846 -0.0393563630
-0.8472826641 -0.0969605747 0.5222171331 0.0077215100
-0.4887899117 0.5270670023 -0.6951868794 -0.0499863603
0.0000000000 0.0000000000 0.0000000000 1.0000000000

T_CW_cov:
0.0000004973 -0.0000000499 -0.0000000549 0.0000000953 0.0000010474 0.0000000093
-0.0000000499 0.0000004087 -0.0000000305 -0.0000010220 -0.0000000598 0.0000000871
-0.0000000549 -0.0000000305 0.0000003070 0.0000001254 -0.0000002021 -0.0000000129
0.0000000953 -0.0000010220 0.0000001254 0.0000032280 0.0000001017 -0.0000000940
0.0000010474 -0.0000000598 -0.0000002021 0.0000001017 0.0000028968 0.0000001551
0.0000000093 0.0000000871 -0.0000000129 -0.0000000940 0.0000001551 0.0000005889

target_points_pix:
-2.8243573618 2.6628569762 -1.5907718359 317.4420204403 322.1252931689
-1.8989089335 2.7021134331 -0.4054152166 213.8661716252 346.4742633644
-2.4509590965 0.8871749841 -2.1853645049 437.0150184455 306.1160808369
-1.1698605629 -0.0915581141 -1.3700899405 538.0278838312 289.3368356459
-1.4021994661 2.7108304751 0.3961482093 73.3692368394 393.5970978539
-0.4339811544 0.3604827340 -1.2275564470 445.8328662602 178.9915816180
-1.2830020915 -0.7477612956 -2.9741651212 625.3409081583 197.9416927838
0.0134727521 1.9966532696 -2.2999075116 320.2213486125 109.0843198698
0.0713589459 2.8688959608 -0.9051086491 136.6971805593 144.9502198210
-2.5095895023 1.4537282118 -1.9005724212 389.8043010451 313.3726817678
-1.3783621819 0.6183489028 -2.2812195003 456.7869955420 232.3316831650
-1.4132040819 1.7390647207 -0.1303300090 206.8090729278 381.7040894916
0.4760255981 1.6652719494 -2.0074300235 307.6901249115 44.2459573148
0.0469361765 -0.1783641195 -2.6535832882 578.9642847582 37.7722623268
-2.6318751097 -0.2406755511 -1.7765257254 539.2361878466 376.9981526453
-0.0197024909 1.9179607289 -0.7375181316 164.7972203365 150.3074984210
-2.2570881565 2.7082349037 -2.0633919600 323.5219526391 275.3523660864
-2.4349464755 0.7633696205 -1.9950480928 441.7677370716 318.2651006359
-2.9891561525 1.0928385460 -1.1234454871 394.1235358914 401.0645157525
-1.4003785247 -0.3736922668 -0.7233151088 613.2125935763 458.8520681248
-2.7312989435 2.6530594031 -1.3942433270 307.8049603868 328.1154612394
-2.6333375856 2.5260876036 -0.4714651478 259.3833763412 385.6264461388
-1.8036662741 2.9213890742 0.4185609520 103.2891054132 410.3929145233
-1.2333229781 0.8026401249 -0.6833503019 354.9448963069 342.7552501676
-0.2118470871 -0.0163581002 -1.5873625828 544.6390482172 104.4954391421
-0.1823780494 -0.8635400208 -2.5844140384 726.2427946558 46.3551468601
-1.2292746160 0.8858709981 -2.9739817686 448.4502071415 193.2583063331
-0.8911796826 2.9815497203 -1.4877817901 242.6939954837 215.1081089853
-1.5747020397 0.3647896395 -2.1186734669 479.2142630791 259.5314524903
-2.5954390840 0.9615306910 -1.9993108423 427.7491056201 322.5659670859
-1.8048953481 1.9335417400 -1.4229821744 324.5758978424 291.4517496533
-0.9856763569 -0.5848182569 -0.8305814883 744.0149632118 400.5322604960
0.0588398480 0.1345663759 -1.9919443238 519.2779251467 47.1237380417
-2.3495685473 0.3594685558 -2.9255488728 490.7159243671 271.6364172500
-1.1012706995 2.9606741992 0.3197833124 48.5382483320 348.3738748262
-2.7764038774 2.3680402460 -0.8289858517 294.0363537796 370.8491853935
-1.2502089736 -0.4633432231 -1.6307261334 611.5654751456 282.9771410877
-1.7725763211 0.1321032521 -2.5127218453 509.3425565732 256.7989098712
0.6325419191 2.6208530677 -2.3930825352 266.8474828098 56.8872325860
-1.0103194588 -0.8321822294 -2.8083801352 654.6561155037 174.8366856001
-1.6435711194 1.7206815262 -0.2385074952 238.4021924660 386.6209489745
0.8583509219 1.9819683117 -2.4177920373 300.4439581828 6.3709988435
0.3303057821 0.2394415897 -2.7978580808 514.8546423529 10.8429846490
-2.8070000852 2.1028983329 -1.6509945629 347.2290778887 328.9022968373
-1.0050947886 1.3796874961 -1.1237346037 320.6121844460 256.9291159392
-2.9469886051 -0.0556582209 -2.3291306646 519.0553447112 344.2724597515
-2.7642033712 2.8377397974 0.0312227722 211.9487063291 421.5282257595
-0.7126786561 1.9834577945 -1.0618160856 254.3241783689 223.8538799343
-0.6100045683 0.5645809022 0.0344290762 186.9869829411 465.2200533524
-2.0786952816 -1.2439389284 -2.8570242590 675.6332922986 281.3813646886
0.0746601060 0.5852067123 -2.6719971241 464.7489996565 64.4826139966
-1.1895189559 -0.0584733151 -0.8465864265 525.1844529003 368.0645197894
-1.7178836189 1.5332592184 -0.2148120387 254.4896736273 406.1612733047
-1.0310568987 0.1681308091 -1.9239170579 501.3734503392 221.6834793382
-1.6965573658 2.2500304313 -1.4300462053 303.4265551603 278.5419760236
-0.0667491202 2.8893935758 -1.8135267343 238.2526211233 138.0578015808
-0.7896994598 -0.6712832293 -1.4482634684 719.1037687170 236.1744896882
-1.7593186310 0.6483982310 -1.4034331411 429.1491551751 319.3730445655
-0.3139309819 -0.3902845608 -2.9588867546 600.2360872541 86.8792000238
-1.0519031372 -0.6309223896 -1.1260086692 710.7698882648 338.2514006912
-2.5222100225 -0.7635231769 -2.4214857334 603.7217005238 333.2112092356
-2.7635838127 2.5758996306 0.1771810151 210.4215180073 448.6110599280
-1.1789359356 0.5890362018 -2.6866246034 468.0656783526 199.0915587489
0.7279847276 1.9901461379 -1.3627605785 193.3811456315 9.2206716732
-2.3709911216 0.7873857488 -1.7873182151 434.0669805266 328.0199265411
-2.1351115329 0.3711751050 -2.8548084772 489.6321864378 261.4729832314
-1.5993342926 1.4370656586 -2.3495525503 394.1352028572 239.0502966813
-1.5057213679 1.4881960724 0.1935683238 179.9007723365 464.6251953976
-1.6020343444 1.0108264512 -2.1461077954 419.2412639094 252.5624757296
0.4773538111 1.3095008612 -1.5680206608 299.3277514218 22.5067564009
-0.4791536927 2.3891232452 -2.6389828612 327.1343090912 151.2473679755
-1.7376268140 2.4434120148 -2.6251467566 347.5611135572 231.9503145742
-2.7196823128 2.1269550887 -0.8836294877 308.4256869300 371.7017495200
-1.4239071394 1.7163547221 -0.1251398761 208.7049777331 384.9250205650
-1.4994475505 -0.9512953885 -2.1558872977 683.7600357227 275.0756071727
0.1815827826 2.0076210646 -1.8337579884 280.1796722558 96.5909700089
-2.2862629253 -0.2226837426 -1.4929258470 540.8422542512 383.7641733266
0.5522005358 2.0961738439 -1.3378655295 196.9223837632 47.5183128015
-2.7921738827 1.8243530301 -1.3223706776 349.0448015398 353.5481660574

gimbalangles:
-2.2148658370 0.5163648617 0.2412420112

end: