T_CW:
-0.0890295349 -0.9664186253 0.2410576334 0.2002232494
-0.0013061670 -0.2419052046 -0.9702990085 0.3927270443
0.9960281300 -0.0867001310 0.0202744037 -0.2352230140
0.0000000000 0.0000000000 0.0000000000 1.0000000000

T_CW_cov:
0.0000003457 0.0000000171 -0.0000000104 -0.0000000601 0.0000007338 0.0000000161
0.0000000171 0.0000002046 -0.0000000002 -0.0000005352 0.0000000354 -0.0000000523
-0.0000000104 -0.0000000002 0.0000002244 -0.0000000663 -0.0000000165 0.0000000016
-0.0000000601 -0.0000005352 -0.0000000663 0.0000019644 -0.0000001225 0.0000002430
0.0000007338 0.0000000354 -0.0000000165 -0.0000001225 0.0000020841 0.0000000609
0.0000000161 -0.0000000523 0.0000000016 0.0000002430 0.0000000609 0.0000006589

target_points_pix:
2.8469624497 -1.2706155376 -0.4268351525 471.2211739193 339.0598631640
1.2955616386 -1.4164051859 0.0125195018 674.6915854307 387.6580820625
2.9185907309 1.9178459633 1.8610296438 236.0746614054 60.3882853914
2.6305978994 -2.5336026126 1.4089481569 627.8863444268 206.0073226850
2.5591223247 -0.0443953625 0.5219552533 390.2981181053 228.3711532380
1.8324549851 0.5136414256 0.1050882143 307.5563982778 265.4081768051
2.2959027539 -0.3651612911 1.0377432566 444.2247138548 179.0401329477
2.3041003494 -2.2990699818 1.7052507894 652.6690275248 164.7587343792
2.2457088193 -0.2690198173 -1.2941584072 368.9636587868 446.1662840628
2.0176283046 -1.3083910700 2.4854543714 610.3613461496 26.9153908829
2.2385537561 -1.8200234489 -0.7064504535 554.9689176916 411.0203720477
2.8752574486 -1.5801047162 -0.1999385455 499.8639800674 324.3817420960
1.0143189639 -0.1834378360 0.2340703772 479.9499328963 303.1371561193
1.3939397812 -1.4548252074 -0.2639512733 644.5504032964 429.1477536467
2.6388940522 0.2859068827 0.6616028722 360.1819914526 207.2236722990
1.8436071198 -0.3614789899 -0.5329186283 413.6004391660 388.3165860333
2.6356910408 1.1581813945 0.7110316627 271.9170981176 178.9065994551
2.2974160006 1.1434337072 1.1115312662 272.5176343501 121.4244422866
1.8636994645 0.9851570773 0.8625067980 264.8921466595 132.7454449687
2.9486415274 -2.6758647837 -1.6358413215 552.8676814923 458.4858586349
2.4952987901 1.9204534977 1.3630564139 197.8201616986 79.7668611265
2.5258584135 -2.8592762385 -0.6116947642 624.1671512432 400.7277693277
2.8920798147 2.1378650829 -2.5311623147 100.7338520790 473.0873082247
2.7260240624 2.2495865463 -1.9352716347 86.4424410803 424.9453455865
2.3241395539 -2.8069241618 -0.5895953926 643.5228750982 411.5012294866
2.6278435143 1.8946618219 1.8255796272 222.6149878225 42.1244218769
2.6912848041 -2.1106228893 -0.6993441011 544.8659981011 385.7436640860
2.2863225682 -1.1407866103 2.4543879926 561.5951878588 50.1779747460
1.5889353798 -2.3704226469 0.0978376196 744.6199283317 374.8670768578
2.4841714159 1.4051269004 1.6262681959 263.9317761112 67.7758217735
2.7991553079 -1.1303929253 0.2989914414 477.2969450053 273.5160689971
2.3235776381 -0.6902499417 -1.1799127502 417.9539549752 434.0893475437
2.1983390802 1.3671984969 -1.0802983766 165.1115368307 387.0473974286
2.0950124471 -0.5055487376 0.8267820771 464.1495403891 203.0452018280
1.7824561088 1.2368809704 -0.1031601285 176.2110886833 271.7372420407
2.6588510636 -0.1466194073 -0.3037086062 378.3764529923 311.8261452013
2.2538497045 -0.9608366362 1.2047620648 514.5666400064 177.3195723232
2.3780720027 -0.0837965984 2.0767695085 438.4422886764 61.9138516029
2.9680979097 -2.4510036395 1.5364771412 593.2799963834 198.0844832623
2.8361755367 1.9949440335 -2.4556373968 112.4513617929 472.8572737053
2.0821692119 -1.0065134618 0.4658650749 512.5099633559 261.9938021012
1.2103062974 0.1184933070 0.6222756592 406.8837091002 179.8475621136
0.9923400970 0.5709656991 -0.1292795507 212.7066653151 370.2782025438
2.6984458114 1.3496573022 0.7124865195 254.4631366186 174.7564997582
1.6820117367 -2.6908657484 -0.4410075725 744.9814369667 452.8788671180
1.4393502068 -0.3605422360 0.5295601244 482.2114560899 232.9082278040
2.4819671509 -1.0003026340 -0.6462119426 458.0571118127 371.2824156982
2.4003927181 0.1999549924 -0.1597382894 347.4445125696 295.7207798938
1.6781638844 1.7635796532 -1.0815039641 7.9161521122 433.4922564916
2.8599623337 -1.4393414243 0.8130817700 509.9374442869 235.1015711129
2.8028733044 -1.8940930289 0.2984196099 539.5792908497 288.8974902974
2.2679231297 1.6166728105 1.6066018340 226.7080358719 42.7477454306
1.5339740108 -0.0088084180 1.0042570867 432.8987042736 132.3163202857
2.2683739193 1.5151538458 1.0720505343 222.6120998011 111.1506900258
2.8407462338 2.6756664027 -1.3199547291 69.1292521701 345.2324056860
2.5245239422 -1.9046691708 0.2882304037 561.0078457839 295.8841908911
1.2961433232 -0.2137759639 0.8682376054 486.1463982558 151.0025077296
2.5432224523 -0.6373923841 0.7409534547 453.8527590567 221.7545522139
2.9691898119 0.8306301282 -1.4718533968 262.8707010790 388.9070929411
1.9577623473 1.9570472736 1.2495788176 134.1369696846 40.0129256579
2.3703281476 -2.2094223224 -0.8768088657 576.6384078457 426.4599291343
2.5332886341 0.3624403137 -0.8886724309 311.5573531718 365.5791839031
2.7230803671 2.1668952310 -1.0932890004 119.0598175846 338.0847046135
1.9507874860 -0.6407648270 1.0479185312 497.1914412543 175.6931373070
1.3270867205 -0.5234995568 1.3446707796 565.5857437736 75.1321106175
2.8849499926 1.7528628131 -1.9172862492 156.5893475657 420.2685462949
1.6796342927 -1.3761458959 -0.5238268143 571.3082731732 431.9410802613
2.0330982211 1.2071025275 -0.3551796497 197.5579033626 303.5995672608
1.5235769822 -1.1851647188 1.3670204011 638.8881102648 128.2695052611
2.8384515790 -2.7845431762 0.8899561949 617.2266807068 256.5590565310
2.5609837967 -2.9277062911 -1.0449301538 617.2645853986 439.3819016265
1.7669752855 0.9690625695 -0.5529376649 201.9906333223 356.8542520612
1.8439066339 -0.9471699808 1.1522247373 549.1227299971 168.7049207424
1.4488983111 0.6617484764 1.0469220162 310.1804089856 77.7370097240
2.7059739807 -0.7331271193 0.7287971851 455.6738934818 226.0522789242
2.8833560441 2.6773336796 -0.2468877160 102.9398267634 237.6638186659
1.9496769023 -1.6101641628 0.3732577648 593.4989530064 293.9284626410
2.7832056284 2.7310910625 0.6875618561 111.6106450084 141.5172818733
0.7034332180 -0.0654622727 0.4930513506 536.1531633353 203.7068859647
1.9631750106 0.7384015444 -1.1730532119 231.3831895180 440.0212675374
2.7390766891 1.4458832406 -1.4800111153 189.1638145395 392.2361959450
1.6947515968 -1.6709432923 1.9441946478 690.5802278668 78.2673891888
1.3192468384 -0.5366856561 1.1335808896 559.2720937776 117.4712551724
2.3746660379 0.5242174031 1.6523616679 361.4236387804 86.1282384627
1.8809823717 2.0841163296 0.5893151287 72.6062527267 126.8117049370

gimbalangles:
1.5583008782 0.2744806751 0.1380100589

end: