T_CW:
-0.0888634497 -0.9664626159 0.2409425230 0.1994860685
-0.0013973306 -0.2417783210 -0.9703305060 0.3933329930
0.9960428378 -0.0865635925 0.0201347879 -0.2355832371
0.0000000000 0.0000000000 0.0000000000 1.0000000000

T_CW_cov:
0.0000003302 0.0000000052 -0.0000000113 -0.0000000347 0.0000007045 0.0000000054
0.0000000052 0.0000001950 -0.0000000003 -0.0000005151 0.0000000128 -0.0000000607
-0.0000000113 -0.0000000003 0.0000002169 -0.0000000607 -0.0000000151 0.0000000023
-0.0000000347 -0.0000005151 -0.0000000607 0.0000019177 -0.0000000766 0.0000002597
0.0000007045 0.0000000128 -0.0000000151 -0.0000000766 0.0000020270 0.0000000404
0.0000000054 -0.0000000607 0.0000000023 0.0000002597 0.0000000404 0.0000006502

target_points_pix:
2.8469624497 -1.2706155376 -0.4268351525 471.2220664317 339.1955715803
1.2955616386 -1.4164051859 0.0125195018 673.9349381682 387.5074664867
2.9185907309 1.9178459633 1.8610296438 235.8883880490 60.7677463742
2.6305978994 -2.5336026126 1.4089481569 628.2908636404 206.1704906241
2.5591223247 -0.0443953625 0.5219552533 390.0178955282 228.4163548457
1.8324549851 0.5136414256 0.1050882143 307.4897395097 265.4715845458
2.2959027539 -0.3651612911 1.0377432566 444.0730272364 178.6600561660
2.3041003494 -2.2990699818 1.7052507894 652.6397580507 164.7427329643
2.2457088193 -0.2690198173 -1.2941584072 368.9991558642 446.5928980296
2.0176283046 -1.3083910700 2.4854543714 610.2372790146 26.8154664087
2.2385537561 -1.8200234489 -0.7064504535 555.2233119922 411.0467128399
2.8752574486 -1.5801047162 -0.1999385455 499.6757185450 324.0766679379
1.0143189639 -0.1834378360 0.2340703772 480.1076538831 303.0302630030
1.3939397812 -1.4548252074 -0.2639512733 644.5771755235 429.4663215324
2.6388940522 0.2859068827 0.6616028722 359.9110316428 206.4390059847
1.8436071198 -0.3614789899 -0.5329186283 413.5260118459 388.0965163706
2.6356910408 1.1581813945 0.7110316627 271.8356192735 178.6774854498
2.2974160006 1.1434337072 1.1115312662 272.0505955783 121.6762172002
1.8636994645 0.9851570773 0.8625067980 264.8995551077 133.0365204848
2.9486415274 -2.6758647837 -1.6358413215 553.0269355486 458.6710039990
2.8400527988 2.3293742471 -2.5758741647 73.1778992385 479.8807207860
2.4952987901 1.9204534977 1.3630564139 197.7513119482 79.3885565253
2.5258584135 -2.8592762385 -0.6116947642 624.3707079481 400.5457328374
2.8920798147 2.1378650829 -2.5311623147 100.4989385120 473.4745959713
2.7260240624 2.2495865463 -1.9352716347 86.3141132810 425.1069664704
2.3241395539 -2.8069241618 -0.5895953926 643.8049350957 411.0071939959
2.6278435143 1.8946618219 1.8255796272 222.3326883743 42.2906464508
2.6912848041 -2.1106228893 -0.6993441011 544.8579568222 385.6931540758
2.2863225682 -1.1407866103 2.4543879926 561.7015158964 50.0481631796
1.5889353798 -2.3704226469 0.0978376196 744.5293864964 374.8769504918
2.4841714159 1.4051269004 1.6262681959 264.3764466658 67.5808663376
2.7991553079 -1.1303929253 0.2989914414 477.2164289599 273.5915247041
2.3235776381 -0.6902499417 -1.1799127502 418.2764587352 434.2062676559
2.1983390802 1.3671984969 -1.0802983766 165.1257526646 387.3231553256
2.0950124471 -0.5055487376 0.8267820771 464.0829910819 202.7065937951
1.7824561088 1.2368809704 -0.1031601285 175.7006181782 271.9033453100
2.6588510636 -0.1466194073 -0.3037086062 378.3261765671 311.5781868259
2.2538497045 -0.9608366362 1.2047620648 514.6863922627 177.2224750986
2.3780720027 -0.0837965984 2.0767695085 438.7752606193 61.8248438866
2.9680979097 -2.4510036395 1.5364771412 593.0534578889 197.5853083067
2.8361755367 1.9949440335 -2.4556373968 112.5521290129 473.4097832786
2.0821692119 -1.0065134618 0.4658650749 512.6123031063 262.2489462685
1.2103062974 0.1184933070 0.6222756592 407.0943442185 179.9324089958
0.9923400970 0.5709656991 -0.1292795507 212.5554579152 370.5690876074
2.6984458114 1.3496573022 0.7124865195 254.6576586933 174.9713603835
1.6820117367 -2.6908657484 -0.4410075725 745.2007349901 453.2263899008
1.4393502068 -0.3605422360 0.5295601244 481.7890395367 232.7513144832
2.4819671509 -1.0003026340 -0.6462119426 457.8397968003 371.0850273847
2.4003927181 0.1999549924 -0.1597382894 347.8716471440 295.8330237899
1.6781638844 1.7635796532 -1.0815039641 8.0758962922 433.9297852787
2.8599623337 -1.4393414243 0.8130817700 510.0156234701 235.0095319557
2.8028733044 -1.8940930289 0.2984196099 539.7678961043 289.3332385566
2.2679231297 1.6166728105 1.6066018340 226.4743054062 43.0152820174
1.5339740108 -0.0088084180 1.0042570867 432.9586243183 132.6929349137
2.2683739193 1.5151538458 1.0720505343 222.4948200903 111.1087098283
2.8407462338 2.6756664027 -1.3199547291 69.3854005198 345.4858865093
2.5245239422 -1.9046691708 0.2882304037 561.4935747634 295.8932330474
1.2961433232 -0.2137759639 0.8682376054 486.1502038168 151.1031263019
2.5432224523 -0.6373923841 0.7409534547 453.9513528054 221.8970773278
2.9691898119 0.8306301282 -1.4718533968 262.2585713514 388.8134251621
1.9577623473 1.9570472736 1.2495788176 134.2474452207 40.0453648062
2.3703281476 -2.2094223224 -0.8768088657 576.5623549549 426.4766913700
2.5332886341 0.3624403137 -0.8886724309 311.8208570418 365.5293987290
2.7230803671 2.1668952310 -1.0932890004 119.0019267247 338.3259821438
1.9507874860 -0.6407648270 1.0479185312 497.1536691182 175.1604788530
1.3270867205 -0.5234995568 1.3446707796 565.6400613184 75.2722526952
2.8849499926 1.7528628131 -1.9172862492 156.7477961838 419.8323030555
1.6796342927 -1.3761458959 -0.5238268143 571.3548784854 432.5202004632
2.0330982211 1.2071025275 -0.3551796497 197.1722254125 303.4176102948
1.5235769822 -1.1851647188 1.3670204011 638.7575883358 128.7216270999
2.8384515790 -2.7845431762 0.8899561949 617.3512921760 256.5442685603
2.5609837967 -2.9277062911 -1.0449301538 617.3830041568 440.0633894643
1.7669752855 0.9690625695 -0.5529376649 201.5923442870 356.7552299062
1.8439066339 -0.9471699808 1.1522247373 549.5947966513 168.6406901127
1.4488983111 0.6617484764 1.0469220162 310.0529822868 77.3518469043
2.7059739807 -0.7331271193 0.7287971851 455.5218429273 226.2834895823
2.8833560441 2.6773336796 -0.2468877160 102.4581027087 237.6001243413
1.9496769023 -1.6101641628 0.3732577648 593.8633069267 294.0716307439
2.7832056284 2.7310910625 0.6875618561 111.8875402777 141.8783597403
0.7034332180 -0.0654622727 0.4930513506 535.5107994511 204.2609529530
1.9631750106 0.7384015444 -1.1730532119 231.3164217893 439.5469168640
2.7390766891 1.4458832406 -1.4800111153 189.0788111827 392.2471250801
1.6947515968 -1.6709432923 1.9441946478 690.5237697561 78.3781475756
1.3192468384 -0.5366856561 1.1335808896 559.5619866592 117.7198097065
2.3746660379 0.5242174031 1.6523616679 361.4883571793 86.0117056718
1.8809823717 2.0841163296 0.5893151287 72.0873076643 126.8976975335

gimbalangles:
1.3746139789 0.2446838062 -0.9553047184

end: