T_CW:
-0.0890993427 -0.9664275407 0.2409960906 0.2001196761
-0.0010401017 -0.2418680114 -0.9703086021 0.3922931534
0.9960222012 -0.0867045191 0.0205450979 -0.2355896407
0.0000000000 0.0000000000 0.0000000000 1.0000000000

T_CW_cov:
0.0000003455 0.0000000171 -0.0000000104 -0.0000000601 0.0000007333 0.0000000157
0.0000000171 0.0000002044 -0.0000000002 -0.0000005348 0.0000000353 -0.0000000524
-0.0000000104 -0.0000000002 0.0000002243 -0.0000000660 -0.0000000164 0.0000000017
-0.0000000601 -0.0000005348 -0.0000000660 0.0000019629 -0.0000001226 0.0000002430
0.0000007333 0.0000000353 -0.0000000164 -0.0000001226 0.0000020828 0.0000000601
0.0000000157 -0.0000000524 0.0000000017 0.0000002430 0.0000000601 0.0000006582

target_points_pix:
2.8469624497 -1.2706155376 -0.4268351525 471.4230247750 339.2413157753
1.2955616386 -1.4164051859 0.0125195018 674.4991696579 387.7602354223
2.9185907309 1.9178459633 1.8610296438 236.1986449306 60.9498155176
2.6305978994 -2.5336026126 1.4089481569 627.9731589087 206.0092272647
2.5591223247 -0.0443953625 0.5219552533 390.2160205082 228.9963082678
1.8324549851 0.5136414256 0.1050882143 307.1994543374 265.4771403267
2.2959027539 -0.3651612911 1.0377432566 443.7339539678 178.9873222977
2.3041003494 -2.2990699818 1.7052507894 652.1400959292 164.6742433739
2.2457088193 -0.2690198173 -1.2941584072 368.7286801337 446.8729647741
2.0176283046 -1.3083910700 2.4854543714 610.4307413275 27.0439922324
2.2385537561 -1.8200234489 -0.7064504535 554.7238192584 411.1222351043
2.8752574486 -1.5801047162 -0.1999385455 499.8355391888 323.4639262478
1.0143189639 -0.1834378360 0.2340703772 479.5062689325 302.7406605303
1.3939397812 -1.4548252074 -0.2639512733 644.6565387398 429.3017146171
2.6388940522 0.2859068827 0.6616028722 359.5994180692 206.9974185483
1.8436071198 -0.3614789899 -0.5329186283 413.6723718926 387.9928331325
2.6356910408 1.1581813945 0.7110316627 272.1308866655 178.5995855848
2.2974160006 1.1434337072 1.1115312662 272.3685643905 121.4164437995
1.8636994645 0.9851570773 0.8625067980 264.6546856044 132.9078646913
2.9486415274 -2.6758647837 -1.6358413215 553.2542094942 458.5213115411
2.4952987901 1.9204534977 1.3630564139 197.9153190065 79.1237260366
2.5258584135 -2.8592762385 -0.6116947642 624.4939776479 400.5352198738
2.8920798147 2.1378650829 -2.5311623147 100.5251237941 473.4826422713
2.7260240624 2.2495865463 -1.9352716347 86.1717118686 425.2147283002
2.3241395539 -2.8069241618 -0.5895953926 643.7342801964 411.1114279560
2.6278435143 1.8946618219 1.8255796272 222.5752195382 41.8202015101
2.6912848041 -2.1106228893 -0.6993441011 544.7918465376 385.8661191033
2.2863225682 -1.1407866103 2.4543879926 562.0177190507 50.1458856067
1.5889353798 -2.3704226469 0.0978376196 744.6318073943 374.9655103051
2.4841714159 1.4051269004 1.6262681959 263.8348600801 67.2345453457
2.7991553079 -1.1303929253 0.2989914414 476.8618642203 273.3992180560
2.3235776381 -0.6902499417 -1.1799127502 418.1979343067 434.2523895055
2.1983390802 1.3671984969 -1.0802983766 165.0118800819 387.0059874364
2.0950124471 -0.5055487376 0.8267820771 464.1105771385 202.8732708301
1.7824561088 1.2368809704 -0.1031601285 175.8408913574 272.1740257935
2.6588510636 -0.1466194073 -0.3037086062 378.5706557176 311.3832682266
2.2538497045 -0.9608366362 1.2047620648 514.3205884353 177.1466300885
2.3780720027 -0.0837965984 2.0767695085 438.4190238933 61.7922200534
2.9680979097 -2.4510036395 1.5364771412 593.8181139893 198.0900206977
2.8361755367 1.9949440335 -2.4556373968 112.3399396889 473.7280149405
2.0821692119 -1.0065134618 0.4658650749 512.8450612235 262.3933148764
1.2103062974 0.1184933070 0.6222756592 406.8831660417 179.8276861696
0.9923400970 0.5709656991 -0.1292795507 212.7798821256 370.2714454146
2.6984458114 1.3496573022 0.7124865195 254.5522809657 174.7526081918
1.6820117367 -2.6908657484 -0.4410075725 745.4909725563 453.1291622958
1.4393502068 -0.3605422360 0.5295601244 481.6519536448 232.2879279798
2.4819671509 -1.0003026340 -0.6462119426 458.0250245541 371.4607261283
2.4003927181 0.1999549924 -0.1597382894 347.0713558267 295.9037260000
1.6781638844 1.7635796532 -1.0815039641 8.1391085630 434.1672066578
2.8599623337 -1.4393414243 0.8130817700 510.0878320250 234.7207386783
2.8028733044 -1.8940930289 0.2984196099 539.3022361330 289.1433186306
2.2679231297 1.6166728105 1.6066018340 226.6289345320 42.7645638550
1.5339740108 -0.0088084180 1.0042570867 433.2334089539 132.1489953339
2.2683739193 1.5151538458 1.0720505343 222.5213242360 111.1984856201
2.8407462338 2.6756664027 -1.3199547291 69.0058104352 345.4805594263
2.5245239422 -1.9046691708 0.2882304037 561.6108508646 295.7452808344
1.2961433232 -0.2137759639 0.8682376054 486.3126105059 151.4176885347
2.5432224523 -0.6373923841 0.7409534547 453.5170445898 221.6932756214
2.9691898119 0.8306301282 -1.4718533968 262.9330790188 388.7157288547
1.9577623473 1.9570472736 1.2495788176 134.6147505037 40.0116763913
2.3703281476 -2.2094223224 -0.8768088657 576.5885741716 426.2317822278
2.5332886341 0.3624403137 -0.8886724309 311.4265263114 365.3311055231
2.7230803671 2.1668952310 -1.0932890004 119.3398452954 338.5923603060
1.9507874860 -0.6407648270 1.0479185312 497.1037729149 175.3716157387
1.3270867205 -0.5234995568 1.3446707796 565.5755738154 75.3339955712
2.8849499926 1.7528628131 -1.9172862492 156.5437450768 420.4001088092
1.6796342927 -1.3761458959 -0.5238268143 571.7039480923 432.2899922477
2.0330982211 1.2071025275 -0.3551796497 197.2883762011 303.3619859910
1.5235769822 -1.1851647188 1.3670204011 638.8934191280 128.3785249967
2.8384515790 -2.7845431762 0.8899561949 616.9947582959 256.8265113258
2.5609837967 -2.9277062911 -1.0449301538 617.0651009377 439.7923612009
1.7669752855 0.9690625695 -0.5529376649 201.4758823829 356.7769945010
1.8439066339 -0.9471699808 1.1522247373 549.2167142612 168.8181295901
1.4488983111 0.6617484764 1.0469220162 309.9280924811 77.4314784521
2.7059739807 -0.7331271193 0.7287971851 455.5812184403 226.4005253494
2.8833560441 2.6773336796 -0.2468877160 102.6556502199 237.4386676873
1.9496769023 -1.6101641628 0.3732577648 593.2010106934 294.0550321008
2.7832056284 2.7310910625 0.6875618561 111.7767688533 141.2249518249
0.7034332180 -0.0654622727 0.4930513506 536.1074087624 203.6983481461
1.9631750106 0.7384015444 -1.1730532119 231.5882878789 439.4623050674
2.7390766891 1.4458832406 -1.4800111153 189.3691558450 392.0037372503
1.6947515968 -1.6709432923 1.9441946478 690.2104723157 78.5355918963
1.3192468384 -0.5366856561 1.1335808896 559.4775588203 117.9290473844
2.3746660379 0.5242174031 1.6523616679 361.5073781352 86.7923996931
1.8809823717 2.0841163296 0.5893151287 72.1022482623 126.7477322064

gimbalangles:
1.9245648894 -0.2149561710 -0.6462453030

end: