T_CW:
-0.5429980683 -0.6935839416 0.4733861148 -0.0189176168
0.2000534170 -0.6543486709 -0.7292506066 -0.0602621408
0.8155560852 -0.3012791609 0.4940639018 -0.0144547428
0.0000000000 0.0000000000 0.0000000000 1.0000000000

T_CW_cov:
0.0000004472 0.0000001190 0.0000000237 -0.0000003118 0.0000008980 0.0000001099
0.0000001190 0.0000003896 -0.0000000091 -0.0000009320 0.0000002693 0.0000001795
0.0000000237 -0.0000000091 0.0000002675 0.0000000290 0.0000000268 -0.0000000012
-0.0000003118 -0.0000009320 0.0000000290 0.0000027688 -0.0000007025 -0.0000004830
0.0000008980 0.0000002693 0.0000000268 -0.0000007025 0.0000023434 0.0000002778
0.0000001099 0.0000001795 -0.0000000012 -0.0000004830 0.0000002778 0.0000006939

target_points_pix:
1.5213801119 -2.2008710222 2.5041141733 519.2254532001 228.7844748624
2.8469624497 -1.2706155376 -0.4268351525 288.7092370754 400.7526311720
1.2955616386 -1.4164051859 0.0125195018 418.8430926594 422.9891727109
2.9185907309 1.9178459633 1.8610296438 191.9585416912 53.1420771263
1.1463216217 -1.7295446098 1.9332112052 523.9895929283 228.0120603319
0.2808005009 -1.1718645692 1.1250327653 627.7462670814 227.2244348940
0.9121584893 0.1426808612 1.2079831403 367.5613291392 79.0271199679
0.0462699197 -0.8578527772 1.6217053210 669.7963095294 89.5812329884
2.6305978994 -2.5336026126 1.4089481569 440.9844514886 313.6590809195
2.5591223247 -0.0443953625 0.5219552533 258.7694994095 250.3685548450
1.8324549851 0.5136414256 0.1050882143 143.2240517188 220.6251448836
2.2959027539 -0.3651612911 1.0377432566 324.4728455496 228.1608492103
1.5642042617 -2.1943799157 2.0967586103 509.8895519525 252.7434287318
2.3041003494 -2.2990699818 1.7052507894 455.8733752750 286.3922880149
1.9063566704 -1.8720756095 2.8336165515 484.4770729033 203.2311610606
0.8980708545 -0.2130090316 -0.3464988306 168.1194199265 441.7579940382
2.0176283046 -1.3083910700 2.4854543714 447.2822147162 194.0437925771
0.1060971975 -1.5869797388 2.1014893325 682.6596408139 158.6868160860
0.5802513707 -1.4129348864 1.3211278183 575.3986937580 241.8823430304
2.8752574486 -1.5801047162 -0.1999385455 323.6173155813 391.0390737401
1.0143189639 -0.1834378360 0.2340703772 293.5057684241 262.2670858542
1.3939397812 -1.4548252074 -0.2639512733 393.6213838057 470.1688347658
0.4256399553 -1.6947218047 2.8575435986 619.0114787772 137.7057107367
2.6388940522 0.2859068827 0.6616028722 239.4799644680 219.2500933844
0.3042496640 -0.7297572688 1.2382640873 581.1824565355 143.5135610079
1.8436071198 -0.3614789899 -0.5329186283 190.4497929616 408.6878197696
2.6356910408 1.1581813945 0.7110316627 158.0622031847 147.6692596692
2.2974160006 1.1434337072 1.1115312662 195.5151234440 103.8981574404
1.8636994645 0.9851570773 0.8625067980 182.0906630588 97.6394648800
2.4952987901 1.9204534977 1.3630564139 139.7585908693 32.3376544196
0.3802981729 -1.2987431511 2.1045967176 609.4795978622 146.0049080109
1.1523788830 -2.1628663225 2.9736070176 554.9466831926 193.2850775317
2.6278435143 1.8946618219 1.8255796272 189.1171325592 32.5677406561
0.0799047365 -1.4043005573 2.5796705873 670.4517169688 100.2570842803
2.6912848041 -2.1106228893 -0.6993441011 341.1164743440 471.6460298876
1.1871005587 -0.8619068936 2.0176006026 472.6418654516 159.5890004138
2.2863225682 -1.1407866103 2.4543879926 424.0007872524 193.6599310232
1.5889353798 -2.3704226469 0.0978376196 470.8140395678 445.2653994728
2.4841714159 1.4051269004 1.6262681959 216.3242143544 70.5906101988
1.8480999231 1.0615362460 2.2632808650 302.9245844317 24.5034481473
2.7991553079 -1.1303929253 0.2989914414 321.4704046205 329.0133305229
2.0950124471 -0.5055487376 0.8267820771 330.7582432833 248.3577063085
2.4648997918 0.1336515858 2.7860253487 365.8241562641 117.0657742578
0.4971001036 -2.9282306381 1.2764082264 673.1512708886 369.6068759670
2.3406080829 1.6524588336 2.3188796262 248.1585892159 14.4434164037
2.6588510636 -0.1466194073 -0.3037086062 197.7557399623 332.7573536407
2.2538497045 -0.9608366362 1.2047620648 374.6011613521 252.4033840710
0.1978387829 -1.7049102467 0.9341318838 698.3040053793 328.6578932072
2.3780720027 -0.0837965984 2.0767695085 353.5414799924 154.6822851041
2.9680979097 -2.4510036395 1.5364771412 424.7415106965 302.5469416605
2.0821692119 -1.0065134618 0.4658650749 349.9068911394 313.4961503082
1.2103062974 0.1184933070 0.6222756592 285.2231837273 171.3337892806
2.6984458114 1.3496573022 0.7124865195 138.9607916582 135.1183184107
1.4393502068 -0.3605422360 0.5295601244 327.9007550386 251.5777589360
2.4819671509 -1.0003026340 -0.6462119426 256.5432445989 429.7281302148
2.4003927181 0.1999549924 -0.1597382894 169.4569004968 293.9662321887
1.5215156292 -2.3620191306 2.0995385183 520.9316451547 260.7351834319
2.8599623337 -1.4393414243 0.8130817700 360.7379355542 305.6562742120
2.8028733044 -1.8940930289 0.2984196099 368.2051641917 362.7384091892
0.3150226326 -1.7471125294 2.0745693761 645.5626861512 190.2721634050
2.2679231297 1.6166728105 1.6066018340 193.3078742661 32.0603483387
1.5339740108 -0.0088084180 1.0042570867 323.5217768142 172.7730712120
0.5836029694 -0.4548003720 2.6430373429 531.5688291911 39.6909123773
2.2683739193 1.5151538458 1.0720505343 147.9339901077 64.8937386652
2.1449007298 0.0322231014 2.5423879487 374.9888887657 117.4078036705
0.8815263559 -0.9544215061 1.7466657053 504.8747232297 169.8405396044
2.5245239422 -1.9046691708 0.2882304037 381.7590359307 369.3020252562
1.2961433232 -0.2137759639 0.8682376054 349.3856925492 192.8433996602
0.7902253300 -0.0498267092 -0.2495925517 128.9389328373 384.4669393645
0.8867691270 -0.1269636338 2.4130534049 466.3556388198 44.8164648819
2.5432224523 -0.6373923841 0.7409534547 319.2004255475 269.5553823253
1.7478756708 0.7464948804 2.7115920619 356.1919931844 30.8416427532
2.5332886341 0.3624403137 -0.8886724309 42.8517382162 377.4394878951
1.9507874860 -0.6407648270 1.0479185312 360.8101550695 238.3663987970
1.3270867205 -0.5234995568 1.3446707796 408.9614338494 184.3600139796
0.2999752779 -2.0607219307 2.4452932410 657.8692762545 188.2681409300
1.9041661336 -2.7694805772 1.8613690763 503.9398720282 296.2014290841
1.0122261489 -2.4413387388 0.6226324034 560.3681150939 407.3527240745
1.1641200600 -2.7568952982 2.8068855712 573.7279537207 234.2460497880
1.5235769822 -1.1851647188 1.3670204011 441.9294577035 241.7175959783
0.5907485963 -0.3012064055 2.8976125351 526.4263411881 13.6713925310
1.5116640493 -2.8250780375 1.5329666214 533.3847805758 322.3101135516
2.8384515790 -2.7845431762 0.8899561949 428.7077681201 353.3001266825
0.9135738970 -2.8353957908 0.3767828953 598.1151350295 472.1476351171
0.6812398773 -2.9641218080 2.8611191676 632.0019130551 233.5768995481
1.8439066339 -0.9471699808 1.1522247373 394.0483718371 249.0132906217
1.4488983111 0.6617484764 1.0469220162 249.5485429230 81.9297294121
2.7059739807 -0.7331271193 0.7287971851 319.9969996218 276.9690023296
1.9496769023 -1.6101641628 0.3732577648 398.4696741135 359.5534490872
0.7034332180 -0.0654622727 0.4930513506 339.4042016339 170.2147704676
0.8632843827 -2.1953825049 0.8209358257 571.5427773683 370.3198067450
1.6947515968 -1.6709432923 1.9441946478 472.4967593571 235.4603855069
0.5875879920 -1.9410979907 2.7733843637 607.4639423370 170.0549682086
1.3192468384 -0.5366856561 1.1335808896 399.0816387544 202.9108810149
2.3746660379 0.5242174031 1.6523616679 291.9542988707 133.3646666682

gimbalangles:
0.5955510989 -0.4932464729 0.6641188002

end: