T_CW:
-0.0891088534 -0.9664126545 0.2410522628 0.2003460388
-0.0011925826 -0.2419113286 -0.9702976280 0.3926730405
0.9960211795 -0.0867495838 0.0204039142 -0.2353570014
0.0000000000 0.0000000000 0.0000000000 1.0000000000

T_CW_cov:
0.0000003304 0.0000000052 -0.0000000113 -0.0000000348 0.0000007051 0.0000000051
0.0000000052 0.0000001952 -0.0000000003 -0.0000005156 0.0000000129 -0.0000000611
-0.0000000113 -0.0000000003 0.0000002169 -0.0000000605 -0.0000000149 0.0000000023
-0.0000000348 -0.0000005156 -0.0000000605 0.0000019195 -0.0000000769 0.0000002606
0.0000007051 0.0000000129 -0.0000000149 -0.0000000769 0.0000020288 0.0000000397
0.0000000051 -0.0000000611 0.0000000023 0.0000002606 0.0000000397 0.0000006506

target_points_pix:
2.8469624497 -1.2706155376 -0.4268351525 471.4571352613 339.0245981537
1.2955616386 -1.4164051859 0.0125195018 674.5345319398 387.9446970407
2.9185907309 1.9178459633 1.8610296438 236.1309480662 60.7789087679
2.6305978994 -2.5336026126 1.4089481569 628.3203332029 206.1040086762
2.5591223247 -0.0443953625 0.5219552533 389.9270126759 228.5049445888
1.8324549851 0.5136414256 0.1050882143 307.7479249680 265.0920105627
2.2959027539 -0.3651612911 1.0377432566 444.1254943035 178.7909763976
2.3041003494 -2.2990699818 1.7052507894 652.1102127610 164.8457623810
2.2457088193 -0.2690198173 -1.2941584072 368.9162658168 446.2082622910
2.0176283046 -1.3083910700 2.4854543714 610.1488267008 26.8110243543
2.2385537561 -1.8200234489 -0.7064504535 555.3268128136 410.9395623793
2.8752574486 -1.5801047162 -0.1999385455 499.9736027377 324.1410276054
1.0143189639 -0.1834378360 0.2340703772 480.0241949481 303.1879957772
1.3939397812 -1.4548252074 -0.2639512733 644.6715682742 429.3844611048
2.6388940522 0.2859068827 0.6616028722 359.5647233419 206.9262195936
1.8436071198 -0.3614789899 -0.5329186283 413.6070270640 388.0799671906
2.6356910408 1.1581813945 0.7110316627 272.0759824690 178.8152255856
2.2974160006 1.1434337072 1.1115312662 272.1601427514 121.1904530335
1.8636994645 0.9851570773 0.8625067980 264.8621031290 132.9985849798
2.9486415274 -2.6758647837 -1.6358413215 552.4012554244 458.1808541798
2.8400527988 2.3293742471 -2.5758741647 72.7195862827 479.8764853804
2.4952987901 1.9204534977 1.3630564139 197.5254193993 79.3103585239
2.5258584135 -2.8592762385 -0.6116947642 624.1962351993 400.5666811795
2.8920798147 2.1378650829 -2.5311623147 100.2155789842 473.4475394613
2.7260240624 2.2495865463 -1.9352716347 86.3636828464 425.1562095452
2.3241395539 -2.8069241618 -0.5895953926 643.7475204492 411.1667224286
2.6278435143 1.8946618219 1.8255796272 222.2579471817 42.2438463534
2.6912848041 -2.1106228893 -0.6993441011 544.6103332997 385.7849048693
2.2863225682 -1.1407866103 2.4543879926 561.4570483148 49.9309086913
1.5889353798 -2.3704226469 0.0978376196 744.8350219307 374.6226835430
2.4841714159 1.4051269004 1.6262681959 264.5331595052 67.5423624499
2.7991553079 -1.1303929253 0.2989914414 476.3918400696 273.4833796183
2.3235776381 -0.6902499417 -1.1799127502 418.1022562876 434.2926114829
2.1983390802 1.3671984969 -1.0802983766 164.8842756085 387.0604582758
2.0950124471 -0.5055487376 0.8267820771 463.7987353996 203.1506931068
1.7824561088 1.2368809704 -0.1031601285 176.1878645545 271.6841958080
2.6588510636 -0.1466194073 -0.3037086062 378.4099351881 311.7933487496
2.2538497045 -0.9608366362 1.2047620648 514.6431076828 177.2454360174
2.3780720027 -0.0837965984 2.0767695085 438.6243763306 61.8622018731
2.9680979097 -2.4510036395 1.5364771412 593.3282257986 197.8608340925
2.8361755367 1.9949440335 -2.4556373968 112.2294443985 473.6186815132
2.0821692119 -1.0065134618 0.4658650749 512.6682086308 262.1070393259
1.2103062974 0.1184933070 0.6222756592 407.1803373675 179.4645390332
0.9923400970 0.5709656991 -0.1292795507 212.7780147854 370.0617779182
2.6984458114 1.3496573022 0.7124865195 254.6147588253 175.2410468656
1.6820117367 -2.6908657484 -0.4410075725 745.1648525989 453.0389383094
1.4393502068 -0.3605422360 0.5295601244 482.0404916383 232.3747790085
2.4819671509 -1.0003026340 -0.6462119426 457.9865134288 371.3840957664
2.4003927181 0.1999549924 -0.1597382894 347.2808089303 296.1658369181
1.6781638844 1.7635796532 -1.0815039641 8.2976427233 433.8368852403
2.8599623337 -1.4393414243 0.8130817700 509.7199985616 234.9924113475
2.8028733044 -1.8940930289 0.2984196099 539.6220177508 289.0233244721
2.2679231297 1.6166728105 1.6066018340 226.2827253945 42.9122779239
1.5339740108 -0.0088084180 1.0042570867 433.1853504058 132.5808334874
2.2683739193 1.5151538458 1.0720505343 222.4530486082 111.2458115519
2.8407462338 2.6756664027 -1.3199547291 69.1648302648 345.3268761458
2.5245239422 -1.9046691708 0.2882304037 561.5588980470 296.3154339352
1.2961433232 -0.2137759639 0.8682376054 486.1612597947 151.0763774336
2.5432224523 -0.6373923841 0.7409534547 453.8495088300 221.8092057520
2.9691898119 0.8306301282 -1.4718533968 262.4550636763 388.9614241670
1.9577623473 1.9570472736 1.2495788176 134.5930713295 40.0388766413
2.3703281476 -2.2094223224 -0.8768088657 576.3836903339 426.4619510515
2.5332886341 0.3624403137 -0.8886724309 311.6981370577 365.2849035376
2.7230803671 2.1668952310 -1.0932890004 119.2164630590 338.5891932385
1.9507874860 -0.6407648270 1.0479185312 497.0428300819 175.5692153432
1.3270867205 -0.5234995568 1.3446707796 565.9975124487 75.4641569989
2.8849499926 1.7528628131 -1.9172862492 156.3633429334 419.9269025598
1.6796342927 -1.3761458959 -0.5238268143 571.5478886413 432.1381663627
2.0330982211 1.2071025275 -0.3551796497 198.0199477191 303.4630531418
1.5235769822 -1.1851647188 1.3670204011 638.7873194733 128.7004122237
2.8384515790 -2.7845431762 0.8899561949 617.1660144581 256.4242348367
2.5609837967 -2.9277062911 -1.0449301538 617.3280631866 439.8045455835
1.7669752855 0.9690625695 -0.5529376649 201.2794915302 356.5360767033
1.8439066339 -0.9471699808 1.1522247373 549.5104209532 168.6328695526
1.4488983111 0.6617484764 1.0469220162 309.9199882062 77.5726689245
2.7059739807 -0.7331271193 0.7287971851 455.6699114131 226.1605242617
2.8833560441 2.6773336796 -0.2468877160 102.6603503162 237.6742430650
1.9496769023 -1.6101641628 0.3732577648 593.3315941202 294.2842292874
2.7832056284 2.7310910625 0.6875618561 111.8263962177 141.6134704870
0.7034332180 -0.0654622727 0.4930513506 535.8518317684 204.1528812408
1.9631750106 0.7384015444 -1.1730532119 231.2072383170 439.6587121059
2.7390766891 1.4458832406 -1.4800111153 189.2709184155 392.1001608838
1.6947515968 -1.6709432923 1.9441946478 690.2678210683 77.8482867410
1.3192468384 -0.5366856561 1.1335808896 559.9655069707 117.8915991031
2.3746660379 0.5242174031 1.6523616679 361.7883362714 86.3155619920
1.8809823717 2.0841163296 0.5893151287 72.4480920239 126.9234952509

gimbalangles:
0.8773792659 -0.3593374506 0.4035575725

end: