T_CW:
-0.0890383063 -0.9663797303 0.2412102753 0.1999591378
-0.0012194590 -0.2420661859 -0.9702589729 0.3927606650
0.9960274559 -0.0866843617 0.0203747028 -0.2355998671
0.0000000000 0.0000000000 0.0000000000 1.0000000000

T_CW_cov:
0.0000003302 0.0000000052 -0.0000000113 -0.0000000348 0.0000007046 0.0000000051
0.0000000052 0.0000001951 -0.0000000003 -0.0000005152 0.0000000129 -0.0000000610
-0.0000000113 -0.0000000003 0.0000002168 -0.0000000605 -0.0000000149 0.0000000023
-0.0000000348 -0.0000005152 -0.0000000605 0.0000019183 -0.0000000769 0.0000002603
0.0000007046 0.0000000129 -0.0000000149 -0.0000000769 0.0000020275 0.0000000397
0.0000000051 -0.0000000610 0.0000000023 0.0000002603 0.0000000397 0.0000006502

target_points_pix:
2.8469624497 -1.2706155376 -0.4268351525 471.1192937051 339.0973932750
1.2955616386 -1.4164051859 0.0125195018 674.3758938637 387.7709456710
2.9185907309 1.9178459633 1.8610296438 235.8616547310 60.7583538522
2.6305978994 -2.5336026126 1.4089481569 628.1052517627 205.9870379560
2.5591223247 -0.0443953625 0.5219552533 390.0722066186 228.7178744391
1.8324549851 0.5136414256 0.1050882143 307.3924272864 265.3928718002
2.2959027539 -0.3651612911 1.0377432566 444.2983905387 178.5514584385
2.3041003494 -2.2990699818 1.7052507894 652.3397859556 164.8250542263
2.2457088193 -0.2690198173 -1.2941584072 368.9297502095 446.4407352967
2.0176283046 -1.3083910700 2.4854543714 610.7216179503 26.8004992026
2.2385537561 -1.8200234489 -0.7064504535 555.1107414985 410.7404099218
2.8752574486 -1.5801047162 -0.1999385455 499.8552038327 323.9239542141
1.0143189639 -0.1834378360 0.2340703772 479.7062654321 302.9448479389
1.3939397812 -1.4548252074 -0.2639512733 644.4253291186 429.4277193494
2.6388940522 0.2859068827 0.6616028722 359.7519267214 207.1854142968
1.8436071198 -0.3614789899 -0.5329186283 413.6520182086 388.0816321218
2.6356910408 1.1581813945 0.7110316627 271.9642672955 178.4737463946
2.2974160006 1.1434337072 1.1115312662 272.4014656010 121.6709058523
1.8636994645 0.9851570773 0.8625067980 264.7429530611 132.6083338328
2.9486415274 -2.6758647837 -1.6358413215 553.0366220900 458.6690016670
2.8400527988 2.3293742471 -2.5758741647 72.5454437649 479.8607668105
2.4952987901 1.9204534977 1.3630564139 197.9860370056 79.5841388632
2.5258584135 -2.8592762385 -0.6116947642 624.4704208213 400.3512996931
2.8920798147 2.1378650829 -2.5311623147 100.5335729496 473.2977610523
2.7260240624 2.2495865463 -1.9352716347 86.1221724106 424.8636939540
2.3241395539 -2.8069241618 -0.5895953926 643.6667022112 411.0134564890
2.6278435143 1.8946618219 1.8255796272 222.5791421634 42.5185636321
2.6912848041 -2.1106228893 -0.6993441011 544.9911666022 385.7676747692
2.2863225682 -1.1407866103 2.4543879926 562.0352888808 50.3228370690
1.5889353798 -2.3704226469 0.0978376196 744.1425767327 375.0186566974
2.4841714159 1.4051269004 1.6262681959 264.0120283427 67.6738987051
2.7991553079 -1.1303929253 0.2989914414 476.8390117480 273.6005980695
2.3235776381 -0.6902499417 -1.1799127502 418.3742479434 434.2752825016
2.1983390802 1.3671984969 -1.0802983766 164.3430644305 387.3723715840
2.0950124471 -0.5055487376 0.8267820771 463.5707440063 202.9547214708
1.7824561088 1.2368809704 -0.1031601285 175.8443897180 272.1465496482
2.6588510636 -0.1466194073 -0.3037086062 378.3333491618 311.3525914890
2.2538497045 -0.9608366362 1.2047620648 514.6208789684 177.4083258484
2.3780720027 -0.0837965984 2.0767695085 438.3620911582 61.7201822206
2.9680979097 -2.4510036395 1.5364771412 593.3248465256 197.8967660007
2.8361755367 1.9949440335 -2.4556373968 112.2243322881 473.5423277027
2.0821692119 -1.0065134618 0.4658650749 513.2342880850 261.9321696139
1.2103062974 0.1184933070 0.6222756592 406.9378246423 179.5734134930
0.9923400970 0.5709656991 -0.1292795507 212.6383163240 370.2245810889
2.6984458114 1.3496573022 0.7124865195 254.5602529133 174.8477819777
1.6820117367 -2.6908657484 -0.4410075725 744.8600829948 453.1570873538
1.4393502068 -0.3605422360 0.5295601244 482.2044806712 232.5991257599
2.4819671509 -1.0003026340 -0.6462119426 457.9064663494 371.5352404426
2.4003927181 0.1999549924 -0.1597382894 347.5354505102 296.0954028543
1.6781638844 1.7635796532 -1.0815039641 8.3268199982 433.7185811342
2.8599623337 -1.4393414243 0.8130817700 509.9338040762 235.1754708593
2.8028733044 -1.8940930289 0.2984196099 540.1132885905 289.3304264813
2.2679231297 1.6166728105 1.6066018340 226.6922299986 42.6427569217
1.5339740108 -0.0088084180 1.0042570867 433.3541925980 132.7568931723
2.2683739193 1.5151538458 1.0720505343 222.9146526101 110.7812156248
2.8407462338 2.6756664027 -1.3199547291 68.8522678445 345.3885104509
2.5245239422 -1.9046691708 0.2882304037 561.4676176768 295.9526073174
1.2961433232 -0.2137759639 0.8682376054 485.8988705664 150.9076809166
2.5432224523 -0.6373923841 0.7409534547 454.0441791702 221.6306627744
2.9691898119 0.8306301282 -1.4718533968 262.3951962064 388.7753831897
1.9577623473 1.9570472736 1.2495788176 134.2189905596 39.8490936178
2.3703281476 -2.2094223224 -0.8768088657 576.5516362870 426.4416768640
2.5332886341 0.3624403137 -0.8886724309 311.5839190375 365.1955455449
2.7230803671 2.1668952310 -1.0932890004 119.0402742569 338.1201376697
1.9507874860 -0.6407648270 1.0479185312 497.1635543322 175.7051980567
1.3270867205 -0.5234995568 1.3446707796 565.5426244910 75.3858917809
2.8849499926 1.7528628131 -1.9172862492 156.8722999786 419.7664303992
1.6796342927 -1.3761458959 -0.5238268143 571.2559919104 432.4707566065
2.0330982211 1.2071025275 -0.3551796497 197.0616855251 303.6839247033
1.5235769822 -1.1851647188 1.3670204011 639.3092036086 128.5749502683
2.8384515790 -2.7845431762 0.8899561949 617.6438032102 256.4130412378
2.5609837967 -2.9277062911 -1.0449301538 617.0561361742 440.2511290165
1.7669752855 0.9690625695 -0.5529376649 201.1571176525 357.2671432690
1.8439066339 -0.9471699808 1.1522247373 549.5150797954 168.9698702045
1.4488983111 0.6617484764 1.0469220162 310.0066388274 77.2407662434
2.7059739807 -0.7331271193 0.7287971851 455.8070555271 225.9264695274
2.8833560441 2.6773336796 -0.2468877160 102.4724275625 237.6372803580
1.9496769023 -1.6101641628 0.3732577648 593.4616976157 294.1736725837
2.7832056284 2.7310910625 0.6875618561 112.0485151847 141.4743478595
0.7034332180 -0.0654622727 0.4930513506 536.1769424699 203.9012732543
1.9631750106 0.7384015444 -1.1730532119 231.5087033633 439.9253439101
2.7390766891 1.4458832406 -1.4800111153 189.1191722249 392.2185966706
1.6947515968 -1.6709432923 1.9441946478 690.3271239676 77.9710875232
1.3192468384 -0.5366856561 1.1335808896 559.2878661024 118.1114523886
2.3746660379 0.5242174031 1.6523616679 361.4279624127 86.5658665553
1.8809823717 2.0841163296 0.5893151287 72.7443975501 126.9882673624

gimbalangles:
1.9460681379 -0.3494519158 -1.0562779752

end: