T_CW:
-0.0889887234 -0.9664419220 0.2409792907 0.2001177988
-0.0012890883 -0.2418271996 -0.9703184754 0.3926557883
0.9960317994 -0.0866580460 0.0202740648 -0.2355030997
0.0000000000 0.0000000000 0.0000000000 1.0000000000

T_CW_cov:
0.0000003455 0.0000000171 -0.0000000104 -0.0000000601 0.0000007333 0.0000000161
0.0000000171 0.0000002044 -0.0000000002 -0.0000005348 0.0000000354 -0.0000000523
-0.0000000104 -0.0000000002 0.0000002243 -0.0000000663 -0.0000000166 0.0000000016
-0.0000000601 -0.0000005348 -0.0000000663 0.0000019631 -0.0000001225 0.0000002428
0.0000007333 0.0000000354 -0.0000000166 -0.0000001225 0.0000020827 0.0000000608
0.0000000161 -0.0000000523 0.0000000016 0.0000002428 0.0000000608 0.0000006583

target_points_pix:
2.8469624497 -1.2706155376 -0.4268351525 471.3171774453 339.0612073913
1.2955616386 -1.4164051859 0.0125195018 674.3944591862 388.0029299078
2.9185907309 1.9178459633 1.8610296438 235.7989348225 60.4104326954
2.6305978994 -2.5336026126 1.4089481569 628.2066088148 206.2261208559
2.5591223247 -0.0443953625 0.5219552533 389.8767274970 228.4308561281
1.8324549851 0.5136414256 0.1050882143 307.0046002514 265.3273493521
2.2959027539 -0.3651612911 1.0377432566 443.8194218417 178.8382697236
2.3041003494 -2.2990699818 1.7052507894 652.2910222378 164.4557417280
2.2457088193 -0.2690198173 -1.2941584072 369.3948188544 446.8761790065
2.0176283046 -1.3083910700 2.4854543714 610.8831810524 26.5583525074
2.2385537561 -1.8200234489 -0.7064504535 555.1172112217 411.0596687079
2.8752574486 -1.5801047162 -0.1999385455 499.9589900284 324.2007291889
1.0143189639 -0.1834378360 0.2340703772 479.7999429217 302.9441343470
1.3939397812 -1.4548252074 -0.2639512733 644.3812999282 429.2191681371
2.6388940522 0.2859068827 0.6616028722 359.7849643450 206.9337195679
1.8436071198 -0.3614789899 -0.5329186283 413.5024813679 387.6670238368
2.6356910408 1.1581813945 0.7110316627 272.1769698334 178.7614071171
2.2974160006 1.1434337072 1.1115312662 271.8710564358 121.1984533523
1.8636994645 0.9851570773 0.8625067980 264.6491638008 132.7569291775
2.9486415274 -2.6758647837 -1.6358413215 552.8915756287 458.3745962492
2.4952987901 1.9204534977 1.3630564139 197.5451068815 79.6766059324
2.5258584135 -2.8592762385 -0.6116947642 624.3664393522 400.7846008046
2.8920798147 2.1378650829 -2.5311623147 100.4288291187 473.2610043077
2.7260240624 2.2495865463 -1.9352716347 86.3943979420 424.9162716216
2.3241395539 -2.8069241618 -0.5895953926 643.5870182362 411.4236428695
2.6278435143 1.8946618219 1.8255796272 222.1867518767 42.2167103583
2.6912848041 -2.1106228893 -0.6993441011 544.3717719231 385.5720610512
2.2863225682 -1.1407866103 2.4543879926 561.9802140751 50.2747750789
1.5889353798 -2.3704226469 0.0978376196 744.3766776479 374.9501016122
2.4841714159 1.4051269004 1.6262681959 264.3489009691 67.7376275944
2.7991553079 -1.1303929253 0.2989914414 477.3509099275 273.1988536430
2.3235776381 -0.6902499417 -1.1799127502 418.2543021100 434.1133291012
2.1983390802 1.3671984969 -1.0802983766 165.1948845217 387.2214772820
2.0950124471 -0.5055487376 0.8267820771 464.1244547141 202.7841767492
1.7824561088 1.2368809704 -0.1031601285 176.2579572418 271.9441386872
2.6588510636 -0.1466194073 -0.3037086062 378.7028891516 311.8028840536
2.2538497045 -0.9608366362 1.2047620648 514.3441017008 177.0524261769
2.3780720027 -0.0837965984 2.0767695085 438.6260858528 61.8239327903
2.9680979097 -2.4510036395 1.5364771412 593.6549018259 197.8093074700
2.8361755367 1.9949440335 -2.4556373968 111.8905126601 473.5805077680
2.0821692119 -1.0065134618 0.4658650749 512.5924357109 262.3459736365
1.2103062974 0.1184933070 0.6222756592 407.0836641565 179.5091161195
0.9923400970 0.5709656991 -0.1292795507 212.7293480159 370.5923147087
2.6984458114 1.3496573022 0.7124865195 254.5113337787 174.8062934239
1.6820117367 -2.6908657484 -0.4410075725 745.2761805697 452.9507134365
1.4393502068 -0.3605422360 0.5295601244 482.6160593118 232.5240809739
2.4819671509 -1.0003026340 -0.6462119426 458.0293935325 371.2437153624
2.4003927181 0.1999549924 -0.1597382894 347.4874875948 295.7797949209
1.6781638844 1.7635796532 -1.0815039641 8.2456702731 433.7625163558
2.8599623337 -1.4393414243 0.8130817700 509.7279985127 235.0119375570
2.8028733044 -1.8940930289 0.2984196099 539.5051603335 289.1247014808
2.2679231297 1.6166728105 1.6066018340 226.6837580704 42.3092452865
1.5339740108 -0.0088084180 1.0042570867 433.3202430074 132.7198551701
2.2683739193 1.5151538458 1.0720505343 222.9175896456 111.5458179613
2.8407462338 2.6756664027 -1.3199547291 68.8694216839 345.4339604487
2.5245239422 -1.9046691708 0.2882304037 561.5413074825 296.1768012482
1.2961433232 -0.2137759639 0.8682376054 486.0370792778 151.0813402108
2.5432224523 -0.6373923841 0.7409534547 453.5184286260 221.8355322270
2.9691898119 0.8306301282 -1.4718533968 262.4389472086 389.0037913845
1.9577623473 1.9570472736 1.2495788176 134.7002695485 39.6501926629
2.3703281476 -2.2094223224 -0.8768088657 576.6597594925 425.8618795010
2.5332886341 0.3624403137 -0.8886724309 311.6851707035 365.0990777168
2.7230803671 2.1668952310 -1.0932890004 119.3656189319 338.2041549170
1.9507874860 -0.6407648270 1.0479185312 497.1648291243 175.3801106417
1.3270867205 -0.5234995568 1.3446707796 565.4960588149 74.9813586659
2.8849499926 1.7528628131 -1.9172862492 156.8683848026 420.0614022102
1.6796342927 -1.3761458959 -0.5238268143 571.6193591034 432.1304435086
2.0330982211 1.2071025275 -0.3551796497 197.8397653113 303.5016150564
1.5235769822 -1.1851647188 1.3670204011 638.7445053254 128.0472148010
2.8384515790 -2.7845431762 0.8899561949 617.3106660407 256.6587159432
2.5609837967 -2.9277062911 -1.0449301538 617.3329453461 440.0696626304
1.7669752855 0.9690625695 -0.5529376649 201.4982352579 356.8497335040
1.8439066339 -0.9471699808 1.1522247373 549.5283136674 168.4767389483
1.4488983111 0.6617484764 1.0469220162 309.9733019219 77.4960082420
2.7059739807 -0.7331271193 0.7287971851 455.7775331005 226.0992391980
2.8833560441 2.6773336796 -0.2468877160 102.9336688292 237.8065664650
1.9496769023 -1.6101641628 0.3732577648 593.4739553903 294.3543931935
2.7832056284 2.7310910625 0.6875618561 111.8290118803 141.6516403383
0.7034332180 -0.0654622727 0.4930513506 535.9388743944 203.7701581530
1.9631750106 0.7384015444 -1.1730532119 231.4507199628 439.6635311250
2.7390766891 1.4458832406 -1.4800111153 189.7276713594 392.2600679236
1.6947515968 -1.6709432923 1.9441946478 690.1640705672 78.2442833794
1.3192468384 -0.5366856561 1.1335808896 559.6446383566 117.5693428416
2.3746660379 0.5242174031 1.6523616679 361.5820261103 86.6376262575
1.8809823717 2.0841163296 0.5893151287 72.3633655396 126.6730365603

gimbalangles:
-2.3650469673 0.1701687146 -1.6362212922

end: