T_CW:
-0.0891163131 -0.9664246630 0.2410013558 0.2004730500
-0.0011680201 -0.2418625097 -0.9703098279 0.3926634185
0.9960205412 -0.0867519289 0.0204250917 -0.2357299965
0.0000000000 0.0000000000 0.0000000000 1.0000000000

T_CW_cov:
0.0000003453 0.0000000171 -0.0000000104 -0.0000000601 0.0000007329 0.0000000159
0.0000000171 0.0000002043 -0.0000000002 -0.0000005346 0.0000000354 -0.0000000524
-0.0000000104 -0.0000000002 0.0000002243 -0.0000000661 -0.0000000164 0.0000000017
-0.0000000601 -0.0000005346 -0.0000000661 0.0000019623 -0.0000001225 0.0000002432
0.0000007329 0.0000000354 -0.0000000164 -0.0000001225 0.0000020815 0.0000000606
0.0000000159 -0.0000000524 0.0000000017 0.0000002432 0.0000000606 0.0000006579

target_points_pix:
2.8469624497 -1.2706155376 -0.4268351525 471.5349503764 338.9951197281
1.2955616386 -1.4164051859 0.0125195018 674.7806167120 387.5662900672
2.9185907309 1.9178459633 1.8610296438 235.6769487067 60.2995824571
2.6305978994 -2.5336026126 1.4089481569 628.6493627301 205.7700740285
2.5591223247 -0.0443953625 0.5219552533 389.9294386578 228.6412896619
1.8324549851 0.5136414256 0.1050882143 307.4738309742 264.9522457324
2.2959027539 -0.3651612911 1.0377432566 444.1544672745 178.7231638884
2.3041003494 -2.2990699818 1.7052507894 652.6068212852 165.0125882908
2.2457088193 -0.2690198173 -1.2941584072 369.0185623912 446.3783118166
2.0176283046 -1.3083910700 2.4854543714 610.1014050217 26.9406907928
2.2385537561 -1.8200234489 -0.7064504535 555.2329258249 411.0899742257
2.8752574486 -1.5801047162 -0.1999385455 499.7662829649 324.1336115105
1.0143189639 -0.1834378360 0.2340703772 479.9831768481 303.2609965299
1.3939397812 -1.4548252074 -0.2639512733 644.6711375499 429.1408198791
2.6388940522 0.2859068827 0.6616028722 359.6840034822 206.7786727794
1.8436071198 -0.3614789899 -0.5329186283 413.4504128086 387.8796449780
2.6356910408 1.1581813945 0.7110316627 272.2586238178 178.3701918293
2.2974160006 1.1434337072 1.1115312662 272.0840241514 121.8934657877
1.8636994645 0.9851570773 0.8625067980 265.0347922278 132.9245881158
2.9486415274 -2.6758647837 -1.6358413215 552.7844946264 458.3830456757
2.4952987901 1.9204534977 1.3630564139 197.6368503105 79.4524339498
2.5258584135 -2.8592762385 -0.6116947642 624.4779274967 400.4430387419
2.8920798147 2.1378650829 -2.5311623147 100.7175507196 473.4730070609
2.7260240624 2.2495865463 -1.9352716347 86.1844717685 425.2575812680
2.3241395539 -2.8069241618 -0.5895953926 643.4049850070 411.4515416457
2.6278435143 1.8946618219 1.8255796272 222.0989675408 42.3521306155
2.6912848041 -2.1106228893 -0.6993441011 545.1140433131 385.2865809607
2.2863225682 -1.1407866103 2.4543879926 561.9367152958 50.0863129490
1.5889353798 -2.3704226469 0.0978376196 744.6745255297 374.8230502110
2.4841714159 1.4051269004 1.6262681959 264.3615575354 67.5546441482
2.7991553079 -1.1303929253 0.2989914414 477.0171503663 273.4752267518
2.3235776381 -0.6902499417 -1.1799127502 418.2672432761 434.3328108306
2.1983390802 1.3671984969 -1.0802983766 164.4826332679 386.9437987248
2.0950124471 -0.5055487376 0.8267820771 463.7085927764 203.0556730551
1.7824561088 1.2368809704 -0.1031601285 175.6497065359 271.6696647876
2.6588510636 -0.1466194073 -0.3037086062 378.2625002292 311.4723181840
2.2538497045 -0.9608366362 1.2047620648 514.7032206922 177.2485175652
2.3780720027 -0.0837965984 2.0767695085 438.6786535737 61.8321986321
2.9680979097 -2.4510036395 1.5364771412 593.3068941910 198.5053670815
2.8361755367 1.9949440335 -2.4556373968 112.4051554842 473.5310371354
2.0821692119 -1.0065134618 0.4658650749 512.5143189028 262.3669734222
1.2103062974 0.1184933070 0.6222756592 407.7080182720 179.2635663024
0.9923400970 0.5709656991 -0.1292795507 212.7928383059 370.5425808774
2.6984458114 1.3496573022 0.7124865195 254.4679613593 175.1963394008
1.6820117367 -2.6908657484 -0.4410075725 745.0857935785 453.6056900654
1.4393502068 -0.3605422360 0.5295601244 482.2562066839 232.3436481146
2.4819671509 -1.0003026340 -0.6462119426 458.2923307986 371.4163716930
2.4003927181 0.1999549924 -0.1597382894 347.3074291396 295.9356903880
1.6781638844 1.7635796532 -1.0815039641 8.1941829972 434.0726761871
2.8599623337 -1.4393414243 0.8130817700 510.0070126748 235.3769589012
2.8028733044 -1.8940930289 0.2984196099 539.3834103914 288.6462756450
2.2679231297 1.6166728105 1.6066018340 226.6520031850 42.7827779068
1.5339740108 -0.0088084180 1.0042570867 433.1597827213 132.6779364701
2.2683739193 1.5151538458 1.0720505343 222.3960544447 111.0075481454
2.8407462338 2.6756664027 -1.3199547291 68.9655361979 345.5448897397
2.5245239422 -1.9046691708 0.2882304037 561.5936863415 296.2361275469
1.2961433232 -0.2137759639 0.8682376054 486.1720127705 151.0961216325
2.5432224523 -0.6373923841 0.7409534547 453.4956094449 221.6818055305
2.9691898119 0.8306301282 -1.4718533968 262.6411738117 388.8327813157
1.9577623473 1.9570472736 1.2495788176 134.2522569569 40.4548426646
2.3703281476 -2.2094223224 -0.8768088657 576.7492166560 426.1610171604
2.5332886341 0.3624403137 -0.8886724309 311.4765217478 365.6232125584
2.7230803671 2.1668952310 -1.0932890004 119.0843890872 338.3551888298
1.9507874860 -0.6407648270 1.0479185312 497.1832242714 175.4848949347
1.3270867205 -0.5234995568 1.3446707796 565.6289954433 74.8190785119
2.8849499926 1.7528628131 -1.9172862492 156.4940869278 419.8856768194
1.6796342927 -1.3761458959 -0.5238268143 571.8055973457 432.3330297183
2.0330982211 1.2071025275 -0.3551796497 197.5464209973 303.1659927976
1.5235769822 -1.1851647188 1.3670204011 638.4930974703 128.6510199231
2.8384515790 -2.7845431762 0.8899561949 617.5338712719 256.1970665243
2.5609837967 -2.9277062911 -1.0449301538 617.2190530040 439.9568406865
1.7669752855 0.9690625695 -0.5529376649 201.1393960297 356.7444567662
1.8439066339 -0.9471699808 1.1522247373 549.6959561930 169.0232545394
1.4488983111 0.6617484764 1.0469220162 310.0014875137 77.4472784941
2.7059739807 -0.7331271193 0.7287971851 455.5636728785 226.4784695479
2.8833560441 2.6773336796 -0.2468877160 102.7076984234 237.9100348795
1.9496769023 -1.6101641628 0.3732577648 593.8415145235 294.0215884281
2.7832056284 2.7310910625 0.6875618561 111.8597478851 141.3944426827
0.7034332180 -0.0654622727 0.4930513506 536.1038201098 204.1913028813
1.9631750106 0.7384015444 -1.1730532119 231.4003587160 439.3593288578
2.7390766891 1.4458832406 -1.4800111153 189.3335075042 392.4115849921
1.6947515968 -1.6709432923 1.9441946478 690.0640290090 78.4846794594
1.3192468384 -0.5366856561 1.1335808896 559.8475915254 117.6099695409
2.3746660379 0.5242174031 1.6523616679 361.7086009886 86.5460578008
1.8809823717 2.0841163296 0.5893151287 72.5335364529 126.6353435434

gimbalangles:
2.5689188245 -0.1071228764 -0.5727765065

end: