T_CW:
-0.0890312285 -0.9664092010 0.2410947873 0.2000233016
-0.0011722265 -0.2419541992 -0.9702869634 0.3927468971
0.9960281453 -0.0866684581 0.0204086291 -0.2354926841
0.0000000000 0.0000000000 0.0000000000 1.0000000000

T_CW_cov:
0.0000003303 0.0000000052 -0.0000000113 -0.0000000348 0.0000007049 0.0000000050
0.0000000052 0.0000001951 -0.0000000003 -0.0000005154 0.0000000129 -0.0000000609
-0.0000000113 -0.0000000003 0.0000002169 -0.0000000605 -0.0000000149 0.0000000023
-0.0000000348 -0.0000005154 -0.0000000605 0.0000019188 -0.0000000769 0.0000002603
0.0000007049 0.0000000129 -0.0000000149 -0.0000000769 0.0000020281 0.0000000397
0.0000000050 -0.0000000609 0.0000000023 0.0000002603 0.0000000397 0.0000006504

target_points_pix:
2.8469624497 -1.2706155376 -0.4268351525 471.4701156831 339.1454467321
1.2955616386 -1.4164051859 0.0125195018 674.4259047345 387.8861038288
2.9185907309 1.9178459633 1.8610296438 236.3466585549 60.8347846349
2.6305978994 -2.5336026126 1.4089481569 628.4261144354 205.8276923426
2.5591223247 -0.0443953625 0.5219552533 389.8433630059 228.6198982681
1.8324549851 0.5136414256 0.1050882143 307.6343473660 265.3034400643
2.2959027539 -0.3651612911 1.0377432566 444.0208837329 178.9938623327
2.3041003494 -2.2990699818 1.7052507894 652.3894873911 164.9770223817
2.2457088193 -0.2690198173 -1.2941584072 368.8676887965 446.6904922950
2.0176283046 -1.3083910700 2.4854543714 610.4445331838 27.1125916827
2.2385537561 -1.8200234489 -0.7064504535 554.9944186646 411.2281929992
2.8752574486 -1.5801047162 -0.1999385455 499.9603647413 324.0174412411
1.0143189639 -0.1834378360 0.2340703772 479.6028403048 303.2276408601
1.3939397812 -1.4548252074 -0.2639512733 644.8373843691 429.2981451314
2.6388940522 0.2859068827 0.6616028722 359.7731898782 206.6970950115
1.8436071198 -0.3614789899 -0.5329186283 413.8154537097 387.4043330300
2.6356910408 1.1581813945 0.7110316627 272.1356888763 178.5106614465
2.2974160006 1.1434337072 1.1115312662 272.4674271021 121.1469558268
1.8636994645 0.9851570773 0.8625067980 264.6450362211 133.3540921813
2.9486415274 -2.6758647837 -1.6358413215 552.9611398711 458.0766873951
2.8400527988 2.3293742471 -2.5758741647 72.5004364039 479.9994669607
2.4952987901 1.9204534977 1.3630564139 197.5767576440 79.7683900499
2.5258584135 -2.8592762385 -0.6116947642 624.7568388421 400.4537688256
2.8920798147 2.1378650829 -2.5311623147 100.9635691082 473.2390696405
2.7260240624 2.2495865463 -1.9352716347 86.4275110825 425.4483016109
2.3241395539 -2.8069241618 -0.5895953926 643.6552300067 411.6322086762
2.6278435143 1.8946618219 1.8255796272 222.8956228968 42.0611748584
2.6912848041 -2.1106228893 -0.6993441011 544.9825289188 385.7996497705
2.2863225682 -1.1407866103 2.4543879926 562.0722967425 50.2860830975
1.5889353798 -2.3704226469 0.0978376196 744.6385102276 374.6940156026
2.4841714159 1.4051269004 1.6262681959 264.3995687895 67.6670815379
2.7991553079 -1.1303929253 0.2989914414 476.6852647990 273.4463604943
2.3235776381 -0.6902499417 -1.1799127502 418.3491962423 434.4687697054
2.1983390802 1.3671984969 -1.0802983766 164.7826415009 387.2946260572
2.0950124471 -0.5055487376 0.8267820771 464.1095749391 202.8653454842
1.7824561088 1.2368809704 -0.1031601285 175.9120158124 271.8102466236
2.6588510636 -0.1466194073 -0.3037086062 378.3498908432 311.5387905495
2.2538497045 -0.9608366362 1.2047620648 514.1804860094 176.9876236240
2.3780720027 -0.0837965984 2.0767695085 438.3561422302 61.6668672832
2.9680979097 -2.4510036395 1.5364771412 593.4772263232 197.9106683087
2.8361755367 1.9949440335 -2.4556373968 112.2830785090 473.7643393013
2.0821692119 -1.0065134618 0.4658650749 512.9391061753 262.3823267829
1.2103062974 0.1184933070 0.6222756592 407.0183430548 179.4956949018
0.9923400970 0.5709656991 -0.1292795507 212.9057613118 370.2866269875
2.6984458114 1.3496573022 0.7124865195 254.3503313654 175.0610614260
1.6820117367 -2.6908657484 -0.4410075725 745.1157672374 453.4016562565
1.4393502068 -0.3605422360 0.5295601244 482.2804286710 232.4475330991
2.4819671509 -1.0003026340 -0.6462119426 457.8420161652 371.2086961079
2.4003927181 0.1999549924 -0.1597382894 347.6808958042 295.6719026806
1.6781638844 1.7635796532 -1.0815039641 8.0370337912 433.7215378749
2.8599623337 -1.4393414243 0.8130817700 509.6786743970 234.9638786464
2.8028733044 -1.8940930289 0.2984196099 539.8073140432 289.1768512643
2.2679231297 1.6166728105 1.6066018340 226.7404776396 42.4222309559
1.5339740108 -0.0088084180 1.0042570867 433.1806754571 132.4308405091
2.2683739193 1.5151538458 1.0720505343 222.5455351339 111.0126745944
2.8407462338 2.6756664027 -1.3199547291 69.2707004832 345.4609408434
2.5245239422 -1.9046691708 0.2882304037 561.3227960301 295.6480698909
1.2961433232 -0.2137759639 0.8682376054 485.8767706138 151.0438701390
2.5432224523 -0.6373923841 0.7409534547 453.5865742205 221.5072467497
2.9691898119 0.8306301282 -1.4718533968 262.5643091352 388.7955830162
1.9577623473 1.9570472736 1.2495788176 134.0932219731 40.0767729113
2.3703281476 -2.2094223224 -0.8768088657 576.3516189647 426.2546506230
2.5332886341 0.3624403137 -0.8886724309 311.6032345610 365.1514952776
2.7230803671 2.1668952310 -1.0932890004 119.0555223610 338.4071332829
1.9507874860 -0.6407648270 1.0479185312 497.1032443893 175.5566484754
1.3270867205 -0.5234995568 1.3446707796 565.8916845600 75.5054081924
2.8849499926 1.7528628131 -1.9172862492 156.3757618511 419.6114345986
1.6796342927 -1.3761458959 -0.5238268143 571.4134171303 431.9690271632
2.0330982211 1.2071025275 -0.3551796497 197.3888242652 303.2982874155
1.5235769822 -1.1851647188 1.3670204011 638.6671623429 128.6873748763
2.8384515790 -2.7845431762 0.8899561949 617.4435951053 256.2176588489
2.5609837967 -2.9277062911 -1.0449301538 617.3987880298 440.1982136992
1.7669752855 0.9690625695 -0.5529376649 201.4213301922 356.9635156825
1.8439066339 -0.9471699808 1.1522247373 549.4106018247 168.9384015245
1.4488983111 0.6617484764 1.0469220162 309.8882876773 77.6879217751
2.7059739807 -0.7331271193 0.7287971851 455.6167466085 226.0625684012
2.8833560441 2.6773336796 -0.2468877160 102.6803328998 237.6120115070
1.9496769023 -1.6101641628 0.3732577648 593.6197719707 294.0790611233
2.7832056284 2.7310910625 0.6875618561 111.6860539747 141.7211052186
0.7034332180 -0.0654622727 0.4930513506 535.9706426480 204.2726748582
1.9631750106 0.7384015444 -1.1730532119 231.1827542904 439.6667857622
2.7390766891 1.4458832406 -1.4800111153 188.9318650142 392.3454887738
1.6947515968 -1.6709432923 1.9441946478 690.2953867787 78.8061123521
1.3192468384 -0.5366856561 1.1335808896 559.3142723413 117.7536597975
2.3746660379 0.5242174031 1.6523616679 361.3828042710 86.8793859396
1.8809823717 2.0841163296 0.5893151287 72.2372126123 126.4778040151

gimbalangles:
2.2442988184 -0.0648477629 -2.0706366204

end: