T_CW:
-0.0890403582 -0.9663810475 0.2412042405 0.1998784530
-0.0011162910 -0.2420691467 -0.9702583584 0.3924905579
0.9960273935 -0.0866614059 0.0204751611 -0.2356821290
0.0000000000 0.0000000000 0.0000000000 1.0000000000

T_CW_cov:
0.0000003454 0.0000000171 -0.0000000104 -0.0000000601 0.0000007330 0.0000000158
0.0000000171 0.0000002044 -0.0000000002 -0.0000005346 0.0000000354 -0.0000000523
-0.0000000104 -0.0000000002 0.0000002243 -0.0000000661 -0.0000000165 0.0000000017
-0.0000000601 -0.0000005346 -0.0000000661 0.0000019624 -0.0000001225 0.0000002428
0.0000007330 0.0000000354 -0.0000000165 -0.0000001225 0.0000020820 0.0000000603
0.0000000158 -0.0000000523 0.0000000017 0.0000002428 0.0000000603 0.0000006580

target_points_pix:
2.8469624497 -1.2706155376 -0.4268351525 471.5414909456 339.2606809707
1.2955616386 -1.4164051859 0.0125195018 674.4374574297 388.0064633872
2.9185907309 1.9178459633 1.8610296438 236.1787237313 60.3997895330
2.6305978994 -2.5336026126 1.4089481569 628.3573069357 206.0796113227
2.5591223247 -0.0443953625 0.5219552533 390.3290482127 228.7941972759
1.8324549851 0.5136414256 0.1050882143 307.5884706177 265.1431314027
2.2959027539 -0.3651612911 1.0377432566 443.7987036794 178.9841227625
2.3041003494 -2.2990699818 1.7052507894 652.2442444066 164.3927218030
2.2457088193 -0.2690198173 -1.2941584072 368.9031046703 446.8041431192
2.0176283046 -1.3083910700 2.4854543714 610.3013221408 26.9755491325
2.2385537561 -1.8200234489 -0.7064504535 555.0840875447 411.0472100066
2.8752574486 -1.5801047162 -0.1999385455 499.5237186160 324.5691787398
1.0143189639 -0.1834378360 0.2340703772 479.9108774722 302.7545363422
1.3939397812 -1.4548252074 -0.2639512733 644.7890145585 429.3963432196
2.6388940522 0.2859068827 0.6616028722 359.8823783152 206.9702981501
1.8436071198 -0.3614789899 -0.5329186283 413.7217048580 387.9685730049
2.6356910408 1.1581813945 0.7110316627 272.2771616987 178.4444556809
2.2974160006 1.1434337072 1.1115312662 272.2969908506 121.3348422871
1.8636994645 0.9851570773 0.8625067980 264.8156849996 133.0125605248
2.9486415274 -2.6758647837 -1.6358413215 552.7198215329 458.4152344800
2.4952987901 1.9204534977 1.3630564139 197.6443500757 79.5202656711
2.5258584135 -2.8592762385 -0.6116947642 624.2932359399 400.7794977059
2.8920798147 2.1378650829 -2.5311623147 100.9491733209 473.1921154861
2.7260240624 2.2495865463 -1.9352716347 86.1740329294 424.9980276295
2.3241395539 -2.8069241618 -0.5895953926 643.4579379089 411.5084253407
2.6278435143 1.8946618219 1.8255796272 222.4399516517 42.0893047804
2.6912848041 -2.1106228893 -0.6993441011 544.7186378654 385.8439873489
2.2863225682 -1.1407866103 2.4543879926 561.8396542281 50.3010874603
1.5889353798 -2.3704226469 0.0978376196 744.3638436874 375.0601092010
2.4841714159 1.4051269004 1.6262681959 264.1624768590 67.5542081931
2.7991553079 -1.1303929253 0.2989914414 476.9579623626 273.8470821541
2.3235776381 -0.6902499417 -1.1799127502 418.3201123815 434.0264236527
2.1983390802 1.3671984969 -1.0802983766 164.6180518761 387.5573090006
2.0950124471 -0.5055487376 0.8267820771 464.4871074562 202.8322681601
1.7824561088 1.2368809704 -0.1031601285 175.7426460990 271.8751080277
2.6588510636 -0.1466194073 -0.3037086062 378.3422786208 311.2808789263
2.2538497045 -0.9608366362 1.2047620648 514.5221030201 177.5215918015
2.3780720027 -0.0837965984 2.0767695085 438.4883397127 61.6308478422
2.9680979097 -2.4510036395 1.5364771412 593.5180128789 198.0255125070
2.8361755367 1.9949440335 -2.4556373968 112.7251511184 474.0186481552
2.0821692119 -1.0065134618 0.4658650749 512.8146963523 262.6970576687
1.2103062974 0.1184933070 0.6222756592 406.9189171882 179.3853402889
0.9923400970 0.5709656991 -0.1292795507 212.3482387825 370.4219090142
2.6984458114 1.3496573022 0.7124865195 254.8098300873 175.0978713532
1.6820117367 -2.6908657484 -0.4410075725 744.9716745764 453.2476668997
1.4393502068 -0.3605422360 0.5295601244 482.0516716816 232.5206055733
2.4819671509 -1.0003026340 -0.6462119426 457.9593671183 371.3763587023
2.4003927181 0.1999549924 -0.1597382894 347.3256128080 295.8012082416
1.6781638844 1.7635796532 -1.0815039641 8.0573523405 433.9910484014
2.8599623337 -1.4393414243 0.8130817700 509.9931692898 234.7605354570
2.8028733044 -1.8940930289 0.2984196099 539.6315209414 289.1404008350
2.2679231297 1.6166728105 1.6066018340 226.8126795770 42.4458185397
1.5339740108 -0.0088084180 1.0042570867 433.2181896610 132.4173970980
2.2683739193 1.5151538458 1.0720505343 222.5037706910 111.0012335390
2.8407462338 2.6756664027 -1.3199547291 69.2021627473 345.1672993462
2.5245239422 -1.9046691708 0.2882304037 561.4112291210 296.0564540295
1.2961433232 -0.2137759639 0.8682376054 486.2241800053 150.7594698106
2.5432224523 -0.6373923841 0.7409534547 453.7581229858 221.5381500473
2.9691898119 0.8306301282 -1.4718533968 262.0629467807 388.9664094816
1.9577623473 1.9570472736 1.2495788176 134.5601464746 40.1264758864
2.3703281476 -2.2094223224 -0.8768088657 576.3656610878 426.3428598580
2.5332886341 0.3624403137 -0.8886724309 311.5197221597 365.1227455613
2.7230803671 2.1668952310 -1.0932890004 119.1980977509 338.0793052227
1.9507874860 -0.6407648270 1.0479185312 496.9863765657 175.8389272210
1.3270867205 -0.5234995568 1.3446707796 565.4149956167 75.4295000645
2.8849499926 1.7528628131 -1.9172862492 156.5184817572 420.1860661944
1.6796342927 -1.3761458959 -0.5238268143 571.5144940615 432.4167958208
2.0330982211 1.2071025275 -0.3551796497 197.3105154604 303.4557625499
1.5235769822 -1.1851647188 1.3670204011 639.0387306339 128.4238773203
2.8384515790 -2.7845431762 0.8899561949 617.1356535536 256.2159699109
2.5609837967 -2.9277062911 -1.0449301538 616.8224424595 440.0932035302
1.7669752855 0.9690625695 -0.5529376649 201.3710243015 356.6340307149
1.8439066339 -0.9471699808 1.1522247373 549.4008655285 169.0073997234
1.4488983111 0.6617484764 1.0469220162 309.9911498216 77.5718989263
2.7059739807 -0.7331271193 0.7287971851 455.8527197854 226.3992018038
2.8833560441 2.6773336796 -0.2468877160 102.8048064510 237.6242533711
1.9496769023 -1.6101641628 0.3732577648 593.4576654649 294.0413690142
2.7832056284 2.7310910625 0.6875618561 111.5928246923 141.6160757610
0.7034332180 -0.0654622727 0.4930513506 535.9033254124 203.7238989006
1.9631750106 0.7384015444 -1.1730532119 231.3531516278 439.8405285941
2.7390766891 1.4458832406 -1.4800111153 189.1758364140 392.1048773506
1.6947515968 -1.6709432923 1.9441946478 690.1264837228 78.0468190653
1.3192468384 -0.5366856561 1.1335808896 559.5746835180 117.7829756656
2.3746660379 0.5242174031 1.6523616679 361.8124641785 86.5064206301
1.8809823717 2.0841163296 0.5893151287 72.2099058636 126.7975566624

gimbalangles:
-2.6031103862 0.2039343658 -1.2652487599

end: