T_CW:
-0.0890339057 -0.9664299047 0.2410107943 0.1997807055
-0.0012279887 -0.2418650714 -0.9703091153 0.3926516879
0.9960278388 -0.0866863688 0.0203474270 -0.2355539267
0.0000000000 0.0000000000 0.0000000000 1.0000000000

T_CW_cov:
0.0000003454 0.0000000170 -0.0000000104 -0.0000000600 0.0000007332 0.0000000160
0.0000000170 0.0000002044 -0.0000000002 -0.0000005347 0.0000000353 -0.0000000523
-0.0000000104 -0.0000000002 0.0000002243 -0.0000000662 -0.0000000165 0.0000000016
-0.0000000600 -0.0000005347 -0.0000000662 0.0000019627 -0.0000001224 0.0000002427
0.0000007332 0.0000000353 -0.0000000165 -0.0000001224 0.0000020825 0.0000000606
0.0000000160 -0.0000000523 0.0000000016 0.0000002427 0.0000000606 0.0000006583

target_points_pix:
2.8469624497 -1.2706155376 -0.4268351525 471.3315936161 338.9377892774
1.2955616386 -1.4164051859 0.0125195018 674.3407116812 387.5653054218
2.9185907309 1.9178459633 1.8610296438 235.9663787290 60.6038987738
2.6305978994 -2.5336026126 1.4089481569 628.2829326313 206.2022129190
2.5591223247 -0.0443953625 0.5219552533 390.0138042055 228.6337611124
1.8324549851 0.5136414256 0.1050882143 307.2940568091 265.1390792694
2.2959027539 -0.3651612911 1.0377432566 444.4009898439 179.0574716289
2.3041003494 -2.2990699818 1.7052507894 652.1437313947 165.0857402836
2.2457088193 -0.2690198173 -1.2941584072 368.8196262283 446.7673936779
2.0176283046 -1.3083910700 2.4854543714 610.5341144292 26.9944943564
2.2385537561 -1.8200234489 -0.7064504535 555.0566265408 410.8316648202
2.8752574486 -1.5801047162 -0.1999385455 500.0662623671 323.9873230608
1.0143189639 -0.1834378360 0.2340703772 479.3272650210 303.2669169418
1.3939397812 -1.4548252074 -0.2639512733 644.7956375991 429.3526064619
2.6388940522 0.2859068827 0.6616028722 359.7687485480 206.6527740007
1.8436071198 -0.3614789899 -0.5329186283 413.5747455988 387.8581553472
2.6356910408 1.1581813945 0.7110316627 271.9025741487 178.5420896970
2.2974160006 1.1434337072 1.1115312662 272.5005680445 121.3926064998
1.8636994645 0.9851570773 0.8625067980 264.5155544471 133.1775460178
2.9486415274 -2.6758647837 -1.6358413215 552.7186953072 458.5518611390
2.4952987901 1.9204534977 1.3630564139 197.5230027799 79.3934100600
2.5258584135 -2.8592762385 -0.6116947642 624.4680994305 400.7268549924
2.8920798147 2.1378650829 -2.5311623147 100.6201184639 473.2878472160
2.7260240624 2.2495865463 -1.9352716347 85.9646980841 425.2115703991
2.3241395539 -2.8069241618 -0.5895953926 643.8736309279 411.6057475540
2.6278435143 1.8946618219 1.8255796272 222.1779190653 42.0608324123
2.6912848041 -2.1106228893 -0.6993441011 545.0484490461 385.6816750035
2.2863225682 -1.1407866103 2.4543879926 561.6682282370 50.0615670080
1.5889353798 -2.3704226469 0.0978376196 744.3709128101 374.7108149906
2.4841714159 1.4051269004 1.6262681959 263.8866252724 67.3180224456
2.7991553079 -1.1303929253 0.2989914414 477.0803131581 273.4705168213
2.3235776381 -0.6902499417 -1.1799127502 418.5776366772 434.0676956656
2.1983390802 1.3671984969 -1.0802983766 165.2630414453 387.2805003620
2.0950124471 -0.5055487376 0.8267820771 463.6468946378 203.0622046482
1.7824561088 1.2368809704 -0.1031601285 175.7733019184 271.9662728373
2.6588510636 -0.1466194073 -0.3037086062 378.7357484878 311.3327099398
2.2538497045 -0.9608366362 1.2047620648 514.4614443609 177.2693157066
2.3780720027 -0.0837965984 2.0767695085 438.5622819920 61.7674345619
2.9680979097 -2.4510036395 1.5364771412 593.5161072613 198.0018282645
2.8361755367 1.9949440335 -2.4556373968 112.2336586032 473.4632677770
2.0821692119 -1.0065134618 0.4658650749 512.5434415131 262.3085453260
1.2103062974 0.1184933070 0.6222756592 407.0159059046 179.2037919959
0.9923400970 0.5709656991 -0.1292795507 212.5551175905 370.0160082765
2.6984458114 1.3496573022 0.7124865195 254.7187942859 175.0627353000
1.6820117367 -2.6908657484 -0.4410075725 744.9167435191 453.2519519954
1.4393502068 -0.3605422360 0.5295601244 481.8963563905 232.7332843761
2.4819671509 -1.0003026340 -0.6462119426 457.7424433656 371.1664405463
2.4003927181 0.1999549924 -0.1597382894 347.3199430921 295.6439116116
1.6781638844 1.7635796532 -1.0815039641 7.9681394238 433.7334172609
2.8599623337 -1.4393414243 0.8130817700 510.0297024720 235.0559717936
2.8028733044 -1.8940930289 0.2984196099 540.1678822668 289.0876228675
2.2679231297 1.6166728105 1.6066018340 226.6319394638 42.7082133432
1.5339740108 -0.0088084180 1.0042570867 433.2592061716 132.3285442495
2.2683739193 1.5151538458 1.0720505343 222.4201708385 111.2886005629
2.8407462338 2.6756664027 -1.3199547291 68.9268748372 345.4520600043
2.5245239422 -1.9046691708 0.2882304037 561.1800191365 295.7382242165
1.2961433232 -0.2137759639 0.8682376054 486.0005518223 150.8105827473
2.5432224523 -0.6373923841 0.7409534547 453.6907943314 221.8387027768
2.9691898119 0.8306301282 -1.4718533968 262.3107408582 388.6422373623
1.9577623473 1.9570472736 1.2495788176 134.0913476340 40.1081185466
2.3703281476 -2.2094223224 -0.8768088657 576.3151763536 425.9795280728
2.5332886341 0.3624403137 -0.8886724309 311.4357993117 365.3474801219
2.7230803671 2.1668952310 -1.0932890004 119.1294889162 338.6012306080
1.9507874860 -0.6407648270 1.0479185312 497.0635958223 175.6020558179
1.3270867205 -0.5234995568 1.3446707796 565.2949051696 75.1936909091
2.8849499926 1.7528628131 -1.9172862492 156.8186386190 419.7971680492
1.6796342927 -1.3761458959 -0.5238268143 571.3123151556 432.2151899826
2.0330982211 1.2071025275 -0.3551796497 197.4618683874 303.8368903936
1.5235769822 -1.1851647188 1.3670204011 638.5858361491 128.4494400085
2.8384515790 -2.7845431762 0.8899561949 617.2115797551 256.2610651461
2.5609837967 -2.9277062911 -1.0449301538 617.7588707891 440.0948203770
1.7669752855 0.9690625695 -0.5529376649 201.7883437338 356.7243352986
1.8439066339 -0.9471699808 1.1522247373 549.3307167981 169.0767005154
1.4488983111 0.6617484764 1.0469220162 310.1643448349 77.1860668434
2.7059739807 -0.7331271193 0.7287971851 455.4140595307 226.1715735511
2.8833560441 2.6773336796 -0.2468877160 102.6545665729 237.4439133786
1.9496769023 -1.6101641628 0.3732577648 593.1733702843 294.0418156810
2.7832056284 2.7310910625 0.6875618561 111.8739309262 141.3344241288
0.7034332180 -0.0654622727 0.4930513506 536.0885210534 204.1906965437
1.9631750106 0.7384015444 -1.1730532119 231.3249443141 440.1709009869
2.7390766891 1.4458832406 -1.4800111153 189.2250327530 392.2499716242
1.6947515968 -1.6709432923 1.9441946478 690.4237661375 78.0931353493
1.3192468384 -0.5366856561 1.1335808896 559.5079399386 117.6488485440
2.3746660379 0.5242174031 1.6523616679 361.6702858307 86.3987739053
1.8809823717 2.0841163296 0.5893151287 72.5642357824 126.9748184326

gimbalangles:
0.3811426076 0.1334172513 -0.4085621280

end: