T_CW:
0.6823038408 -0.6166091448 -0.3927526338 -0.0370390190
-0.6010434067 -0.1672915333 -0.7815115906 -0.0444507134
0.4161830032 0.7692897409 -0.4847525167 -0.0566269498
0.0000000000 0.0000000000 0.0000000000 1.0000000000

T_CW_cov:
0.0000007770 0.0000000931 -0.0000000385 -0.0000001765 0.0000017301 0.0000000280
0.0000000931 0.0000006250 0.0000000352 -0.0000014682 0.0000001488 0.0000002088
-0.0000000385 0.0000000352 0.0000005760 -0.0000001236 -0.0000003379 0.0000000179
-0.0000001765 -0.0000014682 -0.0000001236 0.0000044677 -0.0000002838 0.0000000162
0.0000017301 0.0000001488 -0.0000003379 -0.0000002838 0.0000048585 -0.0000001294
0.0000000280 0.0000002088 0.0000000179 0.0000000162 -0.0000001294 0.0000019556

target_points_pix:
0.7583609253 0.4677505926 -2.4511855211 529.9253960475 418.1084190130
0.4525511890 1.4771543701 -0.3709931605 292.6496010298 193.6607272575
0.0134727521 1.9966532696 -2.2999075116 342.0841437025 370.6465493770
0.0713589459 2.8688959608 -0.9051086491 245.9885685759 252.5038700281
0.8179732118 2.2948193458 -0.2082891874 283.8828282584 154.3821401363
0.4760255981 1.6652719494 -2.0074300235 380.2703355651 336.5100871988
1.5905470624 0.5227412081 -2.2990225691 560.6805160902 320.7631356176
-0.0197024909 1.9179607289 -0.7375181316 246.1436237864 269.5048761368
2.1243149059 2.5165360083 -1.1599424087 398.3008195778 178.8329892268
2.2027673226 1.2739145926 -2.7746600208 509.5117307951 284.2103426504
1.7022931842 0.6034113149 -2.4383688156 555.4092387356 317.0999413097
2.2838413789 1.2710353105 -2.0665887182 505.5499546569 238.3318954142
1.3605142988 1.3279683397 -2.8167563008 473.9648677940 332.8484977048
0.8606978522 2.4381202060 -0.8605197644 318.2899244161 211.7781467489
2.8400527988 2.3293742471 -2.5758741647 461.1011195015 232.2353681796
0.6837708879 1.9678359559 0.5759732938 208.4691254477 35.6781314693
1.9598271384 2.0807628825 -1.8172077782 430.0403102885 228.2181930850
1.2977747122 2.7046068227 -2.0603174099 374.2781946668 262.0196061587
2.8920798147 2.1378650829 -2.5311623147 472.4188953802 229.7201916788
-0.8911796826 2.9815497203 -1.4877817901 197.8059363315 347.5934893199
2.7260240624 2.2495865463 -1.9352716347 452.6356305158 204.2488261895
1.1135292309 2.9590436052 0.6041369903 240.1687047421 69.5301843890
0.6336242524 1.1783842050 -1.0552852102 387.2697310033 269.7812987360
2.3667225286 2.8706255632 -2.1373102295 412.7657141145 223.5233453280
0.2585293654 0.5934473492 -0.5108773483 366.8908978167 271.6480712316
2.1983390802 1.3671984969 -1.0802983766 478.6314718472 164.8858703856
1.6075514943 0.3175726274 -1.9505948349 594.1754266142 301.2958668343
1.7824561088 1.2368809704 -0.1031601285 440.5566477732 61.3695038756
1.2383180701 1.3099832525 -2.0678546936 454.8331662006 299.6090789498
0.7871674616 2.0424983208 0.2012990387 258.8085847683 98.7568771829
1.3716637695 0.8792669647 -1.3574988410 491.3548502268 245.6352004511
0.9719223617 1.9689701437 -1.5625638722 377.0538243081 263.5069405566
2.8361755367 1.9949440335 -2.4556373968 477.5298037022 229.2327967526
0.9923400970 0.5709656991 -0.1292795507 470.8330854115 60.2467166752
0.7575916053 0.2523891601 -1.0951950878 561.0904229809 316.7198753199
0.8962104592 2.8887750237 0.0742970148 255.8341969689 130.8651546263
1.4570043822 2.3114412965 -2.8657043889 417.8880528136 300.2278385926
1.6781638844 1.7635796532 -1.0815039641 417.8066479079 191.2271128609
1.4697371940 1.7050643911 -2.6910499524 448.9295399077 307.4856612793
1.4997362677 2.2552284310 -1.7042058754 396.0127764174 240.3134520311
1.9711161295 2.5320500174 -0.8647562015 382.0783640004 164.3204978410
1.1375885433 -0.0063029323 -2.6361798873 629.5950045580 430.3359432213
0.6325419191 2.6208530677 -2.3930825352 355.3496266587 311.5177351881
2.0870307964 0.3507490887 -2.2443769366 604.1282985567 283.6724780067
2.8407462338 2.6756664027 -1.3199547291 423.7835530199 165.7075433283
0.8583509219 1.9819683117 -2.4177920373 397.4386155385 320.3419085045
-0.7126786561 1.9834577945 -1.0618160856 184.7244136714 365.8455555639
1.9193600062 2.7960739311 -1.6739447817 388.9437096443 216.2834760279
2.8049534027 1.7549510628 -2.7261348255 494.5010910796 246.5359986992
2.9691898119 0.8306301282 -1.4718533968 571.5926853113 161.5709062967
2.4239824816 0.7568461512 -2.0444246221 562.2447953034 236.5800475266
2.5332886341 0.3624403137 -0.8886724309 632.7579015914 107.7484440066
2.7230803671 2.1668952310 -1.0932890004 442.3441861517 151.6263788338
-0.0667491202 2.8893935758 -1.8135267343 282.7311107696 313.9760740260
2.8849499926 1.7528628131 -1.9172862492 488.3684953648 199.0329673071
1.1468270981 2.4561268263 -0.9711199181 341.8308112599 205.8129061855
1.8638170845 2.7136824619 0.0667283887 334.4974035696 93.7904279227
1.7836301664 2.3017608285 -2.5962998189 426.1626183064 273.7271072047
2.0330982211 1.2071025275 -0.3551796497 470.8990007707 87.6062410186
1.1730569531 1.2704948479 -1.1105960248 426.8111175464 227.7695364342
0.6570472120 0.4945068807 -1.4712885553 502.0803433288 355.6165125995
0.7279847276 1.9901461379 -1.3627605785 352.2215908987 264.3655746868
1.5773005481 0.8563350408 -2.8473658583 524.8034866448 339.3428362016
0.7664780110 2.9653914697 -0.1033146028 254.2530998661 153.9535880646
1.7669752855 0.9690625695 -0.5529376649 488.1042692211 120.1052861175
1.1060195470 2.4830620612 0.3854567192 265.4793612546 77.3966198988
2.8833560441 2.6773336796 -0.2468877160 402.5049871139 91.2086331361
2.7832056284 2.7310910625 0.6875618561 367.5238992507 10.7737051201
0.4773538111 1.3095008612 -1.5680206608 387.6658303959 325.2482865773
-0.4791536927 2.3891232452 -2.6389828612 307.6142107072 400.7198336429
1.9631750106 0.7384015444 -1.1730532119 542.2488103715 184.4929255456
2.7390766891 1.4458832406 -1.4800111153 501.3501677040 175.3796292219
2.9181215669 -0.3698662499 -2.9485027558 726.3949473880 299.1327717624
1.8142779780 2.3081898863 -0.8022692629 383.3694846512 164.1520895663
0.1815827826 2.0076210646 -1.8337579884 333.0316325351 332.8270969444
2.7857291322 0.2667104279 -2.9126554396 628.1969041273 284.8322229518
1.8809823717 2.0841163296 0.5893151287 343.0381494584 4.8019296347
1.0562875771 0.1801981948 -0.5239100279 617.9698639861 146.1884622072
0.5522005358 2.0961738439 -1.3378655295 332.9325401534 271.2635182784

gimbalangles:
-0.5553897838 0.4037408338 -0.8359194641

end: