T_CW:
0.9238979426 0.2309250410 -0.3051003395 -0.0357464490
0.2604938290 -0.9636429861 0.0594572155 -0.0075326895
-0.2802776423 -0.1344091548 -0.9504623203 -0.0654467492
0.0000000000 0.0000000000 0.0000000000 1.0000000000

T_CW_cov:
0.0000004235 -0.0000000035 -0.0000000407 -0.0000000002 0.0000009473 -0.0000001232
-0.0000000035 0.0000003371 -0.0000000211 -0.0000010285 -0.0000000097 0.0000001053
-0.0000000407 -0.0000000211 0.0000002156 0.0000001134 -0.0000001310 0.0000000096
-0.0000000002 -0.0000010285 0.0000001134 0.0000037917 0.0000000073 -0.0000002140
0.0000009473 -0.0000000097 -0.0000001310 0.0000000073 0.0000027563 -0.0000002166
-0.0000001232 0.0000001053 0.0000000096 -0.0000002140 -0.0000002166 0.0000006365

target_points_pix:
1.4904409015 -0.8576028127 -2.6357354281 595.9412754306 358.3477253108
-2.4509590965 0.8871749841 -2.1853645049 241.3366469280 86.9501489937
0.7583609253 0.4677505926 -2.4511855211 560.0008840300 190.5064341582
1.6304909208 -0.4683184133 -1.9111117291 722.2351678505 374.0343130276
-1.1698605629 -0.0915581141 -1.3700899405 265.0879328362 192.5847878381
-0.4339811544 0.3604827340 -1.2275564470 379.8039902271 128.2643255179
-1.2830020915 -0.7477612956 -2.9741651212 338.6159379229 254.9835797348
1.5390997624 -1.5424577392 -2.4175742588 587.9365882860 448.4135697905
-2.5095895023 1.4537282118 -1.9005724212 220.4081669055 5.7191710533
2.6638076555 -1.1338153697 -2.9948707751 715.3569724827 416.7436034174
-1.9323731186 -0.3012474738 -0.7481905140 47.6571297254 187.0435903329
-2.1173200533 -2.1447782396 -1.4060294826 143.9789118394 399.5157944790
-1.7590488229 -1.6158880204 -0.8003083999 67.2088390635 419.4649419096
-1.3783621819 0.6183489028 -2.2812195003 328.1230322800 129.4187638141
-2.7526374896 -2.4282561608 -2.0502608060 171.6358038946 360.9287754313
0.0469361765 -0.1783641195 -2.6535832882 451.4450250816 241.3721010405
1.5905470624 0.5227412081 -2.2990225691 715.6160140466 204.3999621360
-2.6318751097 -0.2406755511 -1.7765257254 174.9341009398 182.1852843296
-2.4349464755 0.7633696205 -1.9950480928 224.7580496609 89.3833352784
-0.3342155314 -1.4791719233 -1.8288346165 359.7548300150 390.0127176639
1.7022931842 0.6034113149 -2.4383688156 720.4880641009 198.1589750459
-1.4003785247 -0.3736922668 -0.7233151088 103.8393005236 227.3028683696
-0.8431574331 -1.9395949874 -1.4799140705 268.2856717860 444.0292059314
1.3605142988 1.3279683397 -2.8167563008 656.4125408931 109.7468008517
-2.6437567343 -2.7994983705 -2.3091975591 194.8469520280 378.7765258585
-0.2118470871 -0.0163581002 -1.5873625828 415.2872001032 216.8312981721
-1.9646052403 -2.0029863434 -1.3242917964 146.0684174125 399.6126065380
-0.1823780494 -0.8635400208 -2.5844140384 411.3168285558 298.4981577013
-1.2292746160 0.8858709981 -2.9739817686 370.6555958826 129.4748391646
-0.7482836631 -2.2901477881 -2.3809329031 328.3093437056 405.3054546391
-1.8905943680 -2.4627044847 -2.4214448040 249.3153090228 374.5193775887
-1.5747020397 0.3647896395 -2.1186734669 296.8185309631 146.9955132446
1.4521663042 -0.5399965625 -1.6630885379 721.0297202001 401.8485131249
-2.9933007186 -2.9934415882 -2.4369486571 184.5470742497 374.7802396829
-2.5954390840 0.9615306910 -1.9993108423 216.2132527819 67.6857475513
2.2425741823 -1.7173131963 -2.8670343424 644.1134313755 459.9670447175
-0.5276153481 -2.5064104042 -2.0030443754 324.2056516975 463.6517867952
0.2277862557 -0.3340403307 -2.6300424523 465.5258256767 261.2221470459
0.7112279187 -0.6943231092 -2.1725083750 518.7191159022 331.1367733076
1.1504892931 -0.6627365524 -2.0403880364 595.9965532633 358.9269226989
1.2383180701 1.3099832525 -2.0678546936 734.0011478620 51.1825385420
-0.9856763569 -0.5848182569 -0.8305814883 189.6738601550 295.3595099079
0.7575916053 0.2523891601 -1.0951950878 726.1479545623 200.4301847485
0.0588398480 0.1345663759 -1.9919443238 463.7735859679 207.0190721004
-2.3495685473 0.3594685558 -2.9255488728 285.8900505504 156.5154886891
-1.2272046121 -1.5636394124 -2.1282380772 290.3502550586 340.7825379133
2.7544963644 -1.4088225197 -2.8622308738 731.9780806855 461.1606652247
1.4697371940 1.7050643911 -2.6910499524 706.7381746804 52.8422662880
1.1375885433 -0.0063029323 -2.6361798873 582.4630021375 254.9662897328
-2.1679331945 -2.2497089087 -2.4883330897 240.0737855665 348.8418221631
-1.2502089736 -0.4633432231 -1.6307261334 273.3218414253 241.5739327158
-1.7725763211 0.1321032521 -2.5127218453 299.1145001913 175.4003110148
1.5108970396 -1.3615313295 -2.9687420888 563.0839089736 385.9069425199
-1.0103194588 -0.8321822294 -2.8083801352 351.0932167583 268.9337795069
-0.3638610292 -0.9546125156 -1.7797905765 368.7322865489 332.3261873759
0.3303057821 0.2394415897 -2.7978580808 490.8161419161 208.3496073087
0.9955118727 -0.6900885001 -2.2663970244 555.3046640049 339.1654191333
-2.9469886051 -0.0556582209 -2.3291306646 208.1508286213 169.8532712973
-2.2906387154 -1.9032725139 -2.9466558645 262.6410082391 310.0037215925
0.0126243685 -2.0694425955 -2.4142551407 398.0846043925 417.6927048553
-0.3936100835 -1.1881348723 -1.5631378304 347.1385475321 374.5099599471
-2.0786952816 -1.2439389284 -2.8570242590 277.8427414842 273.8341552753
1.4706806190 -0.4806013601 -2.0637464314 663.0832525988 351.5688111871
0.0746601060 0.5852067123 -2.6719971241 475.3359047353 167.3421419525
-1.9296688539 -1.8920561824 -1.4908164832 172.2209885774 377.4451197198
-1.8553364985 -2.2370036957 -1.3848175939 159.6793390015 424.1798245858
-1.1895189559 -0.0584733151 -0.8465864265 176.0018419888 169.9710024744
-2.1610756819 -2.5467967732 -1.5818627512 158.4976328466 421.2383930843
-1.0310568987 0.1681308091 -1.9239170579 332.4472492254 173.9873362354
-0.7896994598 -0.6712832293 -1.4482634684 303.9516525959 291.3328561285
-2.0809982885 -2.3007220402 -1.1211365928 100.8487320187 443.8770492188
-1.7593186310 0.6483982310 -1.4034331411 218.5570525415 69.9694579908
-0.3139309819 -0.3902845608 -2.9588867546 416.1449375210 249.0476317986
-1.2283828643 -2.6822559147 -2.2808022666 281.1123475338 422.5504180958
-2.4005462004 -1.4231052476 -1.7722446267 176.7750151595 301.0717010889
-1.0519031372 -0.6309223896 -1.1260086692 233.9500078024 284.8736774367
-2.5222100225 -0.7635231769 -2.4214857334 232.0048851067 233.7263206425
0.6570472120 0.4945068807 -1.4712885553 628.6400596599 149.8927950195
-1.1789359356 0.5890362018 -2.6866246034 360.4089094617 147.5578344006
-2.3709911216 0.7873857488 -1.7873182151 209.9352348351 75.1598288726
-2.1351115329 0.3711751050 -2.8548084772 295.7621473847 157.1113554585
-1.5993342926 1.4370656586 -2.3495525503 329.0946919526 44.9920739628
1.5773005481 0.8563350408 -2.8473658583 664.1047539489 170.6668921885
2.3311839498 -0.9539271198 -2.8889311096 687.3399934310 390.7903803477
-1.6020343444 1.0108264512 -2.1461077954 308.9204443969 77.9530050788
0.1346661905 -1.4032030397 -2.7868114016 430.0553990165 346.8064368450
1.1137504699 -0.3175425869 -1.4064089642 700.5416071177 361.4992078249
0.6772129729 -1.3872812868 -2.0826048477 489.5281852485 414.6906775954
-1.4994475505 -0.9512953885 -2.1558872977 281.2663392193 276.7345374147
0.5091662389 -1.5917825661 -1.9651756083 461.0844469921 438.8992069068
-1.9858815282 -1.4791766923 -1.1752089238 127.3992911611 350.5505356219
-2.2862629253 -0.2226837426 -1.4929258470 167.0274537092 182.4804339718
0.6331406616 -0.7213015916 -1.7853225676 519.6513327278 355.8529266144

gimbalangles:
-1.6330336181 0.3100935077 -1.8156651767

end: