T_CW:
0.8375916353 0.4785470117 -0.2635014423 -0.0350147553
-0.4751768846 0.4002201329 -0.7836011572 -0.0556557400
-0.2695314099 0.7815475691 0.5626155137 -0.0166253572
0.0000000000 0.0000000000 0.0000000000 1.0000000000

T_CW_cov:
0.0000004212 -0.0000000480 -0.0000000095 0.0000000345 0.0000008448 -0.0000000227
-0.0000000480 0.0000003442 -0.0000000287 -0.0000008062 -0.0000000320 0.0000000239
-0.0000000095 -0.0000000287 0.0000002836 0.0000000959 -0.0000000293 -0.0000000007
0.0000000345 -0.0000008062 0.0000000959 0.0000024612 -0.0000000836 -0.0000000542
0.0000008448 -0.0000000320 -0.0000000293 -0.0000000836 0.0000022710 0.0000000305
-0.0000000227 0.0000000239 -0.0000000007 -0.0000000542 0.0000000305 0.0000006157

target_points_pix:
-2.8948441399 0.6269529752 1.2765981320 69.1062597193 309.6010390114
-1.7842749994 0.3589897521 1.3896783254 102.1346931939 215.0575652578
0.1742910257 2.9893768659 1.8724033039 451.5549471040 210.0633131245
-1.8989089335 2.7021134331 -0.4054152166 352.3778646728 467.7290439484
0.3768682695 1.5477426008 2.0531356562 427.0819117400 107.9700885429
0.4525511890 1.4771543701 -0.3709931605 719.4844142848 422.6867438065
-1.4021994661 2.7108304751 0.3961482093 373.5015402413 363.5631095205
0.9456625691 1.7601532697 2.9743486518 446.1325183703 53.5625034294
-2.3803740549 2.2241037003 1.1999952244 273.5215288596 320.7993548960
-0.3054732399 1.1553874900 0.2017032538 422.0402858732 327.4417356047
-1.6797658353 0.4497206555 0.9246442775 102.7085813099 276.1724678441
-0.1910322562 1.2311524432 2.2972743069 352.7160134444 105.3046233072
0.8179732118 2.2948193458 -0.2082891874 678.3502442597 346.3609606723
-1.4132040819 1.7390647207 -0.1303300090 323.9030155449 446.8521726513
-2.9630438574 1.2498685434 0.2703220651 123.5848015384 447.0451005355
0.8211055262 1.2423480346 2.5425745515 439.9264344012 23.0017664373
0.4157939103 1.1830938811 0.6503161745 522.6424797080 179.3304973652
-0.8454043785 2.6955158446 1.3401100284 390.5045760519 269.0555893882
1.6912700364 2.9152958030 2.0943006760 555.5379583169 131.7773521194
-2.1145543690 2.5368280306 1.6527436758 303.8230652756 286.0520902471
-2.1987197781 2.6869103662 1.2249913925 310.0312979800 318.7246993589
-1.8036662741 2.9213890742 0.4185609520 354.3962840384 372.6075384790
1.6985656786 2.3108705817 2.0575274508 564.7903665546 88.9052238534
-0.8437154314 1.5526174756 2.5041567278 318.9155000779 154.3454392866
-1.4715007191 1.0947300271 1.7225109219 243.8180041936 210.1069152694
-2.4109286583 1.5240721805 0.6122623179 209.6035203941 375.3627067187
0.6837708879 1.9678359559 0.5759732938 568.3511922827 232.9996008737
-0.4403439149 0.7830369850 1.9775365700 302.2513013557 95.6514721317
0.3223913466 0.6572687096 0.3411312926 559.7373655498 154.1879086454
-0.3089028941 2.6625183818 2.6735419307 393.5522318585 177.1935921449
1.1135292309 2.9590436052 0.6041369903 598.1916818201 252.5717218720
-0.8537239679 1.5280305348 1.0098617859 340.3755472793 260.3717008099
-1.8400861476 0.6802285019 2.7417002054 188.6789334389 139.3394156121
-2.2600804841 2.7042386112 2.9957597684 296.9690942645 226.1514007126
-2.2552646269 1.6043643505 1.8194632491 237.5968494433 259.3641423417
1.5404004160 2.0873391010 1.9086104661 561.5361852814 85.4470579667
-0.7198827339 0.7791230628 0.4858749195 285.6643761428 289.1236181359
1.0168380356 1.8187565862 1.2681363448 552.7266128963 133.9408931316
0.9146035834 1.0196575720 1.7087156997 499.8930839383 9.6016058712
-1.2146827552 0.4313236250 0.0528315889 68.0718255978 472.5352105623
-1.4178930604 0.5616682054 2.3963558138 197.3265595987 123.5772756214
0.7871674616 2.0424983208 0.2012990387 628.4744167655 276.7808339421
-0.2121167416 1.7897788713 0.8297268490 429.2594582395 253.6343006992
-2.3787147104 0.3569107646 2.5683948238 114.5618328326 157.9523942272
0.0114893594 1.4849654352 2.7194465450 372.1861585533 94.7135408144
-1.0463656283 2.8561966183 2.4513405431 363.2127597997 218.5822119135
-1.3853892513 2.8067198839 2.5439830716 343.4929994000 223.2684878640
-2.4055301863 0.9708260692 2.4281034256 180.1330715505 202.1384463489
0.8962104592 2.8887750237 0.0742970148 621.7655325526 312.6535500019
-1.3300249498 2.5741901058 1.1257362683 357.9294386272 298.7185638807
-1.1012706995 2.9606741992 0.3197833124 408.1140191528 361.7050378555
0.3612892001 1.9794375196 1.7997934799 448.5230201929 156.0529133575
-1.2276053261 2.6819769802 0.8135725963 375.4418927202 320.9934030527
1.1655134506 1.3593261429 2.2617282296 495.3266242552 17.9529652800
-2.3268183976 1.7937684323 2.5591340519 248.9974766459 223.6070828681
-0.6125680017 0.4219487398 1.6907229199 241.2759235174 83.7547230278
-0.7909341437 1.6858794598 2.4060578815 331.1513821326 164.7444150086
0.8587961988 2.4448778198 2.1427041175 484.2024132814 141.1186033783
0.4245033914 1.0191820396 1.0525622049 477.5870499626 110.1137634532
-1.8196517110 0.4238616465 0.7629712756 70.2803121405 314.4882458581
-0.9064956900 1.3399447130 1.3053989599 315.3808554894 226.2210971596
1.2202986687 1.9498949965 2.2978520360 503.7337281519 77.5164218588
-1.6435711194 1.7206815262 -0.2385074952 297.4831270666 476.0832841254
-1.7250105261 1.3799615575 1.7287495262 252.0710869860 236.0166282963
-0.5327274467 1.8078641803 2.4510237977 353.5007257361 156.3138035461
-2.7642033712 2.8377397974 0.0312227722 293.6504398826 432.9961433955
0.0615378091 1.2928000387 1.6921680272 399.0450141469 127.6928844830
-1.8473174646 1.5680524798 0.7082291128 258.4907469403 342.1292014922
-0.6100045683 0.5645809022 0.0344290762 262.2269263614 411.9270985318
1.9577623473 1.9570472736 1.2495788176 692.0185263374 70.3205442311
-1.0407025969 1.8511915990 0.7612577383 350.5968464092 305.4759998480
-2.1579012616 2.6158550684 1.2160301151 308.2100763124 317.1863816924
1.4063415740 2.6146316096 2.3857624421 518.2134737018 114.0732338386
0.8374901713 1.4854764911 2.1589736941 467.0694664109 63.6974823840
-2.4747552270 1.7971304399 1.5320622131 238.6766421741 292.4401955211
-2.8987142952 2.4095418038 2.8717692845 258.0253876653 241.6179729252
-0.8258884787 1.9551499206 2.9404138368 335.1990220001 155.0170496284
0.0760607588 1.1070308493 1.1084568367 419.7655098428 153.7339721562
-1.4769533415 0.8018814294 2.2416422603 217.7472017535 155.5901784738
-1.2490170593 1.8097791482 2.9824056964 304.3525366479 163.3763962085
2.9461481719 2.4968893176 2.7161145307 639.2184218568 5.6086980010
-2.7635838127 2.5758996306 0.1771810151 275.9742383991 422.8312519293
-2.5526482625 1.6899305882 2.4297630987 231.2014509496 234.4102505225
-2.9155772865 1.8015255028 0.9202060444 208.4546362541 358.7147405042
1.7827388544 2.9902355627 2.0898483581 562.8537961908 131.6972341095
0.9641042651 2.6882373571 1.1690572800 545.8071253247 205.3072364514
-2.2550310878 2.7469332465 2.5621232452 300.7951782663 245.8411526249
-1.9208082146 1.6423306677 1.6909841948 259.8120487237 256.1733036636
-1.5057213679 1.4881960724 0.1935683238 282.8538460746 400.5066839521
0.7664780110 2.9653914697 -0.1033146028 618.7381441364 340.4477638756
-0.2705378639 1.4697607094 2.7967741969 349.5263505938 106.0740998787
0.4083008837 1.8891851128 1.7336414602 453.6967589782 150.7999764289
-0.3200082119 0.9773080063 1.1397837352 352.9645600113 172.6021623179
1.1060195470 2.4830620612 0.3854567192 635.4464312348 254.0589244229
-1.4239071394 1.7163547221 -0.1251398761 320.2312668239 447.2353504182
-2.8451823330 1.0493991114 0.7078918140 116.7402202875 382.0337694755
-1.0390669904 2.4980477584 1.6226163434 364.3373016406 252.7366781555
-0.1459639570 2.6501550755 1.2960006555 441.3930857538 244.8732308838

gimbalangles:
0.6226894448 0.2667277354 -2.0899202897

end: