T_CW:
-0.0887911525 -0.9664264178 0.2411143093 0.1994913813
-0.0013525517 -0.2419532151 -0.9702869742 0.3929803526
0.9960493471 -0.0864790183 0.0201761631 -0.2353276617
0.0000000000 0.0000000000 0.0000000000 1.0000000000

T_CW_cov:
0.0000003456 0.0000000171 -0.0000000105 -0.0000000601 0.0000007335 0.0000000162
0.0000000171 0.0000002045 -0.0000000002 -0.0000005349 0.0000000354 -0.0000000520
-0.0000000105 -0.0000000002 0.0000002244 -0.0000000663 -0.0000000168 0.0000000016
-0.0000000601 -0.0000005349 -0.0000000663 0.0000019635 -0.0000001224 0.0000002422
0.0000007335 0.0000000354 -0.0000000168 -0.0000001224 0.0000020834 0.0000000611
0.0000000162 -0.0000000520 0.0000000016 0.0000002422 0.0000000611 0.0000006587

target_points_pix:
2.8469624497 -1.2706155376 -0.4268351525 471.2088140887 338.7212875830
1.2955616386 -1.4164051859 0.0125195018 674.2031225586 387.9059664824
2.9185907309 1.9178459633 1.8610296438 235.9955655886 60.5302231070
2.6305978994 -2.5336026126 1.4089481569 628.0226226454 205.9585469867
2.5591223247 -0.0443953625 0.5219552533 390.3483315230 228.7356043289
1.8324549851 0.5136414256 0.1050882143 307.6217315445 265.4464571439
2.2959027539 -0.3651612911 1.0377432566 444.0174050726 179.2229912147
2.3041003494 -2.2990699818 1.7052507894 652.7348874591 164.7634157436
2.2457088193 -0.2690198173 -1.2941584072 369.0550982698 446.5358524578
2.0176283046 -1.3083910700 2.4854543714 610.4584292274 26.8335058189
2.2385537561 -1.8200234489 -0.7064504535 555.1697893698 411.2026511277
2.8752574486 -1.5801047162 -0.1999385455 499.9402766925 324.3470537027
1.0143189639 -0.1834378360 0.2340703772 479.8856397383 302.8747237441
1.3939397812 -1.4548252074 -0.2639512733 644.7420623489 429.2423825563
2.6388940522 0.2859068827 0.6616028722 360.0314314575 206.3855812711
1.8436071198 -0.3614789899 -0.5329186283 413.5161705643 387.7383105356
2.6356910408 1.1581813945 0.7110316627 271.8896118422 178.1183481736
2.2974160006 1.1434337072 1.1115312662 272.4269876490 121.3713347963
1.8636994645 0.9851570773 0.8625067980 264.6712978802 132.4623944721
2.9486415274 -2.6758647837 -1.6358413215 553.1548927944 458.2673332376
2.4952987901 1.9204534977 1.3630564139 197.8949413600 79.6526869799
2.5258584135 -2.8592762385 -0.6116947642 624.2045943600 400.5623557730
2.8920798147 2.1378650829 -2.5311623147 100.7917368241 473.1299187401
2.7260240624 2.2495865463 -1.9352716347 86.3445426447 425.1826445778
2.3241395539 -2.8069241618 -0.5895953926 643.9051088411 411.2316522821
2.6278435143 1.8946618219 1.8255796272 222.2830751701 42.0294556303
2.6912848041 -2.1106228893 -0.6993441011 545.0718584439 385.5365093060
2.2863225682 -1.1407866103 2.4543879926 562.0809908326 50.2047018972
1.5889353798 -2.3704226469 0.0978376196 744.6610662188 374.7221630624
2.4841714159 1.4051269004 1.6262681959 264.5682031470 67.5702172502
2.7991553079 -1.1303929253 0.2989914414 477.1883193305 273.5614131286
2.3235776381 -0.6902499417 -1.1799127502 417.8060942177 433.7730105772
2.1983390802 1.3671984969 -1.0802983766 165.0742969771 387.0130214746
2.0950124471 -0.5055487376 0.8267820771 464.2522381336 202.6946544586
1.7824561088 1.2368809704 -0.1031601285 176.2686577799 271.7554753046
2.6588510636 -0.1466194073 -0.3037086062 378.2361081170 311.2002384501
2.2538497045 -0.9608366362 1.2047620648 514.4314464894 177.1603871406
2.3780720027 -0.0837965984 2.0767695085 438.3860564892 61.9214424142
2.9680979097 -2.4510036395 1.5364771412 593.6558917217 198.2081151640
2.8361755367 1.9949440335 -2.4556373968 112.4162758317 473.2110830496
2.0821692119 -1.0065134618 0.4658650749 512.9170743485 262.0841333869
1.2103062974 0.1184933070 0.6222756592 406.9190692659 179.5188791403
0.9923400970 0.5709656991 -0.1292795507 212.4925412112 370.4397171239
2.6984458114 1.3496573022 0.7124865195 254.4503653004 175.1808501512
1.6820117367 -2.6908657484 -0.4410075725 745.2200100163 453.3248897541
1.4393502068 -0.3605422360 0.5295601244 481.9846124722 232.3748463415
2.4819671509 -1.0003026340 -0.6462119426 458.2629004906 371.0369070469
2.4003927181 0.1999549924 -0.1597382894 347.6210054572 295.8875711761
1.6781638844 1.7635796532 -1.0815039641 8.1038477666 433.4476283458
2.8599623337 -1.4393414243 0.8130817700 509.9389812311 235.2317610242
2.8028733044 -1.8940930289 0.2984196099 539.7026493419 289.0888689540
2.2679231297 1.6166728105 1.6066018340 226.8435181816 42.6502344712
1.5339740108 -0.0088084180 1.0042570867 433.0649779224 132.5686249160
2.2683739193 1.5151538458 1.0720505343 223.2185029933 111.1502047091
2.8407462338 2.6756664027 -1.3199547291 69.1356437198 345.6419937546
2.5245239422 -1.9046691708 0.2882304037 561.3344403486 295.9482645246
1.2961433232 -0.2137759639 0.8682376054 486.1753508212 151.3282562943
2.5432224523 -0.6373923841 0.7409534547 454.1293345500 221.4747073456
2.9691898119 0.8306301282 -1.4718533968 262.0798421092 388.6278935204
1.9577623473 1.9570472736 1.2495788176 134.4595667664 39.9935962670
2.3703281476 -2.2094223224 -0.8768088657 576.4331296961 426.3036875932
2.5332886341 0.3624403137 -0.8886724309 311.4334830278 365.6799507769
2.7230803671 2.1668952310 -1.0932890004 119.6359094992 338.6906429846
1.9507874860 -0.6407648270 1.0479185312 497.0516266444 175.5804624669
1.3270867205 -0.5234995568 1.3446707796 565.4775907129 75.4896994915
2.8849499926 1.7528628131 -1.9172862492 156.7899957013 420.0622873555
1.6796342927 -1.3761458959 -0.5238268143 571.2507754031 432.2978871877
2.0330982211 1.2071025275 -0.3551796497 197.6565093999 303.4570436404
1.5235769822 -1.1851647188 1.3670204011 638.8680382017 128.5717290240
2.8384515790 -2.7845431762 0.8899561949 617.4040627709 256.4664011598
2.5609837967 -2.9277062911 -1.0449301538 617.3091683154 440.1251296327
1.7669752855 0.9690625695 -0.5529376649 201.5339562369 356.5324218021
1.8439066339 -0.9471699808 1.1522247373 549.6311117367 169.0110056947
1.4488983111 0.6617484764 1.0469220162 309.6006498315 77.7727958587
2.7059739807 -0.7331271193 0.7287971851 455.6058119800 226.2341679102
2.8833560441 2.6773336796 -0.2468877160 102.6355032850 238.1528934075
1.9496769023 -1.6101641628 0.3732577648 593.3616030915 294.1172894011
2.7832056284 2.7310910625 0.6875618561 111.4830265924 141.5326983696
0.7034332180 -0.0654622727 0.4930513506 535.5538764351 204.2136857780
1.9631750106 0.7384015444 -1.1730532119 231.2503156066 439.8372202098
2.7390766891 1.4458832406 -1.4800111153 189.4814525486 392.5721858993
1.6947515968 -1.6709432923 1.9441946478 690.3847269522 78.3147587534
1.3192468384 -0.5366856561 1.1335808896 559.4913136776 117.7567691039
2.3746660379 0.5242174031 1.6523616679 361.8413723759 86.5115268266
1.8809823717 2.0841163296 0.5893151287 72.2414447058 126.5338862409

gimbalangles:
-1.6330336181 0.3100935077 -1.8156651767

end: