T_CW:
-0.0890165776 -0.9664264511 0.2410310426 0.2001849538
-0.0011145252 -0.2418949170 -0.9703018123 0.3924067040
0.9960295210 -0.0866415817 0.0204555510 -0.2353999659
0.0000000000 0.0000000000 0.0000000000 1.0000000000

T_CW_cov:
0.0000003304 0.0000000052 -0.0000000113 -0.0000000348 0.0000007051 0.0000000049
0.0000000052 0.0000001952 -0.0000000003 -0.0000005155 0.0000000129 -0.0000000609
-0.0000000113 -0.0000000003 0.0000002169 -0.0000000605 -0.0000000150 0.0000000023
-0.0000000348 -0.0000005155 -0.0000000605 0.0000019193 -0.0000000770 0.0000002603
0.0000007051 0.0000000129 -0.0000000150 -0.0000000770 0.0000020289 0.0000000393
0.0000000049 -0.0000000609 0.0000000023 0.0000002603 0.0000000393 0.0000006505

target_points_pix:
2.8469624497 -1.2706155376 -0.4268351525 471.0510985431 338.7101382244
1.2955616386 -1.4164051859 0.0125195018 673.9740929802 387.7580289486
2.9185907309 1.9178459633 1.8610296438 235.8998611767 60.7152218100
2.6305978994 -2.5336026126 1.4089481569 628.4385289707 206.4954014373
2.5591223247 -0.0443953625 0.5219552533 389.9392810607 229.0829268215
1.8324549851 0.5136414256 0.1050882143 307.1558786893 265.2253994900
2.2959027539 -0.3651612911 1.0377432566 444.2395158836 178.8950669044
2.3041003494 -2.2990699818 1.7052507894 652.5680308457 164.6826653765
2.2457088193 -0.2690198173 -1.2941584072 368.8931124005 447.0624441158
2.0176283046 -1.3083910700 2.4854543714 610.0128328172 26.8886876343
2.2385537561 -1.8200234489 -0.7064504535 555.1017729176 411.0510084362
2.8752574486 -1.5801047162 -0.1999385455 500.2479188695 324.1192676275
1.0143189639 -0.1834378360 0.2340703772 479.7634432034 303.0181078670
1.3939397812 -1.4548252074 -0.2639512733 644.9816804733 428.8023224611
2.6388940522 0.2859068827 0.6616028722 359.7314141732 206.9177693758
1.8436071198 -0.3614789899 -0.5329186283 413.6716113815 388.0823937174
2.6356910408 1.1581813945 0.7110316627 271.9354432551 178.7341807089
2.2974160006 1.1434337072 1.1115312662 272.4480122098 121.6710440757
1.8636994645 0.9851570773 0.8625067980 264.8368100843 133.1254573933
2.9486415274 -2.6758647837 -1.6358413215 552.9341067628 458.0111487698
2.8400527988 2.3293742471 -2.5758741647 72.8235653494 479.8724532983
2.4952987901 1.9204534977 1.3630564139 197.9699239846 79.3144539511
2.5258584135 -2.8592762385 -0.6116947642 624.4745139436 400.6965802110
2.8920798147 2.1378650829 -2.5311623147 100.5050175936 473.2489375855
2.7260240624 2.2495865463 -1.9352716347 86.3054696897 425.3923639582
2.3241395539 -2.8069241618 -0.5895953926 643.8029323681 411.1404614476
2.6278435143 1.8946618219 1.8255796272 222.4150288331 41.9452186076
2.6912848041 -2.1106228893 -0.6993441011 544.8751072288 385.6437083263
2.2863225682 -1.1407866103 2.4543879926 561.9683650800 50.2306906123
1.5889353798 -2.3704226469 0.0978376196 744.5287038460 375.0091530237
2.4841714159 1.4051269004 1.6262681959 263.8524688745 67.8652124980
2.7991553079 -1.1303929253 0.2989914414 476.6288889179 273.5028524078
2.3235776381 -0.6902499417 -1.1799127502 417.9472749903 434.4230519352
2.1983390802 1.3671984969 -1.0802983766 165.0538057385 387.5514865717
2.0950124471 -0.5055487376 0.8267820771 464.0676976744 202.6388749189
1.7824561088 1.2368809704 -0.1031601285 176.1397902879 271.8229985043
2.6588510636 -0.1466194073 -0.3037086062 378.3853160707 311.4880048416
2.2538497045 -0.9608366362 1.2047620648 514.6751975072 177.2517009635
2.3780720027 -0.0837965984 2.0767695085 438.8442662056 61.4825434315
2.9680979097 -2.4510036395 1.5364771412 593.3564402729 198.1117836649
2.8361755367 1.9949440335 -2.4556373968 112.5237679219 473.3206133937
2.0821692119 -1.0065134618 0.4658650749 512.8711126744 262.2046345200
1.2103062974 0.1184933070 0.6222756592 406.9320592779 179.6008371385
0.9923400970 0.5709656991 -0.1292795507 212.8219738309 370.2846945284
2.6984458114 1.3496573022 0.7124865195 254.7722771193 174.8712516708
1.6820117367 -2.6908657484 -0.4410075725 745.2847905748 452.9097991070
1.4393502068 -0.3605422360 0.5295601244 481.9038141307 232.5944071001
2.4819671509 -1.0003026340 -0.6462119426 458.1274252774 371.3854846037
2.4003927181 0.1999549924 -0.1597382894 347.5250833839 295.8332264474
1.6781638844 1.7635796532 -1.0815039641 7.8219149248 433.8807572696
2.8599623337 -1.4393414243 0.8130817700 509.6834766503 234.8832904289
2.8028733044 -1.8940930289 0.2984196099 539.9338836041 289.2907214171
2.2679231297 1.6166728105 1.6066018340 226.8716792971 42.7876907090
1.5339740108 -0.0088084180 1.0042570867 433.0512037305 132.6373647355
2.2683739193 1.5151538458 1.0720505343 222.5717460906 110.8910038737
2.8407462338 2.6756664027 -1.3199547291 69.4686345759 345.4743333741
2.5245239422 -1.9046691708 0.2882304037 561.3048634313 295.9413167245
1.2961433232 -0.2137759639 0.8682376054 486.0653470157 150.9346008781
2.5432224523 -0.6373923841 0.7409534547 453.8544422682 221.6126420317
2.9691898119 0.8306301282 -1.4718533968 262.6700941589 388.7046003391
1.9577623473 1.9570472736 1.2495788176 134.7378632933 40.1684016295
2.3703281476 -2.2094223224 -0.8768088657 576.4684726334 426.4460551301
2.5332886341 0.3624403137 -0.8886724309 311.5427771315 365.1803870705
2.7230803671 2.1668952310 -1.0932890004 119.3493013983 338.5936834982
1.9507874860 -0.6407648270 1.0479185312 497.2286888921 175.5717248808
1.3270867205 -0.5234995568 1.3446707796 565.4410962608 75.3170472342
2.8849499926 1.7528628131 -1.9172862492 156.5138316942 419.8978231739
1.6796342927 -1.3761458959 -0.5238268143 571.3376923025 431.9196189788
2.0330982211 1.2071025275 -0.3551796497 197.3079642544 303.4298193389
1.5235769822 -1.1851647188 1.3670204011 639.0986222939 128.5883898654
2.8384515790 -2.7845431762 0.8899561949 617.1469074066 256.4570005622
2.5609837967 -2.9277062911 -1.0449301538 617.5475959952 439.9207202941
1.7669752855 0.9690625695 -0.5529376649 201.5439833614 356.9736146411
1.8439066339 -0.9471699808 1.1522247373 549.1900419099 169.0144052816
1.4488983111 0.6617484764 1.0469220162 309.9250971008 77.3578206644
2.7059739807 -0.7331271193 0.7287971851 455.8144681618 226.3871845088
2.8833560441 2.6773336796 -0.2468877160 102.4519799884 237.4038398041
1.9496769023 -1.6101641628 0.3732577648 593.7953975133 294.0401546911
2.7832056284 2.7310910625 0.6875618561 111.6232890306 141.2120539745
0.7034332180 -0.0654622727 0.4930513506 536.2078118979 203.7514504242
1.9631750106 0.7384015444 -1.1730532119 231.2451636717 439.4822940841
2.7390766891 1.4458832406 -1.4800111153 189.5833539234 392.2591440899
1.6947515968 -1.6709432923 1.9441946478 690.3679278133 78.1077693257
1.3192468384 -0.5366856561 1.1335808896 559.3211929298 117.9285596437
2.3746660379 0.5242174031 1.6523616679 361.7293486050 86.4419943541
1.8809823717 2.0841163296 0.5893151287 72.7064859475 126.6688865598

gimbalangles:
-0.5553897838 0.4037408338 -0.8359194641

end: