T_CW:
0.8967661240 0.3566411807 0.2619495888 -0.0245845660
0.0339684631 0.5347414829 -0.8443326892 -0.0615905255
-0.4411991187 0.7660669780 0.4674234942 -0.0185071019
0.0000000000 0.0000000000 0.0000000000 1.0000000000

T_CW_cov:
0.0000003636 -0.0000000377 -0.0000000265 0.0000000866 0.0000007163 0.0000000366
-0.0000000377 0.0000002789 0.0000000109 -0.0000007121 -0.0000000591 0.0000000465
-0.0000000265 0.0000000109 0.0000002473 -0.0000000517 -0.0000001200 -0.0000000056
0.0000000866 -0.0000007121 -0.0000000517 0.0000023878 0.0000001274 0.0000000201
0.0000007163 -0.0000000591 -0.0000001200 0.0000001274 0.0000019690 0.0000000276
0.0000000366 0.0000000465 -0.0000000056 0.0000000201 0.0000000276 0.0000006069

target_points_pix:
-2.8948441399 0.6269529752 1.2765981320 161.5184010166 146.0238164020
-1.7842749994 0.3589897521 1.3896783254 213.6495402476 82.0814991751
0.1742910257 2.9893768659 1.8724033039 508.1968105955 236.5708206675
-1.8989089335 2.7021134331 -0.4054152166 297.5582954465 388.2382635288
0.3768682695 1.5477426008 2.0531356562 548.8282044935 121.7031325362
-1.4021994661 2.7108304751 0.3961482093 357.6612183646 324.8192428695
0.9456625691 1.7601532697 2.9743486518 609.7534215907 71.6156583433
-2.3803740549 2.2241037003 1.1999952244 297.9678614057 242.0677252262
-0.3054732399 1.1553874900 0.2017032538 412.2533683194 322.6557656739
-1.6797658353 0.4497206555 0.9246442775 193.0959659371 133.5255980344
-0.1910322562 1.2311524432 2.2972743069 473.6095734031 82.7575287200
-1.4132040819 1.7390647207 -0.1303300090 284.4714802483 359.6867924715
-2.9630438574 1.2498685434 0.2703220651 154.4010473058 267.7911119201
0.8211055262 1.2423480346 2.5425745515 626.2943642936 31.0327662349
0.4157939103 1.1830938811 0.6503161745 600.9505486002 248.1427114239
-0.8454043785 2.6955158446 1.3401100284 417.4207399564 256.6300308039
1.6912700364 2.9152958030 2.0943006760 679.5228340511 218.5295895168
-2.1145543690 2.5368280306 1.6527436758 336.3242909511 228.2727425731
-1.9740008485 0.2407913313 0.2379810357 28.6326755230 197.2210432305
-2.1987197781 2.6869103662 1.2249913925 327.0119933307 257.5557675967
-2.7312989435 2.6530594031 -1.3942433270 196.9372710969 469.6148826934
-2.6333375856 2.5260876036 -0.4714651478 239.1737809156 374.9820704617
-1.8036662741 2.9213890742 0.4185609520 338.0652315753 321.3001124098
1.6985656786 2.3108705817 2.0575274508 727.5979286945 177.5001455208
-0.8437154314 1.5526174756 2.5041567278 413.3851405877 117.0530752880
-1.4715007191 1.0947300271 1.7225109219 321.7651916810 135.3055230806
-2.4109286583 1.5240721805 0.6122623179 232.0813601915 254.4185037608
0.6837708879 1.9678359559 0.5759732938 614.4999446244 327.4810053959
-0.4403439149 0.7830369850 1.9775365700 428.8640588081 50.7136043039
0.3223913466 0.6572687096 0.3411312926 658.5993085738 245.5283033544
-1.9557092750 -0.1852068968 1.1358403326 71.9233635036 6.7718050912
-0.3089028941 2.6625183818 2.6735419307 470.8236090712 175.4608213218
1.1135292309 2.9590436052 0.6041369903 634.6711968879 363.8799509146
-0.8537239679 1.5280305348 1.0098617859 377.6087565626 224.3555712450
-1.8400861476 0.6802285019 2.7417002054 308.8620546663 46.4674757308
-2.2600804841 2.7042386112 2.9957597684 358.7478520285 173.2709063589
-2.2552646269 1.6043643505 1.8194632491 296.1666397836 175.0265654433
1.5404004160 2.0873391010 1.9086104661 726.2034770741 171.5474250933
-0.7198827339 0.7791230628 0.4858749195 317.6769115517 222.6567214674
1.0168380356 1.8187565862 1.2681363448 672.6171746024 219.4958202303
0.9146035834 1.0196575720 1.7087156997 711.1068405987 45.9317475649
-1.2146827552 0.4313236250 0.0528315889 112.8598589090 262.4796897360
-1.4178930604 0.5616682054 2.3963558138 322.9602636967 34.0881082784
0.7871674616 2.0424983208 0.2012990387 648.6976388960 405.5626723899
-0.2121167416 1.7897788713 0.8297268490 459.8074276712 264.3003596277
-2.3787147104 0.3569107646 2.5683948238 244.0873793839 35.1369647237
0.0114893594 1.4849654352 2.7194465450 499.4518267526 81.2231938987
-1.0463656283 2.8561966183 2.4513405431 419.8950476772 198.9234942861
-1.3853892513 2.8067198839 2.5439830716 400.1331166687 192.8887645973
-2.4055301863 0.9708260692 2.4281034256 276.0200991123 101.2061781521
0.8962104592 2.8887750237 0.0742970148 616.2694408769 430.8115193848
-1.3300249498 2.5741901058 1.1257362683 374.8980720761 264.4267635132
-1.1012706995 2.9606741992 0.3197833124 386.0023715385 341.2421085943
0.3612892001 1.9794375196 1.7997934799 539.1619329752 183.0129823415
-1.2276053261 2.6819769802 0.8135725963 379.1583634959 292.3103681211
1.1655134506 1.3593261429 2.2617282296 699.1471943559 53.6185490435
-2.3268183976 1.7937684323 2.5591340519 321.1028011134 148.6253482184
-2.7764038774 2.3680402460 -0.8289858517 202.0628838234 405.8066268363
-0.6125680017 0.4219487398 1.6907229199 378.7973640902 12.0215860035
-0.7909341437 1.6858794598 2.4060578815 419.4332703396 132.0209916777
0.8587961988 2.4448778198 2.1427041175 587.9689732832 187.2952251354
0.4245033914 1.0191820396 1.0525622049 600.7159832568 150.9644624100
-1.8196517110 0.4238616465 0.7629712756 160.1082870094 150.5584449644
-0.9064956900 1.3399447130 1.3053989599 372.9707134036 182.2050145531
1.2202986687 1.9498949965 2.2978520360 660.1669094669 129.1208501215
-1.6435711194 1.7206815262 -0.2385074952 255.5888368176 366.7260628323
-1.7250105261 1.3799615575 1.7287495262 317.4167098414 161.4795301079
-0.5327274467 1.8078641803 2.4510237977 444.4855167804 135.5838124206
-2.7642033712 2.8377397974 0.0312227722 269.3973066003 335.0392372048
0.0615378091 1.2928000387 1.6921680272 505.7585177383 128.3299289688
-1.8473174646 1.5680524798 0.7082291128 278.0311092196 251.6836927766
-0.6100045683 0.5645809022 0.0344290762 250.3475162005 305.3550910247
-1.0407025969 1.8511915990 0.7612577383 364.2890320042 267.0454497349
-2.1579012616 2.6158550684 1.2160301151 326.0944048697 255.9915020390
1.4063415740 2.6146316096 2.3857624421 647.5305451571 178.0848071426
0.8374901713 1.4854764911 2.1589736941 625.5062216391 93.3243480377
-1.7178836189 1.5332592184 -0.2148120387 231.9618222056 357.0491051472
-2.4747552270 1.7971304399 1.5320622131 283.6159683798 203.4417221718
-2.8987142952 2.4095418038 2.8717692845 320.5451714518 168.8909323742
-0.8258884787 1.9551499206 2.9404138368 428.3487762990 124.5066365259
0.0760607588 1.1070308493 1.1084568367 509.3064074642 165.1419808099
-1.4769533415 0.8018814294 2.2416422603 325.1964604536 73.6399575531
-1.2490170593 1.8097791482 2.9824056964 396.0261812492 118.5765294810
-2.7635838127 2.5758996306 0.1771810151 261.2093491217 319.2758546634
-2.5526482625 1.6899305882 2.4297630987 301.9337447640 151.1398818534
-2.9155772865 1.8015255028 0.9202060444 237.3980609047 241.4498222607
1.7827388544 2.9902355627 2.0898483581 688.5764649424 223.5235742581
0.9641042651 2.6882373571 1.1690572800 610.6685528192 286.7223863590
-2.2550310878 2.7469332465 2.5621232452 352.8428007671 192.1535638798
-1.9208082146 1.6423306677 1.6909841948 314.6845207849 182.7035251749
-1.5057213679 1.4881960724 0.1935683238 272.8508286411 306.4941844537
0.7664780110 2.9653914697 -0.1033146028 594.5706617855 451.5493495920
-0.2705378639 1.4697607094 2.7967741969 469.8113360316 82.4090393072
0.4083008837 1.8891851128 1.7336414602 547.7467056580 180.5727774620
-0.3200082119 0.9773080063 1.1397837352 433.2930852295 151.1243401646
1.1060195470 2.4830620612 0.3854567192 675.2902185399 389.9002876917
-2.7196823128 2.1269550887 -0.8836294877 179.9737730581 413.8615015316
-1.4239071394 1.7163547221 -0.1251398761 281.4548164206 358.2834947013
-2.8451823330 1.0493991114 0.7078918140 169.5042121871 219.6977061537
-1.0390669904 2.4980477584 1.6226163434 402.7622508878 229.1677603615
-0.1459639570 2.6501550755 1.2960006555 476.9522689474 262.2657949998
-2.7921738827 1.8243530301 -1.3223706776 105.5188617197 474.9386645102

gimbalangles:
0.5055602690 -0.2649701796 -1.9492715171

end: