T_CW:
-0.0890543207 -0.9663980256 0.2411310515 0.2004717417
-0.0011198121 -0.2419956457 -0.9702766891 0.3923622745
0.9960261412 -0.0866773529 0.0204685736 -0.2354263018
0.0000000000 0.0000000000 0.0000000000 1.0000000000

T_CW_cov:
0.0000003304 0.0000000052 -0.0000000113 -0.0000000349 0.0000007051 0.0000000050
0.0000000052 0.0000001952 -0.0000000003 -0.0000005155 0.0000000129 -0.0000000610
-0.0000000113 -0.0000000003 0.0000002169 -0.0000000605 -0.0000000150 0.0000000023
-0.0000000349 -0.0000005155 -0.0000000605 0.0000019195 -0.0000000772 0.0000002606
0.0000007051 0.0000000129 -0.0000000150 -0.0000000772 0.0000020288 0.0000000393
0.0000000050 -0.0000000610 0.0000000023 0.0000002606 0.0000000393 0.0000006504

target_points_pix:
2.8469624497 -1.2706155376 -0.4268351525 471.2477348620 339.0553141009
1.2955616386 -1.4164051859 0.0125195018 674.3540744441 388.0356353152
2.9185907309 1.9178459633 1.8610296438 235.9847014031 61.0688900129
2.6305978994 -2.5336026126 1.4089481569 628.3265629955 205.9861012922
2.5591223247 -0.0443953625 0.5219552533 389.7120947392 228.4454139979
1.8324549851 0.5136414256 0.1050882143 307.6976561585 265.1696338624
2.2959027539 -0.3651612911 1.0377432566 444.3265369354 178.5499700199
2.3041003494 -2.2990699818 1.7052507894 652.7423979971 164.8105155036
2.2457088193 -0.2690198173 -1.2941584072 369.1583311413 446.5542557378
2.0176283046 -1.3083910700 2.4854543714 610.4100969405 26.6546199251
2.2385537561 -1.8200234489 -0.7064504535 555.0596820223 411.3292594038
2.8752574486 -1.5801047162 -0.1999385455 499.7784048827 324.1099202690
1.0143189639 -0.1834378360 0.2340703772 479.7125225584 303.2228266989
1.3939397812 -1.4548252074 -0.2639512733 644.7307137252 429.6063165552
2.6388940522 0.2859068827 0.6616028722 360.4129771637 207.1840375739
1.8436071198 -0.3614789899 -0.5329186283 413.5291389451 387.8733637922
2.6356910408 1.1581813945 0.7110316627 272.2710682111 178.5967724823
2.2974160006 1.1434337072 1.1115312662 272.0596678756 121.4482685611
1.8636994645 0.9851570773 0.8625067980 265.1698074591 133.0719965147
2.9486415274 -2.6758647837 -1.6358413215 552.8603391008 458.4050163942
2.8400527988 2.3293742471 -2.5758741647 72.4524042813 479.5858739169
2.4952987901 1.9204534977 1.3630564139 197.8150073254 79.8906283573
2.5258584135 -2.8592762385 -0.6116947642 624.2898313163 400.3936649253
2.8920798147 2.1378650829 -2.5311623147 100.5189921783 473.2745666314
2.7260240624 2.2495865463 -1.9352716347 86.3339905158 425.0540691759
2.3241395539 -2.8069241618 -0.5895953926 643.4600408445 411.4049672050
2.6278435143 1.8946618219 1.8255796272 222.2067664714 42.3549395898
2.6912848041 -2.1106228893 -0.6993441011 545.1160938577 385.6261591357
2.2863225682 -1.1407866103 2.4543879926 562.0975384563 50.3555264366
1.5889353798 -2.3704226469 0.0978376196 744.8991069811 374.5353494399
2.4841714159 1.4051269004 1.6262681959 264.3662702165 67.6462394604
2.7991553079 -1.1303929253 0.2989914414 476.9754112988 273.5581820214
2.3235776381 -0.6902499417 -1.1799127502 418.6373667726 433.9201177057
2.1983390802 1.3671984969 -1.0802983766 165.2865656181 387.2926008180
2.0950124471 -0.5055487376 0.8267820771 463.9663316538 202.6887803993
1.7824561088 1.2368809704 -0.1031601285 176.4101937005 271.4796735542
2.6588510636 -0.1466194073 -0.3037086062 378.5612428256 311.4589791420
2.2538497045 -0.9608366362 1.2047620648 514.6221507584 177.2148714500
2.3780720027 -0.0837965984 2.0767695085 438.4145193502 61.8420893485
2.9680979097 -2.4510036395 1.5364771412 593.7773521269 197.7625233657
2.8361755367 1.9949440335 -2.4556373968 112.6504268283 473.5695793995
2.0821692119 -1.0065134618 0.4658650749 512.7252763847 262.1570118517
1.2103062974 0.1184933070 0.6222756592 407.2094651486 179.4992636490
0.9923400970 0.5709656991 -0.1292795507 212.6767893030 370.4252281103
2.6984458114 1.3496573022 0.7124865195 254.3986943875 175.0313709609
1.6820117367 -2.6908657484 -0.4410075725 745.1556107116 453.3662796472
1.4393502068 -0.3605422360 0.5295601244 482.2041250532 232.3553152899
2.4819671509 -1.0003026340 -0.6462119426 457.6675338676 371.4038249512
2.4003927181 0.1999549924 -0.1597382894 347.5499235216 295.9263341163
1.6781638844 1.7635796532 -1.0815039641 7.9507265776 434.0506822660
2.8599623337 -1.4393414243 0.8130817700 509.9193239309 234.9272451594
2.8028733044 -1.8940930289 0.2984196099 539.2713980908 289.1076403795
2.2679231297 1.6166728105 1.6066018340 227.0892953936 42.3076517567
1.5339740108 -0.0088084180 1.0042570867 433.2749626009 132.6424110255
2.2683739193 1.5151538458 1.0720505343 222.8919913469 110.8300332970
2.8407462338 2.6756664027 -1.3199547291 68.8428693384 345.4021042679
2.5245239422 -1.9046691708 0.2882304037 561.3600061647 296.0211949456
1.2961433232 -0.2137759639 0.8682376054 486.1187082836 150.9821503290
2.5432224523 -0.6373923841 0.7409534547 453.8278793502 221.6017323735
2.9691898119 0.8306301282 -1.4718533968 262.6272424415 388.4558530052
1.9577623473 1.9570472736 1.2495788176 134.2999598229 39.8315205089
2.3703281476 -2.2094223224 -0.8768088657 576.6152068695 425.8725372660
2.5332886341 0.3624403137 -0.8886724309 311.2847135018 365.7478035339
2.7230803671 2.1668952310 -1.0932890004 119.2630581981 338.6198367678
1.9507874860 -0.6407648270 1.0479185312 496.9702798424 175.5672641947
1.3270867205 -0.5234995568 1.3446707796 565.6474244660 75.0751394621
2.8849499926 1.7528628131 -1.9172862492 156.4481958330 419.8441763411
1.6796342927 -1.3761458959 -0.5238268143 571.3453946095 432.1625947120
2.0330982211 1.2071025275 -0.3551796497 197.4829739997 303.2800899309
1.5235769822 -1.1851647188 1.3670204011 638.6548003411 128.4646185100
2.8384515790 -2.7845431762 0.8899561949 617.0878503844 256.8699046802
2.5609837967 -2.9277062911 -1.0449301538 617.5275534567 439.8243766805
1.7669752855 0.9690625695 -0.5529376649 201.7757654203 357.2045626523
1.8439066339 -0.9471699808 1.1522247373 549.1981678287 169.0168546213
1.4488983111 0.6617484764 1.0469220162 310.3128759420 77.3454171883
2.7059739807 -0.7331271193 0.7287971851 455.7109772866 226.3566248245
2.8833560441 2.6773336796 -0.2468877160 102.9474586063 237.5939468186
1.9496769023 -1.6101641628 0.3732577648 593.2994908202 293.4626127655
2.7832056284 2.7310910625 0.6875618561 111.8824942526 141.5350719159
0.7034332180 -0.0654622727 0.4930513506 536.1398055028 203.6807763295
1.9631750106 0.7384015444 -1.1730532119 231.3506356838 439.4721662204
2.7390766891 1.4458832406 -1.4800111153 189.0115972987 392.3305961329
1.6947515968 -1.6709432923 1.9441946478 690.2039638376 78.6112347759
1.3192468384 -0.5366856561 1.1335808896 559.8127124764 117.7757158209
2.3746660379 0.5242174031 1.6523616679 361.7695974556 86.4930443702
1.8809823717 2.0841163296 0.5893151287 72.6779339739 126.7769542880

gimbalangles:
-2.1581172603 -0.3377143887 -1.2639649760

end: