T_CW:
-0.0889431092 -0.9664431038 0.2409913908 0.1999076990
-0.0010738684 -0.2418571259 -0.9703112787 0.3921082659
0.9960361289 -0.0865612950 0.0204736920 -0.2358855403
0.0000000000 0.0000000000 0.0000000000 1.0000000000

T_CW_cov:
0.0000003453 0.0000000171 -0.0000000104 -0.0000000601 0.0000007328 0.0000000158
0.0000000171 0.0000002043 -0.0000000002 -0.0000005343 0.0000000354 -0.0000000522
-0.0000000104 -0.0000000002 0.0000002242 -0.0000000661 -0.0000000166 0.0000000017
-0.0000000601 -0.0000005343 -0.0000000661 0.0000019615 -0.0000001227 0.0000002425
0.0000007328 0.0000000354 -0.0000000166 -0.0000001227 0.0000020813 0.0000000599
0.0000000158 -0.0000000522 0.0000000017 0.0000002425 0.0000000599 0.0000006576

target_points_pix:
2.8469624497 -1.2706155376 -0.4268351525 471.4423630753 339.0407917823
1.2955616386 -1.4164051859 0.0125195018 674.2966710153 387.7315258777
2.9185907309 1.9178459633 1.8610296438 236.1612137414 60.2576884834
2.6305978994 -2.5336026126 1.4089481569 628.0038788412 206.0432917253
2.5591223247 -0.0443953625 0.5219552533 389.6122162130 228.3955135032
1.8324549851 0.5136414256 0.1050882143 307.4623006015 265.2856146022
2.2959027539 -0.3651612911 1.0377432566 444.1230035693 178.7680365129
2.3041003494 -2.2990699818 1.7052507894 652.3700446703 164.4787463768
2.2457088193 -0.2690198173 -1.2941584072 369.2433643060 446.6578903516
2.0176283046 -1.3083910700 2.4854543714 610.2021524140 26.5007739242
2.2385537561 -1.8200234489 -0.7064504535 555.2328766391 411.3060875726
2.8752574486 -1.5801047162 -0.1999385455 500.2694981510 323.8994944497
1.0143189639 -0.1834378360 0.2340703772 479.7512728121 302.8285773347
1.3939397812 -1.4548252074 -0.2639512733 645.0758132998 429.3298895580
2.6388940522 0.2859068827 0.6616028722 359.8917838852 206.9997071630
1.8436071198 -0.3614789899 -0.5329186283 413.1048228483 388.0567276568
2.6356910408 1.1581813945 0.7110316627 272.6181918704 178.3530480955
2.2974160006 1.1434337072 1.1115312662 272.2336624747 121.4683250069
1.8636994645 0.9851570773 0.8625067980 264.6932037580 132.7184234535
2.9486415274 -2.6758647837 -1.6358413215 552.9683649608 458.7085455826
2.4952987901 1.9204534977 1.3630564139 197.3579849862 79.7029367964
2.5258584135 -2.8592762385 -0.6116947642 624.5641679523 400.4738408583
2.8920798147 2.1378650829 -2.5311623147 100.5765224479 473.3459273751
2.7260240624 2.2495865463 -1.9352716347 86.4618645396 425.0194961288
2.3241395539 -2.8069241618 -0.5895953926 643.5627223599 411.5139256307
2.6278435143 1.8946618219 1.8255796272 222.2610273493 41.9733503494
2.6912848041 -2.1106228893 -0.6993441011 544.9623393640 385.9048657297
2.2863225682 -1.1407866103 2.4543879926 562.0038372849 49.9500161467
1.5889353798 -2.3704226469 0.0978376196 744.7559919797 375.0106782019
2.4841714159 1.4051269004 1.6262681959 264.0856215125 67.9064461192
2.7991553079 -1.1303929253 0.2989914414 476.8403281612 273.4513293116
2.3235776381 -0.6902499417 -1.1799127502 418.4874325770 434.0562968632
2.1983390802 1.3671984969 -1.0802983766 164.5799501555 387.2597761333
2.0950124471 -0.5055487376 0.8267820771 464.0019869189 203.0240122906
1.7824561088 1.2368809704 -0.1031601285 176.0955077412 272.1934892899
2.6588510636 -0.1466194073 -0.3037086062 378.4338172550 311.4108755503
2.2538497045 -0.9608366362 1.2047620648 514.5959854550 177.3365815412
2.3780720027 -0.0837965984 2.0767695085 437.8934823634 61.6473354571
2.9680979097 -2.4510036395 1.5364771412 593.4453212254 197.8596855466
2.8361755367 1.9949440335 -2.4556373968 112.0129007602 473.8532905083
2.0821692119 -1.0065134618 0.4658650749 512.5810818711 262.0393442735
1.2103062974 0.1184933070 0.6222756592 407.2816193290 179.1523146129
0.9923400970 0.5709656991 -0.1292795507 212.5632038077 370.4372715009
2.6984458114 1.3496573022 0.7124865195 254.8253455785 174.9100242953
1.6820117367 -2.6908657484 -0.4410075725 745.2231009434 453.1918771193
1.4393502068 -0.3605422360 0.5295601244 482.0205257500 232.3287612043
2.4819671509 -1.0003026340 -0.6462119426 458.1071389424 371.4121672442
2.4003927181 0.1999549924 -0.1597382894 347.5481676177 295.7362915668
1.6781638844 1.7635796532 -1.0815039641 8.0982861598 433.7567212941
2.8599623337 -1.4393414243 0.8130817700 510.0937111217 235.0914264451
2.8028733044 -1.8940930289 0.2984196099 539.5634612837 289.0244240266
2.2679231297 1.6166728105 1.6066018340 226.6809874993 42.6124832877
1.5339740108 -0.0088084180 1.0042570867 433.3010301063 132.9511610167
2.2683739193 1.5151538458 1.0720505343 222.5305829442 111.0513897417
2.8407462338 2.6756664027 -1.3199547291 69.4044160491 345.0627599656
2.5245239422 -1.9046691708 0.2882304037 561.3369518039 296.0471390849
1.2961433232 -0.2137759639 0.8682376054 486.3225062648 151.0564907712
2.5432224523 -0.6373923841 0.7409534547 453.7528530351 221.3733696612
2.9691898119 0.8306301282 -1.4718533968 262.3108994776 388.6451155541
1.9577623473 1.9570472736 1.2495788176 134.1985129584 39.8713771194
2.3703281476 -2.2094223224 -0.8768088657 576.5706752840 426.2461797972
2.5332886341 0.3624403137 -0.8886724309 311.1541305016 365.4535122929
2.7230803671 2.1668952310 -1.0932890004 119.1714888654 337.9429989067
1.9507874860 -0.6407648270 1.0479185312 496.6842437996 175.9328697362
1.3270867205 -0.5234995568 1.3446707796 565.6403729372 75.0040527459
2.8849499926 1.7528628131 -1.9172862492 156.5548735683 419.8865351309
1.6796342927 -1.3761458959 -0.5238268143 571.7182637646 431.9433410302
2.0330982211 1.2071025275 -0.3551796497 197.7232770889 303.3309283414
1.5235769822 -1.1851647188 1.3670204011 638.9025573006 128.3641784695
2.8384515790 -2.7845431762 0.8899561949 617.5072235849 256.8251153976
2.5609837967 -2.9277062911 -1.0449301538 617.4954348150 440.0998491760
1.7669752855 0.9690625695 -0.5529376649 201.5816457006 356.6027868127
1.8439066339 -0.9471699808 1.1522247373 549.3336583299 168.4936394975
1.4488983111 0.6617484764 1.0469220162 309.9599212636 77.2773008304
2.7059739807 -0.7331271193 0.7287971851 455.4195012227 226.1862737434
2.8833560441 2.6773336796 -0.2468877160 102.5477768145 238.0988135127
1.9496769023 -1.6101641628 0.3732577648 593.4651509942 293.9635830102
2.7832056284 2.7310910625 0.6875618561 111.8622073593 141.8486493344
0.7034332180 -0.0654622727 0.4930513506 536.2244486506 203.7844597162
1.9631750106 0.7384015444 -1.1730532119 231.3346398094 439.5897974365
2.7390766891 1.4458832406 -1.4800111153 189.1196994927 392.3857576075
1.6947515968 -1.6709432923 1.9441946478 690.4335720419 78.3963443145
1.3192468384 -0.5366856561 1.1335808896 559.5661055819 117.6073182374
2.3746660379 0.5242174031 1.6523616679 361.6130949394 86.5198471040
1.8809823717 2.0841163296 0.5893151287 72.5307375214 126.7084044001

gimbalangles:
-0.6875070863 -0.3547510849 0.0550671219

end: