T_CW:
-0.0889550054 -0.9664421424 0.2409908554 0.1997244251
-0.0011755933 -0.2418479909 -0.9703134377 0.3924192770
0.9960349517 -0.0865975444 0.0203774464 -0.2355933127
0.0000000000 0.0000000000 0.0000000000 1.0000000000

T_CW_cov:
0.0000003454 0.0000000171 -0.0000000104 -0.0000000600 0.0000007332 0.0000000159
0.0000000171 0.0000002044 -0.0000000002 -0.0000005347 0.0000000354 -0.0000000522
-0.0000000104 -0.0000000002 0.0000002243 -0.0000000662 -0.0000000166 0.0000000016
-0.0000000600 -0.0000005347 -0.0000000662 0.0000019626 -0.0000001225 0.0000002425
0.0000007332 0.0000000354 -0.0000000166 -0.0000001225 0.0000020825 0.0000000604
0.0000000159 -0.0000000522 0.0000000016 0.0000002425 0.0000000604 0.0000006582

target_points_pix:
2.8469624497 -1.2706155376 -0.4268351525 471.3160789751 338.8012598538
1.2955616386 -1.4164051859 0.0125195018 674.2295726269 387.7886129944
2.9185907309 1.9178459633 1.8610296438 235.7326208111 61.0721208452
2.6305978994 -2.5336026126 1.4089481569 627.9950641928 206.1026980629
2.5591223247 -0.0443953625 0.5219552533 389.7121630924 228.4534809694
1.8324549851 0.5136414256 0.1050882143 307.4501048817 265.3232871528
2.2959027539 -0.3651612911 1.0377432566 444.2298191890 178.9799692408
2.3041003494 -2.2990699818 1.7052507894 652.4964213423 164.6983787081
2.2457088193 -0.2690198173 -1.2941584072 368.7138246760 446.7059768251
2.0176283046 -1.3083910700 2.4854543714 610.3393569287 26.6352985388
2.2385537561 -1.8200234489 -0.7064504535 555.1667939197 411.3200295420
2.8752574486 -1.5801047162 -0.1999385455 500.2630781811 324.2406445281
1.0143189639 -0.1834378360 0.2340703772 479.8437305905 303.1886254109
1.3939397812 -1.4548252074 -0.2639512733 644.5046839721 429.0020935853
2.6388940522 0.2859068827 0.6616028722 360.0707676643 206.9011727857
1.8436071198 -0.3614789899 -0.5329186283 413.5370995352 388.1477371445
2.6356910408 1.1581813945 0.7110316627 272.2511348660 178.7290761910
2.2974160006 1.1434337072 1.1115312662 272.2575307059 121.6549375745
1.8636994645 0.9851570773 0.8625067980 264.8936478908 133.1235712846
2.9486415274 -2.6758647837 -1.6358413215 552.9532011525 458.6806557828
2.4952987901 1.9204534977 1.3630564139 197.6430400676 79.2693987010
2.5258584135 -2.8592762385 -0.6116947642 624.1764560359 400.7012052556
2.8920798147 2.1378650829 -2.5311623147 100.7466182954 473.3370642711
2.7260240624 2.2495865463 -1.9352716347 86.5102302870 425.2208408372
2.3241395539 -2.8069241618 -0.5895953926 643.7591246188 411.1175502808
2.6278435143 1.8946618219 1.8255796272 222.4525222511 42.2818447780
2.6912848041 -2.1106228893 -0.6993441011 544.7929382671 385.3555001049
2.2863225682 -1.1407866103 2.4543879926 561.8283874361 50.2478295135
1.5889353798 -2.3704226469 0.0978376196 744.9029805389 374.8481456177
2.4841714159 1.4051269004 1.6262681959 264.2270130770 67.8575443560
2.7991553079 -1.1303929253 0.2989914414 477.0234667743 273.5637819314
2.3235776381 -0.6902499417 -1.1799127502 418.7079682379 434.3056482992
2.1983390802 1.3671984969 -1.0802983766 164.8605312870 387.2936872575
2.0950124471 -0.5055487376 0.8267820771 464.0047753101 202.6278411543
1.7824561088 1.2368809704 -0.1031601285 175.9675618869 271.9712712194
2.6588510636 -0.1466194073 -0.3037086062 378.4492369452 311.5956959636
2.2538497045 -0.9608366362 1.2047620648 514.1993933291 176.6670620712
2.3780720027 -0.0837965984 2.0767695085 438.6606647663 61.7380277528
2.9680979097 -2.4510036395 1.5364771412 593.6613719360 198.2161591004
2.8361755367 1.9949440335 -2.4556373968 112.0908903771 473.2707661596
2.0821692119 -1.0065134618 0.4658650749 512.9163068345 262.3277025340
1.2103062974 0.1184933070 0.6222756592 407.2072253259 179.4560849142
0.9923400970 0.5709656991 -0.1292795507 212.5816985938 370.2430741541
2.6984458114 1.3496573022 0.7124865195 254.6832319484 174.7906599545
1.6820117367 -2.6908657484 -0.4410075725 745.2585368221 453.2579334480
1.4393502068 -0.3605422360 0.5295601244 482.1470878229 232.2630538779
2.4819671509 -1.0003026340 -0.6462119426 458.2914258888 371.2428085403
2.4003927181 0.1999549924 -0.1597382894 347.6202122472 296.0426629454
1.6781638844 1.7635796532 -1.0815039641 8.3437692021 433.9572605378
2.8599623337 -1.4393414243 0.8130817700 509.5246899171 234.7394155488
2.8028733044 -1.8940930289 0.2984196099 539.3484207056 288.9911540456
2.2679231297 1.6166728105 1.6066018340 226.7901850248 42.5487979874
1.5339740108 -0.0088084180 1.0042570867 433.1190567749 132.1585955131
2.2683739193 1.5151538458 1.0720505343 222.3811503416 110.9906037324
2.8407462338 2.6756664027 -1.3199547291 68.7792283762 345.2107859547
2.5245239422 -1.9046691708 0.2882304037 561.2729462650 295.7692256649
1.2961433232 -0.2137759639 0.8682376054 485.9821008036 150.6928843736
2.5432224523 -0.6373923841 0.7409534547 453.5569834625 221.2880843283
2.9691898119 0.8306301282 -1.4718533968 262.4321837884 388.6132231623
1.9577623473 1.9570472736 1.2495788176 134.2654044280 39.7397205035
2.3703281476 -2.2094223224 -0.8768088657 576.1545479976 426.0069168843
2.5332886341 0.3624403137 -0.8886724309 311.4095575735 365.1294026220
2.7230803671 2.1668952310 -1.0932890004 119.0978513818 338.1514717627
1.9507874860 -0.6407648270 1.0479185312 496.6022882570 175.5101530901
1.3270867205 -0.5234995568 1.3446707796 565.2905182831 75.4412224172
2.8849499926 1.7528628131 -1.9172862492 156.7674019353 420.2014398075
1.6796342927 -1.3761458959 -0.5238268143 571.5085298027 432.5360121685
2.0330982211 1.2071025275 -0.3551796497 197.6954204999 303.6334057283
1.5235769822 -1.1851647188 1.3670204011 638.7515022731 128.1831052203
2.8384515790 -2.7845431762 0.8899561949 617.2777223955 256.7387320662
2.5609837967 -2.9277062911 -1.0449301538 617.2564546528 440.2509813699
1.7669752855 0.9690625695 -0.5529376649 201.5772192929 356.7929275663
1.8439066339 -0.9471699808 1.1522247373 549.4578348377 169.0877065694
1.4488983111 0.6617484764 1.0469220162 309.9053274538 77.3905848492
2.7059739807 -0.7331271193 0.7287971851 456.1320963797 226.3904481953
2.8833560441 2.6773336796 -0.2468877160 102.4919443117 237.8305999949
1.9496769023 -1.6101641628 0.3732577648 593.6653222475 294.1809417412
2.7832056284 2.7310910625 0.6875618561 111.5990506323 141.5868903795
0.7034332180 -0.0654622727 0.4930513506 535.6793842591 204.0531069701
1.9631750106 0.7384015444 -1.1730532119 231.5715841742 439.4626043693
2.7390766891 1.4458832406 -1.4800111153 188.8387250555 392.2688735286
1.6947515968 -1.6709432923 1.9441946478 690.2679388706 78.1697610990
1.3192468384 -0.5366856561 1.1335808896 559.4544907475 117.4265720756
2.3746660379 0.5242174031 1.6523616679 361.6752797888 86.2784270003
1.8809823717 2.0841163296 0.5893151287 72.4277747078 126.3525447839

gimbalangles:
0.5055602690 -0.2649701796 -1.9492715171

end: