T_CW:
-0.1100711114 -0.8866926819 0.4490661847 -0.0201600692
-0.1928442891 0.4622780054 0.8655114822 0.0237205213
-0.9750361176 0.0086679616 -0.2218770737 -0.0309021074
0.0000000000 0.0000000000 0.0000000000 1.0000000000

T_CW_cov:
0.0000004307 -0.0000000005 -0.0000000018 -0.0000000438 0.0000009870 0.0000000483
-0.0000000005 0.0000002310 -0.0000000094 -0.0000006419 0.0000000276 0.0000000758
-0.0000000018 -0.0000000094 0.0000001888 0.0000000160 -0.0000000190 -0.0000000038
-0.0000000438 -0.0000006419 0.0000000160 0.0000023616 -0.0000001801 -0.0000002201
0.0000009870 0.0000000276 -0.0000000190 -0.0000001801 0.0000028402 0.0000001515
0.0000000483 0.0000000758 -0.0000000038 -0.0000002201 0.0000001515 0.0000005857

target_points_pix:
-2.6364039434 -2.3323645090 1.6131212919 717.5647113655 334.3911839878
-2.8948441399 0.6269529752 1.2765981320 405.7131015275 429.8775699332
-2.8243573618 2.6628569762 -1.5907718359 158.1673640427 272.5476195819
-1.8989089335 2.7021134331 -0.4054152166 76.3294345565 400.3812906140
-2.4509590965 0.8871749841 -2.1853645049 246.3372036202 156.1745048849
-2.7560724588 -1.2194953932 1.9192833866 618.1072331137 419.6201951072
-1.1698605629 -0.0915581141 -1.3700899405 302.3268807358 72.1952760547
-2.5095895023 1.4537282118 -1.9005724212 214.9689597492 200.3720044346
-1.9323731186 -0.3012474738 -0.7481905140 390.2748934957 192.7828070790
-2.1173200533 -2.1447782396 -1.4060294826 529.4678606481 54.9670569363
-1.7590488229 -1.6158880204 -0.8003083999 538.3076401845 98.5433813320
-1.3783621819 0.6183489028 -2.2812195003 184.3573789541 54.1390977139
-2.6734566750 -2.6265165695 1.2701937931 713.0224067127 284.6132108354
-1.6797658353 0.4497206555 0.9246442775 406.6073588514 472.8169837372
-1.4132040819 1.7390647207 -0.1303300090 120.6511387360 411.7685569949
-2.7526374896 -2.4282561608 -2.0502608060 493.9767425613 56.2239173025
-2.9630438574 1.2498685434 0.2703220651 316.6226736578 360.9132827965
-2.8002920322 -2.7177990940 0.7087254771 665.0793307209 231.8285621895
-2.6318751097 -0.2406755511 -1.7765257254 349.2836886573 147.2897746037
-2.2570881565 2.7082349037 -2.0633919600 92.6467956252 232.7087312824
-2.1289845198 -2.0063977310 0.0907732718 620.5355169807 189.3379050019
-2.4349464755 0.7633696205 -1.9950480928 260.6385472269 163.3589969253
-2.9891561525 1.0928385460 -1.1234454871 285.7586213547 249.7414148028
-1.9740008485 0.2407913313 0.2379810357 387.2276836183 334.3390830969
-2.5927084704 -2.6493188930 -0.8510426906 577.9036173606 108.9097296362
-1.4003785247 -0.3736922668 -0.7233151088 398.0151772349 157.4472452293
-2.7312989435 2.6530594031 -1.3942433270 154.8606168944 286.0015450578
-2.6333375856 2.5260876036 -0.4714651478 177.1289032598 356.7714267182
-2.6437567343 -2.7994983705 -2.3091975591 511.9779035274 19.5817080511
-1.2333229781 0.8026401249 -0.6833503019 211.2143537730 246.9167596483
-2.7741509670 -2.0402444891 -0.1757024121 556.3476240058 191.4016004225
-1.6281093659 -0.3303049794 1.0078361132 540.2303028976 432.2126607463
-2.4109286583 1.5240721805 0.6122623179 283.9615709158 428.9459017306
-1.9646052403 -2.0029863434 -1.3242917964 529.7115992933 52.6753526126
-1.9557092750 -0.1852068968 1.1358403326 504.5774842799 432.8736668383
-1.5747020397 0.3647896395 -2.1186734669 238.0680128955 75.6838615283
-2.9933007186 -2.9934415882 -2.4369486571 508.0461664723 34.2791503642
-0.9505699837 -1.1068315995 -0.2186933854 625.7322813574 112.0340751074
-2.5954390840 0.9615306910 -1.9993108423 253.3148643258 177.0621683539
-1.2146827552 0.4313236250 0.0528315889 323.5366075619 345.8935711023
-2.4795398100 0.0634801912 0.4110664761 415.2857375625 332.8597401901
-1.9262396669 -0.5333356992 0.4900413074 498.4712154576 319.3760903606
-1.8048953481 1.9335417400 -1.4229821744 119.9875236968 243.4218668849
-0.9856763569 -0.5848182569 -0.8305814883 425.9767939783 70.4781769231
-2.8798376111 -2.4797889453 0.6139716428 631.2124037639 236.3091976211
-2.3495685473 0.3594685558 -2.9255488728 259.8175857317 83.0197842471
-1.7586502624 -2.0947587884 0.1629999156 687.6897621025 170.7949874019
-2.4637418305 -2.7427375996 0.0218696577 653.4667850637 161.9514434533
-2.7764038774 2.3680402460 -0.8289858517 191.6097572242 318.1658481279
-1.2502089736 -0.4633432231 -1.6307261334 343.3216110754 26.7832955016
-1.7725763211 0.1321032521 -2.5127218453 260.3777861603 52.0576592982
-2.0098147786 -2.3425078733 -0.2469870441 642.3387773830 130.4548963652
-1.8196517110 0.4238616465 0.7629712756 397.5608889733 428.4213308907
-1.6435711194 1.7206815262 -0.2385074952 158.2893395259 376.4521360119
-2.8070000852 2.1028983329 -1.6509945629 194.4309085489 248.4178829069
-1.0050947886 1.3796874961 -1.1237346037 47.7570727742 216.2617846445
-2.9469886051 -0.0556582209 -2.3291306646 325.0208827162 135.3010872749
-2.2714974815 -1.5754805292 -0.3708202209 532.1119427221 176.8884405593
-2.7642033712 2.8377397974 0.0312227722 175.0628531138 410.6353388431
-2.0168399528 -0.7930379665 1.4646715140 611.0208460831 437.2497079551
-1.3199728770 -0.4454115690 0.6293955931 549.5760983040 373.9034787898
-2.9188407590 -1.3810012220 1.0839570419 565.0244658580 323.2483638929
-0.6100045683 0.5645809022 0.0344290762 186.3999324119 425.5203781941
-1.5563505293 -2.3259772891 0.0237559221 743.5823270363 118.3867328890
-1.9296688539 -1.8920561824 -1.4908164832 509.4406106512 41.8127717861
-1.8553364985 -2.2370036957 -1.3848175939 556.5602976798 22.5884116601
-1.1895189559 -0.0584733151 -0.8465864265 335.2863396121 146.6396040898
-1.7178836189 1.5332592184 -0.2148120387 193.0790703247 363.9016079181
-2.1610756819 -2.5467967732 -1.5818627512 552.6496223290 27.8850632053
-1.0310568987 0.1681308091 -1.9239170579 217.0982830259 4.4337423725
-1.6965573658 2.2500304313 -1.4300462053 70.1478171699 258.2556134484
-2.9458023404 -0.1409691835 0.5459986167 435.3982901193 328.1789841587
-2.0809982885 -2.3007220402 -1.1211365928 565.0037230586 64.8447340020
-1.7593186310 0.6483982310 -1.4034331411 250.5269560128 172.6401691147
-2.4005462004 -1.4231052476 -1.7722446267 439.0537174732 86.6350367279
-1.0519031372 -0.6309223896 -1.1260086692 404.5699697448 36.4882476359
-2.5222100225 -0.7635231769 -2.4214857334 362.5036759329 81.4180268003
-2.7635838127 2.5758996306 0.1771810151 199.9714563483 413.2944143503
-1.6522343275 -1.1665498691 1.5140104995 742.8407961977 458.0308869305
-2.9155772865 1.8015255028 0.9202060444 293.7777750200 443.4415546224
-2.3709911216 0.7873857488 -1.7873182151 261.9097076567 176.1317671014
-2.1351115329 0.3711751050 -2.8548084772 249.7037420377 71.8515196258
-1.5993342926 1.4370656586 -2.3495525503 120.5322084878 118.2778800061
-2.3524978632 -0.4190901020 -0.6763358060 406.3711770315 209.4246874571
-1.7962047277 -1.0397187367 -0.0814019688 523.7906230046 214.4881548577
-1.5057213679 1.4881960724 0.1935683238 188.2257983307 440.7403114055
-2.5730577092 -2.3438354084 1.3885911678 708.8727427777 311.5116809869
-2.4323608169 -2.8139920343 -0.8519714480 602.9848014639 90.1478948464
-2.5794207443 -2.5586017987 0.5377249120 661.7208639930 219.3260494570
-2.2583880082 -1.9579383648 0.2674464298 615.9118456518 214.8520419988
-1.6020343444 1.0108264512 -2.1461077954 170.5641304915 112.5922205027
-1.7376268140 2.4434120148 -2.6251467566 36.4366785427 155.7991728876
-2.7196823128 2.1269550887 -0.8836294877 204.5502987691 304.9613791408
-1.4239071394 1.7163547221 -0.1251398761 125.9796516704 409.6065483732
-2.8451823330 1.0493991114 0.7078918140 345.4271532667 395.0848114988
-1.9858815282 -1.4791766923 -1.1752089238 485.8399428301 94.2119956305
-2.2862629253 -0.2226837426 -1.4929258470 352.4593623400 150.3823416464
-2.7921738827 1.8243530301 -1.3223706776 220.4171116812 260.7706584672

gimbalangles:
-2.8905389657 -0.4657541333 0.1234831930

end: