T_CW:
-0.0888673312 -0.9664383940 0.2410382293 0.1996735600
-0.0013831599 -0.2418757207 -0.9703062520 0.3930348224
0.9960425113 -0.0865619215 0.0201581109 -0.2355700646
0.0000000000 0.0000000000 0.0000000000 1.0000000000

T_CW_cov:
0.0000003302 0.0000000052 -0.0000000113 -0.0000000348 0.0000007046 0.0000000053
0.0000000052 0.0000001951 -0.0000000003 -0.0000005152 0.0000000129 -0.0000000607
-0.0000000113 -0.0000000003 0.0000002169 -0.0000000607 -0.0000000151 0.0000000023
-0.0000000348 -0.0000005152 -0.0000000607 0.0000019180 -0.0000000768 0.0000002598
0.0000007046 0.0000000129 -0.0000000151 -0.0000000768 0.0000020273 0.0000000402
0.0000000053 -0.0000000607 0.0000000023 0.0000002598 0.0000000402 0.0000006502

target_points_pix:
2.8469624497 -1.2706155376 -0.4268351525 471.2556912889 339.1298063805
1.2955616386 -1.4164051859 0.0125195018 674.2737448023 387.7689875570
2.9185907309 1.9178459633 1.8610296438 235.8634034698 60.7485683919
2.6305978994 -2.5336026126 1.4089481569 628.0331491286 206.3051826672
2.5591223247 -0.0443953625 0.5219552533 390.0152856219 228.7123794779
1.8324549851 0.5136414256 0.1050882143 307.6518931495 264.9626030471
2.2959027539 -0.3651612911 1.0377432566 444.0032865487 178.7658639196
2.3041003494 -2.2990699818 1.7052507894 652.5846442838 164.7180099118
2.2457088193 -0.2690198173 -1.2941584072 368.5177374279 446.6521737349
2.0176283046 -1.3083910700 2.4854543714 610.3259132584 26.6729845586
2.2385537561 -1.8200234489 -0.7064504535 555.1242842090 410.9719858715
2.8752574486 -1.5801047162 -0.1999385455 500.0058167763 324.3126512775
1.0143189639 -0.1834378360 0.2340703772 479.6774176697 303.0367768472
1.3939397812 -1.4548252074 -0.2639512733 645.2041890207 429.4039155975
2.6388940522 0.2859068827 0.6616028722 359.9742495954 207.0581973055
1.8436071198 -0.3614789899 -0.5329186283 413.3047821497 387.7605355627
2.6356910408 1.1581813945 0.7110316627 271.9531263635 178.7978874587
2.2974160006 1.1434337072 1.1115312662 272.4803989380 121.2413651144
1.8636994645 0.9851570773 0.8625067980 264.6572175190 132.9858672486
2.9486415274 -2.6758647837 -1.6358413215 553.1599063648 458.4966179210
2.8400527988 2.3293742471 -2.5758741647 72.8715223306 479.6579610187
2.4952987901 1.9204534977 1.3630564139 197.8581689533 79.5130155839
2.5258584135 -2.8592762385 -0.6116947642 624.4306669195 400.6449706633
2.8920798147 2.1378650829 -2.5311623147 100.9206841590 473.2391026672
2.7260240624 2.2495865463 -1.9352716347 86.3886809629 425.1446203876
2.3241395539 -2.8069241618 -0.5895953926 643.4758453202 411.2463371388
2.6278435143 1.8946618219 1.8255796272 222.1913436332 42.2449986770
2.6912848041 -2.1106228893 -0.6993441011 544.7612858843 385.9189019616
2.2863225682 -1.1407866103 2.4543879926 562.2032609453 50.1066357538
1.5889353798 -2.3704226469 0.0978376196 744.6017375572 374.5845913922
2.4841714159 1.4051269004 1.6262681959 263.9657130688 67.6556435302
2.7991553079 -1.1303929253 0.2989914414 476.6011377344 273.5589327960
2.3235776381 -0.6902499417 -1.1799127502 418.7127371255 434.1756720693
2.1983390802 1.3671984969 -1.0802983766 165.3696355237 387.3092769725
2.0950124471 -0.5055487376 0.8267820771 464.0184572473 203.3634052171
1.7824561088 1.2368809704 -0.1031601285 176.0885852427 272.0023427990
2.6588510636 -0.1466194073 -0.3037086062 378.3814656936 311.5423057731
2.2538497045 -0.9608366362 1.2047620648 514.3365547360 176.8166742643
2.3780720027 -0.0837965984 2.0767695085 438.3673291082 61.6814429135
2.9680979097 -2.4510036395 1.5364771412 593.7314343977 198.2049636239
2.8361755367 1.9949440335 -2.4556373968 112.7166122485 473.6085461846
2.0821692119 -1.0065134618 0.4658650749 512.7584268811 262.1110453393
1.2103062974 0.1184933070 0.6222756592 406.9823484872 179.4498467564
0.9923400970 0.5709656991 -0.1292795507 212.7788055781 370.4411122861
2.6984458114 1.3496573022 0.7124865195 254.6574050800 174.8330218936
1.6820117367 -2.6908657484 -0.4410075725 745.0888489044 453.1452398916
1.4393502068 -0.3605422360 0.5295601244 481.9424248588 232.5978655699
2.4819671509 -1.0003026340 -0.6462119426 457.9767283063 371.4069424544
2.4003927181 0.1999549924 -0.1597382894 347.7455647474 295.6690022728
1.6781638844 1.7635796532 -1.0815039641 8.0454329876 434.2190894210
2.8599623337 -1.4393414243 0.8130817700 509.5896070375 235.2415022282
2.8028733044 -1.8940930289 0.2984196099 539.5518713426 289.0475271298
2.2679231297 1.6166728105 1.6066018340 226.4049527798 42.6904527985
1.5339740108 -0.0088084180 1.0042570867 432.8114573902 132.5962420774
2.2683739193 1.5151538458 1.0720505343 222.4785357631 110.7654527709
2.8407462338 2.6756664027 -1.3199547291 69.0308903752 345.3355994729
2.5245239422 -1.9046691708 0.2882304037 561.4377581778 295.9637159388
1.2961433232 -0.2137759639 0.8682376054 485.9736742730 150.6744781668
2.5432224523 -0.6373923841 0.7409534547 453.9141942330 221.7017312877
2.9691898119 0.8306301282 -1.4718533968 262.7502983257 388.4779361623
1.9577623473 1.9570472736 1.2495788176 134.5213120843 39.9774210229
2.3703281476 -2.2094223224 -0.8768088657 576.6765229374 426.3429416336
2.5332886341 0.3624403137 -0.8886724309 311.4661561551 365.0191716830
2.7230803671 2.1668952310 -1.0932890004 119.1554966850 338.3614516025
1.9507874860 -0.6407648270 1.0479185312 497.0603441164 175.5168128360
1.3270867205 -0.5234995568 1.3446707796 565.6431139918 75.5402497880
2.8849499926 1.7528628131 -1.9172862492 156.6912792815 420.0224581735
1.6796342927 -1.3761458959 -0.5238268143 571.4982532602 432.1088755484
2.0330982211 1.2071025275 -0.3551796497 197.4320044008 303.1277450681
1.5235769822 -1.1851647188 1.3670204011 638.7620151700 128.4313345090
2.8384515790 -2.7845431762 0.8899561949 617.4411972693 256.7641148895
2.5609837967 -2.9277062911 -1.0449301538 617.0597995777 440.0325763999
1.7669752855 0.9690625695 -0.5529376649 201.0896076983 357.3417286749
1.8439066339 -0.9471699808 1.1522247373 549.4656777534 168.7012901092
1.4488983111 0.6617484764 1.0469220162 309.8699546293 77.5167235941
2.7059739807 -0.7331271193 0.7287971851 455.4043270549 226.2805105273
2.8833560441 2.6773336796 -0.2468877160 103.0385059075 237.7104402369
1.9496769023 -1.6101641628 0.3732577648 593.6358691915 294.2169794381
2.7832056284 2.7310910625 0.6875618561 112.0730488753 141.4064955499
0.7034332180 -0.0654622727 0.4930513506 536.0794311670 204.1967703418
1.9631750106 0.7384015444 -1.1730532119 231.3451165917 439.4603206245
2.7390766891 1.4458832406 -1.4800111153 188.9671722641 391.8392613175
1.6947515968 -1.6709432923 1.9441946478 690.5797435705 78.1588986395
1.3192468384 -0.5366856561 1.1335808896 559.5952757219 117.6501781692
2.3746660379 0.5242174031 1.6523616679 361.8222919150 86.3715072071
1.8809823717 2.0841163296 0.5893151287 72.4629373557 126.6420778852

gimbalangles:
1.2978274639 -0.3117091699 0.6291138301

end: