T_CW:
-0.0889399821 -0.9664058691 0.2411418168 0.2001199876
-0.0010910556 -0.2420065957 -0.9702739908 0.3923525273
0.9960363895 -0.0865592505 0.0204696598 -0.2354552520
0.0000000000 0.0000000000 0.0000000000 1.0000000000

T_CW_cov:
0.0000003304 0.0000000052 -0.0000000113 -0.0000000349 0.0000007051 0.0000000049
0.0000000052 0.0000001951 -0.0000000003 -0.0000005155 0.0000000130 -0.0000000608
-0.0000000113 -0.0000000003 0.0000002169 -0.0000000605 -0.0000000151 0.0000000023
-0.0000000349 -0.0000005155 -0.0000000605 0.0000019191 -0.0000000772 0.0000002602
0.0000007051 0.0000000130 -0.0000000151 -0.0000000772 0.0000020287 0.0000000392
0.0000000049 -0.0000000608 0.0000000023 0.0000002602 0.0000000392 0.0000006504

target_points_pix:
2.8469624497 -1.2706155376 -0.4268351525 471.3896768398 339.2289451779
1.2955616386 -1.4164051859 0.0125195018 674.7349554355 387.6623539065
2.9185907309 1.9178459633 1.8610296438 236.0968456830 60.6125373651
2.6305978994 -2.5336026126 1.4089481569 627.9713451401 206.1439617414
2.5591223247 -0.0443953625 0.5219552533 390.0813463101 228.1439174325
1.8324549851 0.5136414256 0.1050882143 307.5538746685 265.3155321465
2.2959027539 -0.3651612911 1.0377432566 444.0381527350 179.1847126791
2.3041003494 -2.2990699818 1.7052507894 652.2613848219 164.6777003211
2.2457088193 -0.2690198173 -1.2941584072 369.3782074857 446.4649356221
2.0176283046 -1.3083910700 2.4854543714 610.4696800603 26.8395163377
2.2385537561 -1.8200234489 -0.7064504535 555.3845849933 411.1750427768
2.8752574486 -1.5801047162 -0.1999385455 499.6193032683 324.0688915074
1.0143189639 -0.1834378360 0.2340703772 479.4714304235 302.7232596393
1.3939397812 -1.4548252074 -0.2639512733 644.5116819938 429.2526290145
2.6388940522 0.2859068827 0.6616028722 359.7923706444 207.3457817518
1.8436071198 -0.3614789899 -0.5329186283 413.6418208355 388.1300857480
2.6356910408 1.1581813945 0.7110316627 272.1862549227 178.5194007823
2.2974160006 1.1434337072 1.1115312662 272.6661557472 121.4623199395
1.8636994645 0.9851570773 0.8625067980 264.6729352917 132.7216034396
2.9486415274 -2.6758647837 -1.6358413215 553.1261134921 458.1916632546
2.8400527988 2.3293742471 -2.5758741647 72.7111029181 479.8672959730
2.4952987901 1.9204534977 1.3630564139 197.9447025531 79.1516257831
2.5258584135 -2.8592762385 -0.6116947642 624.2197593192 400.5304999550
2.8920798147 2.1378650829 -2.5311623147 100.4813685460 473.5645953347
2.7260240624 2.2495865463 -1.9352716347 86.0048053276 425.5250202180
2.3241395539 -2.8069241618 -0.5895953926 643.5096064483 411.2116888729
2.6278435143 1.8946618219 1.8255796272 222.4089727556 41.6482999777
2.6912848041 -2.1106228893 -0.6993441011 544.7821149191 385.6779296919
2.2863225682 -1.1407866103 2.4543879926 561.9581877629 50.2828533425
1.5889353798 -2.3704226469 0.0978376196 744.7709250704 374.9361421748
2.4841714159 1.4051269004 1.6262681959 264.1148977158 67.9913176665
2.7991553079 -1.1303929253 0.2989914414 476.9278010332 273.5321122612
2.3235776381 -0.6902499417 -1.1799127502 418.4487404313 434.0989305591
2.1983390802 1.3671984969 -1.0802983766 164.7048814436 387.1290600628
2.0950124471 -0.5055487376 0.8267820771 464.2504447964 203.1276808112
1.7824561088 1.2368809704 -0.1031601285 176.1167842785 272.3065961588
2.6588510636 -0.1466194073 -0.3037086062 378.7377919361 311.8508564691
2.2538497045 -0.9608366362 1.2047620648 514.5099825745 177.3358573761
2.3780720027 -0.0837965984 2.0767695085 438.4160267468 61.8379681990
2.9680979097 -2.4510036395 1.5364771412 593.9825142426 198.0237027198
2.8361755367 1.9949440335 -2.4556373968 112.5171550701 473.3971465152
2.0821692119 -1.0065134618 0.4658650749 512.7084772010 262.3481592024
1.2103062974 0.1184933070 0.6222756592 407.1110806974 179.6418185874
0.9923400970 0.5709656991 -0.1292795507 212.9940971215 370.4128742411
2.6984458114 1.3496573022 0.7124865195 254.3023678532 174.8349818638
1.6820117367 -2.6908657484 -0.4410075725 745.2052293013 452.9388115668
1.4393502068 -0.3605422360 0.5295601244 482.1631618511 232.6130339604
2.4819671509 -1.0003026340 -0.6462119426 458.2933101196 371.1601497125
2.4003927181 0.1999549924 -0.1597382894 347.7135601080 295.9787059048
1.6781638844 1.7635796532 -1.0815039641 8.0442720939 433.2983915334
2.8599623337 -1.4393414243 0.8130817700 509.9569722147 234.9286258629
2.8028733044 -1.8940930289 0.2984196099 539.5481416600 289.2947588568
2.2679231297 1.6166728105 1.6066018340 226.9288786149 42.6027636813
1.5339740108 -0.0088084180 1.0042570867 433.3905275697 132.7115662962
2.2683739193 1.5151538458 1.0720505343 222.8568723180 111.1390095816
2.8407462338 2.6756664027 -1.3199547291 69.1878682604 345.5310226151
2.5245239422 -1.9046691708 0.2882304037 561.8065912620 295.9842515947
1.2961433232 -0.2137759639 0.8682376054 486.1909987073 150.9640903716
2.5432224523 -0.6373923841 0.7409534547 453.8267348451 221.5814030784
2.9691898119 0.8306301282 -1.4718533968 262.3714076342 388.5882483371
1.9577623473 1.9570472736 1.2495788176 134.6130063946 39.7980129023
2.3703281476 -2.2094223224 -0.8768088657 576.4263733402 426.3357366514
2.5332886341 0.3624403137 -0.8886724309 310.9564054750 365.2392274265
2.7230803671 2.1668952310 -1.0932890004 118.8049097377 338.1598873307
1.9507874860 -0.6407648270 1.0479185312 496.8318613842 175.6636800202
1.3270867205 -0.5234995568 1.3446707796 565.4038376862 75.5450160262
2.8849499926 1.7528628131 -1.9172862492 156.6330910808 419.7284391258
1.6796342927 -1.3761458959 -0.5238268143 571.3391611121 432.7243046174
2.0330982211 1.2071025275 -0.3551796497 197.6209689443 303.4202810037
1.5235769822 -1.1851647188 1.3670204011 638.7265782856 128.4512250589
2.8384515790 -2.7845431762 0.8899561949 617.5948884676 256.7742564222
2.5609837967 -2.9277062911 -1.0449301538 617.8459922935 439.9493496603
1.7669752855 0.9690625695 -0.5529376649 201.8327492293 357.1564561967
1.8439066339 -0.9471699808 1.1522247373 549.9634216730 168.8536443004
1.4488983111 0.6617484764 1.0469220162 309.8285514943 77.1896001157
2.7059739807 -0.7331271193 0.7287971851 455.7605557799 226.1373582793
2.8833560441 2.6773336796 -0.2468877160 102.8027437131 237.4773656174
1.9496769023 -1.6101641628 0.3732577648 593.6055591708 294.0529632918
2.7832056284 2.7310910625 0.6875618561 111.8125999627 141.7650280517
0.7034332180 -0.0654622727 0.4930513506 535.7528819920 204.0104283179
1.9631750106 0.7384015444 -1.1730532119 231.4386212686 439.4143814172
2.7390766891 1.4458832406 -1.4800111153 189.2142596314 392.2105672797
1.6947515968 -1.6709432923 1.9441946478 690.2320323730 77.9448995283
1.3192468384 -0.5366856561 1.1335808896 559.7696050698 117.3222326042
2.3746660379 0.5242174031 1.6523616679 361.8852356314 86.6217626625
1.8809823717 2.0841163296 0.5893151287 72.8161715169 126.7977802930

gimbalangles:
1.6460830356 0.3235809816 -0.0144481286

end: