T_CW:
-0.6172992377 -0.7410230688 -0.2642469728 -0.0346618860
0.4631804561 -0.6138160034 0.6392916229 -0.0022872964
-0.6359288610 0.2722401981 0.7221355539 0.0038496360
0.0000000000 0.0000000000 0.0000000000 1.0000000000

T_CW_cov:
0.0000006312 0.0000001104 0.0000000220 -0.0000002477 0.0000014466 -0.0000002464
0.0000001104 0.0000003464 -0.0000000227 -0.0000009922 0.0000002247 -0.0000000892
0.0000000220 -0.0000000227 0.0000002288 0.0000001017 0.0000000948 -0.0000000053
-0.0000002477 -0.0000009922 0.0000001017 0.0000035002 -0.0000004870 0.0000001365
0.0000014466 0.0000002247 0.0000000948 -0.0000004870 0.0000039628 -0.0000005052
-0.0000002464 -0.0000000892 -0.0000000053 0.0000001365 -0.0000005052 0.0000007753

target_points_pix:
-2.6364039434 -2.3323645090 1.6131212919 692.2171515233 375.2976909739
-2.8948441399 0.6269529752 1.2765981320 453.5075282681 164.2595409227
-1.7842749994 0.3589897521 1.3896783254 421.8544860366 222.0081303068
0.1742910257 2.9893768659 1.8724033039 40.4866251208 173.5905135555
0.4101131736 0.5362741924 2.2116901022 168.4443453778 446.6763310792
0.3768682695 1.5477426008 2.0531356562 91.6832413363 316.9794289333
-2.7560724588 -1.2194953932 1.9192833866 552.5439605302 299.4619362277
0.9456625691 1.7601532697 2.9743486518 52.3466787715 389.0743187588
-2.3803740549 2.2241037003 1.1999952244 332.4903366052 101.5441936981
-1.6797658353 0.4497206555 0.9246442775 430.4158405168 179.0963769089
-0.1910322562 1.2311524432 2.2972743069 211.2703763320 310.6013865354
-2.9630438574 1.2498685434 0.2703220651 454.5427529685 42.9547245535
0.8211055262 1.2423480346 2.5425745515 63.5887411557 420.6919458283
-2.2493776015 -2.3923425776 1.7472308018 690.6485751817 421.8153846292
-0.8454043785 2.6955158446 1.3401100284 174.1082798519 110.9370437504
-2.1145543690 2.5368280306 1.6527436758 297.2572640737 128.2516468770
0.2911990845 0.4534318924 1.9094584180 181.9963647622 436.2626035447
-2.3933415223 -2.8145690041 2.1568703343 683.7764016702 447.6236731849
-1.9740008485 0.2407913313 0.2379810357 527.4623935197 92.3018436233
-1.9416308981 -1.1170647662 2.7064884155 482.1606493719 366.2793554650
-2.1987197781 2.6869103662 1.2249913925 295.9694961615 88.4355499488
-1.8055531173 -2.3431906182 2.2358729284 628.4915550171 469.9762834992
-0.8437154314 1.5526174756 2.5041567278 259.5668329787 261.9378659873
-1.4715007191 1.0947300271 1.7225109219 336.8290096616 214.8323280921
-1.6281093659 -0.3303049794 1.0078361132 511.9760549828 252.3517783514
-2.4109286583 1.5240721805 0.6122623179 391.8454662105 71.5550543999
-0.4403439149 0.7830369850 1.9775365700 266.7322258586 312.0391730542
-1.9557092750 -0.1852068968 1.1358403326 496.2942671148 231.3538721194
-0.9402351494 -1.2005288970 2.4392588703 469.3057983780 460.6038710809
-0.3089028941 2.6625183818 2.6735419307 161.8984638682 233.8950373391
0.3581181741 0.7410917287 2.9171161179 192.5520190521 421.9323921614
-0.8537239679 1.5280305348 1.0098617859 245.8121793328 140.9624142772
0.0001974302 0.4256021854 2.6457210473 250.3081878378 409.4980571241
-1.8400861476 0.6802285019 2.7417002054 366.0013664920 274.6743598708
-2.2600804841 2.7042386112 2.9957597684 294.8136464608 195.2496711385
-2.2552646269 1.6043643505 1.8194632491 351.1298299375 173.5272769852
-0.7198827339 0.7791230628 0.4858749195 305.3822161254 120.8233228193
-1.2364746597 -0.8307857292 2.2308155062 459.6902087024 390.8979639978
-1.2146827552 0.4313236250 0.0528315889 474.3698415893 32.9620336053
-1.8310523068 -0.1889451984 1.5644050636 463.8548217026 268.1720599890
-2.4795398100 0.0634801912 0.4110664761 546.4164315394 121.6164199236
-1.4178930604 0.5616682054 2.3963558138 356.8892410639 285.5391844142
-2.6261878393 -0.7849814902 2.7541684472 476.1914031094 311.4938215848
-1.9262396669 -0.5333356992 0.4900413074 614.3155160456 196.7292848326
-0.2121167416 1.7897788713 0.8297268490 89.0747555093 107.6594919890
-2.3787147104 0.3569107646 2.5683948238 409.7910249457 261.8653157925
0.0114893594 1.4849654352 2.7194465450 184.6535162792 324.3248391913
-1.0463656283 2.8561966183 2.4513405431 213.4258770852 188.8575971457
-1.3853892513 2.8067198839 2.5439830716 241.0370401740 187.8714908215
-2.4055301863 0.9708260692 2.4281034256 381.4292613171 228.7607553059
-1.3300249498 2.5741901058 1.1257362683 230.0419327795 87.9024086600
0.5781786926 0.7674459552 2.0919120920 105.0745001801 441.5474246887
0.3612892001 1.9794375196 1.7997934799 45.2246284728 254.6640056479
-1.2276053261 2.6819769802 0.8135725963 205.2097693896 44.4472360743
-2.3268183976 1.7937684323 2.5591340519 337.0468444047 205.1281806402
-0.6125680017 0.4219487398 1.6907229199 317.2063562907 314.7193906291
-0.7909341437 1.6858794598 2.4060578815 247.4310636208 251.3225046827
-1.8196517110 0.4238616465 0.7629712756 451.0995899342 157.9959327076
-0.9064956900 1.3399447130 1.3053989599 271.4268296865 186.9500794798
-1.7250105261 1.3799615575 1.7287495262 335.2580573028 191.6026940530
-0.5327274467 1.8078641803 2.4510237977 218.1566678961 258.7482176671
-2.0168399528 -0.7930379665 1.4646715140 535.6334017791 294.8137609389
0.0615378091 1.2928000387 1.6921680272 143.0195164689 289.3117649741
-1.8473174646 1.5680524798 0.7082291128 347.7653368014 83.1709882775
-1.3199728770 -0.4454115690 0.6293955931 569.5198499799 252.6457778105
-2.9188407590 -1.3810012220 1.0839570419 642.3931479446 259.4257079472
0.3863538972 0.6004048737 2.4777203984 181.3289140870 436.1278072497
-1.0407025969 1.8511915990 0.7612577383 239.5626700074 80.0058225621
-2.1579012616 2.6158550684 1.2160301151 296.9181571347 90.5786565227
-2.1605879291 -0.8868400575 2.0349525460 507.2210064230 317.6742451292
-1.0231969654 -0.6532888771 1.3941302240 491.4539371182 372.2268915289
0.8374901713 1.4854764911 2.1589736941 0.3915245735 383.4298305389
-2.4747552270 1.7971304399 1.5320622131 356.9162989761 142.8044577951
-2.8987142952 2.4095418038 2.8717692845 333.4436906070 187.6821162206
-0.0697798789 0.3330106119 2.1652521284 260.4938093876 402.4183694073
-0.8258884787 1.9551499206 2.9404138368 242.3643725785 262.0537020679
0.0760607588 1.1070308493 1.1084568367 101.9812929555 253.8229847742
-2.6748752440 -2.4932236144 2.6376832354 603.9629265554 402.5084765120
-2.9458023404 -0.1409691835 0.5459986167 564.2688461205 138.7857973991
-1.3015980204 -0.4775983353 1.9294706893 445.8186672709 346.2652919192
-1.4769533415 0.8018814294 2.2416422603 348.5399092730 261.5997915928
-1.2490170593 1.8097791482 2.9824056964 277.5464873559 255.0013804235
-1.2496893304 -1.2176234362 0.9201692519 673.4196215615 400.9975382836
-0.8810201176 -1.1056814359 1.4752285971 545.9898138260 460.1570461157
-1.6522343275 -1.1665498691 1.5140104995 566.8316155231 360.4975475927
-2.5526482625 1.6899305882 2.4297630987 353.2591536563 197.6848529679
-2.9155772865 1.8015255028 0.9202060444 389.8368524724 89.5740985477
-2.2550310878 2.7469332465 2.5621232452 294.0042527128 173.8911914058
-0.8731389884 -0.7814524095 2.0937015579 444.2621429708 423.2493157762
-1.6404500805 -1.0437677291 1.8670063384 519.7357871693 362.5599532795
-1.9208082146 1.6423306677 1.6909841948 332.0347750350 170.9457997904
-1.5057213679 1.4881960724 0.1935683238 333.6763928360 0.4586740756
-2.5730577092 -2.3438354084 1.3885911678 728.0742931500 375.9270642014
-0.2705378639 1.4697607094 2.7967741969 217.3195963221 310.3016273250
0.4083008837 1.8891851128 1.7336414602 32.0535204630 261.3252289427
-0.3200082119 0.9773080063 1.1397837352 214.4397721448 235.6644012701
-1.5110241473 -1.3140682982 1.4522052634 592.6928778792 390.4059525552
-0.9075675655 -0.5141792791 2.0537428217 420.6290097866 391.4249868659
-2.8451823330 1.0493991114 0.7078918140 445.2431870393 99.3115511191
-1.0390669904 2.4980477584 1.6226163434 214.5149880889 145.6014979073
-0.1459639570 2.6501550755 1.2960006555 64.5756916317 119.8652639755

gimbalangles:
2.2956901421 0.2674519158 0.6945900176

end: