T_CW:
-0.2871239510 -0.8284462191 -0.4808707715 -0.0385238283
0.2904893325 -0.5536741951 0.7804234962 0.0042949215
-0.9127846320 0.0843904482 0.3996279116 -0.0060594809
0.0000000000 0.0000000000 0.0000000000 1.0000000000

T_CW_cov:
0.0000005635 0.0000000992 0.0000000144 -0.0000001350 0.0000012418 -0.0000001515
0.0000000992 0.0000002640 0.0000000039 -0.0000007394 0.0000001639 -0.0000000297
0.0000000144 0.0000000039 0.0000002181 0.0000000105 0.0000000785 -0.0000000088
-0.0000001350 -0.0000007394 0.0000000105 0.0000027782 -0.0000001312 -0.0000000613
0.0000012418 0.0000001639 0.0000000785 -0.0000001312 0.0000034094 -0.0000003575
-0.0000001515 -0.0000000297 -0.0000000088 -0.0000000613 -0.0000003575 0.0000006828

target_points_pix:
-2.6364039434 -2.3323645090 1.6131212919 534.7377128303 391.4189438018
-2.8948441399 0.6269529752 1.2765981320 349.7112518611 225.4048123569
-1.7842749994 0.3589897521 1.3896783254 321.5464055591 280.2209753022
-2.7560724588 -1.2194953932 1.9192833866 439.3645210378 344.2002098807
-1.4021994661 2.7108304751 0.3961482093 73.4915206796 6.9331912041
-2.3803740549 2.2241037003 1.1999952244 223.7991149218 155.7371758560
-1.9323731186 -0.3012474738 -0.7481905140 564.9919367467 74.9753496033
-2.6734566750 -2.6265165695 1.2701937931 579.3997332485 388.2252766274
-1.6797658353 0.4497206555 0.9246442775 328.8932505557 238.4804312076
-2.9630438574 1.2498685434 0.2703220651 345.7823944610 128.5268599054
-2.8002920322 -2.7177990940 0.7087254771 624.0890659052 355.3976698145
-2.2493776015 -2.3923425776 1.7472308018 541.2586018191 433.5373353444
-2.1289845198 -2.0063977310 0.0907732718 669.0758900549 315.7101391067
-2.1145543690 2.5368280306 1.6527436758 174.0725494048 177.2880330538
-2.3933415223 -2.8145690041 2.1568703343 542.8506652822 460.1116862366
-1.9740008485 0.2407913313 0.2379810357 402.8906443875 174.3213006858
-1.9416308981 -1.1170647662 2.7064884155 388.0494907287 430.1497630341
-2.1987197781 2.6869103662 1.2249913925 177.6548955794 136.1878474793
-1.4003785247 -0.3736922668 -0.7233151088 634.5502885019 46.0768878499
-1.8036662741 2.9213890742 0.4185609520 123.1899747277 26.3636306385
-0.8437154314 1.5526174756 2.5041567278 83.2350968524 347.9774498649
-1.4715007191 1.0947300271 1.7225109219 220.8523959313 275.5203105207
-2.7741509670 -2.0402444891 -0.1757024121 643.3530608605 259.5702517521
-1.6281093659 -0.3303049794 1.0078361132 403.3812473657 305.1728398620
-2.4109286583 1.5240721805 0.6122623179 290.5828186665 139.8117255032
-0.4403439149 0.7830369850 1.9775365700 83.3581823500 430.1472376570
-1.9557092750 -0.1852068968 1.1358403326 389.4226960154 286.1458950652
-0.8537239679 1.5280305348 1.0098617859 89.2961145365 183.2745656962
-1.8400861476 0.6802285019 2.7417002054 256.0720018161 345.0380026712
-2.2600804841 2.7042386112 2.9957597684 162.4330614919 252.8374837116
-2.2552646269 1.6043643505 1.8194632491 242.9812245594 229.4995168683
-0.7198827339 0.7791230628 0.4858749195 186.5027362221 171.3510205291
-1.2364746597 -0.8307857292 2.2308155062 366.6287902374 469.1285228681
-1.2146827552 0.4313236250 0.0528315889 360.2368942772 125.8315286390
-1.8310523068 -0.1889451984 1.5644050636 363.8153809773 324.4595808092
-2.4795398100 0.0634801912 0.4110664761 417.7119669126 196.7544652056
-1.4178930604 0.5616682054 2.3963558138 243.4120816005 360.9671436672
-2.6261878393 -0.7849814902 2.7541684472 378.4755456342 368.4549125867
-1.9262396669 -0.5333356992 0.4900413074 466.8611581873 255.0346603931
-2.3787147104 0.3569107646 2.5683948238 308.7174473209 323.4275150942
-1.0463656283 2.8561966183 2.4513405431 9.0708308910 243.1920032104
-1.3853892513 2.8067198839 2.5439830716 67.9119376413 243.0505387019
-2.8798376111 -2.4797889453 0.6139716428 607.2036677907 332.4923565707
-2.4055301863 0.9708260692 2.4281034256 276.8598489800 288.8329233245
-1.3300249498 2.5741901058 1.1257362683 74.5140496249 119.7544012172
-1.7586502624 -2.0947587884 0.1629999156 720.4275327675 366.3529006679
-2.4637418305 -2.7427375996 0.0218696577 726.4025271292 338.2307792121
-1.2276053261 2.6819769802 0.8135725963 42.0174534593 65.1711496714
-2.3268183976 1.7937684323 2.5591340519 222.0471162437 263.9304490037
-0.6125680017 0.4219487398 1.6907229199 179.0739701613 414.1286457486
-0.7909341437 1.6858794598 2.4060578815 60.7049451597 335.2568774219
-1.8196517110 0.4238616465 0.7629712756 347.2824153529 219.5564115921
-0.9064956900 1.3399447130 1.3053989599 123.1809728860 242.3440971620
-1.7250105261 1.3799615575 1.7287495262 220.7988966339 248.4501864572
-2.2714974815 -1.5754805292 -0.3708202209 659.3273183677 229.6733078419
-2.7642033712 2.8377397974 0.0312227722 234.6644453755 34.3409223674
-2.0168399528 -0.7930379665 1.4646715140 425.7104578126 342.2716767374
-1.8473174646 1.5680524798 0.7082291128 242.8505178614 141.7461446577
-1.3199728770 -0.4454115690 0.6293955931 444.6938278765 300.9155020826
-2.9188407590 -1.3810012220 1.0839570419 490.7847148873 301.6879080150
-1.4161008387 -2.1674853346 0.4832161336 735.4834670611 458.0997569203
-0.6100045683 0.5645809022 0.0344290762 237.9311227582 58.7465007592
-1.0407025969 1.8511915990 0.7612577383 92.7215971570 114.1271701056
-2.1579012616 2.6158550684 1.2160301151 178.3735379002 137.7179101227
-2.1605879291 -0.8868400575 2.0349525460 405.6430527035 369.6877287918
-1.0231969654 -0.6532888771 1.3941302240 396.7430687908 435.1049155645
-1.7178836189 1.5332592184 -0.2148120387 268.3146565032 12.0453871286
-2.4747552270 1.7971304399 1.5320622131 250.8108535549 198.2920385727
-2.8987142952 2.4095418038 2.8717692845 218.7101363828 243.8190729807
-0.8258884787 1.9551499206 2.9404138368 47.0591125796 352.8188622451
-2.6748752440 -2.4932236144 2.6376832354 487.6807240389 436.1727841082
-2.9458023404 -0.1409691835 0.5459986167 430.8484847391 210.7530646112
-1.3015980204 -0.4775983353 1.9294706893 350.4666491492 416.0548393987
-1.4769533415 0.8018814294 2.2416422603 233.0713415462 332.1507575787
-1.2490170593 1.8097791482 2.9824056964 120.3922744429 334.1015244345
-1.2496893304 -1.2176234362 0.9201692519 528.4782920059 418.5363756233
-2.7635838127 2.5758996306 0.1771810151 249.0964060252 59.3753835799
-1.6522343275 -1.1665498691 1.5140104995 456.3068835062 402.2389002057
-2.5526482625 1.6899305882 2.4297630987 243.2041720948 255.2358728674
-2.9155772865 1.8015255028 0.9202060444 288.5635922110 153.8851162317
-2.2550310878 2.7469332465 2.5621232452 163.4546973266 227.1389949588
-2.3524978632 -0.4190901020 -0.6763358060 547.7281954144 111.4850395708
-1.6404500805 -1.0437677291 1.8670063384 419.9100927100 415.3618183367
-1.9208082146 1.6423306677 1.6909841948 218.2455870085 226.3881651586
-1.7962047277 -1.0397187367 -0.0814019688 595.4755952799 238.5312820631
-1.5057213679 1.4881960724 0.1935683238 231.6199699920 69.5012091054
-2.5730577092 -2.3438354084 1.3885911678 552.3338135871 386.2006223272
-2.5794207443 -2.5586017987 0.5377249120 639.3192695271 351.6344721725
-2.2583880082 -1.9579383648 0.2674464298 629.9560035800 317.0107485149
-1.5110241473 -1.3140682982 1.4522052634 478.7430991803 426.8754952602
-2.8451823330 1.0493991114 0.7078918140 340.1743855285 169.8997246847
-1.0390669904 2.4980477584 1.6226163434 27.3919717256 183.5836777005

gimbalangles:
2.6682985507 0.5017468250 0.3335768058

end: