T_CW:
-0.0888955033 -0.9663955261 0.2411996615 0.1999114535
-0.0013250808 -0.2420434204 -0.9702645138 0.3930536774
0.9960400763 -0.0865717614 0.0202360195 -0.2356603842
0.0000000000 0.0000000000 0.0000000000 1.0000000000

T_CW_cov:
0.0000003302 0.0000000052 -0.0000000113 -0.0000000349 0.0000007045 0.0000000053
0.0000000052 0.0000001950 -0.0000000003 -0.0000005151 0.0000000129 -0.0000000608
-0.0000000113 -0.0000000003 0.0000002168 -0.0000000606 -0.0000000151 0.0000000023
-0.0000000349 -0.0000005151 -0.0000000606 0.0000019179 -0.0000000770 0.0000002600
0.0000007045 0.0000000129 -0.0000000151 -0.0000000770 0.0000020269 0.0000000401
0.0000000053 -0.0000000608 0.0000000023 0.0000002600 0.0000000401 0.0000006500

target_points_pix:
2.8469624497 -1.2706155376 -0.4268351525 471.0863944991 339.1821932878
1.2955616386 -1.4164051859 0.0125195018 674.3349042778 388.2353775747
2.9185907309 1.9178459633 1.8610296438 235.8478774374 60.7514323087
2.6305978994 -2.5336026126 1.4089481569 628.2419732493 206.0456492296
2.5591223247 -0.0443953625 0.5219552533 389.7778013889 228.4030405914
1.8324549851 0.5136414256 0.1050882143 307.2382220484 265.4951196082
2.2959027539 -0.3651612911 1.0377432566 444.1482508422 178.5237214700
2.3041003494 -2.2990699818 1.7052507894 652.2814115877 165.2255924864
2.2457088193 -0.2690198173 -1.2941584072 368.9691500238 446.3783449522
2.0176283046 -1.3083910700 2.4854543714 610.8646040081 26.8551008704
2.2385537561 -1.8200234489 -0.7064504535 555.3060141876 411.1294143083
2.8752574486 -1.5801047162 -0.1999385455 499.9109482001 324.4250059809
1.0143189639 -0.1834378360 0.2340703772 479.5570954651 303.4113952506
1.3939397812 -1.4548252074 -0.2639512733 644.6786161545 429.1357821833
2.6388940522 0.2859068827 0.6616028722 359.8062788067 207.1969139866
1.8436071198 -0.3614789899 -0.5329186283 413.5666247993 387.6601219278
2.6356910408 1.1581813945 0.7110316627 272.5152025894 178.6386159103
2.2974160006 1.1434337072 1.1115312662 272.4195517294 121.7377667927
1.8636994645 0.9851570773 0.8625067980 264.7827995501 132.9250893865
2.9486415274 -2.6758647837 -1.6358413215 553.0104540948 458.2743690813
2.8400527988 2.3293742471 -2.5758741647 73.0128274218 479.8513363000
2.4952987901 1.9204534977 1.3630564139 197.9654073544 79.1805776986
2.5258584135 -2.8592762385 -0.6116947642 624.0897781883 400.9279736514
2.8920798147 2.1378650829 -2.5311623147 100.6434213415 473.2090790664
2.7260240624 2.2495865463 -1.9352716347 86.2132436296 424.8735739656
2.3241395539 -2.8069241618 -0.5895953926 643.9180729117 411.3359203518
2.6278435143 1.8946618219 1.8255796272 222.4853798679 42.4329527673
2.6912848041 -2.1106228893 -0.6993441011 544.8420018283 385.6073226911
2.2863225682 -1.1407866103 2.4543879926 561.9800485325 50.2152633230
1.5889353798 -2.3704226469 0.0978376196 744.5658856721 374.8180107319
2.4841714159 1.4051269004 1.6262681959 264.6914662974 67.8744829950
2.7991553079 -1.1303929253 0.2989914414 476.9774686278 273.2388637331
2.3235776381 -0.6902499417 -1.1799127502 418.2685460340 434.1150528585
2.1983390802 1.3671984969 -1.0802983766 164.9455606252 387.3528491235
2.0950124471 -0.5055487376 0.8267820771 464.1843283184 202.9595944907
1.7824561088 1.2368809704 -0.1031601285 176.1211932412 271.8644945825
2.6588510636 -0.1466194073 -0.3037086062 378.2635929112 311.8640344256
2.2538497045 -0.9608366362 1.2047620648 514.5802973463 176.7900154970
2.3780720027 -0.0837965984 2.0767695085 438.3085602668 61.9066074990
2.9680979097 -2.4510036395 1.5364771412 593.5666315146 197.8594979148
2.8361755367 1.9949440335 -2.4556373968 112.4067111155 473.6020396544
2.0821692119 -1.0065134618 0.4658650749 512.8616570318 262.2873731789
1.2103062974 0.1184933070 0.6222756592 406.9613366543 179.6934464569
0.9923400970 0.5709656991 -0.1292795507 212.7652904882 370.1934842567
2.6984458114 1.3496573022 0.7124865195 254.2635770896 174.7026172815
1.6820117367 -2.6908657484 -0.4410075725 745.2881513577 453.5076612881
1.4393502068 -0.3605422360 0.5295601244 482.0673763589 232.8594344371
2.4819671509 -1.0003026340 -0.6462119426 458.0656845667 371.5171165944
2.4003927181 0.1999549924 -0.1597382894 347.6963601228 295.6579306113
1.6781638844 1.7635796532 -1.0815039641 7.9697506514 433.9574202613
2.8599623337 -1.4393414243 0.8130817700 509.7559342729 234.9040526251
2.8028733044 -1.8940930289 0.2984196099 539.8578976025 288.6110753853
2.2679231297 1.6166728105 1.6066018340 226.8703000057 42.5014106638
1.5339740108 -0.0088084180 1.0042570867 433.1362790960 132.8591908806
2.2683739193 1.5151538458 1.0720505343 222.9400107297 111.1423275866
2.8407462338 2.6756664027 -1.3199547291 69.0130625395 345.8293033992
2.5245239422 -1.9046691708 0.2882304037 561.4369519107 295.6110676270
1.2961433232 -0.2137759639 0.8682376054 485.8870584607 151.0070301258
2.5432224523 -0.6373923841 0.7409534547 453.9554491615 221.5195952460
2.9691898119 0.8306301282 -1.4718533968 262.1333193498 389.0613374956
1.9577623473 1.9570472736 1.2495788176 134.4557386169 39.9908786825
2.3703281476 -2.2094223224 -0.8768088657 576.3717989465 426.4416542183
2.5332886341 0.3624403137 -0.8886724309 311.6642880225 365.6602985414
2.7230803671 2.1668952310 -1.0932890004 119.6256082391 338.5646022324
1.9507874860 -0.6407648270 1.0479185312 496.8047858581 175.3246952151
1.3270867205 -0.5234995568 1.3446707796 565.6364331536 75.2924006600
2.8849499926 1.7528628131 -1.9172862492 156.5603097887 419.9262584546
1.6796342927 -1.3761458959 -0.5238268143 571.3975574247 432.3759668484
2.0330982211 1.2071025275 -0.3551796497 197.2807389926 303.2422247154
1.5235769822 -1.1851647188 1.3670204011 639.1188192472 128.5029192095
2.8384515790 -2.7845431762 0.8899561949 617.6846693522 256.2571010911
2.5609837967 -2.9277062911 -1.0449301538 617.0672802323 440.2841581424
1.7669752855 0.9690625695 -0.5529376649 201.5734866896 356.6060879024
1.8439066339 -0.9471699808 1.1522247373 549.8164621588 168.9753072421
1.4488983111 0.6617484764 1.0469220162 309.9668076704 77.0596263149
2.7059739807 -0.7331271193 0.7287971851 455.9617668449 225.9824364921
2.8833560441 2.6773336796 -0.2468877160 102.4744534729 237.5673349273
1.9496769023 -1.6101641628 0.3732577648 593.7801440291 293.9481802115
2.7832056284 2.7310910625 0.6875618561 111.6500106580 141.4041020279
0.7034332180 -0.0654622727 0.4930513506 536.2298230445 204.1646712669
1.9631750106 0.7384015444 -1.1730532119 231.3394268537 439.4549105322
2.7390766891 1.4458832406 -1.4800111153 189.2149038376 392.0993097587
1.6947515968 -1.6709432923 1.9441946478 690.3113719435 78.0954965297
1.3192468384 -0.5366856561 1.1335808896 559.9003222074 117.8471153233
2.3746660379 0.5242174031 1.6523616679 361.9156287393 86.6371435047
1.8809823717 2.0841163296 0.5893151287 72.4588114287 126.9629437092

gimbalangles:
0.2026571324 0.5171112944 -1.4412628570

end: