T_CW:
-0.0890768725 -0.9664357333 0.2409715423 0.2001365809
-0.0011104599 -0.2418367754 -0.9703163097 0.3923537331
0.9960241351 -0.0867003314 0.0204688755 -0.2354524621
0.0000000000 0.0000000000 0.0000000000 1.0000000000

T_CW_cov:
0.0000003456 0.0000000171 -0.0000000104 -0.0000000601 0.0000007335 0.0000000158
0.0000000171 0.0000002045 -0.0000000002 -0.0000005349 0.0000000354 -0.0000000524
-0.0000000104 -0.0000000002 0.0000002243 -0.0000000661 -0.0000000164 0.0000000017
-0.0000000601 -0.0000005349 -0.0000000661 0.0000019635 -0.0000001225 0.0000002430
0.0000007335 0.0000000354 -0.0000000164 -0.0000001225 0.0000020834 0.0000000602
0.0000000158 -0.0000000524 0.0000000017 0.0000002430 0.0000000602 0.0000006585

target_points_pix:
2.8469624497 -1.2706155376 -0.4268351525 471.1201847708 339.3346437313
1.2955616386 -1.4164051859 0.0125195018 674.2964718009 387.7785745098
2.9185907309 1.9178459633 1.8610296438 235.8347664316 60.7307545298
2.6305978994 -2.5336026126 1.4089481569 628.4471194089 206.1826574445
2.5591223247 -0.0443953625 0.5219552533 389.9151062881 228.6418107912
1.8324549851 0.5136414256 0.1050882143 307.5142720519 265.1024980995
2.2959027539 -0.3651612911 1.0377432566 444.1674746876 179.2541856111
2.3041003494 -2.2990699818 1.7052507894 652.6933174610 164.6214353880
2.2457088193 -0.2690198173 -1.2941584072 369.0758968820 446.9045524086
2.0176283046 -1.3083910700 2.4854543714 610.2658582064 26.6203912520
2.2385537561 -1.8200234489 -0.7064504535 555.2737977119 411.2541511661
2.8752574486 -1.5801047162 -0.1999385455 500.2332918858 324.3986068943
1.0143189639 -0.1834378360 0.2340703772 479.6197928677 302.8333962142
1.3939397812 -1.4548252074 -0.2639512733 644.5033157569 429.2073360996
2.6388940522 0.2859068827 0.6616028722 359.6818350326 206.7281159721
1.8436071198 -0.3614789899 -0.5329186283 413.3685323600 388.0706143653
2.6356910408 1.1581813945 0.7110316627 272.1522088559 178.6079213838
2.2974160006 1.1434337072 1.1115312662 272.7797995536 121.0913898313
1.8636994645 0.9851570773 0.8625067980 264.6753154062 133.0045873765
2.9486415274 -2.6758647837 -1.6358413215 553.1452714038 458.3815880081
2.4952987901 1.9204534977 1.3630564139 198.0016022145 79.1528172440
2.5258584135 -2.8592762385 -0.6116947642 624.1944537464 400.6167074125
2.8920798147 2.1378650829 -2.5311623147 100.5663838116 473.3295635106
2.7260240624 2.2495865463 -1.9352716347 86.4402288213 425.3742564753
2.3241395539 -2.8069241618 -0.5895953926 644.0192557130 410.9425516614
2.6278435143 1.8946618219 1.8255796272 222.3020389118 42.2397379915
2.6912848041 -2.1106228893 -0.6993441011 545.0142205422 385.4128466464
2.2863225682 -1.1407866103 2.4543879926 562.2656390705 50.2772952282
1.5889353798 -2.3704226469 0.0978376196 744.4744364881 374.9812671229
2.4841714159 1.4051269004 1.6262681959 264.0021744326 67.6204800608
2.7991553079 -1.1303929253 0.2989914414 476.5025962899 273.8208285958
2.3235776381 -0.6902499417 -1.1799127502 418.1144688543 434.3650803854
2.1983390802 1.3671984969 -1.0802983766 164.6944409359 387.4541329900
2.0950124471 -0.5055487376 0.8267820771 464.0554632773 202.6736995119
1.7824561088 1.2368809704 -0.1031601285 176.3552744868 271.7509670810
2.6588510636 -0.1466194073 -0.3037086062 378.3559574939 311.5488919051
2.2538497045 -0.9608366362 1.2047620648 514.2903046759 176.8096875401
2.3780720027 -0.0837965984 2.0767695085 438.0413549678 61.3107326573
2.9680979097 -2.4510036395 1.5364771412 593.7127646412 197.9860542006
2.8361755367 1.9949440335 -2.4556373968 112.3852622367 473.3348357834
2.0821692119 -1.0065134618 0.4658650749 512.4195722091 262.1545445803
1.2103062974 0.1184933070 0.6222756592 407.1830033264 179.3812556861
0.9923400970 0.5709656991 -0.1292795507 212.9798997642 370.3018161076
2.6984458114 1.3496573022 0.7124865195 254.7953880252 174.6853936883
1.6820117367 -2.6908657484 -0.4410075725 745.0502069692 453.0535758159
1.4393502068 -0.3605422360 0.5295601244 482.0723743426 232.4669872313
2.4819671509 -1.0003026340 -0.6462119426 458.1321620384 370.7766915725
2.4003927181 0.1999549924 -0.1597382894 347.3235460738 295.8557275982
1.6781638844 1.7635796532 -1.0815039641 8.1036394186 433.9175299434
2.8599623337 -1.4393414243 0.8130817700 510.1874617849 235.2832869820
2.8028733044 -1.8940930289 0.2984196099 539.7969700470 289.3438066961
2.2679231297 1.6166728105 1.6066018340 226.3001025196 42.7820687895
1.5339740108 -0.0088084180 1.0042570867 433.2344822104 132.4561774879
2.2683739193 1.5151538458 1.0720505343 222.5452057970 111.0358177080
2.8407462338 2.6756664027 -1.3199547291 69.1082743309 345.5275153175
2.5245239422 -1.9046691708 0.2882304037 561.2539046729 295.6940802928
1.2961433232 -0.2137759639 0.8682376054 486.1384121728 151.1208194602
2.5432224523 -0.6373923841 0.7409534547 453.4418620542 221.7015065738
2.9691898119 0.8306301282 -1.4718533968 262.4680359869 388.4275188825
1.9577623473 1.9570472736 1.2495788176 134.1928557350 39.8292683205
2.3703281476 -2.2094223224 -0.8768088657 576.6747036425 426.4676725834
2.5332886341 0.3624403137 -0.8886724309 311.6419360512 365.6430165368
2.7230803671 2.1668952310 -1.0932890004 119.1852521794 338.5990732213
1.9507874860 -0.6407648270 1.0479185312 497.0850155449 175.6800536541
1.3270867205 -0.5234995568 1.3446707796 565.5223870657 75.4243354337
2.8849499926 1.7528628131 -1.9172862492 156.3633310405 419.9597761034
1.6796342927 -1.3761458959 -0.5238268143 571.3244473781 431.8393816293
2.0330982211 1.2071025275 -0.3551796497 197.2915783786 303.3543241928
1.5235769822 -1.1851647188 1.3670204011 638.6708894037 128.7248344216
2.8384515790 -2.7845431762 0.8899561949 616.8596226559 256.6085516271
2.5609837967 -2.9277062911 -1.0449301538 617.1007173332 440.1833219014
1.7669752855 0.9690625695 -0.5529376649 201.3832748456 356.9272840783
1.8439066339 -0.9471699808 1.1522247373 549.3431183283 169.2478367608
1.4488983111 0.6617484764 1.0469220162 309.8662811252 77.6461694201
2.7059739807 -0.7331271193 0.7287971851 455.5375262823 226.3764618225
2.8833560441 2.6773336796 -0.2468877160 102.7205605452 237.7899407179
1.9496769023 -1.6101641628 0.3732577648 593.6614724988 293.7917115413
2.7832056284 2.7310910625 0.6875618561 111.5550666531 141.6595158025
0.7034332180 -0.0654622727 0.4930513506 536.0079404667 203.7430971496
1.9631750106 0.7384015444 -1.1730532119 231.6554075701 439.6452109949
2.7390766891 1.4458832406 -1.4800111153 189.0881542986 392.4016100287
1.6947515968 -1.6709432923 1.9441946478 690.2351318282 78.2053426257
1.3192468384 -0.5366856561 1.1335808896 559.3593173082 117.4422797825
2.3746660379 0.5242174031 1.6523616679 361.4785335975 86.6853993358
1.8809823717 2.0841163296 0.5893151287 72.6811548148 126.6637146890

gimbalangles:
2.2956901421 0.2674519158 0.6945900176

end: