T_CW:
-0.0890146312 -0.9664224331 0.2410478712 0.2001186244
-0.0011545519 -0.2419082911 -0.9702984313 0.3926954342
0.9960296494 -0.0866490593 0.0204175924 -0.2356055500
0.0000000000 0.0000000000 0.0000000000 1.0000000000

T_CW_cov:
0.0000003302 0.0000000052 -0.0000000113 -0.0000000348 0.0000007047 0.0000000050
0.0000000052 0.0000001951 -0.0000000003 -0.0000005152 0.0000000129 -0.0000000609
-0.0000000113 -0.0000000003 0.0000002168 -0.0000000605 -0.0000000149 0.0000000023
-0.0000000348 -0.0000005152 -0.0000000605 0.0000019183 -0.0000000770 0.0000002603
0.0000007047 0.0000000129 -0.0000000149 -0.0000000770 0.0000020276 0.0000000396
0.0000000050 -0.0000000609 0.0000000023 0.0000002603 0.0000000396 0.0000006501

target_points_pix:
2.8469624497 -1.2706155376 -0.4268351525 471.3462590081 339.0601268582
1.2955616386 -1.4164051859 0.0125195018 674.1020443091 387.6181821865
2.9185907309 1.9178459633 1.8610296438 235.9078475032 60.9315881669
2.6305978994 -2.5336026126 1.4089481569 628.8164337562 206.1515629358
2.5591223247 -0.0443953625 0.5219552533 389.6457743642 228.3278987555
1.8324549851 0.5136414256 0.1050882143 307.2427312239 265.6172749255
2.2959027539 -0.3651612911 1.0377432566 444.3635512443 179.0206250884
2.3041003494 -2.2990699818 1.7052507894 652.4757864215 165.1289761422
2.2457088193 -0.2690198173 -1.2941584072 369.4161236273 446.6378957091
2.0176283046 -1.3083910700 2.4854543714 610.1835042108 27.0090306689
2.2385537561 -1.8200234489 -0.7064504535 555.2453557082 410.9439229959
2.8752574486 -1.5801047162 -0.1999385455 500.1894205229 324.2681681016
1.0143189639 -0.1834378360 0.2340703772 479.4662624620 303.0622226465
1.3939397812 -1.4548252074 -0.2639512733 644.6566601021 429.3346378738
2.6388940522 0.2859068827 0.6616028722 359.6367716046 206.8970210522
1.8436071198 -0.3614789899 -0.5329186283 413.5147306352 388.2589285647
2.6356910408 1.1581813945 0.7110316627 272.2111346323 178.4603865579
2.2974160006 1.1434337072 1.1115312662 272.1814924404 121.5207197922
1.8636994645 0.9851570773 0.8625067980 264.7565908290 133.2455081153
2.9486415274 -2.6758647837 -1.6358413215 552.9803997812 458.2892132278
2.8400527988 2.3293742471 -2.5758741647 72.9474620440 479.8360730434
2.4952987901 1.9204534977 1.3630564139 198.0826522636 79.2802814018
2.5258584135 -2.8592762385 -0.6116947642 624.7501241600 400.6338785227
2.8920798147 2.1378650829 -2.5311623147 100.4863791578 473.3090570811
2.7260240624 2.2495865463 -1.9352716347 86.4143490106 425.2659675393
2.3241395539 -2.8069241618 -0.5895953926 643.6088226309 411.3681367370
2.6278435143 1.8946618219 1.8255796272 222.5583832848 42.2629806013
2.6912848041 -2.1106228893 -0.6993441011 544.4893403791 385.4498289038
2.2863225682 -1.1407866103 2.4543879926 561.6923194037 50.0296029219
1.5889353798 -2.3704226469 0.0978376196 744.6483347614 374.6686345444
2.4841714159 1.4051269004 1.6262681959 264.3589022076 67.4432032898
2.7991553079 -1.1303929253 0.2989914414 476.5296426397 273.2965994931
2.3235776381 -0.6902499417 -1.1799127502 418.1520438427 434.5364215418
2.1983390802 1.3671984969 -1.0802983766 164.7164974672 387.1790877367
2.0950124471 -0.5055487376 0.8267820771 464.0222039750 203.0551779080
1.7824561088 1.2368809704 -0.1031601285 175.3485917136 271.7637336407
2.6588510636 -0.1466194073 -0.3037086062 378.4061168039 311.3137294119
2.2538497045 -0.9608366362 1.2047620648 514.1735677529 176.7326997830
2.3780720027 -0.0837965984 2.0767695085 438.2233494568 61.8604857742
2.9680979097 -2.4510036395 1.5364771412 593.5034455003 198.0007180076
2.8361755367 1.9949440335 -2.4556373968 112.3964903254 473.7544638165
2.0821692119 -1.0065134618 0.4658650749 512.7456797910 262.3246412602
1.2103062974 0.1184933070 0.6222756592 407.2068968628 179.8006485651
0.9923400970 0.5709656991 -0.1292795507 212.8180295161 370.3468901544
2.6984458114 1.3496573022 0.7124865195 254.3662275472 174.7778883824
1.6820117367 -2.6908657484 -0.4410075725 745.4909298416 453.2245730398
1.4393502068 -0.3605422360 0.5295601244 482.5674494233 232.3978524520
2.4819671509 -1.0003026340 -0.6462119426 458.0391572809 371.2053128871
2.4003927181 0.1999549924 -0.1597382894 347.6630183355 295.6730481984
1.6781638844 1.7635796532 -1.0815039641 8.2844027863 433.5155842894
2.8599623337 -1.4393414243 0.8130817700 510.1762237594 235.2547604466
2.8028733044 -1.8940930289 0.2984196099 539.2482528633 288.8026218993
2.2679231297 1.6166728105 1.6066018340 226.7432023149 42.5328129842
1.5339740108 -0.0088084180 1.0042570867 433.0234145094 132.5161642550
2.2683739193 1.5151538458 1.0720505343 222.1506436914 110.9924866170
2.8407462338 2.6756664027 -1.3199547291 68.9376442679 345.5079010231
2.5245239422 -1.9046691708 0.2882304037 561.1284801649 296.1381557772
1.2961433232 -0.2137759639 0.8682376054 486.4768677659 151.1970240376
2.5432224523 -0.6373923841 0.7409534547 453.4879935667 221.7467821383
2.9691898119 0.8306301282 -1.4718533968 262.8474499182 388.9085836757
1.9577623473 1.9570472736 1.2495788176 134.5142121541 40.0798479741
2.3703281476 -2.2094223224 -0.8768088657 576.1537216744 426.2429136292
2.5332886341 0.3624403137 -0.8886724309 311.3503770066 365.6584396981
2.7230803671 2.1668952310 -1.0932890004 119.3469182292 338.7463216684
1.9507874860 -0.6407648270 1.0479185312 497.0515700784 175.5420397556
1.3270867205 -0.5234995568 1.3446707796 566.0671328594 75.4496928217
2.8849499926 1.7528628131 -1.9172862492 156.5594205462 419.9299599980
1.6796342927 -1.3761458959 -0.5238268143 571.3035127316 432.6308649645
2.0330982211 1.2071025275 -0.3551796497 197.4360313568 303.6203355460
1.5235769822 -1.1851647188 1.3670204011 638.8523929233 128.4767985827
2.8384515790 -2.7845431762 0.8899561949 617.5642855979 256.6015887365
2.5609837967 -2.9277062911 -1.0449301538 617.1560867552 439.8010062372
1.7669752855 0.9690625695 -0.5529376649 201.3746667413 356.6161150788
1.8439066339 -0.9471699808 1.1522247373 549.4897547817 169.0241483383
1.4488983111 0.6617484764 1.0469220162 309.9739768042 77.7201236006
2.7059739807 -0.7331271193 0.7287971851 455.9404789921 226.0966716339
2.8833560441 2.6773336796 -0.2468877160 102.6879062126 237.8034997973
1.9496769023 -1.6101641628 0.3732577648 593.8373587257 294.1435094377
2.7832056284 2.7310910625 0.6875618561 111.6095450979 141.4473624339
0.7034332180 -0.0654622727 0.4930513506 536.0295326715 203.6452064490
1.9631750106 0.7384015444 -1.1730532119 231.6444709606 439.8382891040
2.7390766891 1.4458832406 -1.4800111153 189.2941735412 392.7676302285
1.6947515968 -1.6709432923 1.9441946478 690.4631008589 78.3098981214
1.3192468384 -0.5366856561 1.1335808896 559.8180859664 118.0472068272
2.3746660379 0.5242174031 1.6523616679 361.4517649866 86.6954232154
1.8809823717 2.0841163296 0.5893151287 72.4836193707 126.5085019408

gimbalangles:
2.6682985507 0.5017468250 0.3335768058

end: