T_CW:
0.6407199279 -0.7666679788 0.0412090314 -0.0289657722
-0.0583735412 -0.1021613956 -0.9930536637 -0.0585739425
0.7655524174 0.6338637547 -0.1102099669 -0.0444571778
0.0000000000 0.0000000000 0.0000000000 1.0000000000

T_CW_cov:
0.0000002637 -0.0000000511 -0.0000000467 0.0000000726 0.0000004882 -0.0000000144
-0.0000000511 0.0000003070 0.0000000235 -0.0000006294 -0.0000000613 0.0000000369
-0.0000000467 0.0000000235 0.0000002555 -0.0000000323 -0.0000001373 0.0000000053
0.0000000726 -0.0000006294 -0.0000000323 0.0000017500 0.0000000567 0.0000000475
0.0000004882 -0.0000000613 -0.0000001373 0.0000000567 0.0000013378 -0.0000000441
-0.0000000144 0.0000000369 0.0000000053 0.0000000475 -0.0000000441 0.0000004021

target_points_pix:
2.9185907309 1.9178459633 1.8610296438 408.8988201890 67.7145290941
0.4525511890 1.4771543701 -0.3709931605 207.7311849755 264.6130268589
0.0713589459 2.8688959608 -0.9051086491 96.6756642583 307.6812004106
2.5591223247 -0.0443953625 0.5219552533 595.9671786333 144.5327509352
1.8324549851 0.5136414256 0.1050882143 484.8297550466 192.9343303089
2.2959027539 -0.3651612911 1.0377432566 687.5750722614 30.0783921539
0.8179732118 2.2948193458 -0.2082891874 226.0537700071 224.2280639215
0.4157939103 1.1830938811 0.6503161745 212.0184649768 24.1854306640
0.8980708545 -0.2130090316 -0.3464988306 683.4929703391 352.2400885758
2.2457088193 -0.2690198173 -1.2941584072 604.6156786262 404.4303142536
-0.0197024909 1.9179607289 -0.7375181316 73.8218980923 333.2421840674
1.6912700364 2.9152958030 2.0943006760 282.8734969784 25.8100588776
1.0143189639 -0.1834378360 0.2340703772 691.6887111425 103.5833277563
2.1243149059 2.5165360083 -1.1599424087 328.1464206656 291.9852119477
2.2027673226 1.2739145926 -2.7746600208 400.7627246129 453.1254595149
2.6388940522 0.2859068827 0.6616028722 545.6306806453 134.9250868183
2.2838413789 1.2710353105 -2.0665887182 408.3015164539 392.7677474171
1.8436071198 -0.3614789899 -0.5329186283 659.7346448768 320.3395796516
2.6356910408 1.1581813945 0.7110316627 449.1128997995 144.2675791201
1.6985656786 2.3108705817 2.0575274508 314.2030629090 3.1720815739
0.8606978522 2.4381202060 -0.8605197644 226.8831625824 292.7663816015
2.2974160006 1.1434337072 1.1115312662 439.4474426638 91.9714930916
1.8636994645 0.9851570773 0.8625067980 431.6387622445 97.6514134233
2.8400527988 2.3293742471 -2.5758741647 368.8992671734 369.7650983288
0.6837708879 1.9678359559 0.5759732938 218.8101394415 112.8276457032
2.4952987901 1.9204534977 1.3630564139 388.0068899795 94.8736076772
1.9598271384 2.0807628825 -1.8172077782 339.1614326286 354.9429768590
0.3223913466 0.6572687096 0.3411312926 245.3138629565 38.2668235252
1.2977747122 2.7046068227 -2.0603174099 261.9921439817 376.7487126869
2.8920798147 2.1378650829 -2.5311623147 380.2227730684 371.0812983050
2.7260240624 2.2495865463 -1.9352716347 369.7626713152 336.3674163861
1.1135292309 2.9590436052 0.6041369903 231.4156808424 144.9532790489
2.6278435143 1.8946618219 1.8255796272 397.7654334562 58.9759119879
0.6336242524 1.1783842050 -1.0552852102 269.3578110994 393.8118861808
2.3667225286 2.8706255632 -2.1373102295 324.4413825589 342.8281728397
0.2585293654 0.5934473492 -0.5108773483 235.5192616028 393.4336635575
2.4841714159 1.4051269004 1.6262681959 427.3230930408 54.5351060453
2.3235776381 -0.6902499417 -1.1799127502 704.3387385903 417.4646923482
2.1983390802 1.3671984969 -1.0802983766 401.3964756322 308.2647992581
2.0950124471 -0.5055487376 0.8267820771 741.0740281101 39.4763250516
1.0168380356 1.8187565862 1.2681363448 275.3647989203 22.9672316419
1.7824561088 1.2368809704 -0.1031601285 393.1590477105 218.2806478721
2.6588510636 -0.1466194073 -0.3037086062 597.5859623518 252.4204303035
1.2383180701 1.3099832525 -2.0678546936 335.4380125083 460.0747666062
0.7871674616 2.0424983208 0.2012990387 232.6478336420 171.7372747639
1.3716637695 0.8792669647 -1.3574988410 392.0857901691 398.0513376123
0.9719223617 1.9689701437 -1.5625638722 263.6448887232 380.4315960626
2.8361755367 1.9949440335 -2.4556373968 385.7006611066 372.3131528469
1.2103062974 0.1184933070 0.6222756592 560.1268422639 32.7216715245
0.9923400970 0.5709656991 -0.1292795507 411.0459165142 229.1343648001
2.6984458114 1.3496573022 0.7124865195 435.2313842563 147.5405725365
0.8962104592 2.8887750237 0.0742970148 211.8821315583 192.2036958196
1.4393502068 -0.3605422360 0.5295601244 749.4935758312 41.5813549914
2.4003927181 0.1999549924 -0.1597382894 543.4636553440 231.8832700307
1.4570043822 2.3114412965 -2.8657043889 291.8547683622 448.3713847940
1.6781638844 1.7635796532 -1.0815039641 340.9530155850 311.8421352330
1.4697371940 1.7050643911 -2.6910499524 325.2886009200 471.0496451747
1.4997362677 2.2552284310 -1.7042058754 298.2397734203 356.4266290116
1.9711161295 2.5320500174 -0.8647562015 318.5803064024 272.5198046304
2.2679231297 1.6166728105 1.6066018340 399.0428994841 53.3221350785
0.6325419191 2.6208530677 -2.3930825352 198.2529728225 445.6698851621
2.0870307964 0.3507490887 -2.2443769366 488.6493923812 479.7194388646
2.2683739193 1.5151538458 1.0720505343 404.3170526872 104.9742675657
2.8407462338 2.6756664027 -1.3199547291 355.9982057258 288.9741926832
0.8583509219 1.9819683117 -2.4177920373 250.8168333590 476.0842937201
0.7902253300 -0.0498267092 -0.2495925517 594.9385282806 304.1526289823
1.9193600062 2.7960739311 -1.6739447817 302.4243276900 325.7698541997
2.5432224523 -0.6373923841 0.7409534547 737.2418851917 89.7986936492
2.8049534027 1.7549510628 -2.7261348255 396.6425017350 398.1711106185
2.9691898119 0.8306301282 -1.4718533968 472.8891056598 334.5634738445
1.9577623473 1.9570472736 1.2495788176 354.4486283232 86.9247797615
2.4239824816 0.7568461512 -2.0444246221 458.0316404189 407.8750717950
2.5332886341 0.3624403137 -0.8886724309 514.5533715633 309.5249204528
2.7230803671 2.1668952310 -1.0932890004 376.1202971748 283.7476048701
-0.0667491202 2.8893935758 -1.8135267343 80.0333889256 420.5961446812
2.8849499926 1.7528628131 -1.9172862492 402.8166399359 343.4522373652
1.1468270981 2.4561268263 -0.9711199181 257.5220598261 296.4034891282
1.8638170845 2.7136824619 0.0667283887 303.7651453575 199.9667237908
1.7836301664 2.3017608285 -2.5962998189 315.3686281761 411.9267638515
2.0330982211 1.2071025275 -0.3551796497 409.9411208951 245.2479259740
1.1730569531 1.2704948479 -1.1105960248 334.7201141581 354.4946683072
2.9461481719 2.4968893176 2.7161145307 379.0188104898 19.3865322867
0.7279847276 1.9901461379 -1.3627605785 231.3150398564 371.3766796911
1.7827388544 2.9902355627 2.0898483581 286.6979479877 33.3541687322
0.9641042651 2.6882373571 1.1690572800 223.7978209032 74.3856780281
0.7664780110 2.9653914697 -0.1033146028 194.6796190217 209.4188272343
1.7669752855 0.9690625695 -0.5529376649 416.3215452444 274.7224151860
1.4488983111 0.6617484764 1.0469220162 451.8255735176 18.9602990085
1.1060195470 2.4830620612 0.3854567192 250.2237688463 160.9824088650
2.8833560441 2.6773336796 -0.2468877160 360.0791182775 223.7130126901
2.7832056284 2.7310910625 0.6875618561 354.8319866381 163.2947295507
1.9631750106 0.7384015444 -1.1730532119 447.5316110795 347.0004374629
2.7390766891 1.4458832406 -1.4800111153 418.6502723069 324.3562601808
1.8142779780 2.3081898863 -0.8022692629 319.7033985827 272.7022201255
2.3746660379 0.5242174031 1.6523616679 520.6354686593 1.7539276830
0.1815827826 2.0076210646 -1.8337579884 139.8002794097 477.8333404016
1.8809823717 2.0841163296 0.5893151287 339.2653865630 151.3363686594
1.0562875771 0.1801981948 -0.5239100279 501.3444189259 337.9697549026
0.5522005358 2.0961738439 -1.3378655295 200.7913108181 373.0978843287

gimbalangles:
-0.1103977133 -0.0412724576 -0.6962419592

end: