T_CW:
0.9246380018 -0.2406173545 -0.2952081543 -0.0351539920
0.0127094771 0.7941988191 -0.6075250653 -0.0503820359
0.3806350416 0.5579888212 0.7374045298 -0.0084220969
0.0000000000 0.0000000000 0.0000000000 1.0000000000

T_CW_cov:
0.0000004287 0.0000000152 -0.0000000430 -0.0000000529 0.0000008374 -0.0000001053
0.0000000152 0.0000002876 -0.0000000096 -0.0000007351 0.0000000215 -0.0000000829
-0.0000000430 -0.0000000096 0.0000002563 0.0000000583 -0.0000001022 0.0000000156
-0.0000000529 -0.0000007351 0.0000000583 0.0000024061 -0.0000000796 0.0000003046
0.0000008374 0.0000000215 -0.0000001022 -0.0000000796 0.0000021453 -0.0000001743
-0.0000001053 -0.0000000829 0.0000000156 0.0000003046 -0.0000001743 0.0000005491

target_points_pix:
0.1742910257 2.9893768659 1.8724033039 286.0902368083 331.9802814683
0.4101131736 0.5362741924 2.2116901022 323.9812815778 127.3985801253
0.3768682695 1.5477426008 2.0531356562 311.5961320567 233.7845680448
2.9185907309 1.9178459633 1.8610296438 488.1776616167 265.5910197147
0.9121584893 0.1426808612 1.2079831403 452.2908190865 117.6918541357
0.9456625691 1.7601532697 2.9743486518 343.5006916693 208.9827573514
1.8324549851 0.5136414256 0.1050882143 721.0644766335 312.3843393652
2.2959027539 -0.3651612911 1.0377432566 692.1361144019 79.8495682705
-0.1910322562 1.2311524432 2.2972743069 250.9711337781 190.3841337401
0.8211055262 1.2423480346 2.5425745515 347.9059861592 189.1140443316
0.4157939103 1.1830938811 0.6503161745 351.1336032473 333.4670551825
-0.8454043785 2.6955158446 1.3401100284 166.9696330452 380.9634878279
1.6912700364 2.9152958030 2.0943006760 388.5159156648 304.0569764622
0.2911990845 0.4534318924 1.9094584180 315.2964228627 123.3996423013
0.8344632586 0.7250167015 1.6089183875 386.5442588178 183.6486066186
2.6388940522 0.2859068827 0.6616028722 690.0907701798 211.1810930501
2.6356910408 1.1581813945 0.7110316627 589.2944555152 292.3696719804
1.6985656786 2.3108705817 2.0575274508 401.4288975417 278.4866817286
2.2974160006 1.1434337072 1.1115312662 530.1154773592 261.5362024100
-0.8437154314 1.5526174756 2.5041567278 179.6204422417 204.1227020305
1.8636994645 0.9851570773 0.8625067980 528.4304355844 269.1019271525
0.6837708879 1.9678359559 0.5759732938 369.0457580182 399.1753272629
2.4952987901 1.9204534977 1.3630564139 488.0254838594 294.0144648047
-0.4403439149 0.7830369850 1.9775365700 204.1316093104 150.4352336581
0.3223913466 0.6572687096 0.3411312926 376.9297607646 328.1440804975
2.4273031833 1.9853565523 2.7413508252 430.1971502380 232.9354083548
-0.3089028941 2.6625183818 2.6735419307 248.2361982276 271.4553778935
1.1135292309 2.9590436052 0.6041369903 385.1959151840 427.0563905032
0.3581181741 0.7410917287 2.9171161179 308.4385783526 128.8908152425
-0.8537239679 1.5280305348 1.0098617859 89.9804445834 342.5584519515
0.0001974302 0.4256021854 2.6457210473 273.3237141382 93.4756246662
2.6278435143 1.8946618219 1.8255796272 474.8721164934 266.2978538113
1.3518114199 0.7830964934 2.7510300194 392.4600131202 151.6011445825
-2.2600804841 2.7042386112 2.9957597684 64.7848339900 261.0279964064
1.5404004160 2.0873391010 1.9086104661 399.9476674678 275.4031326677
2.4841714159 1.4051269004 1.6262681959 494.7024852595 248.6231978449
1.8480999231 1.0615362460 2.2632808650 436.9634328871 194.1069725277
2.4648997918 0.1336515858 2.7860253487 484.8295458531 112.6302463030
1.0168380356 1.8187565862 1.2681363448 385.0101408595 305.4768179290
0.9146035834 1.0196575720 1.7087156997 382.2326644356 210.1319211359
2.3406080829 1.6524588336 2.3188796262 446.9631933208 231.7631717178
1.7824561088 1.2368809704 -0.1031601285 628.5436298835 431.0732880660
-1.4178930604 0.5616682054 2.3963558138 29.7205608435 69.5093741481
0.7871674616 2.0424983208 0.2012990387 397.0523043434 463.3392837529
-0.2121167416 1.7897788713 0.8297268490 230.6337971878 376.7164719413
0.0114893594 1.4849654352 2.7194465450 273.9458427252 194.7031310077
2.3780720027 -0.0837965984 2.0767695085 534.6788271414 102.4315180033
-1.0463656283 2.8561966183 2.4513405431 180.0814139079 297.3825939232
1.2103062974 0.1184933070 0.6222756592 591.0844224506 160.6614887839
0.9923400970 0.5709656991 -0.1292795507 694.8780144356 441.1479778081
-1.3853892513 2.8067198839 2.5439830716 147.2018795227 290.5180067117
2.6984458114 1.3496573022 0.7124865195 578.2224957141 305.2059572470
-1.3300249498 2.5741901058 1.1257362683 69.5171220693 418.1000659225
2.1326369723 1.5933316956 2.3844999725 434.8951860183 225.2984325836
0.5781786926 0.7674459552 2.0919120920 341.5057109034 161.5651162245
0.3612892001 1.9794375196 1.7997934799 308.1743189524 280.2523817416
-1.2276053261 2.6819769802 0.8135725963 68.4637105484 473.6113319421
1.1655134506 1.3593261429 2.2617282296 379.4520646205 211.6800394490
2.2679231297 1.6166728105 1.6066018340 473.8427333212 262.6055697033
1.5339740108 -0.0088084180 1.0042570867 576.1078564146 119.9891957136
-0.6125680017 0.4219487398 1.6907229199 141.0743600193 93.0239608368
-0.7909341437 1.6858794598 2.4060578815 186.2698765378 221.1627954756
0.8587961988 2.4448778198 2.1427041175 341.2059498127 284.3105554268
0.4245033914 1.0191820396 1.0525622049 342.6282820122 259.6308615213
2.2683739193 1.5151538458 1.0720505343 509.2741755710 291.0511671321
2.1449007298 0.0322231014 2.5423879487 481.8445385635 101.2891685338
-0.9064956900 1.3399447130 1.3053989599 93.1603595923 276.8306288848
1.2202986687 1.9498949965 2.2978520360 371.5820191404 248.4004276136
1.2961433232 -0.2137759639 0.8682376054 605.7131813513 63.9127123482
-0.5327274467 1.8078641803 2.4510237977 218.8054920606 229.7888844964
0.8867691270 -0.1269636338 2.4130534049 387.3463800102 49.0186551331
0.0615378091 1.2928000387 1.6921680272 278.9980437096 233.6395895388
0.3863538972 0.6004048737 2.4777203984 316.9624249136 126.4025961757
1.9577623473 1.9570472736 1.2495788176 457.3706942711 307.1454600174
1.7478756708 0.7464948804 2.7115920619 422.8275003235 154.3978140973
-1.0407025969 1.8511915990 0.7612577383 36.3684282535 431.3929717104
1.4063415740 2.6146316096 2.3857624421 370.8324507868 277.6075524403
0.8374901713 1.4854764911 2.1589736941 352.7872628733 224.2564118101
1.5141529547 1.3550904227 1.7856819041 422.0494457801 235.8879592311
-0.0697798789 0.3330106119 2.1652521284 262.1367197922 86.7539598719
-0.8258884787 1.9551499206 2.9404138368 199.6125175895 214.9621668330
0.0760607588 1.1070308493 1.1084568367 282.8331343169 265.4654495525
1.8638170845 2.7136824619 0.0667283887 483.3951640835 462.5973926534
-1.4769533415 0.8018814294 2.2416422603 18.5168938171 114.1727212243
-1.2490170593 1.8097791482 2.9824056964 152.4085255144 200.2041715675
2.0330982211 1.2071025275 -0.3551796497 716.3592798955 475.8974415666
2.9461481719 2.4968893176 2.7161145307 444.1205866852 256.7969337148
0.5907485963 -0.3012064055 2.8976125351 345.3263102793 13.6990532934
1.7827388544 2.9902355627 2.0898483581 392.6120376543 306.5739962160
0.9641042651 2.6882373571 1.1690572800 363.0436670532 363.1440060221
-2.2550310878 2.7469332465 2.5621232452 40.5939615059 291.2242095440
-0.2705378639 1.4697607094 2.7967741969 247.6066478675 188.6838133032
0.4083008837 1.8891851128 1.7336414602 314.5008768719 278.5821058386
0.8063107787 0.5184446572 1.0431785338 425.1020074446 192.7965519355
1.4488983111 0.6617484764 1.0469220162 495.2004715272 219.1411119599
-0.3200082119 0.9773080063 1.1397837352 201.1735422698 245.5247326871
1.1060195470 2.4830620612 0.3854567192 407.2851135441 437.0611650355
2.8833560441 2.6773336796 -0.2468877160 583.0485921925 467.5232131207
2.7832056284 2.7310910625 0.6875618561 507.0200866178 375.7054140532
0.7034332180 -0.0654622727 0.4930513506 575.7991192889 77.5791741460
2.3746660379 0.5242174031 1.6523616679 530.7069317144 178.9455952117
-1.0390669904 2.4980477584 1.6226163434 145.4718841267 342.8168175752
-0.1459639570 2.6501550755 1.2960006555 253.8575000722 368.7190328625
1.8809823717 2.0841163296 0.5893151287 483.1000962643 372.7370963173

gimbalangles:
0.8818527873 0.2995833420 -1.3162765495

end: