T_CW:
-0.0888997843 -0.9664192393 0.2411030532 0.1996242990
-0.0014214043 -0.2419381388 -0.9702906351 0.3930863968
0.9960395614 -0.0866013331 0.0201345758 -0.2353375210
0.0000000000 0.0000000000 0.0000000000 1.0000000000

T_CW_cov:
0.0000003304 0.0000000052 -0.0000000113 -0.0000000347 0.0000007050 0.0000000054
0.0000000052 0.0000001952 -0.0000000003 -0.0000005155 0.0000000129 -0.0000000608
-0.0000000113 -0.0000000003 0.0000002169 -0.0000000607 -0.0000000150 0.0000000023
-0.0000000347 -0.0000005155 -0.0000000607 0.0000019190 -0.0000000768 0.0000002599
0.0000007050 0.0000000129 -0.0000000150 -0.0000000768 0.0000020285 0.0000000403
0.0000000054 -0.0000000608 0.0000000023 0.0000002599 0.0000000403 0.0000006506

target_points_pix:
2.8469624497 -1.2706155376 -0.4268351525 470.8877353424 339.1605300700
1.2955616386 -1.4164051859 0.0125195018 674.5115168717 387.5526240715
2.9185907309 1.9178459633 1.8610296438 236.0398387988 60.4500951924
2.6305978994 -2.5336026126 1.4089481569 628.5904524953 205.7967867792
2.5591223247 -0.0443953625 0.5219552533 389.4256165622 228.5059256158
1.8324549851 0.5136414256 0.1050882143 307.5996991192 265.4823286158
2.2959027539 -0.3651612911 1.0377432566 444.0478562736 178.8941081983
2.3041003494 -2.2990699818 1.7052507894 652.5605850464 164.8299220548
2.2457088193 -0.2690198173 -1.2941584072 369.1475033541 446.3624904714
2.0176283046 -1.3083910700 2.4854543714 610.2752939379 26.6808766444
2.2385537561 -1.8200234489 -0.7064504535 555.2270769725 410.6615127347
2.8752574486 -1.5801047162 -0.1999385455 499.8882130921 324.0655487901
1.0143189639 -0.1834378360 0.2340703772 479.5172970965 302.9223401244
1.3939397812 -1.4548252074 -0.2639512733 644.2976448999 429.5760125842
2.6388940522 0.2859068827 0.6616028722 359.7119347897 206.9474210714
1.8436071198 -0.3614789899 -0.5329186283 413.6167854008 387.9380391440
2.6356910408 1.1581813945 0.7110316627 272.2670634408 178.4193356748
2.2974160006 1.1434337072 1.1115312662 272.1645815219 121.4029096122
1.8636994645 0.9851570773 0.8625067980 264.6130329702 133.0649991904
2.9486415274 -2.6758647837 -1.6358413215 552.7584003804 458.7089790989
2.8400527988 2.3293742471 -2.5758741647 72.9466027046 479.8284556114
2.4952987901 1.9204534977 1.3630564139 197.6916861457 79.0785648187
2.5258584135 -2.8592762385 -0.6116947642 624.4311221069 400.3866361903
2.8920798147 2.1378650829 -2.5311623147 100.6838867969 473.1137838816
2.7260240624 2.2495865463 -1.9352716347 86.4352258472 424.9333761434
2.3241395539 -2.8069241618 -0.5895953926 643.6538253170 411.5093437643
2.6278435143 1.8946618219 1.8255796272 221.9892001957 42.0814785003
2.6912848041 -2.1106228893 -0.6993441011 544.7890245216 385.3822567130
2.2863225682 -1.1407866103 2.4543879926 562.0308060938 49.8941420767
1.5889353798 -2.3704226469 0.0978376196 744.6048005328 374.8824358873
2.4841714159 1.4051269004 1.6262681959 264.1470771126 67.9685050788
2.7991553079 -1.1303929253 0.2989914414 476.4903557443 273.2368154619
2.3235776381 -0.6902499417 -1.1799127502 418.2009895482 434.0234482857
2.1983390802 1.3671984969 -1.0802983766 164.4624160878 387.1053267837
2.0950124471 -0.5055487376 0.8267820771 464.0455024953 202.7880331630
1.7824561088 1.2368809704 -0.1031601285 176.1706895285 271.5735577114
2.6588510636 -0.1466194073 -0.3037086062 378.3411590060 311.7334366560
2.2538497045 -0.9608366362 1.2047620648 514.4120586886 177.4327834338
2.3780720027 -0.0837965984 2.0767695085 438.4665255060 61.7804225446
2.9680979097 -2.4510036395 1.5364771412 593.4186582375 197.7136827221
2.8361755367 1.9949440335 -2.4556373968 112.3407886324 473.1360870476
2.0821692119 -1.0065134618 0.4658650749 512.5560871208 262.3543630828
1.2103062974 0.1184933070 0.6222756592 407.0025317127 179.3741820116
0.9923400970 0.5709656991 -0.1292795507 212.3743125692 370.4313577349
2.6984458114 1.3496573022 0.7124865195 254.7252227266 174.9595439393
1.6820117367 -2.6908657484 -0.4410075725 745.3390383138 452.9872078109
1.4393502068 -0.3605422360 0.5295601244 482.1870963970 232.5669213936
2.4819671509 -1.0003026340 -0.6462119426 458.0774949930 371.0477391867
2.4003927181 0.1999549924 -0.1597382894 347.3180658862 295.7924904413
1.6781638844 1.7635796532 -1.0815039641 8.3058906286 434.0396840796
2.8599623337 -1.4393414243 0.8130817700 509.5683903335 235.2088317455
2.8028733044 -1.8940930289 0.2984196099 539.5092974809 289.1393294397
2.2679231297 1.6166728105 1.6066018340 226.9766003292 42.3712763332
1.5339740108 -0.0088084180 1.0042570867 432.9331976141 132.3531694473
2.2683739193 1.5151538458 1.0720505343 222.8910884544 111.2424763130
2.8407462338 2.6756664027 -1.3199547291 69.0734390585 345.2232871172
2.5245239422 -1.9046691708 0.2882304037 561.5410569508 295.6843492090
1.2961433232 -0.2137759639 0.8682376054 486.1701954232 151.0825199997
2.5432224523 -0.6373923841 0.7409534547 453.6824260719 221.7455046655
2.9691898119 0.8306301282 -1.4718533968 262.5222576946 389.0158247759
1.9577623473 1.9570472736 1.2495788176 134.2221985625 40.3102388244
2.3703281476 -2.2094223224 -0.8768088657 576.7958895471 426.2736722224
2.5332886341 0.3624403137 -0.8886724309 311.6931728535 365.5508327302
2.7230803671 2.1668952310 -1.0932890004 119.2967536558 338.3663096182
1.9507874860 -0.6407648270 1.0479185312 496.7780989930 175.8006852773
1.3270867205 -0.5234995568 1.3446707796 565.7680099695 75.5064587671
2.8849499926 1.7528628131 -1.9172862492 156.4587560060 419.9854128097
1.6796342927 -1.3761458959 -0.5238268143 571.5456888840 432.2814112488
2.0330982211 1.2071025275 -0.3551796497 197.7838298241 303.5196986102
1.5235769822 -1.1851647188 1.3670204011 638.8142214136 128.6588400200
2.8384515790 -2.7845431762 0.8899561949 617.0773747859 256.7653511494
2.5609837967 -2.9277062911 -1.0449301538 617.1663338842 440.0319893103
1.7669752855 0.9690625695 -0.5529376649 201.4286797955 356.5362620349
1.8439066339 -0.9471699808 1.1522247373 549.4652946493 169.4591694188
1.4488983111 0.6617484764 1.0469220162 309.7162759987 77.5641344157
2.7059739807 -0.7331271193 0.7287971851 455.5387807799 226.0893940335
2.8833560441 2.6773336796 -0.2468877160 102.7605460959 237.6219997007
1.9496769023 -1.6101641628 0.3732577648 593.4880531216 293.8267681728
2.7832056284 2.7310910625 0.6875618561 111.6640037820 141.5674150936
0.7034332180 -0.0654622727 0.4930513506 536.1893733686 204.1996297737
1.9631750106 0.7384015444 -1.1730532119 231.2674374505 439.5181546200
2.7390766891 1.4458832406 -1.4800111153 189.7403145696 392.0868707412
1.6947515968 -1.6709432923 1.9441946478 690.3206154785 78.5651690128
1.3192468384 -0.5366856561 1.1335808896 559.2923692159 117.6982152171
2.3746660379 0.5242174031 1.6523616679 361.6530844934 86.4366816389
1.8809823717 2.0841163296 0.5893151287 72.8107845912 126.7387135962

gimbalangles:
0.8818527873 0.2995833420 -1.3162765495

end: