T_CW:
-0.0889498966 -0.9664487042 0.2409664253 0.1998572001
-0.0012416420 -0.2418176154 -0.9703209259 0.3928073130
0.9960353278 -0.0866091401 0.0203096686 -0.2353976746
0.0000000000 0.0000000000 0.0000000000 1.0000000000

T_CW_cov:
0.0000003456 0.0000000171 -0.0000000104 -0.0000000600 0.0000007335 0.0000000160
0.0000000171 0.0000002045 -0.0000000002 -0.0000005349 0.0000000353 -0.0000000522
-0.0000000104 -0.0000000002 0.0000002244 -0.0000000662 -0.0000000166 0.0000000016
-0.0000000600 -0.0000005349 -0.0000000662 0.0000019634 -0.0000001224 0.0000002426
0.0000007335 0.0000000353 -0.0000000166 -0.0000001224 0.0000020832 0.0000000608
0.0000000160 -0.0000000522 0.0000000016 0.0000002426 0.0000000608 0.0000006586

target_points_pix:
2.8469624497 -1.2706155376 -0.4268351525 471.4707671307 339.2662966723
1.2955616386 -1.4164051859 0.0125195018 674.3647122869 387.9957863131
2.9185907309 1.9178459633 1.8610296438 235.7797266463 60.5426108026
2.6305978994 -2.5336026126 1.4089481569 628.2753561655 206.1124844851
2.5591223247 -0.0443953625 0.5219552533 389.8792953784 228.3015631199
1.8324549851 0.5136414256 0.1050882143 307.4676168719 265.5640608666
2.2959027539 -0.3651612911 1.0377432566 444.0853476487 178.8752761555
2.3041003494 -2.2990699818 1.7052507894 652.2317862112 164.7393713228
2.2457088193 -0.2690198173 -1.2941584072 369.1900772370 446.6216458993
2.0176283046 -1.3083910700 2.4854543714 610.2149761709 26.9643362613
2.2385537561 -1.8200234489 -0.7064504535 555.0749075481 411.2343563422
2.8752574486 -1.5801047162 -0.1999385455 500.3342765146 324.1597532651
1.0143189639 -0.1834378360 0.2340703772 479.7276355708 303.0538781516
1.3939397812 -1.4548252074 -0.2639512733 644.3767152216 429.1510628368
2.6388940522 0.2859068827 0.6616028722 359.5595080529 206.8226087627
1.8436071198 -0.3614789899 -0.5329186283 413.7514058256 388.2164372464
2.6356910408 1.1581813945 0.7110316627 272.0347651599 178.5974850979
2.2974160006 1.1434337072 1.1115312662 272.2041311145 121.6913333165
1.8636994645 0.9851570773 0.8625067980 264.7044975165 133.0247606041
2.9486415274 -2.6758647837 -1.6358413215 553.0389223204 458.4103868672
2.4952987901 1.9204534977 1.3630564139 197.7657802789 79.2418267058
2.5258584135 -2.8592762385 -0.6116947642 624.5086641409 400.4155751278
2.8920798147 2.1378650829 -2.5311623147 100.5000034611 473.0358854225
2.7260240624 2.2495865463 -1.9352716347 86.3664595915 425.3633196081
2.3241395539 -2.8069241618 -0.5895953926 643.4327152731 411.3221602554
2.6278435143 1.8946618219 1.8255796272 222.3694313916 42.1022351282
2.6912848041 -2.1106228893 -0.6993441011 545.5515164810 385.5674891114
2.2863225682 -1.1407866103 2.4543879926 561.9957196780 50.1329095287
1.5889353798 -2.3704226469 0.0978376196 744.7331201921 374.9366672631
2.4841714159 1.4051269004 1.6262681959 264.6101941014 67.2995140755
2.7991553079 -1.1303929253 0.2989914414 476.5303096914 273.3942391137
2.3235776381 -0.6902499417 -1.1799127502 418.5601264100 434.2053998714
2.1983390802 1.3671984969 -1.0802983766 164.9320202767 387.2320598453
2.0950124471 -0.5055487376 0.8267820771 464.1627184590 202.7411008607
1.7824561088 1.2368809704 -0.1031601285 176.2250747948 271.6503648105
2.6588510636 -0.1466194073 -0.3037086062 378.5280633337 311.2129095919
2.2538497045 -0.9608366362 1.2047620648 514.2589788674 177.0733044092
2.3780720027 -0.0837965984 2.0767695085 438.5173838829 61.4098671605
2.9680979097 -2.4510036395 1.5364771412 593.2174211347 197.7788915085
2.8361755367 1.9949440335 -2.4556373968 112.5452740932 473.7488126647
2.0821692119 -1.0065134618 0.4658650749 512.6140466782 262.0267948877
1.2103062974 0.1184933070 0.6222756592 406.7167386558 179.4327779294
0.9923400970 0.5709656991 -0.1292795507 212.4467874276 370.5618941247
2.6984458114 1.3496573022 0.7124865195 254.6558423633 174.8688010787
1.6820117367 -2.6908657484 -0.4410075725 745.0029000826 453.1227315281
1.4393502068 -0.3605422360 0.5295601244 481.9921984546 232.3611328619
2.4819671509 -1.0003026340 -0.6462119426 457.8052984158 371.3283986806
2.4003927181 0.1999549924 -0.1597382894 347.4286860725 296.0063555830
1.6781638844 1.7635796532 -1.0815039641 8.5777883111 433.6078382043
2.8599623337 -1.4393414243 0.8130817700 509.9140351349 235.3271853205
2.8028733044 -1.8940930289 0.2984196099 539.7653474108 289.2041735027
2.2679231297 1.6166728105 1.6066018340 227.0223217403 42.9037745925
1.5339740108 -0.0088084180 1.0042570867 432.9987400685 132.5931434900
2.2683739193 1.5151538458 1.0720505343 222.4694112993 111.1184659546
2.8407462338 2.6756664027 -1.3199547291 68.9145571172 345.6324111280
2.5245239422 -1.9046691708 0.2882304037 561.6568817575 295.2697061916
1.2961433232 -0.2137759639 0.8682376054 486.2513667926 150.8384078924
2.5432224523 -0.6373923841 0.7409534547 454.0257001163 221.9835482291
2.9691898119 0.8306301282 -1.4718533968 262.5020826949 388.5582402353
1.9577623473 1.9570472736 1.2495788176 134.0153272485 40.1791141390
2.3703281476 -2.2094223224 -0.8768088657 576.6840488445 426.5155644190
2.5332886341 0.3624403137 -0.8886724309 311.5912075706 365.6425010737
2.7230803671 2.1668952310 -1.0932890004 119.3032371415 338.2575777587
1.9507874860 -0.6407648270 1.0479185312 496.9076584135 175.7361542169
1.3270867205 -0.5234995568 1.3446707796 565.3935721009 75.6729717274
2.8849499926 1.7528628131 -1.9172862492 156.4785347495 420.2147360042
1.6796342927 -1.3761458959 -0.5238268143 571.6001429381 431.8338190202
2.0330982211 1.2071025275 -0.3551796497 197.5803840748 303.3848229644
1.5235769822 -1.1851647188 1.3670204011 638.8789256825 128.5399417927
2.8384515790 -2.7845431762 0.8899561949 617.2514080364 256.4179484787
2.5609837967 -2.9277062911 -1.0449301538 617.0126651758 440.2372878007
1.7669752855 0.9690625695 -0.5529376649 201.1420848341 357.0340475886
1.8439066339 -0.9471699808 1.1522247373 549.5520869785 168.9876996105
1.4488983111 0.6617484764 1.0469220162 310.2917780865 77.1556091540
2.7059739807 -0.7331271193 0.7287971851 455.1756111284 226.1681295723
2.8833560441 2.6773336796 -0.2468877160 102.8994212759 237.4927182101
1.9496769023 -1.6101641628 0.3732577648 593.5440912126 294.3312649672
2.7832056284 2.7310910625 0.6875618561 111.7967079150 141.3113522669
0.7034332180 -0.0654622727 0.4930513506 536.0884974495 204.3130777229
1.9631750106 0.7384015444 -1.1730532119 230.9619971144 439.1201434699
2.7390766891 1.4458832406 -1.4800111153 189.2946709673 392.5777120701
1.6947515968 -1.6709432923 1.9441946478 690.0518746314 78.1758823750
1.3192468384 -0.5366856561 1.1335808896 559.2226355707 117.1996159818
2.3746660379 0.5242174031 1.6523616679 361.8668947170 86.4808889959
1.8809823717 2.0841163296 0.5893151287 72.7360171076 127.2340167933

gimbalangles:
-0.1103977133 -0.0412724576 -0.6962419592

end: