T_CW:
0.9240104039 -0.0983572232 -0.3695005144 -0.0369903878
0.1804894909 0.9641110111 0.1947138979 -0.0223538008
0.3370879962 -0.2466086272 0.9086010499 0.0061341683
0.0000000000 0.0000000000 0.0000000000 1.0000000000

T_CW_cov:
0.0000003713 -0.0000000535 -0.0000000160 0.0000001629 0.0000007612 0.0000000445
-0.0000000535 0.0000003339 -0.0000000063 -0.0000008585 -0.0000001236 -0.0000000318
-0.0000000160 -0.0000000063 0.0000002233 0.0000000147 -0.0000000741 -0.0000000022
0.0000001629 -0.0000008585 0.0000000147 0.0000027283 0.0000003697 0.0000001723
0.0000007612 -0.0000001236 -0.0000000741 0.0000003697 0.0000020732 0.0000000936
0.0000000445 -0.0000000318 -0.0000000022 0.0000001723 0.0000000936 0.0000005223

target_points_pix:
1.5213801119 -2.2008710222 2.5041141733 422.8895901218 139.1878890046
0.4101131736 0.5362741924 2.2116901022 312.3454866136 359.0701833642
1.1463216217 -1.7295446098 1.9332112052 420.3149412654 135.8095549420
0.2808005009 -1.1718645692 1.1250327653 361.8763174332 88.2522925547
0.9121584893 0.1426808612 1.2079831403 436.0566453688 330.0796639215
0.0462699197 -0.8578527772 1.6217053210 303.1935071348 165.2480852436
0.9456625691 1.7601532697 2.9743486518 334.8583960220 465.6004092633
2.6305978994 -2.5336026126 1.4089481569 558.8119981222 91.5185844640
2.2959027539 -0.3651612911 1.0377432566 607.0281820490 271.9182714893
-0.1910322562 1.2311524432 2.2972743069 209.2644335134 460.4802970385
1.5642042617 -2.1943799157 2.0967586103 444.1878221188 122.0959156994
2.3041003494 -2.2990699818 1.7052507894 515.7557558601 115.2066523932
1.9063566704 -1.8720756095 2.8336165515 431.9504987214 178.5924072112
0.8211055262 1.2423480346 2.5425745515 339.5302332584 432.0496920768
2.0176283046 -1.3083910700 2.4854543714 452.5099273980 207.5272145749
0.1060971975 -1.5869797388 2.1014893325 317.3742363354 123.2029080666
0.5802513707 -1.4129348864 1.3211278183 396.0020524009 98.3018160501
-0.1801198384 -0.5479985749 1.3114649932 254.6584811059 177.2618509193
1.0143189639 -0.1834378360 0.2340703772 707.4424401654 251.2403473393
0.2911990845 0.4534318924 1.9094584180 302.6761987884 356.8740047262
0.4256399553 -1.6947218047 2.8575435986 334.7188999638 161.4503062620
-1.9416308981 -1.1170647662 2.7064884155 59.8585383094 132.6222968951
0.8344632586 0.7250167015 1.6089183875 385.6010409020 415.3054465585
2.6388940522 0.2859068827 0.6616028722 736.4167952489 385.0362768149
0.3042496640 -0.7297572688 1.2382640873 351.1225528148 165.9452880928
-0.2146575641 -0.5046357991 1.9549094726 255.2235113897 217.3620274405
-0.4403439149 0.7830369850 1.9775365700 168.0028736835 411.4164424439
0.3802981729 -1.2987431511 2.1045967176 340.9104662548 158.4668049285
1.1523788830 -2.1628663225 2.9736070176 384.8538619970 151.5312070016
-0.9402351494 -1.2005288970 2.4392588703 189.6039149690 143.3053139243
-0.3823346286 -2.6004217608 2.8138227545 282.8904821883 78.2641325976
0.3581181741 0.7410917287 2.9171161179 295.5295081895 363.0287355323
-0.2089443667 -2.2213772583 2.7520224592 291.8520790871 104.2194411314
0.0001974302 0.4256021854 2.6457210473 264.8956756843 334.3405191116
1.3518114199 0.7830964934 2.7510300194 385.8477696291 371.6824526520
0.0799047365 -1.4043005573 2.5796705873 305.8182238231 163.2338532699
1.1871005587 -0.8619068936 2.0176006026 414.5783999927 215.1048615869
-0.4663553090 -0.8967115007 0.8784296744 178.6885118944 16.6506517184
2.2863225682 -1.1407866103 2.4543879926 469.4622667578 222.4218658299
1.8480999231 1.0615362460 2.2632808650 447.9770695116 416.6685584429
-1.2364746597 -0.8307857292 2.2308155062 120.0374131176 158.2325697274
2.0950124471 -0.5055487376 0.8267820771 625.3724692378 243.9722047166
2.4648997918 0.1336515858 2.7860253487 462.3292091165 318.6712369858
0.9146035834 1.0196575720 1.7087156997 386.9991179912 457.9212383114
2.3406080829 1.6524588336 2.3188796262 482.3339842793 476.6458058088
-1.4178930604 0.5616682054 2.3963558138 22.3576991639 352.3978967757
2.2538497045 -0.9608366362 1.2047620648 570.5278016060 204.2430463409
0.0114893594 1.4849654352 2.7194465450 240.5935819581 461.6616647605
2.3780720027 -0.0837965984 2.0767695085 500.2334398138 304.8005102822
2.9680979097 -2.4510036395 1.5364771412 566.6975808131 114.2839288085
2.0821692119 -1.0065134618 0.4658650749 693.4497246886 147.2560317161
1.2103062974 0.1184933070 0.6222756592 589.0874900215 349.5223264331
-1.2099097975 -2.5639048038 2.8155812467 206.5972560095 51.8262493101
1.4393502068 -0.3605422360 0.5295601244 633.0891834614 238.0785120337
2.1326369723 1.5933316956 2.3844999725 462.2146818366 468.4378745571
1.5215156292 -2.3620191306 2.0995385183 441.5136307067 109.8476850907
2.8599623337 -1.4393414243 0.8130817700 661.9589739890 153.5358745147
0.5781786926 0.7674459552 2.0919120920 330.9820409943 394.8501147436
0.3150226326 -1.7471125294 2.0745693761 341.0150816489 115.5824374325
1.1655134506 1.3593261429 2.2617282296 383.5697100215 461.0917032686
1.5339740108 -0.0088084180 1.0042570867 545.2961613526 313.8737062034
-0.6125680017 0.4219487398 1.6907229199 126.2108773460 357.9619769709
-0.6810045623 -1.9562404295 2.2617881460 238.3759587846 73.3031102651
0.5836029694 -0.4548003720 2.6430373429 336.9706370298 253.9117310682
2.1449007298 0.0322231014 2.5423879487 455.1514986017 310.5692669499
0.8815263559 -0.9544215061 1.7466657053 401.2784872607 189.0016791146
2.5245239422 -1.9046691708 0.2882304037 736.6461684646 35.0287227167
1.2961433232 -0.2137759639 0.8682376054 537.5297365043 272.8683856826
0.8867691270 -0.1269636338 2.4130534049 366.0457259736 285.7243698501
2.5432224523 -0.6373923841 0.7409534547 675.8177866279 234.9887944128
0.3863538972 0.6004048737 2.4777203984 304.8190185193 359.6463651366
1.7478756708 0.7464948804 2.7115920619 417.4630072282 369.3777799567
-1.0231969654 -0.6532888771 1.3941302240 56.9147227235 114.2347503420
-0.0697798789 0.3330106119 2.1652521284 254.4370833677 331.2951381161
1.9507874860 -0.6407648270 1.0479185312 571.8210094539 227.9884125678
1.3270867205 -0.5234995568 1.3446707796 475.0144143826 235.9602379021
0.2999752779 -2.0607219307 2.4452932410 336.0944477297 113.6872747948
1.9041661336 -2.7694805772 1.8613690763 480.5027828734 80.7013995674
-1.3015980204 -0.4775983353 1.9294706893 54.5945709220 181.8808886966
1.1641200600 -2.7568952982 2.8068855712 393.5260827771 111.4330677758
1.5235769822 -1.1851647188 1.3670204011 490.4422746304 166.1611874266
-0.8810201176 -1.1056814359 1.4752285971 139.9524987096 63.9293797443
0.5907485963 -0.3012064055 2.8976125351 331.0157582543 269.2809145472
1.5116640493 -2.8250780375 1.5329666214 474.6650427831 38.0580040073
2.8384515790 -2.7845431762 0.8899561949 624.1822357754 40.6575799000
-0.8731389884 -0.7814524095 2.0937015579 169.2956594629 168.7285866330
-1.6404500805 -1.0437677291 1.8670063384 7.5205212445 74.4973547095
0.6812398773 -2.9641218080 2.8611191676 363.3727038904 89.9877456589
-0.2705378639 1.4697607094 2.7967741969 205.9048142630 457.7474116744
-0.6234941816 -2.3304749221 2.5405973644 255.8190623389 69.3560572785
0.8063107787 0.5184446572 1.0431785338 434.6275123133 421.3200473966
1.8439066339 -0.9471699808 1.1522247373 544.6613946304 191.7285631018
1.4488983111 0.6617484764 1.0469220162 535.2768834288 443.3857014205
-0.1829379517 -2.5761408041 2.0242684627 305.2623365090 24.5997727738
2.7059739807 -0.7331271193 0.7287971851 686.5334156561 225.8805670527
1.9496769023 -1.6101641628 0.3732577648 683.7453537780 40.8794602495
0.7034332180 -0.0654622727 0.4930513506 524.8709467763 286.5342081962
1.6947515968 -1.6709432923 1.9441946478 460.9684181573 156.5740812324
-0.9075675655 -0.5141792791 2.0537428217 149.1058537803 199.2832871735
0.5875879920 -1.9410979907 2.7733843637 350.4149353955 145.2444216322
1.3192468384 -0.5366856561 1.1335808896 497.6778994444 227.2255270530
2.3746660379 0.5242174031 1.6523616679 541.3595855457 376.2589119935

gimbalangles:
1.7821105713 0.3785919103 -1.4648254857

end: