T_CW:
0.9936158865 -0.0304259735 0.1086357684 -0.0281034751
0.0836968657 -0.4468720945 -0.8906739952 -0.0522018852
0.0756459168 0.8940803047 -0.4414726537 -0.0570548365
0.0000000000 0.0000000000 0.0000000000 1.0000000000

T_CW_cov:
0.0000005463 0.0000000499 0.0000000114 -0.0000000108 0.0000012473 0.0000000203
0.0000000499 0.0000002678 0.0000000216 -0.0000008639 0.0000000437 -0.0000000436
0.0000000114 0.0000000216 0.0000002080 -0.0000000716 0.0000000026 -0.0000000024
-0.0000000108 -0.0000008639 -0.0000000716 0.0000035367 0.0000002045 0.0000001624
0.0000012473 0.0000000437 0.0000000026 0.0000002045 0.0000035812 0.0000000022
0.0000000203 -0.0000000436 -0.0000000024 0.0000001624 0.0000000022 0.0000006502

target_points_pix:
-2.8243573618 2.6628569762 -1.5907718359 109.8161751010 234.2991240596
-1.8989089335 2.7021134331 -0.4054152166 168.8427162861 132.5710464570
0.4525511890 1.4771543701 -0.3709931605 430.9011826672 182.7661678902
-1.4021994661 2.7108304751 0.3961482093 205.8115054049 38.5421642994
0.0134727521 1.9966532696 -2.2999075116 346.3410872588 337.1133894443
0.0713589459 2.8688959608 -0.9051086491 363.5247816035 196.1791043502
-2.5095895023 1.4537282118 -1.9005724212 21.0525033636 339.6960329231
-0.3054732399 1.1553874900 0.2017032538 278.7123699161 23.0660808472
0.8179732118 2.2948193458 -0.2082891874 453.2324514567 146.5799229009
-1.4132040819 1.7390647207 -0.1303300090 124.8813338891 100.7759202350
0.4760255981 1.6652719494 -2.0074300235 393.1755748162 345.6836171996
-0.0197024909 1.9179607289 -0.7375181316 352.4859317160 208.6475332236
-2.2570881565 2.7082349037 -2.0633919600 174.4873654799 269.6302355716
2.1243149059 2.5165360083 -1.1599424087 533.9168724906 242.3898019084
2.2027673226 1.2739145926 -2.7746600208 553.3998382852 438.3757888152
2.2838413789 1.2710353105 -2.0665887182 596.4086406893 397.2172337028
-2.7312989435 2.6530594031 -1.3942433270 111.3876344043 219.8322365013
-2.6333375856 2.5260876036 -0.4714651478 72.0570263332 131.8228598350
-1.8036662741 2.9213890742 0.4185609520 173.6266799411 35.9039052324
1.3605142988 1.3279683397 -2.8167563008 470.7346320786 432.6150249320
0.8606978522 2.4381202060 -0.8605197644 437.4579284496 211.0695289313
2.8400527988 2.3293742471 -2.5758741647 550.2557712582 342.8166144823
0.6837708879 1.9678359559 0.5759732938 480.5316292166 15.8429618153
1.9598271384 2.0807628825 -1.8172077782 520.7186964809 309.9131905054
1.2977747122 2.7046068227 -2.0603174099 443.8074777789 288.6654381776
2.8920798147 2.1378650829 -2.5311623147 565.1720982921 352.1946352820
-0.8911796826 2.9815497203 -1.4877817901 286.7583042490 229.3930252018
2.7260240624 2.2495865463 -1.9352716347 568.2232023366 311.0707953668
1.1135292309 2.9590436052 0.6041369903 481.3709314459 56.5284280182
0.6336242524 1.1783842050 -1.0552852102 447.8304400362 305.8218928162
2.3667225286 2.8706255632 -2.1373102295 508.6666059265 290.5892652989
0.2585293654 0.5934473492 -0.5108773483 427.5880050909 292.9565223537
2.1983390802 1.3671984969 -1.0802983766 642.4925402588 303.9858365893
1.7824561088 1.2368809704 -0.1031601285 708.5773104408 168.1126857916
1.2383180701 1.3099832525 -2.0678546936 482.0428313344 388.5366621430
0.7871674616 2.0424983208 0.2012990387 474.4133921658 89.4763079422
1.3716637695 0.8792669647 -1.3574988410 571.1467720689 388.2629369676
0.9719223617 1.9689701437 -1.5625638722 444.4971564743 292.5976735182
-1.8048953481 1.9335417400 -1.4229821744 147.7637429616 262.1075889783
2.8361755367 1.9949440335 -2.4556373968 572.2291476952 357.7258955035
0.8962104592 2.8887750237 0.0742970148 449.3877911940 114.0259937006
1.4570043822 2.3114412965 -2.8657043889 449.3889078588 353.0434362155
1.6781638844 1.7635796532 -1.0815039641 542.3028171735 269.3547136309
-1.1012706995 2.9606741992 0.3197833124 254.7797251022 60.9017681874
1.4697371940 1.7050643911 -2.6910499524 470.1193860177 388.5384961216
1.4997362677 2.2552284310 -1.7042058754 478.6079428262 289.8796447888
1.9711161295 2.5320500174 -0.8647562015 530.5801125622 217.5807288643
-2.7764038774 2.3680402460 -0.8289858517 53.0190473761 173.9489282638
0.6325419191 2.6208530677 -2.3930825352 394.1247317087 308.0564847087
2.8407462338 2.6756664027 -1.3199547291 573.7701411292 252.2215411326
-1.6435711194 1.7206815262 -0.2385074952 87.7250001804 116.3013945871
0.8583509219 1.9819683117 -2.4177920373 417.9308856910 349.2151951710
-2.8070000852 2.1028983329 -1.6509945629 58.7636065166 264.8749462210
-1.0050947886 1.3796874961 -1.1237346037 194.8362189618 276.8007027028
-2.7642033712 2.8377397974 0.0312227722 68.8591217053 70.1068302245
-0.7126786561 1.9834577945 -1.0618160856 271.8958381058 233.1823819081
1.9193600062 2.7960739311 -1.6739447817 492.6875615283 264.7925493188
2.8049534027 1.7549510628 -2.7261348255 574.0635277721 390.8224639091
-1.7178836189 1.5332592184 -0.2148120387 34.1011363265 109.1205255681
2.4239824816 0.7568461512 -2.0444246221 678.2125708866 471.4783329540
2.7230803671 2.1668952310 -1.0932890004 609.9453375879 256.8559064967
-1.6965573658 2.2500304313 -1.4300462053 184.8274693300 246.8055501348
-0.0667491202 2.8893935758 -1.8135267343 347.5338902610 259.1737036463
2.8849499926 1.7528628131 -1.9172862492 617.6383062006 344.0744932729
1.1468270981 2.4561268263 -0.9711199181 460.3985713310 222.2500883197
1.8638170845 2.7136824619 0.0667283887 545.4113953087 125.8208311633
1.7836301664 2.3017608285 -2.5962998189 477.8235279367 341.0282945801
2.0330982211 1.2071025275 -0.3551796497 722.9415209514 220.6761984662
1.1730569531 1.2704948479 -1.1105960248 517.7621999633 307.8292939457
-2.7635838127 2.5758996306 0.1771810151 25.3204063691 42.7230052998
0.7279847276 1.9901461379 -1.3627605785 425.0181286026 273.7271445045
-1.5993342926 1.4370656586 -2.3495525503 158.9062624215 382.2761174122
-1.5057213679 1.4881960724 0.1935683238 26.3356908462 10.5643464693
0.7664780110 2.9653914697 -0.1033146028 431.9883446877 130.2975819454
1.7669752855 0.9690625695 -0.5529376649 709.5162556827 271.0575782682
1.1060195470 2.4830620612 0.3854567192 496.1394315165 75.1231167373
2.8833560441 2.6773336796 -0.2468877160 623.0506059228 168.0152588288
2.7832056284 2.7310910625 0.6875618561 663.3666631840 65.2749626458
-1.6020343444 1.0108264512 -2.1461077954 103.2189147651 423.3711528360
0.4773538111 1.3095008612 -1.5680206608 406.3399453084 344.4630918264
-0.4791536927 2.3891232452 -2.6389828612 310.2593361690 329.4047712834
1.9631750106 0.7384015444 -1.1730532119 712.7499100355 397.1548065365
2.7390766891 1.4458832406 -1.4800111153 662.5919357386 337.5190458533
-1.7376268140 2.4434120148 -2.6251467566 213.4810476067 319.8185966031
-2.7196823128 2.1269550887 -0.8836294877 30.7265292006 186.7432115872
-1.4239071394 1.7163547221 -0.1251398761 119.4900702275 99.1356104045
1.8142779780 2.3081898863 -0.8022692629 531.6906640418 218.7574434597
0.1815827826 2.0076210646 -1.8337579884 364.7985414432 305.7131011173
1.8809823717 2.0841163296 0.5893151287 638.9705854647 45.9094585648
0.5522005358 2.0961738439 -1.3378655295 406.0393947511 263.8608720793
-2.7921738827 1.8243530301 -1.3223706776 2.3368251646 249.1580274916

gimbalangles:
-0.4600950575 -0.1089978324 -1.5401034315

end: