T_CW:
-0.0889046641 -0.9663984046 0.2411847514 0.1996923700
-0.0011160995 -0.2420467978 -0.9702639342 0.3923174666
0.9960395148 -0.0865301754 0.0204404925 -0.2354002908
0.0000000000 0.0000000000 0.0000000000 1.0000000000

T_CW_cov:
0.0000003304 0.0000000052 -0.0000000113 -0.0000000349 0.0000007052 0.0000000049
0.0000000052 0.0000001951 -0.0000000003 -0.0000005155 0.0000000129 -0.0000000608
-0.0000000113 -0.0000000003 0.0000002169 -0.0000000605 -0.0000000151 0.0000000023
-0.0000000349 -0.0000005155 -0.0000000605 0.0000019192 -0.0000000770 0.0000002599
0.0000007052 0.0000000129 -0.0000000151 -0.0000000770 0.0000020290 0.0000000392
0.0000000049 -0.0000000608 0.0000000023 0.0000002599 0.0000000392 0.0000006505

target_points_pix:
2.8469624497 -1.2706155376 -0.4268351525 471.4235991835 339.2930409668
1.2955616386 -1.4164051859 0.0125195018 674.2766015126 387.4163709454
2.9185907309 1.9178459633 1.8610296438 236.1538406498 60.5339135772
2.6305978994 -2.5336026126 1.4089481569 628.2581600694 206.0392694121
2.5591223247 -0.0443953625 0.5219552533 389.8176848636 228.8759712285
1.8324549851 0.5136414256 0.1050882143 307.6478689817 265.4282206516
2.2959027539 -0.3651612911 1.0377432566 444.0634056493 179.0089945812
2.3041003494 -2.2990699818 1.7052507894 652.1549259213 164.6177478660
2.2457088193 -0.2690198173 -1.2941584072 368.7474343602 446.7292231732
2.0176283046 -1.3083910700 2.4854543714 610.3492765621 26.5959196291
2.2385537561 -1.8200234489 -0.7064504535 555.5757415754 411.2088707612
2.8752574486 -1.5801047162 -0.1999385455 500.2776573952 324.1401226109
1.0143189639 -0.1834378360 0.2340703772 479.5774899239 302.8277611287
1.3939397812 -1.4548252074 -0.2639512733 644.5883497220 429.5356926616
2.6388940522 0.2859068827 0.6616028722 359.6396155454 206.7841242874
1.8436071198 -0.3614789899 -0.5329186283 413.4454472058 387.5715904779
2.6356910408 1.1581813945 0.7110316627 271.7529082202 178.7087269579
2.2974160006 1.1434337072 1.1115312662 272.4462381780 121.2556887584
1.8636994645 0.9851570773 0.8625067980 264.5702955780 133.3486297511
2.9486415274 -2.6758647837 -1.6358413215 552.5114092103 458.1081270534
2.8400527988 2.3293742471 -2.5758741647 72.7174710475 479.9161796868
2.4952987901 1.9204534977 1.3630564139 197.4596407122 79.6687729940
2.5258584135 -2.8592762385 -0.6116947642 624.2437839943 400.5084722049
2.8920798147 2.1378650829 -2.5311623147 101.0629255721 473.3242439158
2.7260240624 2.2495865463 -1.9352716347 86.3436898245 425.2337658602
2.3241395539 -2.8069241618 -0.5895953926 643.9444561901 411.1728829801
2.6278435143 1.8946618219 1.8255796272 222.4904963843 42.0837374104
2.6912848041 -2.1106228893 -0.6993441011 544.5992918341 385.8708398262
2.2863225682 -1.1407866103 2.4543879926 562.0500201930 50.0846594103
1.5889353798 -2.3704226469 0.0978376196 744.4000434155 374.3637775335
2.4841714159 1.4051269004 1.6262681959 264.3288969376 67.4093396043
2.7991553079 -1.1303929253 0.2989914414 476.5360704965 273.8520068521
2.3235776381 -0.6902499417 -1.1799127502 418.0064704917 434.2555544123
2.1983390802 1.3671984969 -1.0802983766 164.6093743921 387.0268218086
2.0950124471 -0.5055487376 0.8267820771 463.8155584589 202.7434369475
1.7824561088 1.2368809704 -0.1031601285 175.9698979529 271.5827504129
2.6588510636 -0.1466194073 -0.3037086062 378.3636813454 311.5603630490
2.2538497045 -0.9608366362 1.2047620648 514.4461214476 176.9168706020
2.3780720027 -0.0837965984 2.0767695085 438.4921704755 61.7908715784
2.9680979097 -2.4510036395 1.5364771412 593.5678574954 198.1390322658
2.8361755367 1.9949440335 -2.4556373968 112.2863224823 473.4681469194
2.0821692119 -1.0065134618 0.4658650749 512.7632323796 262.2517074014
1.2103062974 0.1184933070 0.6222756592 407.3819640270 179.4991867366
0.9923400970 0.5709656991 -0.1292795507 212.6856478577 370.1000736471
2.6984458114 1.3496573022 0.7124865195 254.7844227267 175.2423567269
1.6820117367 -2.6908657484 -0.4410075725 745.3142054526 453.2747887949
1.4393502068 -0.3605422360 0.5295601244 482.5332357192 232.6213757514
2.4819671509 -1.0003026340 -0.6462119426 457.7679286907 371.5745116473
2.4003927181 0.1999549924 -0.1597382894 347.6225443087 295.4977361637
1.6781638844 1.7635796532 -1.0815039641 7.8755972827 433.6711931174
2.8599623337 -1.4393414243 0.8130817700 510.0171610094 235.4061524887
2.8028733044 -1.8940930289 0.2984196099 539.3222784074 289.4447549467
2.2679231297 1.6166728105 1.6066018340 226.5589881626 42.7476063667
1.5339740108 -0.0088084180 1.0042570867 432.8865052722 132.6686896681
2.2683739193 1.5151538458 1.0720505343 222.5312970247 111.6251235388
2.8407462338 2.6756664027 -1.3199547291 69.3744541908 345.2314684563
2.5245239422 -1.9046691708 0.2882304037 561.6594255299 296.0123754934
1.2961433232 -0.2137759639 0.8682376054 486.4551200419 151.0939086076
2.5432224523 -0.6373923841 0.7409534547 453.8498075512 221.7448691670
2.9691898119 0.8306301282 -1.4718533968 262.7479099856 388.8543617900
1.9577623473 1.9570472736 1.2495788176 134.2687877614 39.8447137249
2.3703281476 -2.2094223224 -0.8768088657 576.2751318862 426.5263700746
2.5332886341 0.3624403137 -0.8886724309 311.7546998546 365.6520335170
2.7230803671 2.1668952310 -1.0932890004 119.3963746663 338.1706759292
1.9507874860 -0.6407648270 1.0479185312 497.2625450887 175.7529134671
1.3270867205 -0.5234995568 1.3446707796 565.3405242739 75.1737214889
2.8849499926 1.7528628131 -1.9172862492 156.5560301436 419.6444870185
1.6796342927 -1.3761458959 -0.5238268143 571.6643818184 432.3612529353
2.0330982211 1.2071025275 -0.3551796497 197.2181203996 302.9196345400
1.5235769822 -1.1851647188 1.3670204011 638.7823942441 128.6136223824
2.8384515790 -2.7845431762 0.8899561949 617.5156944434 256.7758205577
2.5609837967 -2.9277062911 -1.0449301538 617.5947668969 439.9985193044
1.7669752855 0.9690625695 -0.5529376649 201.6998413509 356.3806766895
1.8439066339 -0.9471699808 1.1522247373 549.6303611569 169.0146522875
1.4488983111 0.6617484764 1.0469220162 310.1305263806 77.4067350478
2.7059739807 -0.7331271193 0.7287971851 455.6424354097 226.2633807238
2.8833560441 2.6773336796 -0.2468877160 102.8649451167 237.5701482365
1.9496769023 -1.6101641628 0.3732577648 593.3565179818 293.9245092537
2.7832056284 2.7310910625 0.6875618561 112.0618296733 141.4530725555
0.7034332180 -0.0654622727 0.4930513506 535.7490981716 203.9558488290
1.9631750106 0.7384015444 -1.1730532119 231.7120964387 439.8027085461
2.7390766891 1.4458832406 -1.4800111153 188.7579806537 392.1723737946
1.6947515968 -1.6709432923 1.9441946478 690.4542748382 78.3813539363
1.3192468384 -0.5366856561 1.1335808896 559.2752744377 117.7127050866
2.3746660379 0.5242174031 1.6523616679 361.8142898552 86.4125644136
1.8809823717 2.0841163296 0.5893151287 72.3174813937 126.6429084583

gimbalangles:
1.7821105713 0.3785919103 -1.4648254857

end: