T_CW:
-0.0890151451 -0.9664135382 0.2410833408 0.1999664157
-0.0013932074 -0.2419231449 -0.9702944146 0.3931073822
0.9960292982 -0.0867067772 0.0201884094 -0.2355181200
0.0000000000 0.0000000000 0.0000000000 1.0000000000

T_CW_cov:
0.0000003454 0.0000000171 -0.0000000104 -0.0000000600 0.0000007331 0.0000000163
0.0000000171 0.0000002044 -0.0000000002 -0.0000005348 0.0000000353 -0.0000000523
-0.0000000104 -0.0000000002 0.0000002243 -0.0000000663 -0.0000000165 0.0000000016
-0.0000000600 -0.0000005348 -0.0000000663 0.0000019628 -0.0000001223 0.0000002428
0.0000007331 0.0000000353 -0.0000000165 -0.0000001223 0.0000020821 0.0000000613
0.0000000163 -0.0000000523 0.0000000016 0.0000002428 0.0000000613 0.0000006583

target_points_pix:
2.8469624497 -1.2706155376 -0.4268351525 471.5453627289 339.2740264340
1.2955616386 -1.4164051859 0.0125195018 674.0496178372 387.5003651037
2.9185907309 1.9178459633 1.8610296438 236.0940597818 60.7350370566
2.6305978994 -2.5336026126 1.4089481569 628.3975660006 205.7012130183
2.5591223247 -0.0443953625 0.5219552533 389.8159539415 228.4619593459
1.8324549851 0.5136414256 0.1050882143 306.8661377801 265.5087280559
2.2959027539 -0.3651612911 1.0377432566 444.0520123324 178.6289151878
2.3041003494 -2.2990699818 1.7052507894 652.0697350660 164.7940519687
2.2457088193 -0.2690198173 -1.2941584072 369.1020124542 446.5886902370
2.0176283046 -1.3083910700 2.4854543714 610.2869050272 26.6727944945
2.2385537561 -1.8200234489 -0.7064504535 555.1498478342 411.0091734423
2.8752574486 -1.5801047162 -0.1999385455 499.8162710084 324.3324918918
1.0143189639 -0.1834378360 0.2340703772 479.6325007648 303.0446764068
1.3939397812 -1.4548252074 -0.2639512733 644.5018651736 429.1876342914
2.6388940522 0.2859068827 0.6616028722 359.9075685773 207.0088104296
1.8436071198 -0.3614789899 -0.5329186283 413.3324341339 387.9549239722
2.6356910408 1.1581813945 0.7110316627 272.3240591459 178.4397938221
2.2974160006 1.1434337072 1.1115312662 272.6018790427 121.2800333619
1.8636994645 0.9851570773 0.8625067980 264.7537304050 133.2014752871
2.9486415274 -2.6758647837 -1.6358413215 552.8876827817 458.6661160572
2.4952987901 1.9204534977 1.3630564139 198.0110792409 79.5031262807
2.5258584135 -2.8592762385 -0.6116947642 624.2330125968 400.4614389734
2.8920798147 2.1378650829 -2.5311623147 101.3781301718 473.5101410409
2.7260240624 2.2495865463 -1.9352716347 86.1599515110 425.0713380938
2.3241395539 -2.8069241618 -0.5895953926 643.3583285621 411.2502898044
2.6278435143 1.8946618219 1.8255796272 222.5151258975 42.2365837478
2.6912848041 -2.1106228893 -0.6993441011 544.5879100323 385.6932500444
2.2863225682 -1.1407866103 2.4543879926 562.1235550573 49.9587111045
1.5889353798 -2.3704226469 0.0978376196 744.4478454650 374.8128741942
2.4841714159 1.4051269004 1.6262681959 263.9011570473 67.5125915019
2.7991553079 -1.1303929253 0.2989914414 476.9604373295 273.3107248532
2.3235776381 -0.6902499417 -1.1799127502 418.3864934020 433.7615859138
2.1983390802 1.3671984969 -1.0802983766 164.6655475622 387.2950418275
2.0950124471 -0.5055487376 0.8267820771 463.9335409494 202.9127148490
1.7824561088 1.2368809704 -0.1031601285 175.9888312841 271.7743090662
2.6588510636 -0.1466194073 -0.3037086062 378.4946950959 311.6598293373
2.2538497045 -0.9608366362 1.2047620648 514.7522877395 177.3316261666
2.3780720027 -0.0837965984 2.0767695085 438.6099352311 61.7051015562
2.9680979097 -2.4510036395 1.5364771412 593.7604019773 197.7905551795
2.8361755367 1.9949440335 -2.4556373968 111.9952069718 473.6279676856
2.0821692119 -1.0065134618 0.4658650749 512.1906447003 262.5370892773
1.2103062974 0.1184933070 0.6222756592 407.0987768982 179.6376958505
0.9923400970 0.5709656991 -0.1292795507 212.4642747941 370.5764396363
2.6984458114 1.3496573022 0.7124865195 254.6629693342 175.1617236122
1.6820117367 -2.6908657484 -0.4410075725 745.5241076910 452.9798294292
1.4393502068 -0.3605422360 0.5295601244 482.0980107975 232.6857986648
2.4819671509 -1.0003026340 -0.6462119426 457.8285779014 371.4750382377
2.4003927181 0.1999549924 -0.1597382894 347.8478458557 295.7843080424
1.6781638844 1.7635796532 -1.0815039641 8.1289962938 434.1153002208
2.8599623337 -1.4393414243 0.8130817700 509.6495664254 234.8294352991
2.8028733044 -1.8940930289 0.2984196099 539.5677980423 288.6500390600
2.2679231297 1.6166728105 1.6066018340 226.8825401797 42.5060006841
1.5339740108 -0.0088084180 1.0042570867 433.1682970154 132.4596657336
2.2683739193 1.5151538458 1.0720505343 222.7572489164 111.2037208968
2.8407462338 2.6756664027 -1.3199547291 68.9654192507 345.2259860706
2.5245239422 -1.9046691708 0.2882304037 561.2181509175 296.0155481507
1.2961433232 -0.2137759639 0.8682376054 486.5011817400 151.1715979376
2.5432224523 -0.6373923841 0.7409534547 453.7790486291 221.3882859903
2.9691898119 0.8306301282 -1.4718533968 262.6302491637 388.6900465104
1.9577623473 1.9570472736 1.2495788176 134.5609287725 39.7521532347
2.3703281476 -2.2094223224 -0.8768088657 576.6157960085 426.1508099877
2.5332886341 0.3624403137 -0.8886724309 311.2491524888 365.4672253375
2.7230803671 2.1668952310 -1.0932890004 118.9744723036 338.3443150961
1.9507874860 -0.6407648270 1.0479185312 496.9446439075 175.5614221814
1.3270867205 -0.5234995568 1.3446707796 566.0610231027 75.2544804451
2.8849499926 1.7528628131 -1.9172862492 156.3846273514 419.8964835273
1.6796342927 -1.3761458959 -0.5238268143 571.5927745302 432.0600684336
2.0330982211 1.2071025275 -0.3551796497 197.4270023160 303.3985288601
1.5235769822 -1.1851647188 1.3670204011 638.5967150337 128.4180122678
2.8384515790 -2.7845431762 0.8899561949 617.5218990681 256.3668334474
2.5609837967 -2.9277062911 -1.0449301538 617.1437812324 440.1327073754
1.7669752855 0.9690625695 -0.5529376649 201.3171867548 356.8272180407
1.8439066339 -0.9471699808 1.1522247373 549.4246773605 168.7151669500
1.4488983111 0.6617484764 1.0469220162 309.8816512377 77.5093183209
2.7059739807 -0.7331271193 0.7287971851 455.8984985912 226.3801185124
2.8833560441 2.6773336796 -0.2468877160 102.6592049653 237.6839439961
1.9496769023 -1.6101641628 0.3732577648 593.9940358953 294.2020867870
2.7832056284 2.7310910625 0.6875618561 111.9523612814 141.3583535473
0.7034332180 -0.0654622727 0.4930513506 535.9625109423 204.3850957025
1.9631750106 0.7384015444 -1.1730532119 231.3116886334 439.4259856492
2.7390766891 1.4458832406 -1.4800111153 189.1132132256 392.6717113024
1.6947515968 -1.6709432923 1.9441946478 690.5373088888 78.2534428801
1.3192468384 -0.5366856561 1.1335808896 559.2585142086 117.8588276117
2.3746660379 0.5242174031 1.6523616679 361.9596733487 86.5681443833
1.8809823717 2.0841163296 0.5893151287 72.5720755603 126.4932596102

gimbalangles:
-0.4600950575 -0.1089978324 -1.5401034315

end: