sensor_name: static1
sensor_id: S1
model_type: pinhole
distortion_type: radtan
width: 1280
height: 1024
fx: 659.336445
fy: 659.738012
cx: 636.279573
cy: 515.944432
k1: -0.184840
k2: 0.051449
k3: 0
p1: 0.000638
p2: 0.000870