sensor_name: static2
sensor_id: S2
model_type: pinhole
distortion_type: radtan
width: 1280
height: 1024
fx: 658.201367
fy: 658.426738
cx: 649.316335
cy: 510.741026
k1: 0
k2: 0
k3: 0
p1: 0
p2: 0