sensor_name: gimbal
sensor_id: M
model_type: pinhole
distortion_type: radtan
width: 1280
height: 720
fx: 1106.575515
fy: 1106.911454
cx: 645.017896
cy: 350.821693
k1: -0.002274
k2: -0.003783
k3: 0
p1: 0.0008676
p2: 0.0018172