T_CW:
0.9777869315 0.1439350739 0.1523660432 -1.1255186749
0.1114614106 -0.9726924270 0.2035824069 -0.0840178347
0.1775079451 -0.1820772828 -0.9671291499 1.8566051501
0.0000000000 0.0000000000 0.0000000000 1.0000000000

T_CW_cov:
0.0000197529 0.0000002989 0.0000032166 -0.0000005267 -0.0000004448 0.0000033356
0.0000002989 0.0000047605 0.0000007435 -0.0000008939 -0.0000005296 0.0000035378
0.0000032166 0.0000007435 0.0000007963 -0.0000002459 -0.0000002837 0.0000010562
-0.0000005267 -0.0000008939 -0.0000002459 0.0000002381 0.0000001488 -0.0000008516
-0.0000004448 -0.0000005296 -0.0000002837 0.0000001488 0.0000002174 -0.0000005464
0.0000033356 0.0000035378 0.0000010562 -0.0000008516 -0.0000005464 0.0000037471

target_points_pix:
0.1000000000 0.0000000000 0.0000000000 61.9566191602 300.8143644342
0.1000000000 0.1000000000 0.0000000000 64.5024419026 239.4395721325
0.1000000000 0.2000000000 0.0000000000 66.8139757641 177.1839683774
0.1000000000 0.3000000000 0.0000000000 69.9725828868 113.6917165755
0.1000000000 0.4000000000 0.0000000000 72.7894659869 48.5729058702
0.2000000000 0.0000000000 0.0000000000 125.6684624292 308.0461957204
0.2000000000 0.1000000000 0.0000000000 128.7440737905 247.8504426727
0.2000000000 0.2000000000 0.0000000000 132.4944068345 185.5139363761
0.2000000000 0.3000000000 0.0000000000 135.5146220223 122.4813732104
0.2000000000 0.4000000000 0.0000000000 139.2302607615 58.3620399753
0.3000000000 0.0000000000 0.0000000000 188.4333700772 315.0483928161
0.3000000000 0.1000000000 0.0000000000 192.3957898756 255.4054293277
0.3000000000 0.2000000000 0.0000000000 196.3236244049 193.7634146158
0.3000000000 0.3000000000 0.0000000000 200.5306945661 131.7351598885
0.3000000000 0.4000000000 0.0000000000 204.5907915073 67.8447467930
0.3000000000 0.5000000000 0.0000000000 208.9173434428 3.0679647302
0.4000000000 0.0000000000 0.0000000000 250.7215846733 322.4856054525
0.4000000000 0.1000000000 0.0000000000 254.5570952772 263.0058500856
0.4000000000 0.2000000000 0.0000000000 259.6543299989 202.2171299716
0.4000000000 0.3000000000 0.0000000000 264.4849005788 140.6653241180
0.4000000000 0.4000000000 0.0000000000 269.2029068856 77.5772700196
0.4000000000 0.5000000000 0.0000000000 273.9112231651 13.0799334140
0.5000000000 0.0000000000 0.0000000000 311.8560975794 329.3282325285
0.5000000000 0.1000000000 0.0000000000 316.7717729223 270.4954449063
0.5000000000 0.2000000000 0.0000000000 322.2638573150 210.1673419494
0.5000000000 0.3000000000 0.0000000000 327.0295468408 149.1016881491
0.5000000000 0.4000000000 0.0000000000 332.3773296070 86.7887114639
0.5000000000 0.5000000000 0.0000000000 338.3521857467 22.9325877522
0.6000000000 0.0000000000 0.0000000000 371.8514163033 335.9994707231
0.6000000000 0.1000000000 0.0000000000 377.5893979840 277.8608854513
0.6000000000 0.2000000000 0.0000000000 383.3795781404 218.6614904407
0.6000000000 0.3000000000 0.0000000000 388.8268244645 157.9747815234
0.6000000000 0.4000000000 0.0000000000 394.8881665046 96.1759976227
0.6000000000 0.5000000000 0.0000000000 400.6176061669 33.3491083825
0.7000000000 0.0000000000 0.0000000000 431.0795169017 342.8321537175
0.7000000000 0.1000000000 0.0000000000 437.0342324203 284.8987502045
0.7000000000 0.2000000000 0.0000000000 443.2105097050 226.0799268442
0.7000000000 0.3000000000 0.0000000000 449.7142921561 166.1546950192
0.7000000000 0.4000000000 0.0000000000 456.1913925890 105.0168903152
0.7000000000 0.5000000000 0.0000000000 462.4195381457 42.4699640258
0.8000000000 0.0000000000 0.0000000000 489.3697764618 349.4425907777
0.8000000000 0.1000000000 0.0000000000 495.7284304232 292.1484117841
0.8000000000 0.2000000000 0.0000000000 502.3244216026 233.8030535261
0.8000000000 0.3000000000 0.0000000000 509.4460720742 174.2943065784
0.8000000000 0.4000000000 0.0000000000 516.0602112709 114.0725062977
0.8000000000 0.5000000000 0.0000000000 523.4139798947 52.1049356138
0.9000000000 0.0000000000 0.0000000000 546.6928270373 355.8664284578
0.9000000000 0.1000000000 0.0000000000 553.3826423117 299.3953210808
0.9000000000 0.2000000000 0.0000000000 560.5708542935 241.3716420582
0.9000000000 0.3000000000 0.0000000000 568.4225630091 182.2761652362
0.9000000000 0.4000000000 0.0000000000 575.5921119377 122.7070584313
0.9000000000 0.5000000000 0.0000000000 582.8880166462 61.7072183788
1.0000000000 0.0000000000 0.0000000000 602.8992969757 362.5243345165
1.0000000000 0.1000000000 0.0000000000 610.3812775213 306.1783175075
1.0000000000 0.2000000000 0.0000000000 617.8705464262 249.0008098549
1.0000000000 0.3000000000 0.0000000000 625.9606515255 190.8452102972
1.0000000000 0.4000000000 0.0000000000 633.6522779618 131.2510152225
1.0000000000 0.5000000000 0.0000000000 641.8120417973 70.4977414610
1.0000000000 0.6000000000 0.0000000000 649.9931645773 8.9353670743
1.1000000000 0.0000000000 0.0000000000 658.4536641161 368.5939226333
1.1000000000 0.1000000000 0.0000000000 666.2605658361 312.9542131471
1.1000000000 0.2000000000 0.0000000000 674.3394335354 256.5799305866
1.1000000000 0.3000000000 0.0000000000 682.5608319476 198.5252567974
1.1000000000 0.4000000000 0.0000000000 691.0128027080 139.8473984404
1.1000000000 0.5000000000 0.0000000000 699.7323933287 79.5368574825
1.1000000000 0.6000000000 0.0000000000 708.0761101088 18.9499299952
1.2000000000 0.0000000000 0.0000000000 712.9698119760 374.1910789168
1.2000000000 0.1000000000 0.0000000000 721.2680924963 319.4812957633
1.2000000000 0.2000000000 0.0000000000 729.5372176435 263.4112088604
1.2000000000 0.3000000000 0.0000000000 738.4565230137 206.0874865263
1.2000000000 0.4000000000 0.0000000000 747.4442352253 148.1667647902
1.2000000000 0.5000000000 0.0000000000 756.2966248109 88.6726944957
1.2000000000 0.6000000000 0.0000000000 765.1290947435 27.9879413726
1.3000000000 0.0000000000 0.0000000000 766.4169627184 380.7820731993
1.3000000000 0.1000000000 0.0000000000 775.6489795044 325.8215938728
1.3000000000 0.2000000000 0.0000000000 784.0230986576 270.5021104046
1.3000000000 0.3000000000 0.0000000000 793.1632150429 213.9300469151
1.3000000000 0.4000000000 0.0000000000 802.2712455789 155.9077545566
1.3000000000 0.5000000000 0.0000000000 812.0360340847 97.6340599005
1.3000000000 0.6000000000 0.0000000000 821.6907134000 37.7107053918
1.4000000000 0.0000000000 0.0000000000 819.3642295223 386.2007023542
1.4000000000 0.1000000000 0.0000000000 828.5444195032 332.1130871550
1.4000000000 0.2000000000 0.0000000000 837.8352271580 277.6601409829
1.4000000000 0.3000000000 0.0000000000 847.0154624080 221.6994942294
1.4000000000 0.4000000000 0.0000000000 856.7432077974 164.2565819134
1.4000000000 0.5000000000 0.0000000000 866.7733539244 106.0716556302
1.4000000000 0.6000000000 0.0000000000 876.3023058349 46.7156245567

gimbalangles:
-0.1536710636 -0.0977162521 0.0874034040

end: