T_CW:
0.9975109522 -0.0134249760 0.0692218919 -0.9002563463
0.0017533071 -0.9766818581 -0.2146845920 0.8226273099
0.0704899015 0.2142715990 -0.9742273121 1.7798722247
0.0000000000 0.0000000000 0.0000000000 1.0000000000

T_CW_cov:
0.0000108051 0.0000000264 0.0000008344 -0.0000005210 0.0000015788 0.0000065238
0.0000000264 0.0000029462 -0.0000004136 -0.0000005353 0.0000002611 0.0000018109
0.0000008344 -0.0000004136 0.0000002442 -0.0000000346 0.0000000034 0.0000002504
-0.0000005210 -0.0000005353 -0.0000000346 0.0000001959 -0.0000000823 -0.0000006930
0.0000015788 0.0000002611 0.0000000034 -0.0000000823 0.0000003434 0.0000011690
0.0000065238 0.0000018109 0.0000002504 -0.0000006930 0.0000011690 0.0000054962

target_points_pix:
0.0000000000 0.3000000000 0.0000000000 128.7185453326 677.8725272194
0.0000000000 0.4000000000 0.0000000000 133.8918633669 613.8081325506
0.0000000000 0.5000000000 0.0000000000 138.6424793053 550.9418370644
0.0000000000 0.6000000000 0.0000000000 143.5959767322 489.8133652876
0.0000000000 0.7000000000 0.0000000000 148.3601057494 429.5376134619
0.0000000000 0.8000000000 0.0000000000 153.5730849060 370.5473969344
0.0000000000 0.9000000000 0.0000000000 158.3931674703 312.8128771882
0.1000000000 0.3000000000 0.0000000000 191.2435690020 677.1660407810
0.1000000000 0.4000000000 0.0000000000 195.6134649396 613.8282109383
0.1000000000 0.5000000000 0.0000000000 200.2134742083 551.0048629965
0.1000000000 0.6000000000 0.0000000000 204.2866293612 489.3993903486
0.1000000000 0.7000000000 0.0000000000 208.5834837386 429.9222261162
0.1000000000 0.8000000000 0.0000000000 212.8536188489 370.3144314859
0.1000000000 0.9000000000 0.0000000000 217.0620813625 313.2041171643
0.2000000000 0.3000000000 0.0000000000 253.8463176808 676.5534920238
0.2000000000 0.4000000000 0.0000000000 258.1055999006 612.8649206179
0.2000000000 0.5000000000 0.0000000000 261.6391001936 550.6071915698
0.2000000000 0.6000000000 0.0000000000 265.0016901490 489.1225633429
0.2000000000 0.7000000000 0.0000000000 268.7817881544 429.3933612432
0.2000000000 0.8000000000 0.0000000000 272.1709633795 370.7297337401
0.2000000000 0.9000000000 0.0000000000 276.0603569078 313.5867062397
0.3000000000 0.3000000000 0.0000000000 316.0714519771 675.7333594497
0.3000000000 0.4000000000 0.0000000000 319.5099197186 612.3407518443
0.3000000000 0.5000000000 0.0000000000 322.3365072584 550.0459705490
0.3000000000 0.6000000000 0.0000000000 325.5876558312 489.2435494813
0.3000000000 0.7000000000 0.0000000000 328.1527665114 429.0762879379
0.3000000000 0.8000000000 0.0000000000 331.2636174403 370.5092978960
0.3000000000 0.9000000000 0.0000000000 334.3375618278 313.6591498763
0.4000000000 0.3000000000 0.0000000000 377.8391195749 675.3027698544
0.4000000000 0.4000000000 0.0000000000 380.3909255026 611.5117181419
0.4000000000 0.5000000000 0.0000000000 382.7895009607 549.6712809020
0.4000000000 0.6000000000 0.0000000000 384.9857307936 488.8548430771
0.4000000000 0.7000000000 0.0000000000 387.5977608374 429.4153570983
0.4000000000 0.8000000000 0.0000000000 390.0399551769 371.1270018132
0.4000000000 0.9000000000 0.0000000000 392.2782455275 314.0171360843
0.5000000000 0.3000000000 0.0000000000 439.7462601264 674.2436508256
0.5000000000 0.4000000000 0.0000000000 441.3645688924 611.3796564623
0.5000000000 0.5000000000 0.0000000000 443.5685158010 549.2608399037
0.5000000000 0.6000000000 0.0000000000 445.1808282184 488.5975645029
0.5000000000 0.7000000000 0.0000000000 446.9074403045 429.4096680176
0.5000000000 0.8000000000 0.0000000000 448.5513437048 370.5377965454
0.5000000000 0.9000000000 0.0000000000 449.9939016916 314.3317963877
0.6000000000 0.3000000000 0.0000000000 501.1466602129 673.3685777385
0.6000000000 0.4000000000 0.0000000000 502.4081543254 610.0320383542
0.6000000000 0.5000000000 0.0000000000 503.1688279633 548.5941947042
0.6000000000 0.6000000000 0.0000000000 504.1190179984 488.4435128342
0.6000000000 0.7000000000 0.0000000000 505.5306922373 429.1510471544
0.6000000000 0.8000000000 0.0000000000 506.3816305813 371.2538319304
0.6000000000 0.9000000000 0.0000000000 507.5374327735 314.3285704780
0.7000000000 0.3000000000 0.0000000000 561.7915569613 672.2484305929
0.7000000000 0.4000000000 0.0000000000 562.2263678746 609.2024255148
0.7000000000 0.5000000000 0.0000000000 562.8194465721 548.2807304226
0.7000000000 0.6000000000 0.0000000000 563.3913099225 488.2389679724
0.7000000000 0.7000000000 0.0000000000 564.0508015425 428.9163420720
0.7000000000 0.8000000000 0.0000000000 564.4570679593 371.3019251861
0.7000000000 0.9000000000 0.0000000000 564.6794869211 314.8531740544
0.8000000000 0.3000000000 0.0000000000 622.4668184873 671.4988924799
0.8000000000 0.4000000000 0.0000000000 622.2617817723 609.0003907989
0.8000000000 0.5000000000 0.0000000000 621.9329983052 547.8498019346
0.8000000000 0.6000000000 0.0000000000 622.0925377042 487.6151772140
0.8000000000 0.7000000000 0.0000000000 621.7048273422 428.7390691913
0.8000000000 0.8000000000 0.0000000000 621.7904823991 371.6037462123
0.8000000000 0.9000000000 0.0000000000 621.9768874754 314.9424206106
0.9000000000 0.3000000000 0.0000000000 682.8301185558 670.6650442681
0.9000000000 0.4000000000 0.0000000000 682.1577339839 608.1498559701
0.9000000000 0.5000000000 0.0000000000 681.0072929646 547.1160808703
0.9000000000 0.6000000000 0.0000000000 680.1435144461 487.4763158388
0.9000000000 0.7000000000 0.0000000000 679.8040136166 428.7422417380
0.9000000000 0.8000000000 0.0000000000 678.5302236699 371.3265945260
0.9000000000 0.9000000000 0.0000000000 678.0426532538 315.2172149704
1.0000000000 0.3000000000 0.0000000000 742.7558161304 669.4141442643
1.0000000000 0.4000000000 0.0000000000 741.2087055601 607.2983208990
1.0000000000 0.5000000000 0.0000000000 739.9154434587 546.3732731706
1.0000000000 0.6000000000 0.0000000000 738.2807476521 486.9318806157
1.0000000000 0.7000000000 0.0000000000 736.9186221935 428.8377900493
1.0000000000 0.8000000000 0.0000000000 735.9840155142 371.0440521678
1.0000000000 0.9000000000 0.0000000000 734.2153674605 315.5916514865
1.1000000000 0.3000000000 0.0000000000 802.1843311820 668.7435934159
1.1000000000 0.4000000000 0.0000000000 799.7260696207 606.5430099961
1.1000000000 0.5000000000 0.0000000000 797.9449794071 545.7917784412
1.1000000000 0.6000000000 0.0000000000 795.8709935215 486.4689368384
1.1000000000 0.7000000000 0.0000000000 793.8876518076 427.8859290726
1.1000000000 0.8000000000 0.0000000000 791.8755505064 371.5192336321
1.1000000000 0.9000000000 0.0000000000 790.3424851916 315.5900495167
1.2000000000 0.3000000000 0.0000000000 861.1826511453 667.8410651206
1.2000000000 0.4000000000 0.0000000000 858.2867902575 606.0533731231
1.2000000000 0.5000000000 0.0000000000 855.6886570221 545.1103456722
1.2000000000 0.6000000000 0.0000000000 852.7296609572 485.9789643705
1.2000000000 0.7000000000 0.0000000000 850.4153457022 428.1078691725
1.2000000000 0.8000000000 0.0000000000 848.1242218520 371.2583989036
1.2000000000 0.9000000000 0.0000000000 845.4589653195 315.8517305845
1.3000000000 0.3000000000 0.0000000000 919.3852007687 666.4771106800
1.3000000000 0.4000000000 0.0000000000 916.3892008791 605.2964522731
1.3000000000 0.5000000000 0.0000000000 912.3959738093 544.8092833482
1.3000000000 0.6000000000 0.0000000000 909.7482475905 485.8070702282
1.3000000000 0.7000000000 0.0000000000 906.8291663433 427.7533064906
1.3000000000 0.8000000000 0.0000000000 903.4886105452 371.2143116236
1.3000000000 0.9000000000 0.0000000000 900.3916220746 315.7103768889
1.4000000000 0.3000000000 0.0000000000 977.9443534905 665.5005123209
1.4000000000 0.4000000000 0.0000000000 973.9553782141 603.7993914491
1.4000000000 0.5000000000 0.0000000000 969.8695583700 544.4201175546
1.4000000000 0.6000000000 0.0000000000 966.1794124206 485.2267909941
1.4000000000 0.7000000000 0.0000000000 962.7708990022 427.4038071940
1.4000000000 0.8000000000 0.0000000000 959.2456959672 371.4965207551
1.4000000000 0.9000000000 0.0000000000 955.2344084881 315.7788540962

gimbalangles:
0.1636892881 -0.0122751823 0.1247061147

end: