T_CW:
0.9861414136 -0.1641919520 -0.0237931776 -0.6371692244
-0.1575765824 -0.9718169019 0.1753326261 0.1621216724
-0.0519108183 -0.1691535162 -0.9842217001 2.0460099030
0.0000000000 0.0000000000 0.0000000000 1.0000000000

T_CW_cov:
0.0000109328 -0.0000003554 -0.0000002587 0.0000000717 -0.0000005543 0.0000040970
-0.0000003554 0.0000030196 0.0000004118 -0.0000001903 -0.0000001992 0.0000015639
-0.0000002587 0.0000004118 0.0000001806 -0.0000000754 -0.0000000885 0.0000001293
0.0000000717 -0.0000001903 -0.0000000754 0.0000000599 0.0000000400 -0.0000000853
-0.0000005543 -0.0000001992 -0.0000000885 0.0000000400 0.0000001219 -0.0000003882
0.0000040970 0.0000015639 0.0000001293 -0.0000000853 -0.0000003882 0.0000029618

target_points_pix:
0.0000000000 0.0000000000 0.0000000000 329.9666461079 438.6875350469
0.0000000000 0.1000000000 0.0000000000 318.0799821232 383.2787665378
0.0000000000 0.2000000000 0.0000000000 305.0502151070 327.2471907646
0.0000000000 0.3000000000 0.0000000000 292.5705416637 270.6319520863
0.0000000000 0.4000000000 0.0000000000 280.0217765871 213.1298682023
0.0000000000 0.5000000000 0.0000000000 266.9212759854 154.2819840118
0.0000000000 0.6000000000 0.0000000000 253.5626082269 94.3313520429
0.0000000000 0.7000000000 0.0000000000 240.9497516949 33.4620075623
0.1000000000 0.0000000000 0.0000000000 384.1507758503 429.8225739667
0.1000000000 0.1000000000 0.0000000000 372.1453654475 374.4555469107
0.1000000000 0.2000000000 0.0000000000 360.1778259330 318.5772162483
0.1000000000 0.3000000000 0.0000000000 348.3910913907 261.5780621882
0.1000000000 0.4000000000 0.0000000000 335.9047048282 203.2005194019
0.1000000000 0.5000000000 0.0000000000 322.9333713107 144.3336944346
0.1000000000 0.6000000000 0.0000000000 310.5563688462 84.0635458046
0.1000000000 0.7000000000 0.0000000000 297.6648835561 23.0628019738
0.2000000000 0.0000000000 0.0000000000 439.0682504382 421.0554587410
0.2000000000 0.1000000000 0.0000000000 426.8958651321 365.7074901656
0.2000000000 0.2000000000 0.0000000000 415.8923469358 309.0618073469
0.2000000000 0.3000000000 0.0000000000 403.8309337080 252.0552014283
0.2000000000 0.4000000000 0.0000000000 392.1390512458 193.6128476067
0.2000000000 0.5000000000 0.0000000000 379.7925636137 133.9612026258
0.2000000000 0.6000000000 0.0000000000 367.6843210531 73.8334513814
0.2000000000 0.7000000000 0.0000000000 355.2589142264 12.4846482888
0.3000000000 0.0000000000 0.0000000000 493.4965679328 412.1929292618
0.3000000000 0.1000000000 0.0000000000 482.5749895213 356.6037392048
0.3000000000 0.2000000000 0.0000000000 471.3584651060 299.9628978334
0.3000000000 0.3000000000 0.0000000000 460.1813261241 242.3775647256
0.3000000000 0.4000000000 0.0000000000 448.0333377803 184.2050262084
0.3000000000 0.5000000000 0.0000000000 437.2229932363 124.5679107895
0.3000000000 0.6000000000 0.0000000000 425.1096871823 63.5207947016
0.3000000000 0.7000000000 0.0000000000 413.5108361770 1.4447621232
0.4000000000 0.0000000000 0.0000000000 548.8234779841 403.4615296862
0.4000000000 0.1000000000 0.0000000000 538.3438657685 347.9954753649
0.4000000000 0.2000000000 0.0000000000 527.5679645947 290.5563099131
0.4000000000 0.3000000000 0.0000000000 516.6373725436 232.6510684132
0.4000000000 0.4000000000 0.0000000000 505.6621474906 173.8241444613
0.4000000000 0.5000000000 0.0000000000 494.2089385833 113.7915757922
0.4000000000 0.6000000000 0.0000000000 482.9001263073 53.0855928539
0.5000000000 0.0000000000 0.0000000000 604.6618378954 394.7505297505
0.5000000000 0.1000000000 0.0000000000 594.2387932235 338.7786565758
0.5000000000 0.2000000000 0.0000000000 584.3429648843 281.4979172892
0.5000000000 0.3000000000 0.0000000000 573.5692077117 223.1439781617
0.5000000000 0.4000000000 0.0000000000 563.0340561023 163.9051816612
0.5000000000 0.5000000000 0.0000000000 552.1263360454 103.9259434130
0.5000000000 0.6000000000 0.0000000000 541.1085563158 42.5183897754
0.6000000000 0.0000000000 0.0000000000 660.3240661416 386.0182582650
0.6000000000 0.1000000000 0.0000000000 650.8765464897 329.0632086178
0.6000000000 0.2000000000 0.0000000000 641.1536479920 271.6252091416
0.6000000000 0.3000000000 0.0000000000 630.7799332014 213.4156847335
0.6000000000 0.4000000000 0.0000000000 620.8313028648 154.2080684235
0.6000000000 0.5000000000 0.0000000000 610.4939011886 93.5145849852
0.6000000000 0.6000000000 0.0000000000 600.0321793912 31.7074174571
0.7000000000 0.0000000000 0.0000000000 717.0322156007 376.5151715985
0.7000000000 0.1000000000 0.0000000000 707.6833230084 319.6829123929
0.7000000000 0.2000000000 0.0000000000 698.1376058290 262.0251662174
0.7000000000 0.3000000000 0.0000000000 688.7970743084 203.6665418633
0.7000000000 0.4000000000 0.0000000000 679.4179173192 144.0379199606
0.7000000000 0.5000000000 0.0000000000 669.5057459974 83.4330757509
0.7000000000 0.6000000000 0.0000000000 659.6482600706 21.1897304735
0.8000000000 0.0000000000 0.0000000000 773.4490658850 367.1060823568
0.8000000000 0.1000000000 0.0000000000 764.6153667182 310.6551521464
0.8000000000 0.2000000000 0.0000000000 755.7018188627 252.8344918154
0.8000000000 0.3000000000 0.0000000000 746.6592494402 193.6522214800
0.8000000000 0.4000000000 0.0000000000 737.6025968279 134.0660400188
0.8000000000 0.5000000000 0.0000000000 728.1628622961 73.1998932257
0.8000000000 0.6000000000 0.0000000000 718.9852978015 11.2028069842
0.9000000000 0.0000000000 0.0000000000 830.4586042421 358.0770171865
0.9000000000 0.1000000000 0.0000000000 822.4674063786 301.1818419156
0.9000000000 0.2000000000 0.0000000000 813.6405911793 243.1347729833
0.9000000000 0.3000000000 0.0000000000 804.8784515310 183.6469957647
0.9000000000 0.4000000000 0.0000000000 796.1931116512 123.7913317060
0.9000000000 0.5000000000 0.0000000000 787.5918714556 62.5331858410
0.9000000000 0.6000000000 0.0000000000 778.3806577124 0.1061564546
1.0000000000 0.0000000000 0.0000000000 887.6016634945 348.6541171420
1.0000000000 0.1000000000 0.0000000000 879.7933635602 291.8749446517
1.0000000000 0.2000000000 0.0000000000 872.2004594166 233.0754596997
1.0000000000 0.3000000000 0.0000000000 864.1825827297 173.8613453112
1.0000000000 0.4000000000 0.0000000000 855.7074138011 113.4951165364
1.0000000000 0.5000000000 0.0000000000 847.2620311071 52.0117603896
1.1000000000 0.0000000000 0.0000000000 945.1923698108 339.4474500070
1.1000000000 0.1000000000 0.0000000000 937.9914098465 282.2848809703
1.1000000000 0.2000000000 0.0000000000 930.5870695296 223.4111830247
1.1000000000 0.3000000000 0.0000000000 923.1140221749 163.6738590923
1.1000000000 0.4000000000 0.0000000000 915.4943345682 103.0594894700
1.1000000000 0.5000000000 0.0000000000 907.6177373762 40.9752324484
1.2000000000 0.0000000000 0.0000000000 1003.5728424559 330.2573363211
1.2000000000 0.1000000000 0.0000000000 996.7395747351 272.7806745396
1.2000000000 0.2000000000 0.0000000000 989.7281919469 213.9419195814
1.2000000000 0.3000000000 0.0000000000 982.8845567008 153.7894804050
1.2000000000 0.4000000000 0.0000000000 975.5962039381 92.8115803693
1.2000000000 0.5000000000 0.0000000000 967.9779308390 30.8264078239
1.3000000000 0.0000000000 0.0000000000 1061.5376794546 320.9722306740
1.3000000000 0.1000000000 0.0000000000 1055.3890560752 263.0806118472
1.3000000000 0.2000000000 0.0000000000 1048.6498596254 203.6403130144
1.3000000000 0.3000000000 0.0000000000 1042.3035837671 143.6114835704
1.3000000000 0.4000000000 0.0000000000 1035.7747667710 82.5415280612
1.3000000000 0.5000000000 0.0000000000 1028.9132777400 20.2165100280
1.4000000000 0.0000000000 0.0000000000 1119.8996233034 311.5756486797
1.4000000000 0.1000000000 0.0000000000 1114.4994757888 253.2029095978
1.4000000000 0.2000000000 0.0000000000 1108.6535237738 194.2371511926
1.4000000000 0.3000000000 0.0000000000 1102.6222448038 133.2198520960
1.4000000000 0.4000000000 0.0000000000 1096.3845318641 72.1778969645
1.4000000000 0.5000000000 0.0000000000 1089.6463620863 9.3511455202

gimbalangles:
-0.0694636166 0.1189951820 -0.1385896308

end: