T_CW:
0.9961776715 -0.0432731687 0.0758780585 -0.8993619799
-0.0269111400 -0.9784539580 -0.2047037922 0.8262101760
0.0831013684 0.2018793820 -0.9758785158 1.7791883313
0.0000000000 0.0000000000 0.0000000000 1.0000000000

T_CW_cov:
0.0000100588 0.0000000315 0.0000008511 -0.0000005468 0.0000014374 0.0000061881
0.0000000315 0.0000028382 -0.0000003757 -0.0000005296 0.0000002371 0.0000017189
0.0000008511 -0.0000003757 0.0000002404 -0.0000000458 0.0000000122 0.0000002967
-0.0000005468 -0.0000005296 -0.0000000458 0.0000002036 -0.0000000816 -0.0000007072
0.0000014374 0.0000002371 0.0000000122 -0.0000000816 0.0000003098 0.0000010779
0.0000061881 0.0000017189 0.0000002967 -0.0000007072 0.0000010779 0.0000052753

target_points_pix:
0.0000000000 0.3000000000 0.0000000000 122.1616120400 681.0784302474
0.0000000000 0.4000000000 0.0000000000 125.2899818258 616.3819308092
0.0000000000 0.5000000000 0.0000000000 128.2713762834 553.6266731520
0.0000000000 0.6000000000 0.0000000000 131.2641758207 491.7202854571
0.0000000000 0.7000000000 0.0000000000 134.4854293452 431.2335707075
0.0000000000 0.8000000000 0.0000000000 136.9715561743 371.8149471477
0.0000000000 0.9000000000 0.0000000000 139.8865406406 313.8428497923
0.1000000000 0.3000000000 0.0000000000 185.7937842205 677.9182434055
0.1000000000 0.4000000000 0.0000000000 187.6424125770 614.1656871355
0.1000000000 0.5000000000 0.0000000000 190.3526852667 551.3818395590
0.1000000000 0.6000000000 0.0000000000 192.7890813913 489.5090112842
0.1000000000 0.7000000000 0.0000000000 194.8648295428 429.6199896357
0.1000000000 0.8000000000 0.0000000000 197.4159312940 370.5148388002
0.1000000000 0.9000000000 0.0000000000 199.9071294393 312.5383637133
0.2000000000 0.3000000000 0.0000000000 248.5621009855 675.1924432689
0.2000000000 0.4000000000 0.0000000000 250.0604905697 611.2830668685
0.2000000000 0.5000000000 0.0000000000 252.0067430209 549.6190169715
0.2000000000 0.6000000000 0.0000000000 253.5926242427 488.0483127101
0.2000000000 0.7000000000 0.0000000000 255.4275728019 427.6936246159
0.2000000000 0.8000000000 0.0000000000 257.3776789956 368.9798273842
0.2000000000 0.9000000000 0.0000000000 258.7111776857 310.8802711627
0.3000000000 0.3000000000 0.0000000000 310.8572166671 672.3938295629
0.3000000000 0.4000000000 0.0000000000 312.0980061830 608.9381922325
0.3000000000 0.5000000000 0.0000000000 312.9926341040 546.5059697058
0.3000000000 0.6000000000 0.0000000000 314.0889711442 485.9292979311
0.3000000000 0.7000000000 0.0000000000 315.2559929663 425.9826995752
0.3000000000 0.8000000000 0.0000000000 316.5186408257 367.2124981083
0.3000000000 0.9000000000 0.0000000000 318.1468457759 309.5017221890
0.4000000000 0.3000000000 0.0000000000 372.9469133934 669.8145608762
0.4000000000 0.4000000000 0.0000000000 373.1226337902 606.8373424270
0.4000000000 0.5000000000 0.0000000000 373.9443802621 544.4299264287
0.4000000000 0.6000000000 0.0000000000 374.6537797042 483.5242909143
0.4000000000 0.7000000000 0.0000000000 375.0122625709 423.9001964097
0.4000000000 0.8000000000 0.0000000000 375.3925013158 365.3758712838
0.4000000000 0.9000000000 0.0000000000 376.2493475320 307.8773537043
0.5000000000 0.3000000000 0.0000000000 434.7042237819 666.9751586709
0.5000000000 0.4000000000 0.0000000000 434.5427458836 604.2279295505
0.5000000000 0.5000000000 0.0000000000 434.3928438157 542.1734999989
0.5000000000 0.6000000000 0.0000000000 434.3975792857 481.4642801327
0.5000000000 0.7000000000 0.0000000000 434.3249731166 421.8833980452
0.5000000000 0.8000000000 0.0000000000 434.1848342708 363.6886167759
0.5000000000 0.9000000000 0.0000000000 434.4544714151 307.0843136550
0.6000000000 0.3000000000 0.0000000000 496.0218944811 664.2464839472
0.6000000000 0.4000000000 0.0000000000 495.3950080950 601.3853601473
0.6000000000 0.5000000000 0.0000000000 494.6193952785 540.3394824621
0.6000000000 0.6000000000 0.0000000000 493.7182945258 479.2125604520
0.6000000000 0.7000000000 0.0000000000 493.0454753012 420.2647068949
0.6000000000 0.8000000000 0.0000000000 492.6976648256 362.5872530800
0.6000000000 0.9000000000 0.0000000000 491.7743418899 305.2728533113
0.7000000000 0.3000000000 0.0000000000 556.5922312919 661.2273758539
0.7000000000 0.4000000000 0.0000000000 555.6640940117 598.4756837332
0.7000000000 0.5000000000 0.0000000000 554.4198511868 537.1026032612
0.7000000000 0.6000000000 0.0000000000 552.8208649253 477.4177660060
0.7000000000 0.7000000000 0.0000000000 551.5638223424 418.4875303665
0.7000000000 0.8000000000 0.0000000000 550.9470950987 360.4517147613
0.7000000000 0.9000000000 0.0000000000 549.1505492822 304.3383518902
0.8000000000 0.3000000000 0.0000000000 617.2320993479 658.2321084879
0.8000000000 0.4000000000 0.0000000000 615.4958282124 595.8390595186
0.8000000000 0.5000000000 0.0000000000 613.4607012022 535.3726593707
0.8000000000 0.6000000000 0.0000000000 611.7183561597 475.3233520842
0.8000000000 0.7000000000 0.0000000000 609.7488211560 416.4689993515
0.8000000000 0.8000000000 0.0000000000 607.9345797604 359.3064988323
0.8000000000 0.9000000000 0.0000000000 606.4010362532 303.1964369967
0.9000000000 0.3000000000 0.0000000000 677.0037546359 655.5177710700
0.9000000000 0.4000000000 0.0000000000 674.6053569971 593.8093613801
0.9000000000 0.5000000000 0.0000000000 672.0067654891 532.8290485525
0.9000000000 0.6000000000 0.0000000000 669.4450695991 473.4397900591
0.9000000000 0.7000000000 0.0000000000 667.1195656742 414.6159635134
0.9000000000 0.8000000000 0.0000000000 665.0134621428 357.6160213129
0.9000000000 0.9000000000 0.0000000000 663.1401366003 301.4431952673
1.0000000000 0.3000000000 0.0000000000 736.7758935835 653.2160685942
1.0000000000 0.4000000000 0.0000000000 733.5124761264 591.3376555828
1.0000000000 0.5000000000 0.0000000000 730.2297360176 530.7624940292
1.0000000000 0.6000000000 0.0000000000 727.2718552337 471.5329792434
1.0000000000 0.7000000000 0.0000000000 724.3805705538 413.3195687965
1.0000000000 0.8000000000 0.0000000000 721.9892273062 355.9807563095
1.0000000000 0.9000000000 0.0000000000 718.5998872704 300.1033093282
1.1000000000 0.3000000000 0.0000000000 795.6576009540 649.6065313627
1.1000000000 0.4000000000 0.0000000000 792.1464744059 588.2391766628
1.1000000000 0.5000000000 0.0000000000 788.4637690695 528.4520491598
1.1000000000 0.6000000000 0.0000000000 784.8917673651 469.3376081952
1.1000000000 0.7000000000 0.0000000000 780.9309279798 411.1516744576
1.1000000000 0.8000000000 0.0000000000 778.0598311646 354.6080803219
1.1000000000 0.9000000000 0.0000000000 774.8408932641 298.5612973566
1.2000000000 0.3000000000 0.0000000000 854.0785428369 646.8390626754
1.2000000000 0.4000000000 0.0000000000 849.7570015229 585.8011045856
1.2000000000 0.5000000000 0.0000000000 845.3834984139 526.0948657176
1.2000000000 0.6000000000 0.0000000000 841.7163119282 467.2894660976
1.2000000000 0.7000000000 0.0000000000 837.4635016541 409.1136391521
1.2000000000 0.8000000000 0.0000000000 833.7141883503 352.9706399629
1.2000000000 0.9000000000 0.0000000000 830.3953100189 297.3585347666
1.3000000000 0.3000000000 0.0000000000 912.3589434650 644.3583921302
1.3000000000 0.4000000000 0.0000000000 907.3934788363 583.1452146169
1.3000000000 0.5000000000 0.0000000000 903.1914104168 523.4044595887
1.3000000000 0.6000000000 0.0000000000 897.8393770620 465.1113015702
1.3000000000 0.7000000000 0.0000000000 893.6156820897 407.4320111754
1.3000000000 0.8000000000 0.0000000000 888.9589337683 351.4873230735
1.3000000000 0.9000000000 0.0000000000 884.2820931884 295.9654023445
1.4000000000 0.2000000000 0.0000000000 975.8329893845 703.0649504618
1.4000000000 0.3000000000 0.0000000000 970.0762628192 640.9490257227
1.4000000000 0.4000000000 0.0000000000 964.8566656296 580.5806917676
1.4000000000 0.5000000000 0.0000000000 959.5582415021 521.0008554421
1.4000000000 0.6000000000 0.0000000000 954.1280810967 463.1397828020
1.4000000000 0.7000000000 0.0000000000 949.0403303822 405.8400619332
1.4000000000 0.8000000000 0.0000000000 944.3877650508 349.5790623908
1.4000000000 0.9000000000 0.0000000000 939.3780384677 294.6196477078

gimbalangles:
0.0150576349 -0.1190481203 -0.1252499902

end: