T_CW:
0.9648012903 -0.2011929930 -0.1693512614 -0.3131922409
-0.1726758868 -0.9703603624 0.1690674578 0.1828028022
-0.1983469392 -0.1338736222 -0.9709461082 2.1068738972
0.0000000000 0.0000000000 0.0000000000 1.0000000000

T_CW_cov:
0.0000100688 0.0000000211 -0.0000017016 0.0000006801 -0.0000005421 0.0000041140
0.0000000211 0.0000027899 0.0000003593 0.0000000611 -0.0000002025 0.0000016200
-0.0000017016 0.0000003593 0.0000004536 -0.0000001568 -0.0000000039 -0.0000004888
0.0000006801 0.0000000611 -0.0000001568 0.0000001049 -0.0000000198 0.0000003784
-0.0000005421 -0.0000002025 -0.0000000039 -0.0000000198 0.0000001169 -0.0000003881
0.0000041140 0.0000016200 -0.0000004888 0.0000003784 -0.0000003881 0.0000030409

target_points_pix:
0.0000000000 0.0000000000 0.0000000000 515.7571379050 447.6496607811
0.0000000000 0.1000000000 0.0000000000 503.7615921564 394.3919319708
0.0000000000 0.2000000000 0.0000000000 491.4684433549 340.2537024703
0.0000000000 0.3000000000 0.0000000000 478.9552335062 285.2895798930
0.0000000000 0.4000000000 0.0000000000 466.3784989963 229.6432937187
0.0000000000 0.5000000000 0.0000000000 453.7777099143 173.8173182945
0.0000000000 0.6000000000 0.0000000000 441.0507982245 116.2740660765
0.0000000000 0.7000000000 0.0000000000 428.2465557318 59.0307999389
0.0000000000 0.8000000000 0.0000000000 415.0471876854 0.6530662640
0.1000000000 0.0000000000 0.0000000000 567.3632655335 438.6406528261
0.1000000000 0.1000000000 0.0000000000 555.5846783301 384.6864646393
0.1000000000 0.2000000000 0.0000000000 543.3899514310 330.2993574007
0.1000000000 0.3000000000 0.0000000000 531.1019205891 275.0113102437
0.1000000000 0.4000000000 0.0000000000 518.7481766924 218.7562343348
0.1000000000 0.5000000000 0.0000000000 506.2622245589 161.7765065783
0.1000000000 0.6000000000 0.0000000000 493.5689997539 104.3301883342
0.1000000000 0.7000000000 0.0000000000 480.8466117692 46.1634249074
0.2000000000 0.0000000000 0.0000000000 619.6081419510 430.0959820472
0.2000000000 0.1000000000 0.0000000000 607.6480619923 375.4460240019
0.2000000000 0.2000000000 0.0000000000 595.7683326574 320.4332160339
0.2000000000 0.3000000000 0.0000000000 584.0050615363 264.2939644108
0.2000000000 0.4000000000 0.0000000000 572.0528871125 207.5286265251
0.2000000000 0.5000000000 0.0000000000 559.4917614282 149.7635516044
0.2000000000 0.6000000000 0.0000000000 547.3116897678 91.4340029893
0.2000000000 0.7000000000 0.0000000000 534.7018362317 32.9124660193
0.3000000000 0.0000000000 0.0000000000 672.7992519014 421.1145142777
0.3000000000 0.1000000000 0.0000000000 661.4774364269 366.2341766075
0.3000000000 0.2000000000 0.0000000000 650.0148332308 309.8530267277
0.3000000000 0.3000000000 0.0000000000 638.2641778305 253.2503550570
0.3000000000 0.4000000000 0.0000000000 626.4907771830 195.9000661678
0.3000000000 0.5000000000 0.0000000000 614.2758515179 137.7400556273
0.3000000000 0.6000000000 0.0000000000 602.1207818830 78.6739864782
0.3000000000 0.7000000000 0.0000000000 589.7081297949 18.6451813476
0.4000000000 0.0000000000 0.0000000000 727.7548882498 411.6423635195
0.4000000000 0.1000000000 0.0000000000 716.2338699833 356.4344189708
0.4000000000 0.2000000000 0.0000000000 704.9828688445 299.3909465685
0.4000000000 0.3000000000 0.0000000000 693.8382005297 242.0523078419
0.4000000000 0.4000000000 0.0000000000 682.0298044512 184.2143784107
0.4000000000 0.5000000000 0.0000000000 669.7945529842 125.4010697271
0.4000000000 0.6000000000 0.0000000000 658.1455530389 65.7081019537
0.4000000000 0.7000000000 0.0000000000 646.4271198363 5.0718377925
0.5000000000 0.0000000000 0.0000000000 783.4926867748 402.3852002375
0.5000000000 0.1000000000 0.0000000000 772.4549779807 346.4751200972
0.5000000000 0.2000000000 0.0000000000 761.5082425759 289.3106095423
0.5000000000 0.3000000000 0.0000000000 750.3335925087 230.8503803828
0.5000000000 0.4000000000 0.0000000000 738.8399852894 172.3569192241
0.5000000000 0.5000000000 0.0000000000 727.3682207589 112.9254365587
0.5000000000 0.6000000000 0.0000000000 715.3122124751 51.9893945715
0.6000000000 0.0000000000 0.0000000000 839.7817341302 393.0183437256
0.6000000000 0.1000000000 0.0000000000 829.6358442153 336.4328005559
0.6000000000 0.2000000000 0.0000000000 818.6030614103 278.0699997544
0.6000000000 0.3000000000 0.0000000000 807.6793837679 219.4859461352
0.6000000000 0.4000000000 0.0000000000 796.8220707620 159.8455174890
0.6000000000 0.5000000000 0.0000000000 785.3121797305 99.6174181475
0.6000000000 0.6000000000 0.0000000000 774.0209118361 38.3988545066
0.7000000000 0.0000000000 0.0000000000 898.3840234644 382.9333521446
0.7000000000 0.1000000000 0.0000000000 887.8434415085 325.8152320815
0.7000000000 0.2000000000 0.0000000000 876.8982386922 267.1988320657
0.7000000000 0.3000000000 0.0000000000 866.8712365048 207.3593368850
0.7000000000 0.4000000000 0.0000000000 855.6629881567 147.4918039212
0.7000000000 0.5000000000 0.0000000000 845.2230546984 86.5899162934
0.7000000000 0.6000000000 0.0000000000 833.8497641609 24.4569886006
0.8000000000 0.0000000000 0.0000000000 957.5284713281 373.0296149219
0.8000000000 0.1000000000 0.0000000000 947.3523769494 314.8424829919
0.8000000000 0.2000000000 0.0000000000 937.3303211578 255.7728364466
0.8000000000 0.3000000000 0.0000000000 926.6766234945 195.4927054118
0.8000000000 0.4000000000 0.0000000000 916.3981825350 134.4713934232
0.8000000000 0.5000000000 0.0000000000 905.7715733899 72.8302487119
0.8000000000 0.6000000000 0.0000000000 894.7725462815 9.7395818399
0.9000000000 0.0000000000 0.0000000000 1017.7445670666 362.9014864485
0.9000000000 0.1000000000 0.0000000000 1008.3110183054 303.5942593213
0.9000000000 0.2000000000 0.0000000000 998.1322832454 244.0320626572
0.9000000000 0.3000000000 0.0000000000 988.1146339383 183.3023919140
0.9000000000 0.4000000000 0.0000000000 977.6013447450 121.5722990946
0.9000000000 0.5000000000 0.0000000000 967.4374413524 59.2057062947
1.0000000000 0.0000000000 0.0000000000 1079.2608765847 352.1638467843
1.0000000000 0.1000000000 0.0000000000 1070.1583022645 292.7312932630
1.0000000000 0.2000000000 0.0000000000 1060.6358027733 231.5874601434
1.0000000000 0.3000000000 0.0000000000 1050.7699185098 170.2984072986
1.0000000000 0.4000000000 0.0000000000 1040.7304075921 107.9887937571
1.0000000000 0.5000000000 0.0000000000 1031.2154529689 45.0918873486
1.1000000000 0.0000000000 0.0000000000 1142.4706526980 341.5998936846
1.1000000000 0.1000000000 0.0000000000 1133.6398268683 281.5915033742
1.1000000000 0.2000000000 0.0000000000 1124.5149624964 219.9572331184
1.1000000000 0.3000000000 0.0000000000 1115.0265313870 157.4128566812
1.1000000000 0.4000000000 0.0000000000 1105.6680087557 94.5212778679
1.1000000000 0.5000000000 0.0000000000 1096.1693782528 30.3206135105
1.2000000000 0.0000000000 0.0000000000 1207.2543378791 330.8797151654
1.2000000000 0.1000000000 0.0000000000 1198.0237314549 269.3119918465
1.2000000000 0.2000000000 0.0000000000 1189.1376682522 207.5552016929
1.2000000000 0.3000000000 0.0000000000 1180.4551810514 144.7518740219
1.2000000000 0.4000000000 0.0000000000 1171.5876423274 80.3699738567
1.2000000000 0.5000000000 0.0000000000 1162.0354383686 16.2049261926
1.3000000000 0.0000000000 0.0000000000 1272.0577797578 319.5203247467
1.3000000000 0.1000000000 0.0000000000 1264.0992477812 257.3723106186
1.3000000000 0.2000000000 0.0000000000 1256.0191434939 194.9187869925
1.3000000000 0.3000000000 0.0000000000 1247.1332510927 131.2033812435
1.3000000000 0.4000000000 0.0000000000 1238.6882202464 66.1828750297
1.3000000000 0.5000000000 0.0000000000 1229.6363403024 0.5084481994
1.4000000000 0.0000000000 0.0000000000 1338.8201332452 308.3464331312
1.4000000000 0.1000000000 0.0000000000 1331.2874233506 245.8023658273
1.4000000000 0.2000000000 0.0000000000 1323.3272907582 182.0888172588
1.4000000000 0.3000000000 0.0000000000 1315.5809315620 117.3424786031
1.4000000000 0.4000000000 0.0000000000 1307.2018143207 51.7568606675

gimbalangles:
-0.1018832349 -0.0213029660 -0.1083037733

end: