T_CW:
-0.1294761586 0.9915825353 0.0000000000 -0.0300000000
-0.0000000000 -0.0000000000 -1.0000000000 -0.0900000000
-0.9915825353 -0.1294761586 0.0000000000 -0.0000000000
0.0000000000 0.0000000000 0.0000000000 1.0000000000

T_CW_cov:
0.0000019204 0.0000000880 -0.0000002100 -0.0000002085 0.0000039740 -0.0000000066
0.0000000880 0.0000010707 -0.0000000055 -0.0000023603 0.0000001891 -0.0000003413
-0.0000002100 -0.0000000055 0.0000001469 0.0000000196 -0.0000004254 -0.0000000011
-0.0000002085 -0.0000023603 0.0000000196 0.0000052696 -0.0000004461 0.0000007350
0.0000039740 0.0000001891 -0.0000004254 -0.0000004461 0.0000082874 -0.0000000269
-0.0000000066 -0.0000003413 -0.0000000011 0.0000007350 -0.0000000269 0.0000006294

target_points_pix:
-2.0382461791 -1.3326640660 -0.1757110182 120.9328048754 391.2330074956
-1.8981907482 -1.3803410260 0.4931111575 49.6405743313 17.9718444283
-2.1515454672 -1.3696679846 0.5936939434 138.8122115118 2.5510332221
-2.1560010034 -1.2844100836 -0.7490828701 180.0482147596 677.1807298145
-1.8791834842 -1.2260730902 -0.3393922451 121.3102386388 488.8357951013
-2.0440471078 -1.0966304069 -0.2533872139 237.0823973211 433.6196302844
-1.9713422318 -1.2553782583 -0.1780519513 136.9880690642 394.1925862703
-2.1413915681 -1.1443759247 0.1206337022 239.6353772295 238.3465456578
-1.9976942520 -1.1816657871 0.4636784555 181.8233478115 44.6237022937
-2.0420969507 -0.8909787896 -0.6562326980 340.0309621962 653.3403236105
-2.1349248961 -1.0739685817 -0.3356921987 271.6648083461 472.6822073619
-2.0329931114 -1.0364522726 -0.2506829583 263.9340071399 432.9940832422
-1.9964769104 -0.9789673083 -0.0633441457 283.2492390209 331.4883757203
-2.0871240887 -1.0260110717 0.1519259638 282.6292615030 218.4304369441
-1.8855696832 -0.5597975338 -0.3500282611 485.2278316234 502.2349733585
-2.0366653240 -0.5797354377 -0.1590398876 499.5646056155 384.8161567345
-1.9221818306 -0.9124272166 0.0901865197 298.5740930446 242.6659308953
-2.0876470204 -0.8959227815 0.3128667921 346.9182821233 131.7219601557
-2.1952372272 -0.7046575153 0.5517900690 461.8647034014 16.5258672656
-1.8230665739 -0.3324337885 -0.5518839596 610.0270196852 636.8810385625
-1.8149502794 -0.3269151280 -0.6100474934 612.4977037908 674.8936539688
-2.0899565708 -0.6540210319 -0.0673717668 469.5041678778 334.1803849044
-1.8622674728 -0.4048797174 -0.1332856099 571.3186499850 373.0254172252
-1.8483290310 -0.4352708366 0.3157310814 551.4296451629 95.9162732134
-1.9499979981 -0.3936762340 0.4339978451 589.4576723715 38.3612350979
-1.9908447012 -0.3801654029 -0.5518766256 602.0001537961 612.1533853113
-1.9508663012 -0.4204201028 -0.3158605866 574.3367027876 478.7402904637
-1.9282228052 -0.3422863927 -0.1986349192 616.1069596170 411.2013755920
-1.8307278366 -0.3649187074 -0.1020312630 590.9445677128 353.9958840958
-2.1653125976 -0.3185303887 0.2228715646 652.0540259617 179.6194515325
-1.9953435832 -0.1856712384 0.4673006755 712.0536519834 21.5069603878
-2.1850709518 0.1766330917 -0.3112378666 916.1008291088 466.7996924403
-2.1302348748 0.1741631005 -0.1246265184 916.8482136819 365.7350785553
-2.0390392157 0.0266576880 0.1803748992 834.9264080771 189.9824648080
-2.1040212686 -0.1858632528 0.2189118048 718.1210991723 175.5831351906
-2.1494438675 -0.1759117361 0.4480410634 726.0340091616 54.7924738508
-2.0454334636 0.3772148178 -0.5915859606 1040.1992236374 641.5373848073
-2.1816244200 0.2296391180 -0.0710292623 945.4398923422 335.9839790206
-1.9675215332 0.3735704689 0.1902147838 1046.7728384752 174.1687620718
-2.0887152358 0.0614816292 0.3387705058 854.6714767730 103.6309815790
-2.0791652291 0.3295714681 -0.3363269805 1008.9886315127 488.6511982395
-1.8402832734 0.4158654489 -0.1641496241 1089.8736266202 395.0834230572
-1.9344931987 0.4325288222 0.0665921622 1088.0462461144 247.9756252086
-1.9133212325 0.3814166405 0.4228418836 1058.0788084319 21.9223021323
-1.9276225520 0.5546474071 -0.3245354469 1167.8443046676 494.7951252004
-1.8713581895 0.5522859957 -0.2850187113 1176.6474125783 473.5865479918
-1.8224931774 0.7448238787 0.1113938527 1322.0543626581 208.4178777969
-2.1551667523 0.8701160953 0.2237557347 1318.7617118736 164.9235076102

gimbalangles:
2.8948932373

end: