T_CW:
0.9473950941 0.3200664550 0.0000000000 -0.0300000000
-0.0000000000 0.0000000000 -1.0000000000 -0.0900000000
-0.3200664550 0.9473950941 0.0000000000 0.0000000000
0.0000000000 0.0000000000 0.0000000000 1.0000000000

T_CW_cov:
0.0000013008 -0.0000001953 -0.0000002933 0.0000004133 0.0000028647 -0.0000000291
-0.0000001953 0.0000009159 0.0000000583 -0.0000021532 -0.0000004168 -0.0000006517
-0.0000002933 0.0000000583 0.0000001668 -0.0000001162 -0.0000006287 -0.0000000043
0.0000004133 -0.0000021532 -0.0000001162 0.0000051309 0.0000008804 0.0000015102
0.0000028647 -0.0000004168 -0.0000006287 0.0000008804 0.0000063741 -0.0000000723
-0.0000000291 -0.0000006517 -0.0000000043 0.0000015102 -0.0000000723 0.0000009830

target_points_pix:
-1.8246755636 1.8365637605 -0.4718921123 112.4404301646 536.2095429361
-1.8147805824 1.7005286935 -0.0912446736 60.0759063908 346.4588431320
-1.8980237103 1.9209957642 0.3535455110 116.2287520811 133.8919744884
-1.9677202375 1.9539953751 -0.8044858142 104.8946991103 678.8067131287
-1.9339633712 2.1588428389 -0.7672586114 185.4359663863 640.4843696801
-1.8537363930 2.1767514966 -0.4751485786 217.9702402777 514.3864870578
-2.0009461426 1.8884255044 -0.3091342856 67.0492440620 450.2506538225
-2.0839185599 2.1121327543 -0.1787392208 118.5718269543 384.4889968716
-1.8007556983 1.9812678047 0.0551784552 173.4302348614 277.3159453239
-1.9389521875 2.1841326748 -0.6648628523 191.2913471305 593.7522224122
-1.8042215426 1.8813328659 -0.2818446438 136.7477322234 440.2178525035
-1.7767929336 2.0072491973 -0.1782002063 191.2900305246 387.5055295358
-1.7534698406 2.0793769081 0.4493600074 223.2909419346 98.4115807404
-1.8353667562 2.1089405381 0.3759185790 202.9903989873 136.6618174618
-1.7604356880 2.0656598370 0.6575958443 216.6574709960 1.3701498461
-1.3492337722 2.1057609491 -0.8169929086 387.9079902507 694.0564991201
-1.4983317879 2.0936842145 -0.5888533520 324.7594285882 581.4466597789
-1.6571184784 1.8321234448 -0.0621704696 175.6042388960 331.7738310834
-1.4726534281 2.0034281786 -0.0936720132 307.7260660407 348.0368523604
-1.5475518711 1.9219229687 0.2115461638 251.3671982746 194.7702115043
-1.4598821192 2.0390700871 0.4072914279 323.5733505021 104.9749074267
-1.3996928611 1.9829751266 -0.7729069412 332.4888018284 686.7795203598
-1.1860357705 2.0705200626 -0.6054671996 446.4595791061 602.3386784174
-1.4194715783 2.0828748510 -0.3704728398 352.5835639075 480.6059122015
-1.2776452368 1.8694489727 0.0047508315 349.0720457975 295.7059211878
-1.0730605838 2.0018530190 0.3056842560 478.5912365225 140.4833264353
-1.2085726006 2.0127526755 0.3547681015 421.1855160855 120.4200707566
-0.9983895204 2.0661635568 -0.7131763571 528.4041975138 664.6386141737
-1.1448503223 1.9295688788 -0.5001948033 427.1704609323 563.6996700468
-1.0393066434 1.9475716529 -0.2178789547 480.3762048208 414.7865694714
-0.9593756649 2.0777024999 -0.1501370496 548.2397109840 377.2461369857
-0.8521590024 1.9558607454 0.3663922634 572.3673555073 95.9709435826
-1.1747783765 1.9710647288 0.4070187887 424.8115923323 88.1983575039
-0.8567020351 2.0724969975 -0.4066799077 595.0219663619 511.3025577953
-0.7284212964 2.1001550914 -0.2330155620 661.6328569585 421.4931743389
-0.6547912955 2.0870834084 0.0211341981 695.6671524310 287.1798057941
-0.8817151466 2.0931652498 0.1051209762 587.3471779047 245.9997370549
-0.6486645931 2.0381515495 -0.4048343834 690.6429386714 518.0421674409
-0.3777328962 2.0709319294 -0.2918463810 838.2092759283 459.4900834190
-0.6412038263 2.0387083890 -0.1132956810 694.4701831389 359.1987562576
-0.3102710352 1.9260298101 0.1150357669 861.3880402167 221.9584688414
-0.6231705820 2.1520952738 0.5384759296 721.8084833572 18.5853715092
-0.3761262826 1.9359798530 -0.5684987763 823.6887580641 631.6510299451
-0.1470818764 2.0278346330 -0.3590369503 966.8008818060 505.8021788424
-0.1320941456 1.8887090879 -0.2943923727 968.6861292944 476.5482655257
-0.3254142569 2.0063571584 0.0721937411 860.8191501661 251.9522148646
-0.2945068937 2.1581701266 0.2369112271 891.9163324800 167.8470027877
-0.3564413644 1.8880841855 0.3603360344 829.6774995067 69.9554720657
-0.1733428557 2.0220748053 -0.3567373217 950.7706116064 504.2160152074
0.1853169703 1.9556145586 -0.2926013520 1181.5049283424 477.8406363920
0.1459432429 2.0821321832 0.0768023636 1149.7395799472 244.9526457419
-0.1806544141 2.1115250387 0.4424313824 952.1595922784 44.0654881410
0.0606416587 1.9370533156 -0.6051155074 1096.4271698246 676.5985289960
0.1622540602 1.9938421750 -0.2072898762 1163.8514076136 420.6052708376
0.1326497219 2.1934063378 0.1317613825 1137.8338116957 218.8714547291
0.3584381887 2.0127258478 0.3252687757 1299.2551351409 75.3753747630
0.0874333717 2.0552167764 0.3189859915 1113.0810623011 97.1579469441

gimbalangles:
-1.8478122866

end: