T_CW:
-0.4772371449 0.8787745487 0.0000000000 -0.0300000000
-0.0000000000 -0.0000000000 -1.0000000000 -0.0900000000
-0.8787745487 -0.4772371449 0.0000000000 -0.0000000000
0.0000000000 0.0000000000 0.0000000000 1.0000000000

T_CW_cov:
0.0000006424 -0.0000000625 -0.0000001564 0.0000001337 0.0000014565 0.0000000251
-0.0000000625 0.0000007383 0.0000000263 -0.0000017878 -0.0000001242 -0.0000004733
-0.0000001564 0.0000000263 0.0000001292 -0.0000000541 -0.0000003460 -0.0000000142
0.0000001337 -0.0000017878 -0.0000000541 0.0000043874 0.0000002615 0.0000011375
0.0000014565 -0.0000001242 -0.0000003460 0.0000002615 0.0000033589 0.0000000387
0.0000000251 -0.0000004733 -0.0000000142 0.0000011375 0.0000000387 0.0000007404

target_points_pix:
-2.1084470842 -2.1437595431 -0.8462827436 326.0004578784 651.4299791123
-2.1505036008 -1.8785447290 -0.6108959777 417.5710798332 563.7029513637
-2.1201637352 -2.1673998295 -0.5899136888 322.2811881283 546.6634585641
-2.1751026614 -2.0680547056 -0.2528774066 366.6523102644 411.6767474255
-1.8436795053 -2.0972325809 -0.0518107199 253.0895425648 329.2237783180
-1.9077635645 -2.1704114228 0.3559764829 253.4251992512 154.9465104294
-2.1512036865 -2.0910517822 0.6218258585 353.0922796084 59.3218074598
-2.0318098922 -1.9024736379 -0.8205725347 375.8230028036 661.2378705716
-1.8643409561 -1.7298116612 -0.6347722235 379.9351671030 603.1892242320
-2.0424396500 -1.6700568512 -0.4559551200 455.3078370594 510.6676724810
-2.0356266141 -1.6670313584 -0.2216670401 454.2024561412 405.7043860601
-2.0876913757 -1.8532165545 -0.1977258456 407.3299748618 392.4590463751
-2.1047669438 -1.7534926241 0.2912902951 444.6274168204 180.9895701946
-1.8466322311 -1.7286678988 0.3992838197 373.8891203508 113.5121088164
-2.1872221107 -1.7737223126 0.6733064363 460.9048499438 25.0040186887
-1.9987360977 -1.5831478012 -0.6409907786 473.4591392526 601.4639496098
-2.0382461791 -1.3326640660 -0.1757110182 578.3700276927 387.6190961582
-1.9735375390 -1.6542454496 0.0160468711 440.2122475311 297.4340239570
-1.9694449003 -1.5102548261 0.2682812325 491.1329790083 176.0369098308
-1.8981907482 -1.3803410260 0.4931111575 520.2981288304 54.1593655581
-2.1515454672 -1.3696679846 0.5936939434 593.2606792494 32.9046528748
-2.1560010034 -1.2844100836 -0.7490828701 627.2749559202 652.3162845959
-1.8791834842 -1.2260730902 -0.3393922451 578.3594788837 476.3572292517
-2.0440471078 -1.0966304069 -0.2533872139 677.3831067835 428.6071582694
-1.9713422318 -1.2553782583 -0.1780519513 591.6456685731 390.4861723362
-2.1413915681 -1.1443759247 0.1206337022 679.9188433713 245.2384735486
-1.9976942520 -1.1816657871 0.4636784555 629.5862368926 67.8595510925
-2.0420969507 -0.8909787896 -0.6562326980 770.1859174199 643.5454330278
-2.1349248961 -1.0739685817 -0.3356921987 708.0987407994 466.3987661159
-2.0329931114 -1.0364522726 -0.2506829583 701.2072002688 428.6188979510
-1.9964769104 -0.9789673083 -0.0633441457 718.7149435386 332.4794427913
-2.0871240887 -1.0260110717 0.1519259638 718.2899015020 224.9496770479
-1.8855696832 -0.5597975338 -0.3500282611 912.3301893202 504.0286144225
-2.0366653240 -0.5797354377 -0.1590398876 927.2447881985 385.3840637980
-1.9221818306 -0.9124272166 0.0901865197 732.6855559718 247.4784973387
-2.0876470204 -0.8959227815 0.3128667921 777.5132183770 138.4695947883
-2.1452367339 -0.9267502190 0.5820317656 775.3298288954 9.1946556957
-2.1952372272 -0.7046575153 0.5517900690 889.1001309397 15.3765909956
-1.8230665739 -0.3324337885 -0.5518839596 1044.2918345405 651.8939923451
-1.8149502794 -0.3269151280 -0.6100474934 1046.8648802350 692.1447076496
-2.0899565708 -0.6540210319 -0.0673717668 896.6817667377 334.1097738483
-1.8622674728 -0.4048797174 -0.1332856099 1002.8087937291 373.9315600839
-1.8483290310 -0.4352708366 0.3157310814 981.7401529103 87.5198797621
-1.9499979981 -0.3936762340 0.4339978451 1022.5760980682 24.2477347752
-1.9908447012 -0.3801654029 -0.5518766256 1035.4875368049 625.0353373758
-1.9508663012 -0.4204201028 -0.3158605866 1005.8186085731 483.9189108691
-1.9282228052 -0.3422863927 -0.1986349192 1051.6136931004 414.5114165602
-1.8307278366 -0.3649187074 -0.1020312630 1024.1120115000 354.1668041658
-2.1653125976 -0.3185303887 0.2228715646 1092.0183714091 168.2970440524
-2.0390392157 0.0266576880 0.1803748992 1311.9198187566 168.4513262841
-2.1040212686 -0.1858632528 0.2189118048 1168.4696543333 159.8475920935
-2.1494438675 -0.1759117361 0.4480410634 1177.7006438318 27.4883566193
-2.0887152358 0.0614816292 0.3387705058 1337.0387786717 68.7819735534
-1.7169756673 -2.0306084985 -0.3442061790 227.6686598840 465.2138919358
-1.6501252226 -2.1518835387 -0.1868133351 164.0147982639 391.3613558008
-1.9076947486 -2.0906629332 0.0539072926 277.0359368354 283.6166037793
-1.7608405348 -1.9343170826 0.0562900857 274.4728983229 277.3332385893
-1.9063764253 -1.8660205765 0.3738369208 347.1973461387 135.8114969979
-1.8966016870 -2.0532493118 0.5599591477 284.8219559166 60.4768967436
-1.5796895824 -2.1471275155 -0.5889229412 137.3162294175 585.4078808878
-1.6623309028 -2.0764444490 -0.4483026474 192.3549136907 515.5594194854
-1.6185755682 -2.0335792471 -0.1038771344 187.7517099645 352.7854489913
-1.3119388669 -2.0378495674 0.0669159930 46.1177980025 260.2391189199
-1.4426495618 -1.8136163176 0.1905162106 185.5463551865 193.2953898025
-1.5361605155 -2.1257179523 0.3896727763 124.3424829961 110.4902573772
-1.4013295484 -1.8286690344 -0.4892912054 161.8229321865 565.8909650597
-1.2231305079 -1.8176706409 -0.3259783931 74.5551790780 486.4849839204
-1.3064759274 -1.9948704185 0.0836250030 57.3014761205 249.9904241283

gimbalangles:
2.6746177594

end: