T_CW:
-0.9838286192 0.1791123892 0.0000000000 -0.0300000000
0.0000000000 0.0000000000 -1.0000000000 -0.0900000000
-0.1791123892 -0.9838286192 -0.0000000000 -0.0000000000
0.0000000000 0.0000000000 0.0000000000 1.0000000000

T_CW_cov:
0.0000019990 0.0000001873 0.0000002766 -0.0000004099 0.0000041834 -0.0000000960
0.0000001873 0.0000010100 0.0000000308 -0.0000023044 0.0000003915 0.0000004079
0.0000002766 0.0000000308 0.0000001474 -0.0000000590 0.0000005669 -0.0000000111
-0.0000004099 -0.0000023044 -0.0000000590 0.0000053277 -0.0000008578 -0.0000009222
0.0000041834 0.0000003915 0.0000005669 -0.0000008578 0.0000088228 -0.0000002042
-0.0000000960 0.0000004079 -0.0000000111 -0.0000009222 -0.0000002042 0.0000006507

target_points_pix:
-1.7169756673 -2.0306084985 -0.3442061790 1332.7798117069 474.2682666069
-1.6501252226 -2.1518835387 -0.1868133351 1262.7480123290 392.7311443790
-1.5796895824 -2.1471275155 -0.5889229412 1233.5502481091 588.6347023588
-1.6623309028 -2.0764444490 -0.4483026474 1292.5699064826 524.2317641624
-1.6185755682 -2.0335792471 -0.1038771344 1288.5232456053 352.9334688693
-1.3119388669 -2.0378495674 0.0669159930 1147.0058472591 264.2983201415
-1.4426495618 -1.8136163176 0.1905162106 1286.5074157929 185.5621167837
-1.5361605155 -2.1257179523 0.3896727763 1222.1560540854 109.2611170238
-1.4013295484 -1.8286690344 -0.4892912054 1259.2408211142 572.8288367254
-1.2231305079 -1.8176706409 -0.3259783931 1172.4754533536 483.2069421651
-1.0540651075 -1.9318002681 0.1505068516 1050.8205821851 211.7663257395
-1.3064759274 -1.9948704185 0.0836250030 1157.3077576724 253.7857511332
-1.0817565838 -1.8792648318 0.4912548355 1080.0270781754 13.7009443113
-0.8996479791 -2.0374637846 -0.5070061223 946.7446303651 570.8701043058
-1.0352279963 -1.9014060949 -0.2873643345 1049.0913246421 458.2762573225
-0.8524976807 -2.0244151995 0.1476430308 925.9352807029 216.9196481068
-0.9396370708 -1.8606308446 0.3999390077 1009.9265435301 59.8564699354
-0.9669781436 -2.0218379039 0.4458862138 984.4086006994 56.7105316472
-0.9005062453 -1.9343387993 -0.4449024492 970.3167742422 546.8347621415
-0.9123079585 -2.1284580629 -0.2558047657 934.2694163186 432.0951937735
-0.6883316207 -1.8469608032 -0.1589367572 873.9671576531 387.8884957241
-0.8632153327 -2.1951362328 0.0753490344 898.3143545404 262.9562712186
-0.8519744113 -2.1769645328 0.5888393439 896.5372522137 0.6766512537
-0.5097935959 -2.1148276580 -0.5873151168 735.5926915990 613.1707865625
-0.4729021202 -2.0583920602 -0.5698937838 722.7817943635 611.3964991350
-0.5877027471 -2.1220845631 -0.1952625424 774.5124861753 402.4667713300
-0.6397658702 -1.9962388135 0.1742825485 820.3296206338 197.9497697661
-0.6116385735 -1.9244833139 0.2116265258 816.8962852453 170.5562635925
-0.1300626629 -2.1529462385 -0.6921622961 532.7918692062 673.3633303611
-0.1742632593 -2.0133338748 -0.0902612282 561.3383740477 346.6054583574
-0.0635647412 -2.0690742069 -0.0068415662 496.9110205125 299.0787286498
-0.0944812710 -2.1207718532 0.3757183913 513.6248240187 88.2221631979
-0.0662106627 -1.9797613538 -0.6179389584 499.9502142242 659.6004091865
-0.1169270298 -2.1924969758 -0.1057671843 524.2911346455 354.8716727636
0.1530304316 -1.8975286955 -0.1486459519 362.3911723559 383.3933199932
0.1031985642 -2.0237017061 0.3770378668 399.5128726633 70.4964033348
0.3132888607 -1.9172675775 -0.3784857863 260.9185484824 529.1547995681
0.1798051282 -2.1376171259 -0.2101951836 360.3082583453 413.8112642588
0.1105084575 -1.8324156555 -0.0292469899 386.3245882273 306.6601019924
0.2272400275 -2.1411056604 0.1748769749 333.2665958187 197.0252286279
0.4405851561 -2.0683433711 0.4238748486 199.4918460408 40.7934817229
0.4815465084 -1.8793705061 -0.5230342546 143.4938387246 630.3428132647
0.3990427333 -1.9565363562 -0.4157579215 210.4158175169 549.9394244638
0.4486312133 -1.8539060129 -0.1883259814 160.4633423580 411.4278826622
0.3632319295 -1.8211024113 0.3728792086 214.3281836491 34.5098829482
0.7253359792 -2.1817755865 -0.2257816326 45.9706496043 423.7117682304
0.5521447994 -2.0609144530 0.1825896689 128.8428923030 181.9123979473

gimbalangles:
1.8530306196

end: