T_CW:
0.8770696484 0.4803632291 0.0000000000 -0.0300000000
-0.0000000000 0.0000000000 -1.0000000000 -0.0900000000
-0.4803632291 0.8770696484 0.0000000000 -0.0000000000
0.0000000000 0.0000000000 0.0000000000 1.0000000000

T_CW_cov:
0.0000006433 -0.0000000983 -0.0000001263 0.0000002286 0.0000014748 -0.0000000157
-0.0000000983 0.0000010724 0.0000000066 -0.0000026173 -0.0000002378 -0.0000006417
-0.0000001263 0.0000000066 0.0000001142 -0.0000000036 -0.0000002765 0.0000000114
0.0000002286 -0.0000026173 -0.0000000036 0.0000064486 0.0000005556 0.0000015481
0.0000014748 -0.0000002378 -0.0000002765 0.0000005556 0.0000034396 -0.0000000242
-0.0000000157 -0.0000006417 0.0000000114 0.0000015481 -0.0000000242 0.0000008156

target_points_pix:
-2.0290123060 1.2616487263 -0.4540971774 28.9727127669 547.9487949750
-2.0326420221 1.4386671003 -0.3715805411 115.2280271030 491.6698259260
-1.8508449086 1.2533294366 0.1209409021 83.6160864502 222.8390347821
-1.8275087156 1.2445718864 0.4833325022 87.7231060095 8.3083393009
-1.9009715403 1.5663851847 -0.7367942106 215.5574855402 673.7126629772
-2.1088004373 1.4267765867 -0.4272348695 85.8494768291 518.2646052812
-2.1735839590 1.4343336267 -0.3174998151 69.3329432201 460.2391121897
-2.1721225624 1.4984821487 -0.1178589294 98.6737338238 359.5811611627
-2.1038104307 1.5453454380 0.3154965260 139.9249418570 147.0072198968
-2.0007657291 1.7629935701 -0.6819514061 259.4752771332 619.9918083944
-1.8246755636 1.8365637605 -0.4718921123 342.3574073277 524.6962946617
-2.1978652673 1.5512577920 -0.0820733873 114.0268184957 342.1102116454
-1.8147805824 1.7005286935 -0.0912446736 296.6988161779 346.8323633215
-1.8687607905 1.6395216927 0.3740385226 254.8340935938 115.1067852660
-1.8980237103 1.9209957642 0.3535455110 345.9605864317 147.4098273602
-1.8992891162 1.6958315500 0.5927369583 266.6368764826 15.2606902545
-1.9677202375 1.9539953751 -0.8044858142 335.4331675504 658.1093651048
-1.9339633712 2.1588428389 -0.7672586114 407.1920444015 625.1358264560
-1.8537363930 2.1767514966 -0.4751485786 436.7589007421 506.4154027857
-2.0009461426 1.8884255044 -0.3091342856 302.7700167087 443.5284364221
-2.0839185599 2.1121327543 -0.1787392208 348.0838438884 382.4589828654
-1.8007556983 1.9812678047 0.0551784552 396.8146168750 281.3886914156
-2.0021261078 2.0086463683 0.6719158105 341.3795099296 20.5676992403
-1.8671153541 2.1795732671 0.7269835846 433.3163648242 7.3669111037
-1.7817101151 1.8511826209 -0.8074481766 362.4181692944 682.1251007368
-1.9389521875 2.1841326748 -0.6648628523 412.5591550330 581.0544647515
-1.8042215426 1.8813328659 -0.2818446438 363.9974684637 434.9604762036
-1.7767929336 2.0072491973 -0.1782002063 412.7784433417 385.6268246852
-1.7534698406 2.0793769081 0.4493600074 441.7326156941 110.6049765959
-1.8353667562 2.1089405381 0.3759185790 423.4018224850 147.6066755310
-1.7604356880 2.0656598370 0.6575958443 435.6327726009 18.5065471135
-1.3492337722 2.1057609491 -0.8169929086 593.9683771597 685.3377989132
-1.4983317879 2.0936842145 -0.5888533520 534.7458266014 573.5529771237
-1.6571184784 1.8321234448 -0.0621704696 398.6738640964 332.8564882788
-1.4726534281 2.0034281786 -0.0936720132 519.1294264100 348.1691691385
-1.5475518711 1.9219229687 0.2115461638 467.2630642515 201.7169215582
-1.4598821192 2.0390700871 0.4072914279 533.9252320028 113.4779423993
-1.3996928611 1.9829751266 -0.7729069412 541.7470766483 675.6884635739
-1.1860357705 2.0705200626 -0.6054671996 650.1676433561 598.0545613025
-1.4194715783 2.0828748510 -0.3704728398 560.9180809275 476.6729574818
-1.2776452368 1.8694489727 0.0047508315 557.7096859187 297.4297335842
-1.0730605838 2.0018530190 0.3056842560 681.6596223841 143.1049216150
-1.2085726006 2.0127526755 0.3547681015 626.1840427634 125.2085154796
-0.9983895204 2.0661635568 -0.7131763571 730.1294774534 663.0417346969
-1.1448503223 1.9295688788 -0.5001948033 631.6275181638 559.5194483699
-1.0393066434 1.9475716529 -0.2178789547 683.2641429863 414.0344878933
-0.9593756649 2.0777024999 -0.1501370496 750.1292444699 377.2048269742
-0.8521590024 1.9558607454 0.3663922634 774.3156036996 95.5854447575
-1.1747783765 1.9710647288 0.4070187887 629.6503286192 93.5025964371
-0.8567020351 2.0724969975 -0.4066799077 796.8566608252 512.0947020987
-0.7284212964 2.1001550914 -0.2330155620 864.7923815915 422.5663577212
-0.6547912955 2.0870834084 0.0211341981 900.0838736017 285.8974025774
-0.8817151466 2.0931652498 0.1051209762 789.3260318603 245.6281218403
-0.6486645931 2.0381515495 -0.4048343834 894.6760194160 521.3216994341
-0.3777328962 2.0709319294 -0.2918463810 1051.3585802995 464.1545265848
-0.6412038263 2.0387083890 -0.1132956810 898.8016098042 359.3790119653
-0.3102710352 1.9260298101 0.1150357669 1076.8242795609 215.9145266409
-0.6231705820 2.1520952738 0.5384759296 927.3704552952 10.5538482037
-0.3761262826 1.9359798530 -0.5684987763 1035.4149224411 643.0489204726
-0.1470818764 2.0278346330 -0.3590369503 1193.6083260019 515.6933113294
-0.1320941456 1.8887090879 -0.2943923727 1195.8697850838 484.6418096577
-0.3254142569 2.0063571584 0.0721937411 1076.1623023997 247.3342394032
-0.2945068937 2.1581701266 0.2369112271 1110.2498134941 158.4181483957
-0.3564413644 1.8880841855 0.3603360344 1042.3192765254 58.2455098845
-0.1733428557 2.0220748053 -0.3567373217 1175.5747409629 513.6046984994
-0.1806544141 2.1115250387 0.4424313824 1177.2156229271 25.2670471320
0.0606416587 1.9370533156 -0.6051155074 1342.1442142293 704.2737645355

gimbalangles:
-1.9724186604

end: