T_CW:
-0.4145572254 -0.9100232452 0.0000000000 -0.0300000000
-0.0000000000 0.0000000000 -1.0000000000 -0.0900000000
0.9100232452 -0.4145572254 -0.0000000000 0.0000000000
0.0000000000 0.0000000000 0.0000000000 1.0000000000

T_CW_cov:
0.0000008808 -0.0000000915 0.0000002021 0.0000002500 0.0000019661 -0.0000001232
-0.0000000915 0.0000008210 -0.0000000201 -0.0000020030 -0.0000002037 0.0000004886
0.0000002021 -0.0000000201 0.0000001338 0.0000000655 0.0000004411 -0.0000000280
0.0000002500 -0.0000020030 0.0000000655 0.0000049496 0.0000005554 -0.0000011911
0.0000019661 -0.0000002037 0.0000004411 0.0000005554 0.0000044489 -0.0000002713
-0.0000001232 0.0000004886 -0.0000000280 -0.0000011911 -0.0000002713 0.0000006971

target_points_pix:
1.4392129643 -1.8700391144 -0.5937131543 1279.1708192294 627.1333923224
1.4393964913 -1.9257707133 0.4658256223 1301.2760100228 38.1324703969
1.6178416807 -2.1438940522 -0.1704101383 1295.8869024493 385.5741898520
1.4202388581 -1.9292284751 0.1519875394 1312.0283443866 210.8367593198
1.4540855342 -1.8634546581 0.3616523237 1270.5726514174 94.2890726196
1.5500197577 -1.8331921533 -0.5554902840 1213.9994450475 595.8731388000
1.5846467715 -1.9336166739 -0.6639477059 1236.0645026114 643.8086723858
1.9321190477 -2.1599753080 -0.0702477115 1178.7682295599 337.3796361595
1.6246449477 -1.8284173664 -0.1805362603 1180.8080449721 393.3142564738
1.8287333310 -2.1096127800 0.4298580792 1199.9580340955 106.8466578913
1.8189521181 -1.8687795054 0.3772446023 1121.0035337108 121.4940689526
1.9274821332 -1.8498540672 -0.8353092798 1076.1003660562 690.5123019575
2.0374027157 -2.1244149509 -0.3365820874 1131.9931999988 451.3569513722
2.1491235341 -1.9917465812 -0.1360297587 1055.4599512677 365.5724746528
2.1669461480 -2.0348379959 0.1746042754 1064.1705111957 236.4460451980
1.9176417327 -2.0436961438 0.4066997927 1146.3452392767 122.2645066940
2.0354595881 -2.0156551074 0.4343671524 1098.1277066068 118.2406697036
1.9957364715 -1.7797589391 -0.6344362442 1029.7417606496 594.7820820753
1.9042748829 -1.9042753353 -0.4328866630 1103.1880289302 504.7601638109
1.8846077334 -1.9057062088 -0.2031318719 1110.5819140167 398.8937153874
2.0334372040 -1.7098496250 -0.1674277110 993.5897086378 381.6415927435
2.1236293352 -1.8015306133 0.1567353075 999.7593605662 238.7345670667
1.9732330312 -1.8708953160 0.5405975112 1069.3814102952 59.6417082184
2.0804284908 -1.4342990342 -0.5591014867 877.2208560123 566.2411784273
2.0202869862 -1.3816786268 -0.6436614308 872.3290756530 613.9933381193
2.1734113672 -1.5304661388 -0.3488565010 889.7192715437 462.0224858262
2.0360158626 -1.6413631920 -0.1266119045 967.9313079616 363.2207556417
2.1760079290 -1.5067753085 0.2146109058 880.4650968705 209.8180580017
2.1510524493 -1.3680571994 0.4953890559 833.9065938116 75.5526810605
1.9298402056 -1.3764245007 -0.3359090599 895.2886253363 469.7082416786
1.8800404546 -1.1561776933 -0.0820716904 813.8694998529 342.2278501040
1.9377411544 -1.1464049791 -0.1445223815 794.2259050818 374.8823666567
2.1125434404 -1.0593333462 0.0697296499 714.7479719299 267.5407619286
2.1461434616 -1.1768735850 0.4029253150 757.8118841357 110.6254363978
2.1950641026 -0.9901943079 -0.7739551749 668.1467487602 676.9875404123
2.0073783830 -0.8101855643 -0.6565373428 620.4068090462 651.2961217459
2.0630315312 -0.9873049000 -0.4166250607 693.0908221057 512.9440324435
1.8489564548 -0.8233021713 0.0499289788 659.5514498985 265.8105941262
2.0506481451 -0.8915399122 0.1756457601 651.0680762747 207.8221119799
2.1242193271 -0.8479907540 -0.5599553179 616.7751885695 585.9596980174
2.1462577662 -0.8847763794 -0.4525485406 629.7813011530 528.5132276234
2.1605735270 -0.8488577758 -0.3398468232 610.5593932741 472.0554753467
2.1765978586 -0.6839881453 -0.1951020741 529.3753968604 400.5153989116
2.0602891066 -0.7588317401 0.4321516523 585.0421808510 68.1965375057
2.0607231527 -0.3568691784 -0.6240690148 370.4276837736 652.7929780228
1.8608577264 -0.6154256622 -0.5318944843 544.5809524364 610.2854544096
1.9673362565 -0.4932213503 -0.4475193608 458.6734813626 554.8560661494
2.1067069339 -0.6795458537 -0.1661413448 537.6864781223 386.7905460472
1.9060279588 -0.5343612355 0.2312919742 490.6107967504 154.9218187583
2.0636815123 -0.3878123219 -0.4885321114 387.5729221362 573.5024195264
2.1849937664 -0.1076724463 -0.3596361117 215.8453790518 500.0002675481
2.0022793552 -0.3407600927 0.0091227653 365.5147591382 287.5397139693
1.8643482217 -0.2351548738 0.1403036800 310.6597536276 196.8646366163
1.9661306703 -0.1937462224 0.4290557110 277.4013490820 23.2157888271
1.8771705378 -0.1265291682 -0.6141926158 237.7523944315 691.0539142047
2.0676327225 0.0569281127 -0.3843215573 110.6717581551 529.3567258480
2.0149956616 -0.0249350183 -0.0543509498 164.6235105402 323.5707735792
1.9958726695 0.0686412089 -0.1886466928 99.8695290352 409.8312520802
1.9211683822 0.1359918091 0.3523883176 47.0933666452 42.8303242949
2.1786073514 0.1163252008 0.3660038469 74.4222897835 72.5213913923
1.9438511651 0.1053696058 0.3538797141 71.2470089030 47.5731749825

gimbalangles:
0.3767959154

end: