T_CW:
-0.9608832800 -0.2769536462 -0.0000000000 -0.0300000000
-0.0000000000 0.0000000000 -1.0000000000 -0.0900000000
0.2769536462 -0.9608832800 -0.0000000000 -0.0000000000
0.0000000000 0.0000000000 0.0000000000 1.0000000000

T_CW_cov:
0.0000015193 0.0000001610 -0.0000002591 -0.0000003799 0.0000032922 -0.0000002749
0.0000001610 0.0000006840 -0.0000000553 -0.0000015879 0.0000003253 -0.0000004473
-0.0000002591 -0.0000000553 0.0000001491 0.0000001426 -0.0000005423 0.0000000660
-0.0000003799 -0.0000015879 0.0000001426 0.0000037578 -0.0000007665 0.0000010059
0.0000032922 0.0000003253 -0.0000005423 -0.0000007665 0.0000072036 -0.0000005711
-0.0000002749 -0.0000004473 0.0000000660 0.0000010059 -0.0000005711 0.0000008118

target_points_pix:
-0.5097935959 -2.1148276580 -0.5873151168 1321.6891553468 651.7478092186
-0.4729021202 -2.0583920602 -0.5698937838 1305.1557369744 648.1668694420
-0.1300626629 -2.1529462385 -0.6921622961 1077.4232874652 691.1905735099
-0.1742632593 -2.0133338748 -0.0902612282 1110.6925157481 346.3371428547
-0.0635647412 -2.0690742069 -0.0068415662 1039.4312495371 296.9785540388
-0.0944812710 -2.1207718532 0.3757183913 1057.6752976054 75.7037209964
-0.0662106627 -1.9797613538 -0.6179389584 1041.6132700535 672.6778782623
-0.1169270298 -2.1924969758 -0.1057671843 1069.1573776419 355.1077619460
0.1530304316 -1.8975286955 -0.1486459519 901.3039268069 383.0956414958
0.1031985642 -2.0237017061 0.3770378668 938.2667814083 69.7703477075
0.3132888607 -1.9172675775 -0.3784857863 805.5862672394 520.8224095483
0.1798051282 -2.1376171259 -0.2101951836 899.2552932181 413.0836790429
0.1105084575 -1.8324156555 -0.0292469899 924.9733908926 306.7779712015
0.2272400275 -2.1411056604 0.1748769749 873.5204650739 200.4929873461
0.4405851561 -2.0683433711 0.4238748486 751.7370225968 61.9577808902
0.4815465084 -1.8793705061 -0.5230342546 703.0016553477 606.5433745507
0.3990427333 -1.9565363562 -0.4157579215 760.5971299555 537.2252594181
0.4486312133 -1.8539060129 -0.1883259814 717.9630431616 406.6596920865
0.3632319295 -1.8211024113 0.3728792086 764.5115607829 54.3017558401
0.5574486502 -2.0322558777 -0.7031584427 685.1526751861 685.0933231359
0.6760474197 -1.9397994560 -0.6523280362 607.0772732648 665.4001740925
0.7253359792 -2.1817755865 -0.2257816326 625.0542573774 415.3715209836
0.5521447994 -2.0609144530 0.1825896689 691.9479313185 197.3232078979
0.7303731863 -2.0822931857 0.3409704371 605.6326105239 118.2016560252
0.6476928819 -2.1574243192 0.5713258643 658.6965102149 3.7187282556
1.1317356309 -2.0884930166 -0.7438131423 420.8962344733 673.6393686427
1.1412416106 -1.8295073638 -0.6345165439 344.9945785196 651.0279119103
0.9861579955 -1.8556052624 -0.1516633468 427.9354330511 381.2796859012
0.9744884137 -2.0744573202 -0.0279052589 487.7727660795 314.4452866325
1.0497963986 -2.1500163623 0.1130776453 470.6409040440 245.9835281223
1.1645815082 -1.9323382726 0.3340032188 363.7880647736 119.7350105867
1.4392129643 -1.8700391144 -0.5937131543 221.3941229059 612.0897410528
1.0957124707 -1.9729375961 -0.3804741473 407.1111258516 499.9648104444
1.1414929988 -1.8889137699 0.0034042731 361.9095639437 295.2889384365
1.0945837433 -2.0389881176 0.3006338205 424.4280874783 145.1787121602
1.4393964913 -1.9257707133 0.4658256223 239.3290992103 58.7891116209
1.4552108980 -2.1534895360 -0.3988016236 301.6455919663 491.3424846368
1.4738540436 -2.1896147329 -0.4198177334 304.1612206795 498.7579287754
1.6178416807 -2.1438940522 -0.1704101383 234.8582651829 383.3719838127
1.4202388581 -1.9292284751 0.1519875394 248.5096710338 220.9470233053
1.4540855342 -1.8634546581 0.3616523237 211.7145502023 106.7547890342
1.5500197577 -1.8331921533 -0.5554902840 160.1120997061 592.1371272065
1.5846467715 -1.9336166739 -0.6639477059 181.7631502621 635.4777551921
1.9321190477 -2.1599753080 -0.0702477115 123.3744434240 337.1569764105
1.6246449477 -1.8284173664 -0.1805362603 125.7334829534 393.5099104695
1.8287333310 -2.1096127800 0.4298580792 144.5319342357 107.7545556395
1.8189521181 -1.8687795054 0.3772446023 62.0403817489 110.2723178733
2.0374027157 -2.1244149509 -0.3365820874 74.6871356296 455.4202434530
1.9176417327 -2.0436961438 0.4066997927 89.3729514643 114.9632178401
2.0354595881 -2.0156551074 0.4343671524 36.4340106173 102.8155242178
1.9042748829 -1.9042753353 -0.4328866630 43.3529885440 514.0162367152
1.8846077334 -1.9057062088 -0.2031318719 50.9468023371 401.4479589312

gimbalangles:
1.4906323323

end: