T_CW:
0.8630033566 0.5051981854 0.0000000000 -0.0300000000
0.0000000000 0.0000000000 -1.0000000000 -0.0900000000
-0.5051981854 0.8630033566 -0.0000000000 0.0000000000
0.0000000000 0.0000000000 0.0000000000 1.0000000000

T_CW_cov:
0.0000006259 -0.0000000693 -0.0000001213 0.0000001555 0.0000014421 -0.0000000285
-0.0000000693 0.0000012264 0.0000000253 -0.0000030004 -0.0000001545 -0.0000006996
-0.0000001213 0.0000000253 0.0000001173 -0.0000000498 -0.0000002681 -0.0000000014
0.0000001555 -0.0000030004 -0.0000000498 0.0000074019 0.0000003466 0.0000016967
0.0000014421 -0.0000001545 -0.0000002681 0.0000003466 0.0000033812 -0.0000000681
-0.0000000285 -0.0000006996 -0.0000000014 0.0000016967 -0.0000000681 0.0000008545

target_points_pix:
-2.0290123060 1.2616487263 -0.4540971774 70.6804579296 545.1068646812
-2.0326420221 1.4386671003 -0.3715805411 154.7266151467 489.9046877699
-1.9996192975 1.1557197899 -0.0691214088 22.0092242214 333.6758958235
-1.8508449086 1.2533294366 0.1209409021 123.9143621565 224.5588415795
-1.8275087156 1.2445718864 0.4833325022 127.8552534723 12.8285070272
-1.9009715403 1.5663851847 -0.7367942106 252.7492130989 670.3996948543
-2.1088004373 1.4267765867 -0.4272348695 126.0751678204 516.0545711681
-2.1735839590 1.4343336267 -0.3174998151 110.0106408473 458.7586334492
-2.1721225624 1.4984821487 -0.1178589294 138.6236392914 359.4818196460
-2.1038104307 1.5453454380 0.3154965260 178.8689922523 149.4839534857
-2.0007657291 1.7629935701 -0.6819514061 295.8626915896 617.4910373825
-1.8246755636 1.8365637605 -0.4718921123 377.4098067775 523.4179528014
-2.1978652673 1.5512577920 -0.0820733873 153.6021207587 342.2349364577
-1.8147805824 1.7005286935 -0.0912446736 332.4916724322 346.8731212465
-1.8687607905 1.6395216927 0.3740385226 291.3627832689 117.3364124888
-1.8980237103 1.9209957642 0.3535455110 381.0033290482 148.9040732706
-1.8992891162 1.6958315500 0.5927369583 302.9374447873 18.3342088084
-1.9677202375 1.9539953751 -0.8044858142 370.5542782688 655.7957167739
-1.9339633712 2.1588428389 -0.7672586114 441.3780030106 623.5299354381
-1.8537363930 2.1767514966 -0.4751485786 470.6491428579 505.6146169949
-2.0009461426 1.8884255044 -0.3091342856 338.4606250849 442.7612740741
-2.0839185599 2.1121327543 -0.1787392208 383.0937450721 382.2334377980
-1.8007556983 1.9812678047 0.0551784552 431.1782939944 281.8179360409
-2.0021261078 2.0086463683 0.6719158105 376.4813288647 23.0249183390
-1.8671153541 2.1795732671 0.7269835846 467.2689403219 9.1721338373
-1.7817101151 1.8511826209 -0.8074481766 397.1386397824 679.8501922358
-1.9389521875 2.1841326748 -0.6648628523 446.6962058904 579.7348793723
-1.8042215426 1.8813328659 -0.2818446438 398.7636029565 434.3866937265
-1.7767929336 2.0072491973 -0.1782002063 446.9438916326 385.4317915838
-1.7534698406 2.0793769081 0.4493600074 475.6029339191 111.8189077971
-1.8353667562 2.1089405381 0.3759185790 457.4666389985 148.7258859047
-1.7604356880 2.0656598370 0.6575958443 469.5586130621 20.2297445843
-1.3492337722 2.1057609491 -0.8169929086 626.7804282178 684.8944775616
-1.4983317879 2.0936842145 -0.5888533520 567.8355860051 572.9372589671
-1.6571184784 1.8321234448 -0.0621704696 433.0033798719 332.9698709742
-1.4726534281 2.0034281786 -0.0936720132 552.3478846612 348.1808204759
-1.5475518711 1.9219229687 0.2115461638 500.8858538480 202.3762928221
-1.4598821192 2.0390700871 0.4072914279 567.0676406826 114.1436088372
-1.3996928611 1.9829751266 -0.7729069412 574.7704171224 674.8519367934
-1.1860357705 2.0705200626 -0.6054671996 682.9206963085 598.0689741919
-1.4194715783 2.0828748510 -0.3704728398 593.8945546036 476.4065535500
-1.2776452368 1.8694489727 0.0047508315 590.7187584870 297.5492923006
-1.0730605838 2.0018530190 0.3056842560 714.4889872147 142.9333287217
-1.2085726006 2.0127526755 0.3547681015 659.0068430554 125.3304696519
-0.9983895204 2.0661635568 -0.7131763571 763.0167798215 663.6709681627
-1.1448503223 1.9295688788 -0.5001948033 664.3973964204 559.4428822563
-1.0393066434 1.9475716529 -0.2178789547 716.0742659945 414.0931115505
-0.9593756649 2.0777024999 -0.1501370496 783.1563984873 377.2731164802
-0.8521590024 1.9558607454 0.3663922634 807.4927999275 94.7889642857
-1.1747783765 1.9710647288 0.4070187887 662.4689628148 93.6175485632
-0.8567020351 2.0724969975 -0.4066799077 830.1419799915 512.6873145550
-0.7284212964 2.1001550914 -0.2330155620 898.6877212219 422.9507286067
-0.6547912955 2.0870834084 0.0211341981 934.3941720825 285.4941731514
-0.8817151466 2.0931652498 0.1051209762 822.5917442426 245.2636704722
-0.6486645931 2.0381515495 -0.4048343834 928.8900421294 522.3598664866
-0.3777328962 2.0709319294 -0.2918463810 1088.0422972916 465.2789227079
-0.6412038263 2.0387083890 -0.1132956810 933.0914835621 359.4327301130
-0.3102710352 1.9260298101 0.1150357669 1114.0589970087 214.4813724462
-0.6231705820 2.1520952738 0.5384759296 962.0223858698 8.2244262647
-0.3761262826 1.9359798530 -0.5684987763 1071.7527102896 645.8344576265
-0.1470818764 2.0278346330 -0.3590369503 1233.5254856086 517.8945531634
-0.1320941456 1.8887090879 -0.2943923727 1235.8748418819 486.4402417693
-0.3254142569 2.0063571584 0.0721937411 1113.3754598003 246.2374669937
-0.2945068937 2.1581701266 0.2369112271 1148.1769357025 156.2289494077
-0.3564413644 1.8880841855 0.3603360344 1078.8587985376 55.3954603756
-0.1733428557 2.0220748053 -0.3567373217 1215.0306131913 515.7084159966
-0.1806544141 2.1115250387 0.4424313824 1216.7059723866 21.0471637335

gimbalangles:
-2.0160070347

end: