T_CW:
-0.9613563885 0.2753069092 0.0000000000 -0.0300000000
0.0000000000 0.0000000000 -1.0000000000 -0.0900000000
-0.2753069092 -0.9613563885 -0.0000000000 -0.0000000000
0.0000000000 0.0000000000 0.0000000000 1.0000000000

T_CW_cov:
0.0000012226 0.0000000012 0.0000002791 0.0000000013 0.0000026441 -0.0000000123
0.0000000012 0.0000006594 0.0000000135 -0.0000015643 -0.0000000051 0.0000004173
0.0000002791 0.0000000135 0.0000001588 -0.0000000275 0.0000005887 0.0000000067
0.0000000013 -0.0000015643 -0.0000000275 0.0000037784 0.0000000201 -0.0000009778
0.0000026441 -0.0000000051 0.0000005887 0.0000000201 0.0000057856 -0.0000000434
-0.0000000123 0.0000004173 0.0000000067 -0.0000009778 -0.0000000434 0.0000007105

target_points_pix:
-2.1084470842 -2.1437595431 -0.8462827436 1298.2865587401 678.8877501304
-2.1201637352 -2.1673998295 -0.5899136888 1294.9189528355 564.1531257200
-1.8436795053 -2.0972325809 -0.0518107199 1217.9694182216 328.3374662351
-1.9077635645 -2.1704114228 0.3559764829 1218.5556012201 146.5674307104
-2.1512036865 -2.0910517822 0.6218258585 1333.2430261289 26.6604683978
-1.7169756673 -2.0306084985 -0.3442061790 1190.2858889960 468.3411105754
-1.6501252226 -2.1518835387 -0.1868133351 1126.2760315046 390.9459942455
-1.9076947486 -2.0906629332 0.0539072926 1244.4104828747 279.6833023103
-1.7608405348 -1.9343170826 0.0562900857 1241.6183358855 273.1074732571
-1.9063764253 -1.8660205765 0.3738369208 1326.4085630695 112.3504938987
-1.8966016870 -2.0532493118 0.5599591477 1253.0930217963 41.8939929161
-1.5796895824 -2.1471275155 -0.5889229412 1099.5878243819 578.9363303224
-1.6623309028 -2.0764444490 -0.4483026474 1153.6904711410 516.4018690642
-1.6185755682 -2.0335792471 -0.1038771344 1149.8446197345 352.8655336408
-1.3119388669 -2.0378495674 0.0669159930 1019.0299412051 267.2943670694
-1.4426495618 -1.8136163176 0.1905162106 1147.9184559389 193.0389386979
-1.5361605155 -2.1257179523 0.3896727763 1088.8858168964 118.9587101530
-1.4013295484 -1.8286690344 -0.4892912054 1123.1182888333 563.3098266748
-1.2231305079 -1.8176706409 -0.3259783931 1042.8078533113 478.3774263749
-1.0540651075 -1.9318002681 0.1505068516 928.4931379787 215.5373619727
-1.3064759274 -1.9948704185 0.0836250030 1028.6327570916 257.2242974420
-1.0817565838 -1.8792648318 0.4912548355 956.1539784663 23.5842403458
-1.2632768288 -2.1108735220 0.5969392310 978.9232757447 8.6240898899
-0.8996479791 -2.0374637846 -0.5070061223 829.1817061304 566.7483061574
-1.0352279963 -1.9014060949 -0.2873643345 926.9300350369 455.3780294346
-0.8524976807 -2.0244151995 0.1476430308 808.9268708377 219.2033123669
-0.9396370708 -1.8606308446 0.3999390077 889.5981291887 66.7984478067
-0.9669781436 -2.0218379039 0.4458862138 865.2250638909 63.0973149685
-0.9005062453 -1.9343387993 -0.4449024492 851.8279857899 542.7775086586
-0.9123079585 -2.1284580629 -0.2558047657 817.0654203720 430.6535279549
-0.6883316207 -1.8469608032 -0.1589367572 758.4841905788 387.4005690740
-0.8632153327 -2.1951362328 0.0753490344 782.1769428550 264.2473808935
-0.8519744113 -2.1769645328 0.5888393439 780.4493282436 5.7601181469
-0.5097935959 -2.1148276580 -0.5873151168 622.1110766832 612.8152090166
-0.4729021202 -2.0583920602 -0.5698937838 609.3109564655 611.3127783349
-0.5877027471 -2.1220845631 -0.1952625424 660.7008105784 402.2221689702
-0.6397658702 -1.9962388135 0.1742825485 705.8935765407 199.2363869192
-0.6116385735 -1.9244833139 0.2116265258 702.5065113185 172.0319300443
-0.1300626629 -2.1529462385 -0.6921622961 416.3089988097 678.4806762972
-0.1742632593 -2.0133338748 -0.0902612282 445.4940816898 346.5348866844
-0.0635647412 -2.0690742069 -0.0068415662 378.9092255572 298.0762843573
-0.0944812710 -2.1207718532 0.3757183913 396.2233948346 83.5841867941
-0.0662106627 -1.9797613538 -0.6179389584 382.3303481386 665.3334071840
-0.1169270298 -2.1924969758 -0.1057671843 407.2849104378 354.9244972750
0.1530304316 -1.8975286955 -0.1486459519 237.7052839037 384.3635572596
0.1031985642 -2.0237017061 0.3770378668 276.9544422475 62.7834810653
0.3132888607 -1.9172675775 -0.3784857863 129.2057411520 536.1528429821
0.1798051282 -2.1376171259 -0.2101951836 235.4377488561 415.7372386780
0.1105084575 -1.8324156555 -0.0292469899 263.0595517285 305.3759294331
0.2272400275 -2.1411056604 0.1748769749 206.5910368222 191.8616723605
0.4405851561 -2.0683433711 0.4238748486 62.5282011234 26.8337372556
0.3990427333 -1.9565363562 -0.4157579215 74.5210752642 558.6285294102
0.3632319295 -1.8211024113 0.3728792086 78.7863858819 20.7502851013

gimbalangles:
1.7257832970

end: