T_CW:
-0.4613394914 -0.8872236886 -0.0000000000 -0.0300000000
0.0000000000 -0.0000000000 -1.0000000000 -0.0900000000
0.8872236886 -0.4613394914 0.0000000000 -0.0000000000
0.0000000000 0.0000000000 0.0000000000 1.0000000000

T_CW_cov:
0.0000008941 -0.0000000544 0.0000002175 0.0000001571 0.0000020231 -0.0000001455
-0.0000000544 0.0000010670 -0.0000000652 -0.0000026291 -0.0000000825 0.0000006494
0.0000002175 -0.0000000652 0.0000001550 0.0000001827 0.0000004803 -0.0000000688
0.0000001571 -0.0000026291 0.0000001827 0.0000065455 0.0000002540 -0.0000016024
0.0000020231 -0.0000000825 0.0000004803 0.0000002540 0.0000046431 -0.0000002890
-0.0000001455 0.0000006494 -0.0000000688 -0.0000016024 -0.0000002890 0.0000008761

target_points_pix:
1.4392129643 -1.8700391144 -0.5937131543 1205.1615100493 620.2536844862
1.4393964913 -1.9257707133 0.4658256223 1226.1113074776 46.2306665850
1.4552108980 -2.1534895360 -0.3988016236 1295.2861523553 503.3777822130
1.4738540436 -2.1896147329 -0.4198177334 1298.1625781321 511.6661937781
1.6178416807 -2.1438940522 -0.1704101383 1220.9674249870 384.7004049985
1.4202388581 -1.9292284751 0.1519875394 1236.2520464661 214.5483515918
1.4540855342 -1.8634546581 0.3616523237 1196.8449785103 100.6312114001
1.5500197577 -1.8331921533 -0.5554902840 1142.9188421854 590.4128957464
1.5846467715 -1.9336166739 -0.6639477059 1164.0753352901 637.0348515399
1.9321190477 -2.1599753080 -0.0702477115 1109.0943801153 337.6688759222
1.6246449477 -1.8284173664 -0.1805362603 1111.0161480054 392.4296856583
1.8287333310 -2.1096127800 0.4298580792 1129.4175873549 112.1472795184
1.8189521181 -1.8687795054 0.3772446023 1053.4984436464 125.7310202046
1.9274821332 -1.8498540672 -0.8353092798 1010.2856662823 684.9215871254
2.0374027157 -2.1244149509 -0.3365820874 1064.1514932630 449.4666474501
2.1491235341 -1.9917465812 -0.1360297587 990.1583592837 365.3445616412
2.1669461480 -2.0348379959 0.1746042754 998.5861744706 238.2801087201
1.9176417327 -2.0436961438 0.4066997927 1077.9293003857 126.7211004657
2.0354595881 -2.0156551074 0.4343671524 1031.4396916486 122.3000128232
1.9957364715 -1.7797589391 -0.6344362442 965.2633910207 591.2331801595
1.9042748829 -1.9042753353 -0.4328866630 1036.3680147088 502.0412725571
1.8846077334 -1.9057062088 -0.2031318719 1043.4670475399 398.0320495720
2.0334372040 -1.7098496250 -0.1674277110 930.0030968749 381.2397793295
2.1236293352 -1.8015306133 0.1567353075 936.0002557814 240.2253081516
1.9732330312 -1.8708953160 0.5405975112 1003.6321362502 64.3697349947
2.0804284908 -1.4342990342 -0.5591014867 816.0733830758 564.5117998931
2.0202869862 -1.3816786268 -0.6436614308 811.2737279985 611.9344843803
2.1734113672 -1.5304661388 -0.3488565010 828.3396433472 461.0700751342
2.0360158626 -1.6413631920 -0.1266119045 904.9627683793 363.0723098602
2.1760079290 -1.5067753085 0.2146109058 819.1883127260 210.9650910746
2.1510524493 -1.3680571994 0.4953890559 773.2680473952 77.2329503528
1.9298402056 -1.3764245007 -0.3359090599 833.8045725674 468.6526499784
1.8800404546 -1.1561776933 -0.0820716904 753.4636203250 342.2704288907
1.9377411544 -1.1464049791 -0.1445223815 734.0117482338 374.7712753295
2.1125434404 -1.0593333462 0.0697296499 654.9132011376 267.6125587348
2.1461434616 -1.1768735850 0.4029253150 697.8203414236 111.2925396784
2.1950641026 -0.9901943079 -0.7739551749 608.4088197533 677.3657164148
2.0073783830 -0.8101855643 -0.6565373428 560.4387356814 652.2594042057
2.0630315312 -0.9873049000 -0.4166250607 633.3247986908 512.9440662106
1.8489564548 -0.8233021713 0.0499289788 599.6705759804 265.6832393334
2.0506481451 -0.8915399122 0.1756457601 591.1447985856 207.5470326129
2.1242193271 -0.8479907540 -0.5599553179 556.7491678209 586.7604541803
2.1462577662 -0.8847763794 -0.4525485406 569.8179724322 529.0162265804
2.1605735270 -0.8488577758 -0.3398468232 550.4460292590 472.5011061840
2.1765978586 -0.6839881453 -0.1951020741 468.3250513877 400.8738555894
2.0602891066 -0.7588317401 0.4321516523 524.6550696284 66.8274573849
2.0607231527 -0.3568691784 -0.6240690148 306.0293507561 657.1192727897
1.8608577264 -0.6154256622 -0.5318944843 483.8407575399 611.9746618470
1.9673362565 -0.4932213503 -0.4475193608 396.4228345785 556.9738335041
2.1067069339 -0.6795458537 -0.1661413448 476.7576072293 387.0339698657
1.9060279588 -0.5343612355 0.2312919742 428.9072936219 153.1535091786
2.0636815123 -0.3878123219 -0.4885321114 323.6039995857 576.5270594322
2.1849937664 -0.1076724463 -0.3596361117 145.8485929334 503.1642018979
2.0022793552 -0.3407600927 0.0091227653 300.8357633044 286.6006922304
1.8643482217 -0.2351548738 0.1403036800 244.2659684973 194.2280561699
1.9661306703 -0.1937462224 0.4290557110 209.8620069945 17.1428100699
1.8771705378 -0.1265291682 -0.6141926158 168.8771022426 697.8854279395
2.0676327225 0.0569281127 -0.3843215573 35.8475004932 533.9498688246
2.0149956616 -0.0249350183 -0.0543509498 92.3270782400 322.9003277846
1.9958726695 0.0686412089 -0.1886466928 24.4342453114 411.3545909086

gimbalangles:
0.5210974723

end: