T_CW:
-0.9637491977 -0.2668098274 -0.0000000000 -0.0300000000
0.0000000000 -0.0000000000 -1.0000000000 -0.0900000000
0.2668098274 -0.9637491977 0.0000000000 -0.0000000000
0.0000000000 0.0000000000 0.0000000000 1.0000000000

T_CW_cov:
0.0000015902 0.0000001126 -0.0000002496 -0.0000002699 0.0000034377 -0.0000002916
0.0000001126 0.0000007131 -0.0000000453 -0.0000016463 0.0000002203 -0.0000004599
-0.0000002496 -0.0000000453 0.0000001479 0.0000001207 -0.0000005188 0.0000000646
-0.0000002699 -0.0000016463 0.0000001207 0.0000038739 -0.0000005285 0.0000010254
0.0000034377 0.0000002203 -0.0000005188 -0.0000005285 0.0000075027 -0.0000006043
-0.0000002916 -0.0000004599 0.0000000646 0.0000010254 -0.0000006043 0.0000008423

target_points_pix:
-0.5097935959 -2.1148276580 -0.5873151168 1305.9524928114 650.0318767737
-0.4729021202 -2.0583920602 -0.5698937838 1289.5935108519 646.5100905670
-0.1300626629 -2.1529462385 -0.6921622961 1063.8980765966 689.9561728348
-0.1742632593 -2.0133338748 -0.0902612282 1096.8831062301 346.3560476043
-0.0635647412 -2.0690742069 -0.0068415662 1026.1259725027 297.1581372813
-0.0944812710 -2.1207718532 0.3757183913 1044.2526870388 76.6597052426
-0.0662106627 -1.9797613538 -0.6179389584 1028.3221552881 671.6059168411
-0.1169270298 -2.1924969758 -0.1057671843 1055.6577501438 355.0932009746
0.1530304316 -1.8975286955 -0.1486459519 888.7274230191 383.0271077990
0.1031985642 -2.0237017061 0.3770378668 925.5258154815 70.4510848275
0.3132888607 -1.9172675775 -0.3784857863 793.3275092935 520.6099364147
0.1798051282 -2.1376171259 -0.2101951836 886.6925474669 412.9542875218
0.1105084575 -1.8324156555 -0.0292469899 912.2908904951 306.8801945938
0.2272400275 -2.1411056604 0.1748769749 861.0485809287 200.7692475732
0.4405851561 -2.0683433711 0.4238748486 739.5670444243 62.1725495708
0.4815465084 -1.8793705061 -0.5230342546 690.8994084370 606.4601506464
0.3990427333 -1.9565363562 -0.4157579215 748.4287284857 537.0685422439
0.4486312133 -1.8539060129 -0.1883259814 705.8375025148 406.6329815810
0.3632319295 -1.8211024113 0.3728792086 752.3208090026 54.5623220754
0.5574486502 -2.0322558777 -0.7031584427 673.0645262860 685.0431679681
0.6760474197 -1.9397994560 -0.6523280362 594.9503061396 665.5719169453
0.7253359792 -2.1817755865 -0.2257816326 612.9261160455 415.3966345276
0.5521447994 -2.0609144530 0.1825896689 679.8306348695 197.3543197938
0.7303731863 -2.0822931857 0.3409704371 593.4765972235 118.0669298150
0.6476928819 -2.1574243192 0.5713258643 646.5804443440 3.6830024749
1.1317356309 -2.0884930166 -0.7438131423 408.2417214584 674.3593747368
1.1412416106 -1.8295073638 -0.6345165439 331.9536857507 651.8953239341
0.9861579955 -1.8556052624 -0.1516633468 415.2916695841 381.3438168224
0.9744884137 -2.0744573202 -0.0279052589 475.3527503948 314.3840768741
1.0497963986 -2.1500163623 0.1130776453 458.1583706265 245.7931122480
1.1645815082 -1.9323382726 0.3340032188 350.8221293964 119.0981030831
1.4392129643 -1.8700391144 -0.5937131543 207.5012086529 613.1310692590
1.0957124707 -1.9729375961 -0.3804741473 394.3774342557 500.3149484588
1.1414929988 -1.8889137699 0.0034042731 348.9346395744 295.1331337316
1.0945837433 -2.0389881176 0.3006338205 411.7602099364 144.7224906684
1.4393964913 -1.9257707133 0.4658256223 225.5525441397 57.6612404542
1.4552108980 -2.1534895360 -0.3988016236 288.3098756750 491.8060282086
1.4738540436 -2.1896147329 -0.4198177334 290.8418550198 499.2430530799
1.6178416807 -2.1438940522 -0.1704101383 221.0370912599 383.4958435310
1.4202388581 -1.9292284751 0.1519875394 234.7947307975 220.4526484353
1.4540855342 -1.8634546581 0.3616523237 197.7206591667 105.7517584901
1.5500197577 -1.8331921533 -0.5554902840 145.7039278060 593.2269133425
1.5846467715 -1.9336166739 -0.6639477059 167.5474007536 636.7112599120
1.9321190477 -2.1599753080 -0.0702477115 108.5882612843 337.0845005347
1.6246449477 -1.8284173664 -0.1805362603 110.9852259438 393.7114524697
1.8287333310 -2.1096127800 0.4298580792 129.9517538394 106.6075651144
1.8189521181 -1.8687795054 0.3772446023 46.6634053557 108.9682692677
2.0374027157 -2.1244149509 -0.3365820874 59.4293594160 455.9688521829
1.9176417327 -2.0436961438 0.4066997927 74.2665450373 113.7373157545
1.9042748829 -1.9042753353 -0.4328866630 27.7845453563 514.9152943165
1.8846077334 -1.9057062088 -0.2031318719 35.4445836954 401.7190951954

gimbalangles:
1.3365487364

end: