T_CW:
-0.0665096817 0.9977857797 0.0000000000 -0.0300000000
-0.0000000000 0.0000000000 -1.0000000000 -0.0900000000
-0.9977857797 -0.0665096817 0.0000000000 0.0000000000
0.0000000000 0.0000000000 0.0000000000 1.0000000000

T_CW_cov:
0.0000020204 -0.0000000642 -0.0000001467 0.0000001002 0.0000041356 -0.0000000983
-0.0000000642 0.0000010063 0.0000000164 -0.0000022095 -0.0000001121 -0.0000002879
-0.0000001467 0.0000000164 0.0000001229 -0.0000000257 -0.0000002882 0.0000000031
0.0000001002 -0.0000022095 -0.0000000257 0.0000049163 0.0000001635 0.0000006105
0.0000041356 -0.0000001121 -0.0000002882 0.0000001635 0.0000085270 -0.0000002132
-0.0000000983 -0.0000002879 0.0000000031 0.0000006105 -0.0000002132 0.0000005466

target_points_pix:
-2.0382461791 -1.3326640660 -0.1757110182 29.8916978539 392.4740905525
-2.1560010034 -1.2844100836 -0.7490828701 92.7552800680 686.3959187123
-1.8791834842 -1.2260730902 -0.3393922451 30.4042854479 493.1515424558
-2.0440471078 -1.0966304069 -0.2533872139 152.6018568106 435.6936206369
-1.9713422318 -1.2553782583 -0.1780519513 46.9514661561 395.4907036097
-2.1413915681 -1.1443759247 0.1206337022 155.2185641567 235.4795794056
-1.9976942520 -1.1816657871 0.4636784555 94.4627401113 35.9398858587
-2.0420969507 -0.8909787896 -0.6562326980 260.3252445306 659.2489055557
-2.1349248961 -1.0739685817 -0.3356921987 188.8664032361 475.5215146778
-2.0329931114 -1.0364522726 -0.2506829583 180.7699502867 434.9330151753
-1.9964769104 -0.9789673083 -0.0633441457 200.9563716807 331.0260349855
-2.0871240887 -1.0260110717 0.1519259638 200.2814067048 215.3810125810
-1.8855696832 -0.5597975338 -0.3500282611 410.0032150482 503.9776820765
-2.0366653240 -0.5797354377 -0.1590398876 424.6067830584 385.1761123884
-1.9221818306 -0.9124272166 0.0901865197 216.9714460097 240.2747563159
-2.0876470204 -0.8959227815 0.3128667921 267.2881459545 127.4761164711
-2.1952372272 -0.7046575153 0.5517900690 385.9673979335 12.1764070497
-1.8230665739 -0.3324337885 -0.5518839596 536.9632508168 638.2144394978
-1.8149502794 -0.3269151280 -0.6100474934 539.4813571019 676.3589924530
-2.0899565708 -0.6540210319 -0.0673717668 393.8128815007 333.9606865958
-1.8622674728 -0.4048797174 -0.1332856099 497.6764106934 373.1690094890
-1.8483290310 -0.4352708366 0.3157310814 477.4526992521 93.8887390718
-1.9499979981 -0.3936762340 0.4339978451 516.0190522441 36.5141783008
-1.9908447012 -0.3801654029 -0.5518766256 528.8292409561 613.5087910735
-1.9508663012 -0.4204201028 -0.3158605866 500.7645812277 479.5917943281
-1.9282228052 -0.3422863927 -0.1986349192 542.9986068972 411.4612027813
-1.8307278366 -0.3649187074 -0.1020312630 517.5573287696 354.0060477768
-2.1653125976 -0.3185303887 0.2228715646 579.1594028506 179.1722563852
-1.9953435832 -0.1856712384 0.4673006755 639.2998019020 21.7470077503
-2.1850709518 0.1766330917 -0.3112378666 841.0199137616 465.4548394582
-2.1302348748 0.1741631005 -0.1246265184 841.7145544400 365.5589638261
-2.0390392157 0.0266576880 0.1803748992 761.2516540965 191.1583676772
-2.1040212686 -0.1858632528 0.2189118048 645.3582049586 175.7589612017
-2.1494438675 -0.1759117361 0.4480410634 653.2535402858 55.2120157927
-2.0454334636 0.3772148178 -0.5915859606 961.6441434898 636.2988579089
-2.1816244200 0.2296391180 -0.0710292623 869.6194214365 336.1771826664
-1.9675215332 0.3735704689 0.1902147838 967.8181686808 177.4324005593
-2.0887152358 0.0614816292 0.3387705058 780.7005358932 105.6916650580
-2.0066460326 0.6115724411 -0.6800587517 1104.7351433364 696.4392579113
-2.0791652291 0.3295714681 -0.3363269805 931.3890883683 486.3822065670
-1.8402832734 0.4158654489 -0.1641496241 1009.2998085548 394.1680922042
-1.9344931987 0.4325288222 0.0665921622 1007.5351575132 250.0988957612
-1.9133212325 0.3814166405 0.4228418836 978.7351164544 28.1757022341
-1.9276225520 0.5546474071 -0.3245354469 1083.9369247693 491.2591415428
-1.8713581895 0.5522859957 -0.2850187113 1092.2963406916 470.5146239431
-1.8224931774 0.7448238787 0.1113938527 1229.6991097888 213.0321287150
-2.1551667523 0.8701160953 0.2237557347 1226.7152235275 170.8772699895
-1.8270632441 0.8325440399 0.3756327394 1287.2046172547 38.3846575176
-1.8367116007 0.8470277910 0.1536552899 1294.0312235594 185.7408420364

gimbalangles:
3.1307867303

end: