T_CW:
-0.5649852315 0.8251010170 0.0000000000 -0.0300000000
-0.0000000000 -0.0000000000 -1.0000000000 -0.0900000000
-0.8251010170 -0.5649852315 0.0000000000 -0.0000000000
0.0000000000 0.0000000000 0.0000000000 1.0000000000

T_CW_cov:
0.0000004678 -0.0000000918 -0.0000001021 0.0000002236 0.0000010720 0.0000000374
-0.0000000918 0.0000008461 0.0000000485 -0.0000020681 -0.0000002024 -0.0000003439
-0.0000001021 0.0000000485 0.0000001148 -0.0000001158 -0.0000002346 -0.0000000208
0.0000002236 -0.0000020681 -0.0000001158 0.0000051105 0.0000004930 0.0000008486
0.0000010720 -0.0000002024 -0.0000002346 0.0000004930 0.0000025104 0.0000000703
0.0000000374 -0.0000003439 -0.0000000208 0.0000008486 0.0000000703 0.0000005469

target_points_pix:
-2.1084470842 -2.1437595431 -0.8462827436 450.9325579257 644.2286485444
-2.1505036008 -1.8785447290 -0.6108959777 538.9376371554 560.2308932816
-2.1201637352 -2.1673998295 -0.5899136888 447.4998154140 541.9065687813
-2.1751026614 -2.0680547056 -0.2528774066 489.9974862393 410.4311904167
-1.8436795053 -2.0972325809 -0.0518107199 382.0836930542 329.8960833866
-1.9077635645 -2.1704114228 0.3559764829 382.4273354053 160.8427235087
-2.1512036865 -2.0910517822 0.6218258585 477.0500477283 65.6951408030
-2.0318098922 -1.9024736379 -0.8205725347 498.5804785504 655.1046065383
-1.8643409561 -1.7298116612 -0.6347722235 502.5685414129 598.3122173610
-2.0424396500 -1.6700568512 -0.4559551200 575.5908066437 508.5862911374
-2.0356266141 -1.6670313584 -0.2216670401 574.5749508110 404.9923799605
-2.0876913757 -1.8532165545 -0.1977258456 529.1418683351 391.7552678387
-2.1047669438 -1.7534926241 0.2912902951 565.3338851439 183.3888052997
-1.8466322311 -1.7286678988 0.3992838197 496.9562870715 118.2524063098
-2.1872221107 -1.7737223126 0.6733064363 581.1715382178 29.1447978049
-1.9987360977 -1.5831478012 -0.6409907786 593.2186132413 598.5939652716
-2.0382461791 -1.3326640660 -0.1757110182 696.7619373695 387.5406716281
-1.9735375390 -1.6542454496 0.0160468711 561.0082577732 298.2140054219
-1.9694449003 -1.5102548261 0.2682812325 610.7018515737 177.7901314363
-1.8981907482 -1.3803410260 0.4931111575 639.3428268839 56.3584928273
-2.1515454672 -1.3696679846 0.5936939434 711.6566597666 33.2781987845
-2.1560010034 -1.2844100836 -0.7490828701 745.4379363980 652.8799727598
-1.8791834842 -1.2260730902 -0.3393922451 696.7003296536 476.0807304113
-2.0440471078 -1.0966304069 -0.2533872139 796.0872075655 429.1135054084
-1.9713422318 -1.2553782583 -0.1780519513 709.9791180167 390.4490561754
-2.1413915681 -1.1443759247 0.1206337022 798.7207954986 244.5506806018
-1.9976942520 -1.1816657871 0.4636784555 748.0005476901 67.2561028113
-2.0420969507 -0.8909787896 -0.6562326980 890.6290351663 647.8569059491
-2.1349248961 -1.0739685817 -0.3356921987 827.2341353952 467.4581098174
-2.0329931114 -1.0364522726 -0.2506829583 820.2515687081 429.2919106840
-1.9964769104 -0.9789673083 -0.0633441457 838.1196971488 332.2997061902
-2.0871240887 -1.0260110717 0.1519259638 837.7119523364 223.6892996677
-1.8855696832 -0.5597975338 -0.3500282611 1038.8766009341 508.3050302397
-2.0366653240 -0.5797354377 -0.1590398876 1054.6745543654 386.3917939564
-1.9221818306 -0.9124272166 0.0901865197 852.4137329428 246.2982725560
-2.0876470204 -0.8959227815 0.3128667921 898.4128911450 135.2026423068
-2.1452367339 -0.9267502190 0.5820317656 896.1412532180 4.0358999859
-2.1952372272 -0.7046575153 0.5517900690 1014.4459134102 6.8394790029
-1.8230665739 -0.3324337885 -0.5518839596 1179.5429416043 663.9319602988
-2.0899565708 -0.6540210319 -0.0673717668 1022.4428586460 333.6692110639
-1.8622674728 -0.4048797174 -0.1332856099 1135.2007916306 374.7645572479
-1.8483290310 -0.4352708366 0.3157310814 1112.6730826583 78.4751161828
-1.9499979981 -0.3936762340 0.4339978451 1156.3473809113 11.8475089130
-1.9908447012 -0.3801654029 -0.5518766256 1170.0280271282 635.7432716834
-1.9508663012 -0.4204201028 -0.3158605866 1138.3203713318 488.7720139549
-1.9282228052 -0.3422863927 -0.1986349192 1187.6883899186 417.0992348358
-1.8307278366 -0.3649187074 -0.1020312630 1158.1021078481 354.2854487545
-2.1653125976 -0.3185303887 0.2228715646 1231.4607571443 160.1806447125
-2.1040212686 -0.1858632528 0.2189118048 1315.1790444635 149.9817783862
-2.1494438675 -0.1759117361 0.4480410634 1325.1783364389 10.6115405838
-1.7169756673 -2.0306084985 -0.3442061790 358.0990335899 461.5832233138
-1.6501252226 -2.1518835387 -0.1868133351 298.7494941669 389.8920861380
-1.9076947486 -2.0906629332 0.0539072926 404.6943054054 285.5250617110
-1.7608405348 -1.9343170826 0.0562900857 402.2419887865 279.4274618353
-1.9063764253 -1.8660205765 0.3738369208 471.3903856878 140.6016070499
-1.8966016870 -2.0532493118 0.5599591477 412.0331073761 68.4384649047
-1.5796895824 -2.1471275155 -0.5889229412 273.8087576721 576.2846394726
-1.6623309028 -2.0764444490 -0.4483026474 325.0225837120 509.8617587048
-1.6185755682 -2.0335792471 -0.1038771344 320.8297114437 352.7479138912
-1.3119388669 -2.0378495674 0.0669159930 190.1795780175 264.4654326673
-1.4426495618 -1.8136163176 0.1905162106 318.7306580597 198.8682710700
-1.5361605155 -2.1257179523 0.3896727763 261.9923363519 120.1635679059
-1.6094412696 -1.8973613024 0.6184070836 359.1767136098 2.5719022586
-1.4013295484 -1.8286690344 -0.4892912054 296.4659234097 557.9748597917
-1.2231305079 -1.8176706409 -0.3259783931 215.9980708893 480.6029891106
-1.0540651075 -1.9318002681 0.1505068516 88.4976494472 203.6440592116
-1.3064759274 -1.9948704185 0.0836250030 200.3834546236 254.5989011932
-1.0817565838 -1.8792648318 0.4912548355 120.9420015179 0.8384703631
-1.0352279963 -1.9014060949 -0.2873643345 87.3779059541 464.3948063873
-0.9396370708 -1.8606308446 0.3999390077 41.8855440067 35.0231903748

gimbalangles:
2.3998549715

end: