T_CW:
0.1806221254 -0.9835525648 0.0000000000 -0.0300000000
0.0000000000 -0.0000000000 -1.0000000000 -0.0900000000
0.9835525648 0.1806221254 0.0000000000 0.0000000000
0.0000000000 0.0000000000 0.0000000000 1.0000000000

T_CW_cov:
0.0000019687 0.0000000724 -0.0000002742 -0.0000001794 0.0000041443 -0.0000002996
0.0000000724 0.0000007181 -0.0000000270 -0.0000016241 0.0000001389 -0.0000002965
-0.0000002742 -0.0000000270 0.0000001440 0.0000000772 -0.0000005716 0.0000000495
-0.0000001794 -0.0000016241 0.0000000772 0.0000037396 -0.0000003467 0.0000006660
0.0000041443 0.0000001389 -0.0000005716 -0.0000003467 0.0000087872 -0.0000006164
-0.0000002996 -0.0000002965 0.0000000495 0.0000006660 -0.0000006164 0.0000006217

target_points_pix:
2.1765978586 -0.6839881453 -0.1951020741 1277.4226003469 406.6597894321
2.0607231527 -0.3568691784 -0.6240690148 1092.6444651235 663.2155770259
1.8608577264 -0.6154256622 -0.5318944843 1295.6924175140 644.9846900474
1.9673362565 -0.4932213503 -0.4475193608 1191.4819277536 571.7867951499
2.1067069339 -0.6795458537 -0.1661413448 1287.9937655827 391.4277614145
1.9060279588 -0.5343612355 0.2312919742 1230.4704857551 134.9601376515
2.0636815123 -0.3878123219 -0.4885321114 1111.5334679529 583.2401593705
2.1849937664 -0.1076724463 -0.3596361117 940.6004060101 494.0782740714
2.0022793552 -0.3407600927 0.0091227653 1088.9396346291 285.5197658680
1.8643482217 -0.2351548738 0.1403036800 1032.3964430785 196.0507046113
1.9661306703 -0.1937462224 0.4290557110 999.3947987476 26.8561731047
1.8771705378 -0.1265291682 -0.6141926158 959.8002950189 681.1841395567
2.0676327225 0.0569281127 -0.3843215573 848.1382320620 514.3642205486
2.0149956616 -0.0249350183 -0.0543509498 895.0144812046 325.3559461408
1.9958726695 0.0686412089 -0.1886466928 839.5018943013 404.7148102675
1.9211683822 0.1359918091 0.3523883176 796.7152860637 76.4841394540
2.1786073514 0.1163252008 0.3660038469 819.0045732193 100.2616021583
1.8114395741 0.4329723722 -0.5928847570 607.3289056410 661.0375623915
2.1709836927 0.2997486605 -0.5802434997 721.8467458824 607.2775531627
2.0977893427 0.1919665322 -0.4032312221 774.1389974624 520.5246417178
2.0411823258 0.4248620549 -0.1403165224 642.7387019546 374.6267463750
1.9438511651 0.1053696058 0.3538797141 816.1598555453 77.9013437261
2.0492906402 0.1592700833 0.4628330884 789.8991522627 30.5729541196
1.8991071867 0.6234767567 -0.5807390885 512.9546391109 634.5723567967
2.1354501132 0.6857830925 -0.5689497110 522.2895900086 596.9449129252
2.1728366635 0.3511639663 -0.4284264483 695.3703724634 525.6985965438
2.1946764291 0.4631732279 0.0532115749 640.7103218803 271.9653906181
2.0632829037 0.5445962566 0.1285032323 582.2600252018 226.6817569116
1.8979720761 0.3684671733 0.3103802266 657.0471603108 104.7355613362
1.8819986643 0.6403023216 -0.5539885803 500.2841381024 620.7739474639
1.8710597108 0.8099321409 -0.1270716099 404.5324961161 368.0661182209
1.8732712174 0.7386851116 0.1801451262 443.7232386258 187.0637189738
2.1830827873 0.8306619622 0.2050011929 460.3993825617 196.7356903349
1.9089759812 0.8085310986 -0.5822388722 414.9251271866 628.9816905313
1.9554318540 0.8479488833 -0.1032449947 404.4894033686 353.7700725416
2.0820885222 0.9153317630 -0.0671913434 399.4369067902 334.3423166127
1.9718199071 1.1608418026 0.1337088444 252.3374150152 225.1249830273
2.0375524064 1.0028006463 0.4849500921 346.8325804724 39.9291277148
1.9304306795 1.2228028837 -0.5695244456 210.7151364495 608.3389659249
1.9332082462 1.2240534518 -0.3091263431 210.3633485668 465.9109291564
1.8825418409 1.0879971004 0.1379624357 261.8812282644 216.7384213857
2.0723865450 1.0737661855 0.0934347427 321.3229829394 250.6341718498
1.8786372721 1.3992617700 0.3556715000 107.1754837462 99.7383001448
1.9959423886 1.4846583959 -0.4470288691 109.6083854321 531.2038726118
2.1265666331 1.5613718496 -0.0476425790 118.5041791745 325.2254394655
2.1621050722 1.6206868910 0.2900958392 104.8849637938 163.6294274023
2.0529398181 1.6940371335 0.3906949376 37.4349839671 106.2464508382
2.0264346805 1.6281954796 -0.7751321253 58.1325724373 691.6677839822
2.1430706410 1.8094588362 -0.6250814690 22.6080454120 599.5733995712
2.1503249450 1.7195661166 0.1719919587 60.2351989366 220.6156908823

gimbalangles:
-0.1185888763

end: