T_CW:
0.9995119320 -0.0312393642 -0.0000000000 -0.0300000000
0.0000000000 0.0000000000 -1.0000000000 -0.0900000000
0.0312393642 0.9995119320 0.0000000000 0.0000000000
0.0000000000 0.0000000000 0.0000000000 1.0000000000

T_CW_cov:
0.0000034277 0.0000002206 0.0000000729 -0.0000004356 0.0000071576 -0.0000005512
0.0000002206 0.0000014084 -0.0000000205 -0.0000031211 0.0000004435 -0.0000000648
0.0000000729 -0.0000000205 0.0000001457 0.0000000664 0.0000001561 -0.0000000108
-0.0000004356 -0.0000031211 0.0000000664 0.0000069939 -0.0000008713 0.0000001197
0.0000071576 0.0000004435 0.0000001561 -0.0000008713 0.0000150180 -0.0000011374
-0.0000005512 -0.0000000648 -0.0000000108 0.0000001197 -0.0000011374 0.0000007016

target_points_pix:
-0.9983895204 2.0661635568 -0.7131763571 76.2780431931 699.7014765368
-0.9593756649 2.0777024999 -0.1501370496 99.3744115639 379.9423689910
-0.8521590024 1.9558607454 0.3663922634 128.6551448461 71.2443779072
-0.8567020351 2.0724969975 -0.4066799077 156.0143624786 525.5061089319
-0.7284212964 2.1001550914 -0.2330155620 233.0856383011 426.1145872296
-0.6547912955 2.0870834084 0.0211341981 271.1951849339 283.6263340268
-0.8817151466 2.0931652498 0.1051209762 146.3618518037 236.2718707740
-0.6486645931 2.0381515495 -0.4048343834 266.0676107282 527.4001539656
-0.3777328962 2.0709319294 -0.2918463810 423.5441964358 460.4768503723
-0.6412038263 2.0387083890 -0.1132956810 269.9809084440 359.6025759283
-0.3102710352 1.9260298101 0.1150357669 446.7489518766 221.6550336517
-0.6231705820 2.1520952738 0.5384759296 300.0743354667 3.1402269167
-0.3761262826 1.9359798530 -0.5684987763 409.1320956912 635.3845207066
-0.1470818764 2.0278346330 -0.3590369503 550.1140769335 501.3665177162
-0.1320941456 1.8887090879 -0.2943923727 551.8088409208 472.8289284701
-0.3254142569 2.0063571584 0.0721937411 446.1914483467 251.6735301480
-0.2945068937 2.1581701266 0.2369112271 477.1905717790 168.9935992754
-0.3564413644 1.8880841855 0.3603360344 414.4920354983 66.6561403469
0.1684447460 2.0863360526 -0.6863863826 726.8339579011 678.5314596560
-0.1733428557 2.0220748053 -0.3567373217 534.8577643126 500.5195475073
0.1853169703 1.9556145586 -0.2926013520 741.5889382179 466.9808420020
0.1459432429 2.0821321832 0.0768023636 714.4166711146 253.1340155565
-0.1806544141 2.1115250387 0.4424313824 535.7822210016 51.3891017800
0.0606416587 1.9370533156 -0.6051155074 668.9306210243 655.8377394887
0.1622540602 1.9938421750 -0.2072898762 726.5881847187 414.9487635090
0.1326497219 2.1934063378 0.1317613825 704.2420368540 228.6348370245
0.3584381887 2.0127258478 0.3252687757 837.5052686647 106.6229788812
0.0874333717 2.0552167764 0.3189859915 682.7094350735 114.3542459200
0.4966650149 2.0206560720 -0.6076416902 914.3000301144 642.7357842051
0.4776390888 2.1635637503 -0.5185001840 887.0130923560 575.8215142512
0.6165630709 1.8861184111 -0.3081537565 1005.0356366559 479.9643300438
0.5187396521 1.9175698469 -0.0342267122 941.6300698022 312.6719609712
0.4658259500 2.1446281117 0.1786821967 883.0311956635 200.9826400951
0.6471853462 2.0880566141 -0.6773740498 987.4547861910 671.0215381959
0.6892817683 2.0844330099 -0.6493308926 1010.8522545236 655.8817546784
0.6149241260 2.1417820874 -0.0629871951 962.3017939071 331.7473151739
0.8744611877 1.9175934359 -0.1030143606 1150.8724535957 353.9309804296
0.5774336625 2.1372701750 0.2631028182 943.2386395016 154.8505924545
0.9700709065 2.0495125061 -0.3789924060 1171.0974762967 508.2120948884
1.1070298076 2.0352606546 -0.4010910561 1249.6684632187 521.2190441880
0.9446028517 1.9229887471 0.1001881458 1190.4951703224 232.2322753961
0.8794509136 1.9301087444 0.2419634107 1150.8259743678 147.9036855686
1.2937655825 2.1835571116 -0.3637297557 1304.7617288322 489.3466003235

gimbalangles:
-1.4633010717

end: