T_CW:
-0.9989151946 0.0465664461 0.0000000000 -0.0300000000
-0.0000000000 -0.0000000000 -1.0000000000 -0.0900000000
-0.0465664461 -0.9989151946 0.0000000000 -0.0000000000
0.0000000000 0.0000000000 0.0000000000 1.0000000000

T_CW_cov:
0.0000030519 0.0000000773 0.0000000741 -0.0000001941 0.0000063149 -0.0000002250
0.0000000773 0.0000014008 -0.0000000048 -0.0000030982 0.0000001747 0.0000001450
0.0000000741 -0.0000000048 0.0000001448 0.0000000245 0.0000001490 -0.0000000065
-0.0000001941 -0.0000030982 0.0000000245 0.0000069313 -0.0000004348 -0.0000003190
0.0000063149 0.0000001747 0.0000001490 -0.0000004348 0.0000131415 -0.0000004616
-0.0000002250 0.0000001450 -0.0000000065 -0.0000003190 -0.0000004616 0.0000006253

target_points_pix:
-1.3119388669 -2.0378495674 0.0669159930 1337.2876379059 258.4535855274
-1.0540651075 -1.9318002681 0.1505068516 1229.4657906374 204.0483353970
-0.8996479791 -2.0374637846 -0.5070061223 1114.9783412807 580.2022929442
-1.0352279963 -1.9014060949 -0.2873643345 1227.4400935921 464.1801816977
-0.8524976807 -2.0244151995 0.1476430308 1092.7305345813 211.5502276279
-0.9396370708 -1.8606308446 0.3999390077 1184.2359566800 45.2170771861
-0.9669781436 -2.0218379039 0.4458862138 1156.1906940515 42.8784302270
-0.9005062453 -1.9343387993 -0.4449024492 1140.6752184928 555.7298266646
-0.9123079585 -2.1284580629 -0.2558047657 1101.6036384608 435.4190133138
-0.6883316207 -1.8469608032 -0.1589367572 1036.9511105500 389.1500113453
-0.8632153327 -2.1951362328 0.0753490344 1062.9579409222 259.7385519774
-0.5097935959 -2.1148276580 -0.5873151168 891.3829713187 617.6944619788
-0.4729021202 -2.0583920602 -0.5698937838 878.1717066148 615.5145538037
-0.5877027471 -2.1220845631 -0.1952625424 931.9744979792 403.6024356235
-0.6397658702 -1.9962388135 0.1742825485 980.1090159006 193.7627031735
-0.6116385735 -1.9244833139 0.2116265258 976.5105332062 165.6807269068
-0.1300626629 -2.1529462385 -0.6921622961 686.4767420308 671.4318032357
-0.1742632593 -2.0133338748 -0.0902612282 715.0193930976 346.6303443877
-0.0635647412 -2.0690742069 -0.0068415662 651.4909184787 299.6096748698
-0.0944812710 -2.1207718532 0.3757183913 667.9333058768 90.3736838974
-0.0662106627 -1.9797613538 -0.6179389584 654.1729214125 656.6743206005
-0.1169270298 -2.1924969758 -0.1057671843 678.3709367957 354.8572832879
0.1530304316 -1.8975286955 -0.1486459519 521.5971482559 382.6177656438
0.1031985642 -2.0237017061 0.3770378668 557.1324887703 76.2876363522
0.3132888607 -1.9172675775 -0.3784857863 426.0055030021 522.9040071569
0.1798051282 -2.1376171259 -0.2101951836 519.6550131761 412.2608671884
0.1105084575 -1.8324156555 -0.0292469899 544.4399904704 307.6470245673
0.2272400275 -2.1411056604 0.1748769749 494.1101313608 201.3317846591
0.4405851561 -2.0683433711 0.4238748486 369.3488791335 53.7387289727
0.4815465084 -1.8793705061 -0.5230342546 317.8001897038 617.2337316158
0.3990427333 -1.9565363562 -0.4157579215 379.2225698284 541.9189572641
0.4486312133 -1.8539060129 -0.1883259814 333.5326346985 408.7143183456
0.3632319295 -1.8211024113 0.3728792086 382.9067725945 47.1552770631
0.5574486502 -2.0322558777 -0.7031584427 298.5117142516 700.9524577157
0.6760474197 -1.9397994560 -0.6523280362 210.8462831289 687.7323066219
0.7253359792 -2.1817755865 -0.2257816326 230.4264060151 419.6135806183
0.5521447994 -2.0609144530 0.1825896689 304.9380254555 190.2134792704
0.7303731863 -2.0822931857 0.3409704371 208.0691434729 101.2851575306
0.9744884137 -2.0744573202 -0.0279052589 67.9032682157 310.3158315210
1.0497963986 -2.1500163623 0.1130776453 46.6246541155 233.6645014993

gimbalangles:
1.7331386076

end: