T_CW:
-0.1763909266 -0.9843201923 0.0000000000 -0.0300000000
-0.0000000000 0.0000000000 -1.0000000000 -0.0900000000
0.9843201923 -0.1763909266 -0.0000000000 -0.0000000000
0.0000000000 0.0000000000 0.0000000000 1.0000000000

T_CW_cov:
0.0000021247 -0.0000001045 0.0000003442 0.0000002831 0.0000045100 -0.0000004305
-0.0000001045 0.0000007569 -0.0000000421 -0.0000017414 -0.0000002058 0.0000002674
0.0000003442 -0.0000000421 0.0000001581 0.0000001211 0.0000007273 -0.0000000794
0.0000002831 -0.0000017414 0.0000001211 0.0000040732 0.0000005634 -0.0000006324
0.0000045100 -0.0000002058 0.0000007273 0.0000005634 0.0000096354 -0.0000008923
-0.0000004305 0.0000002674 -0.0000000794 -0.0000006324 -0.0000008923 0.0000006106

target_points_pix:
2.0334372040 -1.7098496250 -0.1674277110 1333.0738241142 384.9696781504
2.1236293352 -1.8015306133 0.1567353075 1340.6561402135 226.2159347968
2.0804284908 -1.4342990342 -0.5591014867 1193.7724652484 583.6434862242
2.0202869862 -1.3816786268 -0.6436614308 1187.9702986664 634.9406483187
2.1734113672 -1.5304661388 -0.3488565010 1208.5644625037 471.3361416915
2.0360158626 -1.6413631920 -0.1266119045 1301.8828769871 364.4576290783
2.1760079290 -1.5067753085 0.2146109058 1198.0093836661 198.2697379039
2.1510524493 -1.3680571994 0.4953890559 1144.2529114082 56.1527150495
1.9298402056 -1.3764245007 -0.3359090599 1215.2186291136 479.8757070088
1.8800404546 -1.1561776933 -0.0820716904 1121.5818286990 341.6535694169
1.9377411544 -1.1464049791 -0.1445223815 1099.3572885963 376.3658097840
2.1125434404 -1.0593333462 0.0697296499 1011.6497173561 263.9688206707
2.1461434616 -1.1768735850 0.4029253150 1058.8185174860 97.9680523356
2.1950641026 -0.9901943079 -0.7739551749 960.9191338950 687.4519472036
2.0073783830 -0.8101855643 -0.6565373428 910.7837635077 657.8815425484
2.0630315312 -0.9873049000 -0.4166250607 987.9758014189 519.1258380322
1.8489564548 -0.8233021713 0.0499289788 952.5261456235 263.1885758878
2.0506481451 -0.8915399122 0.1756457601 943.5386970661 203.7265962941
2.1242193271 -0.8479907540 -0.5599553179 907.1336327696 590.8996388854
2.1462577662 -0.8847763794 -0.4525485406 920.8058315896 532.7587573659
2.1605735270 -0.8488577758 -0.3398468232 900.8719017387 474.4488421067
2.1765978586 -0.6839881453 -0.1951020741 818.1642663248 400.6435081508
2.0602891066 -0.7588317401 0.4321516523 874.8144496944 64.2054010843
2.0607231527 -0.3568691784 -0.6240690148 663.4511214168 643.7248554690
1.8608577264 -0.6154256622 -0.5318944843 833.1261194244 611.8240024683
1.9673362565 -0.4932213503 -0.4475193608 748.0570815358 552.3804012769
2.1067069339 -0.6795458537 -0.1661413448 826.5266615788 386.9566687649
1.9060279588 -0.5343612355 0.2312919742 779.7555975248 156.0308225928
2.0636815123 -0.3878123219 -0.4885321114 679.7895953922 567.5707356653
2.1849937664 -0.1076724463 -0.3596361117 522.8961487372 491.1252744364
2.0022793552 -0.3407600927 0.0091227653 659.3594643455 289.5405074666
1.8643482217 -0.2351548738 0.1403036800 608.4494215192 203.2910956219
1.9661306703 -0.1937462224 0.4290557110 578.1015545360 38.9509108254
1.8771705378 -0.1265291682 -0.6141926158 541.7397779011 672.3613381548
2.0676327225 0.0569281127 -0.3843215573 431.5193442874 515.4194137346
2.0149956616 -0.0249350183 -0.0543509498 478.1492217209 325.5135286917
1.9958726695 0.0686412089 -0.1886466928 422.5066033056 405.1691886755
1.9211683822 0.1359918091 0.3523883176 378.0265496119 70.3399545040
2.1786073514 0.1163252008 0.3660038469 401.1585968349 96.2189765868
1.8114395741 0.4329723722 -0.5928847570 168.9509432331 687.0291692410
2.1709836927 0.2997486605 -0.5802434997 298.4543809999 619.2035510869
2.0977893427 0.1919665322 -0.4032312221 354.6520189904 525.5306744156
2.0411823258 0.4248620549 -0.1403165224 208.9647720501 376.2965509856
1.9438511651 0.1053696058 0.3538797141 398.2683990967 73.4253339111
2.0492906402 0.1592700833 0.4628330884 370.8654716450 22.6137266448
1.8991071867 0.6234767567 -0.5807390885 54.5290890476 667.9319583681
2.1354501132 0.6857830925 -0.5689497110 65.6216794607 625.2630565431
2.1728366635 0.3511639663 -0.4284264483 268.9073876192 535.3572140787
2.1946764291 0.4631732279 0.0532115749 206.3870629381 266.0371615456
2.0632829037 0.5445962566 0.1285032323 137.7868354995 214.8840083972
1.8979720761 0.3684671733 0.3103802266 225.3359678224 87.9989146068
1.8819986643 0.6403023216 -0.5539885803 38.6192191352 653.7493384298

gimbalangles:
0.2503465069

end: