T_CW:
-0.9936607228 0.1124204958 0.0000000000 -0.0300000000
-0.0000000000 0.0000000000 -1.0000000000 -0.0900000000
-0.1124204958 -0.9936607228 -0.0000000000 -0.0000000000
0.0000000000 0.0000000000 0.0000000000 1.0000000000

T_CW_cov:
0.0000023463 0.0000000481 0.0000001941 -0.0000001198 0.0000048670 -0.0000001291
0.0000000481 0.0000012185 0.0000000046 -0.0000027203 0.0000001130 0.0000003541
0.0000001941 0.0000000046 0.0000001443 -0.0000000009 0.0000003929 -0.0000000108
-0.0000001198 -0.0000027203 -0.0000000009 0.0000061485 -0.0000002790 -0.0000007824
0.0000048670 0.0000001130 0.0000003929 -0.0000002790 0.0000101684 -0.0000002670
-0.0000001291 0.0000003541 -0.0000000108 -0.0000007824 -0.0000002670 0.0000006482

target_points_pix:
-1.5796895824 -2.1471275155 -0.5889229412 1332.0495573479 597.0437441615
-1.3119388669 -2.0378495674 0.0669159930 1240.1251389670 261.6307540444
-1.5361605155 -2.1257179523 0.3896727763 1320.0201084701 100.8086062316
-1.2231305079 -1.8176706409 -0.3259783931 1267.1401507614 487.4513543701
-1.0540651075 -1.9318002681 0.1505068516 1138.7088900348 208.2774431580
-1.3064759274 -1.9948704185 0.0836250030 1251.0621153344 250.7347889017
-1.0817565838 -1.8792648318 0.4912548355 1169.3399034713 4.7069064888
-0.8996479791 -2.0374637846 -0.5070061223 1030.0083892457 575.0080141280
-1.0352279963 -1.9014060949 -0.2873643345 1136.8416774838 460.9495125596
-0.8524976807 -2.0244151995 0.1476430308 1008.5786429611 214.5567560906
-0.9396370708 -1.8606308446 0.3999390077 1095.8889289696 53.2766057791
-0.9669781436 -2.0218379039 0.4458862138 1069.2503489567 50.5261074368
-0.9005062453 -1.9343387993 -0.4449024492 1054.5153255365 550.8032949175
-0.9123079585 -2.1284580629 -0.2558047657 1017.1421599185 433.5641890104
-0.6883316207 -1.8469608032 -0.1589367572 954.9579989333 388.4349330704
-0.8632153327 -2.1951362328 0.0753490344 980.0231666194 261.5552026949
-0.5097935959 -2.1148276580 -0.5873151168 813.6344537822 614.8616978481
-0.4729021202 -2.0583920602 -0.5698937838 800.6785154421 612.8896867103
-0.5877027471 -2.1220845631 -0.1952625424 853.2131290588 402.9212322128
-0.6397658702 -1.9962388135 0.1742825485 899.9773339750 196.2015598934
-0.6116385735 -1.9244833139 0.2116265258 896.4763678917 168.5248350376
-0.1300626629 -2.1529462385 -0.6921622961 610.6571863587 671.6869212282
-0.1742632593 -2.0133338748 -0.0902612282 639.0783444803 346.6277976086
-0.0635647412 -2.0690742069 -0.0068415662 575.3848496647 299.4614386181
-0.0944812710 -2.1207718532 0.3757183913 591.8883082542 89.8846714159
-0.0662106627 -1.9797613538 -0.6179389584 578.2252301419 657.4489600715
-0.1169270298 -2.1924969758 -0.1057671843 602.3957793853 354.8561513656
0.1530304316 -1.8975286955 -0.1486459519 443.7955838893 382.9283031668
0.1031985642 -2.0237017061 0.3770378668 479.9462329418 74.0544677831
0.3132888607 -1.9172675775 -0.3784857863 345.7688346761 525.5687965025
0.1798051282 -2.1376171259 -0.2101951836 441.7980919040 412.8848568660
0.1105084575 -1.8324156555 -0.0292469899 467.0679133688 307.2601180306
0.2272400275 -2.1411056604 0.1748769749 415.6369288584 199.5603411388
0.4405851561 -2.0683433711 0.4238748486 287.0549691324 48.1146988669
0.4815465084 -1.8793705061 -0.5230342546 233.5865639374 622.9975959412
0.3990427333 -1.9565363562 -0.4157579215 297.3955579598 545.3941654119
0.4486312133 -1.8539060129 -0.1883259814 249.8597116941 409.9038929752
0.3632319295 -1.8211024113 0.3728792086 301.1630660391 41.6855684655
0.6760474197 -1.9397994560 -0.6523280362 121.4448494689 697.0574985791
0.7253359792 -2.1817755865 -0.2257816326 141.7615872756 421.4413537981
0.5521447994 -2.0609144530 0.1825896689 219.9402598330 186.5585224435
0.7303731863 -2.0822931857 0.3409704371 118.2126524897 94.2319937478

gimbalangles:
1.5853223204

end: