T_CW:
-0.7631954988 0.6461676490 -0.0000000000 -0.0300000000
0.0000000000 0.0000000000 -1.0000000000 -0.0900000000
-0.6461676490 -0.7631954988 -0.0000000000 -0.0000000000
0.0000000000 0.0000000000 0.0000000000 1.0000000000

T_CW_cov:
0.0000005228 0.0000000093 0.0000000444 -0.0000000217 0.0000012430 -0.0000000559
0.0000000093 0.0000011995 0.0000000072 -0.0000029873 0.0000000247 0.0000002684
0.0000000444 0.0000000072 0.0000001119 -0.0000000091 0.0000000985 -0.0000000033
-0.0000000217 -0.0000029873 -0.0000000091 0.0000075007 -0.0000000586 -0.0000006641
0.0000012430 0.0000000247 0.0000000985 -0.0000000586 0.0000030142 -0.0000001357
-0.0000000559 0.0000002684 -0.0000000033 -0.0000006641 -0.0000001357 0.0000005833

target_points_pix:
-2.1084470842 -2.1437595431 -0.8462827436 760.8512594369 640.2034842316
-2.1505036008 -1.8785447290 -0.6108959777 848.2690079612 561.5181491623
-2.1201637352 -2.1673998295 -0.5899136888 757.7350241523 539.1480267051
-2.1751026614 -2.0680547056 -0.2528774066 799.5731346988 410.1485698586
-1.8436795053 -2.0972325809 -0.0518107199 695.4017328451 330.5223000279
-1.9077635645 -2.1704114228 0.3559764829 695.8310251533 166.2804374835
-2.1512036865 -2.0910517822 0.6218258585 786.9951855920 67.9944886369
-2.0318098922 -1.9024736379 -0.8205725347 807.6246078815 654.1995466204
-1.8643409561 -1.7298116612 -0.6347722235 811.7106769292 597.8751119148
-2.0424396500 -1.6700568512 -0.4559551200 885.7396406597 510.9342272466
-2.0356266141 -1.6670313584 -0.2216670401 884.8520533722 405.8005604364
-2.0876913757 -1.8532165545 -0.1977258456 838.6509615704 391.9367870717
-2.1047669438 -1.7534926241 0.2912902951 875.5528795013 181.3441817126
-1.8466322311 -1.7286678988 0.3992838197 806.6476875454 118.9837917303
-2.1872221107 -1.7737223126 0.6733064363 891.8062046765 24.0664283582
-1.9987360977 -1.5831478012 -0.6409907786 903.7637388077 603.2996519966
-2.0382461791 -1.3326640660 -0.1757110182 1014.0820575648 389.1689267487
-1.9735375390 -1.6542454496 0.0160468711 871.0666350565 297.6271579587
-1.9694449003 -1.5102548261 0.2682812325 922.4903024410 173.7834597482
-1.8981907482 -1.3803410260 0.4931111575 952.6317116970 47.4900146415
-2.1515454672 -1.3696679846 0.5936939434 1030.4172410455 18.2379824852
-2.1560010034 -1.2844100836 -0.7490828701 1067.0091803221 669.6991824342
-1.8791834842 -1.2260730902 -0.3393922451 1013.9293246923 481.6422713885
-2.0440471078 -1.0966304069 -0.2533872139 1124.6195504726 434.5249605268
-1.9713422318 -1.2553782583 -0.1780519513 1028.5226251723 392.3397194785
-2.1413915681 -1.1443759247 0.1206337022 1127.7711882174 237.1387708500
-1.9976942520 -1.1816657871 0.4636784555 1070.6278170317 51.1515506601
-2.0420969507 -0.8909787896 -0.6562326980 1234.1083063796 675.5632795116
-2.1349248961 -1.0739685817 -0.3356921987 1160.2530808984 476.4312573897
-2.0329931114 -1.0364522726 -0.2506829583 1152.3228429097 435.2042173451
-1.9964769104 -0.9789673083 -0.0633441457 1173.1691598440 330.8020375087
-2.0871240887 -1.0260110717 0.1519259638 1172.7038539487 213.5170794317
-1.9221818306 -0.9124272166 0.0901865197 1189.9570375308 237.4886767352
-2.0876470204 -0.8959227815 0.3128667921 1244.2108967895 114.5135113138
-1.7809738419 -1.8342199357 -0.8692251670 751.4921269962 702.0230606488
-1.7169756673 -2.0306084985 -0.3442061790 672.7066162440 457.9162682856
-1.6501252226 -2.1518835387 -0.1868133351 618.0780974826 388.1429540704
-1.9076947486 -2.0906629332 0.0539072926 716.8811580449 287.0985970646
-1.7608405348 -1.9343170826 0.0562900857 714.5211987272 281.1681194105
-1.9063764253 -1.8660205765 0.3738369208 781.4203702307 142.4988430180
-1.8966016870 -2.0532493118 0.5599591477 723.9334764056 74.6828219595
-1.5796895824 -2.1471275155 -0.5889229412 595.1525813646 564.8904611823
-1.6623309028 -2.0764444490 -0.4483026474 641.9511795652 503.4895225982
-1.6185755682 -2.0335792471 -0.1038771344 638.2954600526 352.7062137267
-1.3119388669 -2.0378495674 0.0669159930 521.3716858746 270.3153371915
-1.4426495618 -1.8136163176 0.1905162106 636.3871360764 205.1644920658
-1.5361605155 -2.1257179523 0.3896727763 584.9524677582 132.4481628918
-1.6094412696 -1.8973613024 0.6184070836 673.8703868501 14.0587647635
-1.4358768580 -2.0111886180 -0.8261469596 577.9647302910 694.0256696111
-1.4013295484 -1.8286690344 -0.4892912054 615.6109823781 548.5492432594
-1.2231305079 -1.8176706409 -0.3259783931 543.6490550547 472.6534052417
-1.0540651075 -1.9318002681 0.1505068516 434.3604878045 216.3727600545
-1.3064759274 -1.9948704185 0.0836250030 530.2701292080 260.9129385031
-1.0817565838 -1.8792648318 0.4912548355 461.4941285489 28.7681916327
-1.2632768288 -2.1108735220 0.5969392310 483.4868850619 16.4441977747
-0.8996479791 -2.0374637846 -0.5070061223 333.2721493765 572.9848139817
-1.0352279963 -1.9014060949 -0.2873643345 433.1840651833 454.7045212483
-0.8524976807 -2.0244151995 0.1476430308 310.9000186590 214.3050089540
-0.9396370708 -1.8606308446 0.3999390077 395.3242138026 64.7852809030
-0.9669781436 -2.0218379039 0.4458862138 370.3055311552 58.4176837454
-0.9005062453 -1.9343387993 -0.4449024492 357.0462277213 546.6736625500
-0.9123079585 -2.1284580629 -0.2558047657 319.9299680439 433.3131823157
-0.6883316207 -1.8469608032 -0.1589367572 255.9474844031 389.3568229016
-0.8632153327 -2.1951362328 0.0753490344 281.7919502639 260.0854272444
-0.5097935959 -2.1148276580 -0.5873151168 96.7532577206 641.7875589573
-0.4729021202 -2.0583920602 -0.5698937838 80.9843087560 641.4738745986
-0.5877027471 -2.1220845631 -0.1952625424 142.7085991511 407.0345206653
-0.6397658702 -1.9962388135 0.1742825485 195.8057906612 187.5356020753
-0.6116385735 -1.9244833139 0.2116265258 191.9335327954 158.0501457917

gimbalangles:
2.3178251887

end: