T_CW:
-0.7063366999 -0.7078760247 -0.0000000000 -0.0300000000
-0.0000000000 -0.0000000000 -1.0000000000 -0.0900000000
0.7078760247 -0.7063366999 -0.0000000000 -0.0000000000
0.0000000000 0.0000000000 0.0000000000 1.0000000000

T_CW_cov:
0.0000005204 -0.0000000063 0.0000000311 0.0000000139 0.0000012278 -0.0000000583
-0.0000000063 0.0000012982 -0.0000000337 -0.0000032396 -0.0000000027 -0.0000000204
0.0000000311 -0.0000000337 0.0000001078 0.0000000975 0.0000000820 -0.0000000032
0.0000000139 -0.0000032396 0.0000000975 0.0000081496 0.0000000029 0.0000000259
0.0000012278 -0.0000000027 0.0000000820 0.0000000029 0.0000029583 -0.0000001299
-0.0000000583 -0.0000000204 -0.0000000032 0.0000000259 -0.0000001299 0.0000004801

target_points_pix:
0.6760474197 -1.9397994560 -0.6523280362 1224.5157895865 699.9253018675
0.7253359792 -2.1817755865 -0.2257816326 1247.8071525202 423.0408876000
0.5521447994 -2.0609144530 0.1825896689 1334.0857097998 173.5167846013
0.7303731863 -2.0822931857 0.3409704371 1224.2715982128 92.7788529433
1.1317356309 -2.0884930166 -0.7438131423 1014.2759274259 680.8415529925
1.1412416106 -1.8295073638 -0.6345165439 937.7394455223 648.4598451278
0.9861579955 -1.8556052624 -0.1516633468 1022.7786817318 382.1283807008
0.9744884137 -2.0744573202 -0.0279052589 1087.2476825440 312.5577450829
1.0497963986 -2.1500163623 0.1130776453 1068.5633079838 241.3408365133
1.1645815082 -1.9323382726 0.3340032188 957.5376522612 120.0394021035
1.4392129643 -1.8700391144 -0.5937131543 822.6482330194 597.3333315234
1.0957124707 -1.9729375961 -0.3804741473 1000.7711354096 502.5330066020
1.1414929988 -1.8889137699 0.0034042731 955.5386001031 295.4344671545
1.0945837433 -2.0389881176 0.3006338205 1019.3790876999 140.2133541356
1.4393964913 -1.9257707133 0.4658256223 839.6733869659 73.4959607945
1.4552108980 -2.1534895360 -0.3988016236 896.7424042646 487.6069926639
1.4738540436 -2.1896147329 -0.4198177334 899.1066411640 494.9540150527
1.6178416807 -2.1438940522 -0.1704101383 835.5321493180 381.7295436711
1.4202388581 -1.9292284751 0.1519875394 847.9933482250 227.0859717868
1.4540855342 -1.8634546581 0.3616523237 815.0527102833 121.5188610535
1.6515776837 -1.9582625309 0.6261781571 772.1244443022 18.7080615685
1.5500197577 -1.8331921533 -0.5554902840 769.5039149973 573.2343438468
1.5846467715 -1.9336166739 -0.6639477059 787.8898501252 615.2612332845
1.9321190477 -2.1599753080 -0.0702477115 739.7261622622 338.5098990807
1.6246449477 -1.8284173664 -0.1805362603 741.3444712835 389.7350215867
1.8287333310 -2.1096127800 0.4298580792 757.4013091282 128.4469794431
1.8189521181 -1.8687795054 0.3772446023 690.0492911892 137.2900331663
1.7038480056 -1.8301909512 0.6306533232 715.2278049177 9.7015622212
2.0471600104 -1.9719186906 -0.9509305647 654.3850041820 698.8789352557
1.9274821332 -1.8498540672 -0.8353092798 651.4555397376 671.1606576186
2.0374027157 -2.1244149509 -0.3365820874 699.9594006806 444.1806795052
2.1491235341 -1.9917465812 -0.1360297587 632.2104100536 364.8059125346
2.1669461480 -2.0348379959 0.1746042754 639.9287603182 242.5712739248
1.9176417327 -2.0436961438 0.4066997927 712.0153025342 139.4342342999
2.0354595881 -2.0156551074 0.4343671524 670.0893701248 132.7990508225
1.9957364715 -1.7797589391 -0.6344362442 609.2703769014 583.8752642034
1.9042748829 -1.9042753353 -0.4328866630 674.8920122147 494.8676857681
1.8846077334 -1.9057062088 -0.2031318719 681.1682271310 395.7072708586
2.0334372040 -1.7098496250 -0.1674277110 575.4007331188 380.5510385579
2.1236293352 -1.8015306133 0.1567353075 581.0133949978 242.7893969287
1.9732330312 -1.8708953160 0.5405975112 644.5421476512 75.6911226650
2.0804284908 -1.4342990342 -0.5591014867 463.3917507789 565.8840384694
2.0202869862 -1.3816786268 -0.6436614308 458.6391812795 613.9079023939
2.1734113672 -1.5304661388 -0.3488565010 475.5846759678 461.4379860842
2.0360158626 -1.6413631920 -0.1266119045 551.2324644792 362.8570634674
2.1760079290 -1.5067753085 0.2146109058 466.0525701599 210.1030469674
2.1510524493 -1.3680571994 0.4953890559 418.9696031629 72.3072135414
1.9298402056 -1.3764245007 -0.3359090599 481.1133593025 468.8307200151
1.8800404546 -1.1561776933 -0.0820716904 398.5110340902 342.0411615450
1.9377411544 -1.1464049791 -0.1445223815 378.0665509430 375.4019394526
2.1125434404 -1.0593333462 0.0697296499 292.4749368558 263.4086010557
2.1461434616 -1.1768735850 0.4029253150 339.1985523092 102.1231385979
2.1950641026 -0.9901943079 -0.7739551749 241.5104059641 697.8024960206
2.0073783830 -0.8101855643 -0.6565373428 186.7348254577 675.1410480274
2.0630315312 -0.9873049000 -0.4166250607 268.9574372492 521.9333791997
1.8489564548 -0.8233021713 0.0499289788 230.8563314678 260.0930457251
2.0506481451 -0.8915399122 0.1756457601 221.0116961452 197.7641561734
2.1242193271 -0.8479907540 -0.5599553179 182.1131934356 605.0125813413
2.1462577662 -0.8847763794 -0.4525485406 197.0054707453 542.1434111784
2.1605735270 -0.8488577758 -0.3398468232 174.4091107496 482.1388874237
2.1765978586 -0.6839881453 -0.1951020741 76.5644776699 405.9951653732
2.0602891066 -0.7588317401 0.4321516523 144.0666527717 42.0425277543
1.8608577264 -0.6154256622 -0.5318944843 96.3682660181 637.5616112071
2.1067069339 -0.6795458537 -0.1661413448 86.8208151087 390.6168254363
1.9060279588 -0.5343612355 0.2312919742 28.4114995628 130.2017098541

gimbalangles:
0.6867609330

end: