T_CW:
0.6983925336 -0.7157149356 -0.0000000000 -0.0300000000
-0.0000000000 -0.0000000000 -1.0000000000 -0.0900000000
0.7157149356 0.6983925336 -0.0000000000 0.0000000000
0.0000000000 0.0000000000 0.0000000000 1.0000000000

T_CW_cov:
0.0000004837 -0.0000000196 -0.0000000208 0.0000000393 0.0000011306 -0.0000000747
-0.0000000196 0.0000012086 -0.0000000764 -0.0000029865 -0.0000000315 -0.0000000665
-0.0000000208 -0.0000000764 0.0000001226 0.0000002075 -0.0000000569 0.0000000075
0.0000000393 -0.0000029865 0.0000002075 0.0000074489 0.0000000556 0.0000001773
0.0000011306 -0.0000000315 -0.0000000569 0.0000000556 0.0000027075 -0.0000001590
-0.0000000747 -0.0000000665 0.0000000075 0.0000001773 -0.0000001590 0.0000005302

target_points_pix:
0.6165630709 1.8861184111 -0.3081537565 71.7178542770 489.4318958299
0.6471853462 2.0880566141 -0.6773740498 52.7357973280 698.6607143784
0.6892817683 2.0844330099 -0.6493308926 79.7413114807 677.4160339531
0.8744611877 1.9175934359 -0.1030143606 225.8903285554 353.8091920451
1.0736411964 2.0509470802 -0.7346862221 298.5761995219 685.9190109842
0.9700709065 2.0495125061 -0.3789924060 246.0491258057 503.9709255008
1.1070298076 2.0352606546 -0.4010910561 317.8070738001 509.5226428823
0.9446028517 1.9229887471 0.1001881458 263.3950831773 236.6399159041
0.8794509136 1.9301087444 0.2419634107 225.5441761582 150.9660379878
1.2937655825 2.1835571116 -0.3637297557 364.5194969773 476.1637564360
1.3538238077 1.9785164330 -0.2940629520 442.3907288854 447.4117984926
1.2837850472 1.9308362974 0.0489517471 425.8158320846 274.9840761539
1.2067308529 1.8145079988 0.3760143933 425.0934213746 91.5273013904
1.3012936958 1.8779460917 -0.6268037580 449.1083666312 624.5694003324
1.3172141628 1.9516388669 -0.3603113483 434.5747172167 482.7736864166
1.5338095482 1.8798228867 0.1823071187 541.5446770124 214.7213651437
1.6517568517 2.0532827983 0.1027735693 534.5947267297 260.5361170827
1.3824741782 1.8443921632 0.4398958625 492.8222162702 75.1360209137
1.5526027690 2.0810396741 -0.7090886073 492.2676161638 627.0999060878
1.8629717589 1.9489552160 -0.3377369029 633.6496523695 453.6321648184
1.7156691905 2.1057429675 -0.3842938436 542.3660583507 473.4529541308
1.6259144061 2.0315266510 -0.0616660815 531.5297831814 333.6530920181
1.8175531116 1.9386485974 0.2399735909 622.3142803975 201.4497608670
1.9248890548 2.0591581315 0.4394950177 621.4411795366 127.0231296433
1.8991071867 0.6234767567 -0.5807390885 1230.9093882763 664.2871629069
2.1354501132 0.6857830925 -0.5689497110 1242.3347681744 623.8133416120
2.0632829037 0.5445962566 0.1285032323 1319.5106919290 208.4952131978
1.8819986643 0.6403023216 -0.5539885803 1215.7904911389 647.1380039460
1.8710597108 0.8099321409 -0.1270716099 1107.7562272250 368.9024109758
1.8732712174 0.7386851116 0.1801451262 1151.5331195418 176.1319864204
2.1830827873 0.8306619622 0.2050011929 1170.3777793269 185.2502359499
1.9089759812 0.8085310986 -0.5822388722 1117.9414789058 643.1475171756
1.9554318540 0.8479488833 -0.1032449947 1107.7203718380 353.9443635429
2.0820885222 0.9153317630 -0.0671913434 1102.2523473211 333.6796027836
1.9718199071 1.1608418026 0.1337088444 953.9416221479 228.7424064843
2.0375524064 1.0028006463 0.4849500921 1046.9195725467 35.0059279309
1.9304306795 1.2228028837 -0.5695244456 914.3121962085 596.4061491533
1.9332082462 1.2240534518 -0.3091263431 914.6107344975 460.6113039981
1.8825418409 1.0879971004 0.1379624357 962.9508239602 219.9646092888
2.0723865450 1.0737661855 0.0934347427 1021.0060619741 250.3319451787
1.8786372721 1.3992617700 0.3556715000 825.5599499191 122.2156542897
2.1719950041 1.3312834193 -0.8438112511 933.6261892175 699.7141156435
1.9959423886 1.4846583959 -0.4470288691 826.9548483706 515.3140420866
1.8442668460 1.6413290332 -0.3297220468 725.2165526339 459.8157891564
2.1265666331 1.5613718496 -0.0476425790 835.0792850136 327.5153229858
2.1621050722 1.6206868910 0.2900958392 823.9013837345 180.7518959710
2.0529398181 1.6940371335 0.3906949376 769.4633947626 134.8130486439
2.0264346805 1.6281954796 -0.7751321253 784.2072657438 654.8228003465
2.1430706410 1.8094588362 -0.6250814690 756.9778804126 569.3536674748
1.8403405299 1.6816472661 -0.4285474942 710.2745841767 504.8530468200
2.1503249450 1.7195661166 0.1719919587 787.6121321657 234.8137953358
2.0918025611 1.8737719338 0.2909391949 723.2502065275 187.9682392195
1.9771846623 1.8336429997 0.6802675694 703.0811045560 12.8241466795
2.0132330313 1.8802037180 -0.8206312277 699.2658781964 655.3077313384
2.1964470952 2.1330003466 -0.9438032293 678.1724748234 671.0177514777
1.8490905711 1.9411383311 -0.3451350033 631.5936637803 457.4617912235
2.1806425045 1.9729155912 -0.1883639695 718.0194931524 385.5251302810
1.8529430787 1.9351196944 0.1818550971 634.5289144348 228.0171449902
1.8483799352 1.8597187954 0.2031048715 655.6778202356 216.0145537147
2.1654789071 1.8911660364 0.5400688451 738.1576455743 90.1534243007
2.1793564671 2.0487078518 0.6511816064 696.4965934877 57.0983716612

gimbalangles:
-0.6621260307

end: