T_CW:
-0.2709637475 -0.9625895530 -0.0000000000 -0.0300000000
0.0000000000 0.0000000000 -1.0000000000 -0.0900000000
0.9625895530 -0.2709637475 0.0000000000 0.0000000000
0.0000000000 0.0000000000 0.0000000000 1.0000000000

T_CW_cov:
0.0000017482 -0.0000002320 0.0000003636 0.0000005993 0.0000038112 -0.0000002762
-0.0000002320 0.0000006758 -0.0000000444 -0.0000016093 -0.0000005070 0.0000004058
0.0000003636 -0.0000000444 0.0000001697 0.0000001260 0.0000007852 -0.0000000554
0.0000005993 -0.0000016093 0.0000001260 0.0000038984 0.0000013085 -0.0000009717
0.0000038112 -0.0000005070 0.0000007852 0.0000013085 0.0000083709 -0.0000006001
-0.0000002762 0.0000004058 -0.0000000554 -0.0000009717 -0.0000006001 0.0000007017

target_points_pix:
1.8189521181 -1.8687795054 0.3772446023 1337.1578396124 104.2367403447
2.1491235341 -1.9917465812 -0.1360297587 1262.3039155799 366.5082420721
2.1669461480 -2.0348379959 0.1746042754 1272.2023815208 228.7724980096
2.0354595881 -2.0156551074 0.4343671524 1310.8243103590 101.5530978189
1.9957364715 -1.7797589391 -0.6344362442 1233.0207069682 609.8356730085
1.9042748829 -1.9042753353 -0.4328866630 1316.5354639117 515.8712065291
1.8846077334 -1.9057062088 -0.2031318719 1325.1812673340 402.3895200089
2.0334372040 -1.7098496250 -0.1674277110 1192.8946042492 383.3778933492
2.1236293352 -1.8015306133 0.1567353075 1199.7987547902 232.2448570146
1.9732330312 -1.8708953160 0.5405975112 1278.0457593036 39.9705393340
2.0804284908 -1.4342990342 -0.5591014867 1065.0051243424 574.9590075617
2.0202869862 -1.3816786268 -0.6436614308 1059.6632884798 624.4664773377
2.1734113672 -1.5304661388 -0.3488565010 1078.6407086734 466.7136955104
2.0360158626 -1.6413631920 -0.1266119045 1164.4273677854 363.8676941316
2.1760079290 -1.5067753085 0.2146109058 1068.7668329958 204.0390068379
2.1510524493 -1.3680571994 0.4953890559 1018.7146375752 66.0684108858
1.9298402056 -1.3764245007 -0.3359090599 1084.7444885732 474.8439434865
1.8800404546 -1.1561776933 -0.0820716904 997.3855375712 341.9557163733
1.9377411544 -1.1464049791 -0.1445223815 976.5211719376 375.5931921812
2.1125434404 -1.0593333462 0.0697296499 893.3660571261 266.0166806639
2.1461434616 -1.1768735850 0.4029253150 938.2402227807 104.8369906475
2.1950641026 -0.9901943079 -0.7739551749 845.0118618052 680.9085199253
2.0073783830 -0.8101855643 -0.6565373428 796.5156306908 653.0857477596
2.0630315312 -0.9873049000 -0.4166250607 870.8304352690 515.4686238735
1.8489564548 -0.8233021713 0.0499289788 836.6245903475 264.8597689546
2.0506481451 -0.8915399122 0.1756457601 827.9782850770 206.4075667749
2.1242193271 -0.8479907540 -0.5599553179 792.9282409101 587.2290446086
2.1462577662 -0.8847763794 -0.4525485406 806.1439460174 529.7771957563
2.1605735270 -0.8488577758 -0.3398468232 786.7727362852 472.6166146492
2.1765978586 -0.6839881453 -0.1951020741 705.8438066106 400.2325005427
2.0602891066 -0.7588317401 0.4321516523 761.2973461674 67.8460651394
2.0607231527 -0.3568691784 -0.6240690148 551.7325846110 645.0456178406
1.8608577264 -0.6154256622 -0.5318944843 720.6660354689 609.3349682253
1.9673362565 -0.4932213503 -0.4475193608 636.5020608330 551.8654933688
2.1067069339 -0.6795458537 -0.1661413448 714.0625962616 386.6306980826
1.9060279588 -0.5343612355 0.2312919742 667.8343486963 157.0262998058
2.0636815123 -0.3878123219 -0.4885321114 568.1473751161 568.2530460674
2.1849937664 -0.1076724463 -0.3596361117 408.0252017497 493.4204906011
2.0022793552 -0.3407600927 0.0091227653 547.4044586802 289.2319946127
1.8643482217 -0.2351548738 0.1403036800 495.7431941558 201.9483611417
1.9661306703 -0.1937462224 0.4290557110 464.7402507317 35.3109527320
1.8771705378 -0.1265291682 -0.6141926158 427.6689200622 677.0355915319
2.0676327225 0.0569281127 -0.3843215573 312.9309412081 519.3762986569
2.0149956616 -0.0249350183 -0.0543509498 361.5580071811 324.9851111661
1.9958726695 0.0686412089 -0.1886466928 303.4127427084 406.5018784672
1.9211683822 0.1359918091 0.3523883176 256.5298552153 62.2921701669
2.1786073514 0.1163252008 0.3660038469 280.8713766316 89.3649975532
2.1709836927 0.2997486605 -0.5802434997 171.9831492850 628.7108435594
2.0977893427 0.1919665322 -0.4032312221 231.8142974038 530.8786344545
2.0411823258 0.4248620549 -0.1403165224 75.2341089838 377.3510080693
1.9438511651 0.1053696058 0.3538797141 277.8935032074 65.9421236325
2.0492906402 0.1592700833 0.4628330884 248.9451354136 12.9785723829
2.1728366635 0.3511639663 -0.4284264483 140.1429890562 542.3631532015
2.1946764291 0.4631732279 0.0532115749 72.3433044569 262.2866229784
1.8979720761 0.3684671733 0.3103802266 93.1119055965 77.0009939639

gimbalangles:
0.1305726568

end: