T_CW:
-0.9676176992 -0.2524202612 -0.0000000000 -0.0300000000
-0.0000000000 0.0000000000 -1.0000000000 -0.0900000000
0.2524202612 -0.9676176992 -0.0000000000 -0.0000000000
0.0000000000 0.0000000000 0.0000000000 1.0000000000

T_CW_cov:
0.0000016232 0.0000001545 -0.0000002432 -0.0000003591 0.0000034962 -0.0000002776
0.0000001545 0.0000007119 -0.0000000505 -0.0000016423 0.0000003096 -0.0000004035
-0.0000002432 -0.0000000505 0.0000001452 0.0000001310 -0.0000005066 0.0000000580
-0.0000003591 -0.0000016423 0.0000001310 0.0000038614 -0.0000007183 0.0000009008
0.0000034962 0.0000003096 -0.0000005066 -0.0000007183 0.0000076004 -0.0000005750
-0.0000002776 -0.0000004035 0.0000000580 0.0000009008 -0.0000005750 0.0000007597

target_points_pix:
-0.5097935959 -2.1148276580 -0.5873151168 1283.9949751748 647.6885743286
-0.4729021202 -2.0583920602 -0.5698937838 1267.8732668299 644.2483643201
-0.5877027471 -2.1220845631 -0.1952625424 1335.2438251006 410.1827599281
-0.1300626629 -2.1529462385 -0.6921622961 1044.9377005230 688.2867241772
-0.1742632593 -2.0133338748 -0.0902612282 1077.5394321090 346.3814678524
-0.0635647412 -2.0690742069 -0.0068415662 1007.4610764207 297.4000419322
-0.0944812710 -2.1207718532 0.3757183913 1025.4294212185 77.9501616872
-0.0662106627 -1.9797613538 -0.6179389584 1009.6768784608 670.1601975879
-0.1169270298 -2.1924969758 -0.1057671843 1036.7316188625 355.0733616833
0.1530304316 -1.8975286955 -0.1486459519 871.0337839990 382.9365677802
0.1031985642 -2.0237017061 0.3770378668 907.6141875685 71.3562899966
0.3132888607 -1.9172675775 -0.3784857863 776.0453383227 520.3418601472
0.1798051282 -2.1376171259 -0.2101951836 869.0170530004 412.7836559245
0.1105084575 -1.8324156555 -0.0292469899 894.4572617929 307.0157006160
0.2272400275 -2.1411056604 0.1748769749 843.4912243401 201.1302420644
0.4405851561 -2.0683433711 0.4238748486 722.3898299435 62.4219892268
0.4815465084 -1.8793705061 -0.5230342546 673.8001848334 606.3899553125
0.3990427333 -1.9565363562 -0.4157579215 731.2572419610 536.8819433835
0.4486312133 -1.8539060129 -0.1883259814 688.7109602903 406.6056098310
0.3632319295 -1.8211024113 0.3728792086 735.1194171883 54.8748935267
0.5574486502 -2.0322558777 -0.7031584427 655.9784257779 685.0340719886
0.6760474197 -1.9397994560 -0.6523280362 577.7807447218 665.8732572850
0.7253359792 -2.1817755865 -0.2257816326 595.7609443759 415.4441571039
0.5521447994 -2.0609144530 0.1825896689 662.7057611104 197.3696415340
0.7303731863 -2.0822931857 0.3409704371 576.2649902800 117.8328092014
0.6476928819 -2.1574243192 0.5713258643 629.4449604306 3.5679739335
1.1317356309 -2.0884930166 -0.7438131423 390.2542086857 675.4419817715
1.1412416106 -1.8295073638 -0.6345165439 313.3881442186 653.1848380772
0.9861579955 -1.8556052624 -0.1516633468 397.3215053831 381.4404770527
0.9744884137 -2.0744573202 -0.0279052589 457.7226494808 314.2903304691
1.0497963986 -2.1500163623 0.1130776453 440.4329877705 245.5031336715
1.1645815082 -1.9323382726 0.3340032188 332.3695808578 118.1489467829
1.4392129643 -1.8700391144 -0.5937131543 187.6732568964 614.6639672746
1.0957124707 -1.9729375961 -0.3804741473 376.2715249736 500.8402080150
1.1414929988 -1.8889137699 0.0034042731 330.4681622242 294.9009554391
1.0945837433 -2.0389881176 0.3006338205 393.7543953215 144.0358280319
1.4393964913 -1.9257707133 0.4658256223 205.8974234135 55.9988723195
1.4552108980 -2.1534895360 -0.3988016236 269.3061722789 492.4920780405
1.4738540436 -2.1896147329 -0.4198177334 271.8624063772 499.9611850404
1.6178416807 -2.1438940522 -0.1704101383 201.3147330991 383.6781842613
1.4202388581 -1.9292284751 0.1519875394 215.2298563237 219.7234209324
1.4540855342 -1.8634546581 0.3616523237 177.7442994785 104.2754536700
1.5500197577 -1.8331921533 -0.5554902840 125.1163118270 594.8266806288
1.5846467715 -1.9336166739 -0.6639477059 147.2434485576 638.5234791223
1.9321190477 -2.1599753080 -0.0702477115 87.4434432519 336.9778907429
1.6246449477 -1.8284173664 -0.1805362603 89.8963280656 394.0067464003
1.8287333310 -2.1096127800 0.4298580792 109.1113324853 104.9241884692
1.8189521181 -1.8687795054 0.3772446023 24.6519731205 107.0588009714
2.0374027157 -2.1244149509 -0.3365820874 37.5914433068 456.7718621098
1.9176417327 -2.0436961438 0.4066997927 52.6523043855 111.9410725176

gimbalangles:
1.3420794027

end: