T_CW:
-0.2684199335 0.9633019980 -0.0000000000 -0.0300000000
0.0000000000 0.0000000000 -1.0000000000 -0.0900000000
-0.9633019980 -0.2684199335 -0.0000000000 -0.0000000000
0.0000000000 0.0000000000 0.0000000000 1.0000000000

T_CW_cov:
0.0000010385 0.0000000110 -0.0000002227 -0.0000000390 0.0000022414 -0.0000000269
0.0000000110 0.0000005803 0.0000000053 -0.0000013498 0.0000000345 -0.0000003683
-0.0000002227 0.0000000053 0.0000001345 -0.0000000058 -0.0000004709 -0.0000000001
-0.0000000390 -0.0000013498 -0.0000000058 0.0000031980 -0.0000001087 0.0000008444
0.0000022414 0.0000000345 -0.0000004709 -0.0000001087 0.0000048948 -0.0000000747
-0.0000000269 -0.0000003683 -0.0000000001 0.0000008444 -0.0000000747 0.0000006431

target_points_pix:
-2.1505036008 -1.8785447290 -0.6108959777 128.1552724913 580.0950749486
-2.1751026614 -2.0680547056 -0.2528774066 68.2201723901 416.9923361904
-2.1512036865 -2.0910517822 0.6218258585 52.2919563935 32.5918241491
-2.0318098922 -1.9024736379 -0.8205725347 79.9060606356 687.8336175268
-1.8643409561 -1.7298116612 -0.6347722235 84.5980729630 624.5550452241
-2.0424396500 -1.6700568512 -0.4559551200 171.4525963129 521.6556168188
-2.0356266141 -1.6670313584 -0.2216670401 169.9985524487 409.4565064823
-2.0876913757 -1.8532165545 -0.1977258456 115.9217223366 395.7062240009
-2.1047669438 -1.7534926241 0.2912902951 158.8852892228 168.7686636930
-1.8466322311 -1.7286678988 0.3992838197 76.9487756362 92.8984522829
-2.1872221107 -1.7737223126 0.6733064363 177.6131290703 2.8094102707
-1.9987360977 -1.5831478012 -0.6409907786 192.3568172230 617.6973162372
-2.0382461791 -1.3326640660 -0.1757110182 308.4484129031 389.1684462479
-1.9735375390 -1.6542454496 0.0160468711 153.8998188142 293.5036651707
-1.9694449003 -1.5102548261 0.2682812325 211.7867514653 165.2542534629
-1.8981907482 -1.3803410260 0.4931111575 244.5424378520 37.8129438442
-2.1515454672 -1.3696679846 0.5936939434 324.5026577009 20.1288355622
-2.1560010034 -1.2844100836 -0.7490828701 361.6071453688 662.2385392408
-1.8791834842 -1.2260730902 -0.3393922451 308.6190089311 481.6942904769
-2.0440471078 -1.0966304069 -0.2533872139 414.2172212000 430.3568412040
-1.9713422318 -1.2553782583 -0.1780519513 322.8878841368 392.0468636189
-2.1413915681 -1.1443759247 0.1206337022 416.6958180504 242.8362371924
-1.9976942520 -1.1816657871 0.4636784555 363.5430456637 58.6500868543
-2.0420969507 -0.8909787896 -0.6562326980 510.0256720118 644.8314616210
-2.1349248961 -1.0739685817 -0.3356921987 446.2294227972 468.3184621973
-2.0329931114 -1.0364522726 -0.2506829583 439.0558753900 429.9979351864
-1.9964769104 -0.9789673083 -0.0633441457 457.0710096934 332.1877664210
-2.0871240887 -1.0260110717 0.1519259638 456.5510698729 223.0669188906
-1.8855696832 -0.5597975338 -0.3500282611 649.5862002144 500.5445858528
-2.0366653240 -0.5797354377 -0.1590398876 663.7147959730 384.5010601140
-1.9221818306 -0.9124272166 0.0901865197 471.3839746897 246.2489261013
-2.0876470204 -0.8959227815 0.3128667921 516.8928000452 137.7767479381
-2.1452367339 -0.9267502190 0.5820317656 514.7106102806 7.9167750732
-2.1952372272 -0.7046575153 0.5517900690 627.0283942608 21.3241524055
-1.8230665739 -0.3324337885 -0.5518839596 773.1507365873 637.9748924526
-1.8149502794 -0.3269151280 -0.6100474934 775.5883913530 676.2278077886
-2.0899565708 -0.6540210319 -0.0673717668 634.4038638507 334.4193297314
-1.8622674728 -0.4048797174 -0.1332856099 734.6187027562 373.0191800849
-1.8483290310 -0.4352708366 0.3157310814 714.9214593117 96.7788104640
-1.9499979981 -0.3936762340 0.4339978451 752.8195584661 38.0168286916
-1.9908447012 -0.3801654029 -0.5518766256 765.1120617957 612.8490881704
-1.9508663012 -0.4204201028 -0.3158605866 737.5572733406 478.6674052380
-1.9282228052 -0.3422863927 -0.1986349192 779.4820104621 411.4823447231
-1.8307278366 -0.3649187074 -0.1020312630 754.2392733656 354.0147819103
-2.1653125976 -0.3185303887 0.2228715646 815.9494540856 178.1563498827
-1.9953435832 -0.1856712384 0.4673006755 877.3713423015 16.1957140082
-2.1850709518 0.1766330917 -0.3112378666 1092.9059889967 471.6672096586
-2.1302348748 0.1741631005 -0.1246265184 1093.8186345522 366.3601692623
-2.0390392157 0.0266576880 0.1803748992 1005.9915707792 184.8835625077
-2.1040212686 -0.1858632528 0.2189118048 883.6305103663 172.6358100398
-2.1494438675 -0.1759117361 0.4480410634 891.8004889367 49.5423774042
-2.0454334636 0.3772148178 -0.5915859606 1229.1187362663 658.3901982381
-2.1816244200 0.2296391180 -0.0710292623 1124.9141880569 335.2954415534
-1.9675215332 0.3735704689 0.1902147838 1236.9630055453 163.6698253892
-2.0887152358 0.0614816292 0.3387705058 1026.9989023718 95.1932812165
-2.0791652291 0.3295714681 -0.3363269805 1194.6959404829 496.1041769713
-1.8402832734 0.4158654489 -0.1641496241 1285.4374955975 397.9379890203
-1.9344931987 0.4325288222 0.0665921622 1283.3729842947 241.2754740597
-1.9133212325 0.3814166405 0.4228418836 1249.4888165661 1.9695004533
-1.9063764253 -1.8660205765 0.3738369208 45.2976159519 115.8217828398

gimbalangles:
2.8581654864

end: