T_CW:
0.4401209106 -0.8979385191 -0.0000000000 -0.0300000000
-0.0000000000 -0.0000000000 -1.0000000000 -0.0900000000
0.8979385191 0.4401209106 -0.0000000000 0.0000000000
0.0000000000 0.0000000000 0.0000000000 1.0000000000

T_CW_cov:
0.0000007945 0.0000000348 -0.0000001773 -0.0000001092 0.0000017890 -0.0000001179
0.0000000348 0.0000007761 -0.0000000119 -0.0000018776 0.0000000788 -0.0000004724
-0.0000001773 -0.0000000119 0.0000001306 0.0000000449 -0.0000003922 0.0000000292
-0.0000001092 -0.0000018776 0.0000000449 0.0000046054 -0.0000002464 0.0000011396
0.0000017890 0.0000000788 -0.0000003922 -0.0000002464 0.0000040875 -0.0000002620
-0.0000001179 -0.0000004724 0.0000000292 0.0000011396 -0.0000002620 0.0000007350

target_points_pix:
1.3538238077 1.9785164330 -0.2940629520 26.2270289758 458.8610859909
1.3012936958 1.8779460917 -0.6268037580 35.5029184486 656.4149092095
1.5338095482 1.8798228867 0.1823071187 146.3733728253 202.5862808937
1.6517568517 2.0532827983 0.1027735693 138.0261940293 252.2275618904
1.3824741782 1.8443921632 0.4398958625 88.2647040639 46.5643493841
1.5526027690 2.0810396741 -0.7090886073 88.2171946338 655.6568292329
1.8629717589 1.9489552160 -0.3377369029 252.7951731434 459.8487654317
1.7156691905 2.1057429675 -0.3842938436 147.5406269722 484.2542309616
1.6259144061 2.0315266510 -0.0616660815 134.4641226632 331.9909860593
1.8175531116 1.9386485974 0.2399735909 239.7167803520 191.7791776296
1.9248890548 2.0591581315 0.4394950177 238.6854653741 112.4673681427
2.1849937664 -0.1076724463 -0.3596361117 1304.1857290560 509.9382571194
2.0676327225 0.0569281127 -0.3843215573 1193.2638736642 528.4173041403
2.0149956616 -0.0249350183 -0.0543509498 1249.3342132216 322.8065135634
1.9958726695 0.0686412089 -0.1886466928 1183.4353281037 409.2327807139
1.9211683822 0.1359918091 0.3523883176 1134.0643048033 56.5610686533
2.1786073514 0.1163252008 0.3660038469 1159.5850236738 80.7167089716
1.8114395741 0.4329723722 -0.5928847570 925.9276890273 668.7503447692
2.1709836927 0.2997486605 -0.5802434997 1049.1282440151 620.7663096936
2.0977893427 0.1919665322 -0.4032312221 1107.8838698177 531.7861808775
2.0411823258 0.4248620549 -0.1403165224 963.8207197709 375.4338913802
1.9438511651 0.1053696058 0.3538797141 1156.4252434654 56.6914780643
2.0492906402 0.1592700833 0.4628330884 1126.1356682987 8.0220869603
1.8991071867 0.6234767567 -0.5807390885 829.3155176198 635.2220468803
2.1354501132 0.6857830925 -0.5689497110 838.7798955654 597.9377539970
2.1728366635 0.3511639663 -0.4284264483 1020.2621068326 533.7511518591
2.1946764291 0.4631732279 0.0532115749 961.7309543090 269.4248037647
2.0632829037 0.5445962566 0.1285032323 900.4696903417 224.4188262267
1.8979720761 0.3684671733 0.3103802266 979.2988584352 95.6506678671
1.8819986643 0.6403023216 -0.5539885803 816.6866962534 620.6130056665
1.8710597108 0.8099321409 -0.1270716099 723.7523331143 367.7146032594
1.8732712174 0.7386851116 0.1801451262 761.6087465802 189.3131941379
2.1830827873 0.8306619622 0.2050011929 777.9004901164 198.3559535050
1.9089759812 0.8085310986 -0.5822388722 733.2544384133 623.4211197340
1.9554318540 0.8479488833 -0.1032449947 723.7475113017 353.7366229040
2.0820885222 0.9153317630 -0.0671913434 718.9820849555 334.7678084056
1.9718199071 1.1608418026 0.1337088444 583.4569643685 232.0952292881
2.0375524064 1.0028006463 0.4849500921 669.5554818057 50.9059890224
1.9304306795 1.2228028837 -0.5695244456 546.0592852992 592.0801729003
1.9332082462 1.2240534518 -0.3091263431 546.0639976060 458.6537397414
1.8825418409 1.0879971004 0.1379624357 591.9536146806 223.8837427228
2.0723865450 1.0737661855 0.0934347427 645.9826449485 254.7603588496
1.8786372721 1.3992617700 0.3556715000 457.5583193267 120.8061312550
2.1719950041 1.3312834193 -0.8438112511 564.9710077799 692.0213903432
1.9959423886 1.4846583959 -0.4470288691 459.3881039767 516.2435168769
1.8442668460 1.6413290332 -0.3297220468 353.3447563895 463.4817082845
2.1265666331 1.5613718496 -0.0476425790 467.2942199764 327.3971386499
2.1621050722 1.6206868910 0.2900958392 455.8630330013 179.5300278145
2.0529398181 1.6940371335 0.3906949376 399.7796331321 130.0500291177
2.0264346805 1.6281954796 -0.7751321253 415.9354054365 660.1348013077
2.1430706410 1.8094588362 -0.6250814690 387.2313531402 574.8835087382
1.8403405299 1.6816472661 -0.4285474942 337.3825668845 510.7062597091
2.1503249450 1.7195661166 0.1719919587 418.6824322822 232.8112116479
2.0918025611 1.8737719338 0.2909391949 350.8555674824 182.2133655629
2.0132330313 1.8802037180 -0.8206312277 325.8486765249 667.9443470645
2.1964470952 2.1330003466 -0.9438032293 302.8263808558 686.3626522971
1.8490905711 1.9411383311 -0.3451350033 250.4945648673 463.9739029043
2.1806425045 1.9729155912 -0.1883639695 345.3996169215 386.7619819486
1.8529430787 1.9351196944 0.1818550971 253.4978501475 220.5010768730
1.8483799352 1.8597187954 0.2031048715 277.1574388082 208.6285409108
2.1654789071 1.8911660364 0.5400688451 366.7572057208 82.0557989511
2.1793564671 2.0487078518 0.6511816064 321.9687103683 44.4518960756

gimbalangles:
-0.5060841346

end: