T_CW:
0.9076672019 0.4196906606 0.0000000000 -0.0300000000
0.0000000000 -0.0000000000 -1.0000000000 -0.0900000000
-0.4196906606 0.9076672019 0.0000000000 -0.0000000000
0.0000000000 0.0000000000 0.0000000000 1.0000000000

T_CW_cov:
0.0000008039 -0.0000000622 -0.0000002201 0.0000001288 0.0000018215 -0.0000000356
-0.0000000622 0.0000009005 0.0000000133 -0.0000021922 -0.0000001427 -0.0000005308
-0.0000002201 0.0000000133 0.0000001472 -0.0000000173 -0.0000004953 0.0000000122
0.0000001288 -0.0000021922 -0.0000000173 0.0000053972 0.0000002964 0.0000012986
0.0000018215 -0.0000001427 -0.0000004953 0.0000002964 0.0000041845 -0.0000000781
-0.0000000356 -0.0000005308 0.0000000122 0.0000012986 -0.0000000781 0.0000007350

target_points_pix:
-1.9009715403 1.5663851847 -0.7367942106 123.6768621644 682.9090978374
-2.1038104307 1.5453454380 0.3154965260 43.1502804623 140.2014559833
-2.0007657291 1.7629935701 -0.6819514061 169.8564252386 627.0027496875
-1.8246755636 1.8365637605 -0.4718921123 256.5635940436 528.3813360028
-1.8147805824 1.7005286935 -0.0912446736 208.7744418746 346.7149668799
-1.8687607905 1.6395216927 0.3740385226 164.8289855796 108.8537684662
-1.8980237103 1.9209957642 0.3535455110 260.2119467800 143.0936927536
-1.8992891162 1.6958315500 0.5927369583 177.2893764669 6.6206691121
-1.9677202375 1.9539953751 -0.8044858142 249.4372889122 664.7539698718
-1.9339633712 2.1588428389 -0.7672586114 323.9486062174 629.9264143484
-1.8537363930 2.1767514966 -0.4751485786 354.4217320810 508.8619324446
-2.0009461426 1.8884255044 -0.3091342856 215.1353937688 445.7062070138
-2.0839185599 2.1121327543 -0.1787392208 262.4183106702 383.1096321012
-1.8007556983 1.9812678047 0.0551784552 313.0591974822 280.1148801624
-2.0021261078 2.0086463683 0.6719158105 255.4675736166 13.4892754628
-1.8671153541 2.1795732671 0.7269835846 350.8160361171 1.8706475677
-1.7817101151 1.8511826209 -0.8074481766 277.5886059271 688.7402123435
-1.9389521875 2.1841326748 -0.6648628523 329.4658692604 585.0063961519
-1.8042215426 1.8813328659 -0.2818446438 279.0430660646 436.6311612839
-1.7767929336 2.0072491973 -0.1782002063 329.6121565786 386.2117928566
-1.7534698406 2.0793769081 0.4493600074 359.4815421120 106.8776660110
-1.8353667562 2.1089405381 0.3759185790 340.5536465692 144.2245000091
-1.7604356880 2.0656598370 0.6575958443 353.2140456278 13.2460148671
-1.3492337722 2.1057609491 -0.8169929086 515.2700697882 687.4750063176
-1.4983317879 2.0936842145 -0.5888533520 454.9938047297 575.7549483999
-1.6571184784 1.8321234448 -0.0621704696 315.0178034322 332.5193230355
-1.4726534281 2.0034281786 -0.0936720132 438.9624782743 348.1310161195
-1.5475518711 1.9219229687 0.2115461638 385.7809551206 199.6338394556
-1.4598821192 2.0390700871 0.4072914279 454.0413234903 111.1038272403
-1.3996928611 1.9829751266 -0.7729069412 462.2077957141 678.7470167659
-1.1860357705 2.0705200626 -0.6054671996 571.9690354172 598.8149999734
-1.4194715783 2.0828748510 -0.3704728398 481.6062292908 477.7197966570
-1.2776452368 1.8694489727 0.0047508315 478.3026266380 296.9678921864
-1.0730605838 2.0018530190 0.3056842560 603.4818311592 142.8428040657
-1.2085726006 2.0127526755 0.3547681015 547.6653044971 124.1868129527
-0.9983895204 2.0661635568 -0.7131763571 652.1220215306 662.5470946421
-1.1448503223 1.9295688788 -0.5001948033 553.2728261528 560.3744675261
-1.0393066434 1.9475716529 -0.2178789547 605.1436872002 414.0980698212
-0.9593756649 2.0777024999 -0.1501370496 671.9195764244 377.1271456008
-0.8521590024 1.9558607454 0.3663922634 695.9077060390 96.6487227325
-1.1747783765 1.9710647288 0.4070187887 551.1653475615 92.3958840585
-0.8567020351 2.0724969975 -0.4066799077 718.3358034235 511.2116698295
-0.7284212964 2.1001550914 -0.2330155620 785.2743119741 421.8919267849
-0.6547912955 2.0870834084 0.0211341981 819.8229567667 286.6328249959
-0.8817151466 2.0931652498 0.1051209762 710.8035116068 246.1500398899
-0.6486645931 2.0381515495 -0.4048343834 814.6037581060 519.4312219295
-0.3777328962 2.0709319294 -0.2918463810 966.5713749036 461.9053717236
-0.6412038263 2.0387083890 -0.1132956810 818.5816355230 359.2790233561
-0.3102710352 1.9260298101 0.1150357669 990.9395546986 218.7975005415
-0.6231705820 2.1520952738 0.5384759296 846.4755378176 14.9171761243
-0.3761262826 1.9359798530 -0.5684987763 951.3123166608 637.5055654722
-0.1470818764 2.0278346330 -0.3590369503 1102.3373220702 511.1536588245
-0.1320941456 1.8887090879 -0.2943923727 1104.4226281281 480.9305565721
-0.3254142569 2.0063571584 0.0721937411 990.3213351882 249.5390314667
-0.2945068937 2.1581701266 0.2369112271 1022.9806097391 162.8577830990
-0.3564413644 1.8880841855 0.3603360344 957.8005560738 63.9244162793
-0.1733428557 2.0220748053 -0.3567373217 1085.2385934116 509.2776946181
0.1853169703 1.9556145586 -0.2926013520 1336.2162167985 484.8464336266
0.1459432429 2.0821321832 0.0768023636 1301.1335976959 239.3828050733
-0.1806544141 2.1115250387 0.4424313824 1086.7863604884 33.9384300399
0.0606416587 1.9370533156 -0.6051155074 1242.1916938246 691.8645362429
0.1622540602 1.9938421750 -0.2072898762 1316.7028505816 424.3228390858
0.1326497219 2.1934063378 0.1317613825 1287.9568313683 212.1057792436
0.0874333717 2.0552167764 0.3189859915 1260.7510023864 84.7937299913

gimbalangles:
-2.1702476420

end: