T_CW:
0.7604739097 0.6493684876 0.0000000000 -0.0300000000
-0.0000000000 0.0000000000 -1.0000000000 -0.0900000000
-0.6493684876 0.7604739097 0.0000000000 0.0000000000
0.0000000000 0.0000000000 0.0000000000 1.0000000000

T_CW_cov:
0.0000004911 -0.0000001284 -0.0000000480 0.0000003221 0.0000011599 -0.0000000503
-0.0000001284 0.0000013390 0.0000000434 -0.0000033164 -0.0000003265 -0.0000001753
-0.0000000480 0.0000000434 0.0000001146 -0.0000000969 -0.0000001141 0.0000000009
0.0000003221 -0.0000033164 -0.0000000969 0.0000082764 0.0000008184 0.0000004341
0.0000011599 -0.0000003265 -0.0000001141 0.0000008184 0.0000027996 -0.0000001157
-0.0000000503 -0.0000001753 0.0000000009 0.0000004341 -0.0000001157 0.0000005189

target_points_pix:
-1.8224931774 0.7448238787 0.1113938527 79.0582523324 212.4022684873
-2.1551667523 0.8701160953 0.2237557347 75.9496264901 169.3442781944
-1.8270632441 0.8325440399 0.3756327394 135.4687532447 48.9220618061
-2.1695389388 1.1810225265 -0.6431337417 234.9476877586 624.1143159032
-1.9948059239 1.0655745301 -0.1236212339 222.3201185659 364.6561086119
-2.1700906082 1.1508405723 -0.0162742313 219.5693663903 308.6090538482
-1.8367116007 0.8470277910 0.1536552899 141.5779717000 191.9852711463
-2.0290123060 1.2616487263 -0.4540971774 307.9861943915 531.9629431297
-2.0326420221 1.4386671003 -0.3715805411 382.1555878337 481.9709899861
-1.9996192975 1.1557197899 -0.0691214088 266.0588508812 335.0309131510
-1.8508449086 1.2533294366 0.1209409021 354.9112675086 232.3460610989
-1.8275087156 1.2445718864 0.4833325022 358.2164412109 33.3205911050
-1.9009715403 1.5663851847 -0.7367942106 470.2483014930 656.3006130005
-2.1088004373 1.4267765867 -0.4272348695 356.7219733664 506.0086172483
-2.1735839590 1.4343336267 -0.3174998151 342.6629728693 451.9872549401
-2.1721225624 1.4984821487 -0.1178589294 368.0424131603 359.0194725126
-2.1038104307 1.5453454380 0.3154965260 403.9232387687 160.4719644089
-2.0007657291 1.7629935701 -0.6819514061 510.0487500936 607.2338158792
-1.8246755636 1.8365637605 -0.4718921123 586.4566852899 518.7463044520
-2.1978652673 1.5512577920 -0.0820733873 381.3706057674 342.7824530547
-1.8147805824 1.7005286935 -0.0912446736 544.3732508620 347.0332824211
-1.8687607905 1.6395216927 0.3740385226 506.2144118514 126.4992811482
-1.8980237103 1.9209957642 0.3535455110 590.1069745756 154.3341214540
-1.8992891162 1.6958315500 0.5927369583 516.8885416928 30.8317162232
-1.9677202375 1.9539953751 -0.8044858142 579.8050250810 647.2042166061
-1.9339633712 2.1588428389 -0.7672586114 647.4378933726 618.5727326869
-1.8537363930 2.1767514966 -0.4751485786 675.9167343695 503.4671945537
-2.0009461426 1.8884255044 -0.3091342856 549.9251662089 439.7702588243
-2.0839185599 2.1121327543 -0.1787392208 592.0299616838 381.4179326184
-1.8007556983 1.9812678047 0.0551784552 637.9357381370 283.1906426080
-2.0021261078 2.0086463683 0.6719158105 585.8133141095 32.0484378180
-1.8671153541 2.1795732671 0.7269835846 672.8291575321 14.1292109253
-1.7817101151 1.8511826209 -0.8074481766 604.9365909010 671.8666629085
-1.9389521875 2.1841326748 -0.6648628523 652.6323605298 575.7474082131
-1.8042215426 1.8813328659 -0.2818446438 606.8209104621 432.3867696249
-1.7767929336 2.0072491973 -0.1782002063 653.0545504961 384.8515806137
-1.7534698406 2.0793769081 0.4493600074 680.9432417145 114.9809718716
-1.8353667562 2.1089405381 0.3759185790 663.3407842472 151.9491449047
-1.7604356880 2.0656598370 0.6575958443 675.0459275365 24.8833401617
-1.3492337722 2.1057609491 -0.8169929086 830.9675841792 688.1076571288
-1.4983317879 2.0936842145 -0.5888533520 771.6486078859 573.0908986343
-1.6571184784 1.8321234448 -0.0621704696 639.6373011011 333.3330281348
-1.4726534281 2.0034281786 -0.0936720132 756.4079163000 348.2003766069
-1.5475518711 1.9219229687 0.2115461638 705.6169903200 203.7666416640
-1.4598821192 2.0390700871 0.4072914279 771.1859686974 114.0191296961
-1.3996928611 1.9829751266 -0.7729069412 778.4397135763 675.4385517797
-1.1860357705 2.0705200626 -0.6054671996 888.7655558346 602.6299016807
-1.4194715783 2.0828748510 -0.3704728398 797.9315191531 477.0023546059
-1.2776452368 1.8694489727 0.0047508315 794.8725975643 297.3291230634
-1.0730605838 2.0018530190 0.3056842560 921.9869543005 138.0498635577
-1.2085726006 2.0127526755 0.3547681015 864.4373243802 122.0084105595
-0.9983895204 2.0661635568 -0.7131763571 972.6374154235 673.3838057757
-1.1448503223 1.9295688788 -0.5001948033 869.6995172460 562.7292943584
-1.0393066434 1.9475716529 -0.2178789547 923.5221132025 415.6139170949
-0.9593756649 2.0777024999 -0.1501370496 994.4672663123 378.1902287785
-0.8521590024 1.9558607454 0.3663922634 1020.6804402043 84.9402530029
-1.1747783765 1.9710647288 0.4070187887 868.0032732685 89.6783371265
-0.8567020351 2.0724969975 -0.4066799077 1044.8798827553 519.4928812227
-0.7284212964 2.1001550914 -0.2330155620 1120.0606091617 426.7919979828
-0.6547912955 2.0870834084 0.0211341981 1159.9128560362 281.6056241744
-0.8817151466 2.0931652498 0.1051209762 1036.9272885574 240.9523783948
-0.6486645931 2.0381515495 -0.4048343834 1153.5300033653 532.3578794058
-0.3777328962 2.0709319294 -0.2918463810 1335.7100341314 474.9838678365
-0.6412038263 2.0387083890 -0.1132956810 1158.4338911173 359.9308293142
-0.3761262826 1.9359798530 -0.5684987763 1316.2684265506 670.0361113918
-0.3564413644 1.8880841855 0.3603360344 1325.0840333685 30.6343656877

gimbalangles:
-2.3232630988

end: