T_CW:
-0.4214233710 0.9068640154 0.0000000000 -0.0300000000
-0.0000000000 -0.0000000000 -1.0000000000 -0.0900000000
-0.9068640154 -0.4214233710 0.0000000000 -0.0000000000
0.0000000000 0.0000000000 0.0000000000 1.0000000000

T_CW_cov:
0.0000007579 -0.0000000553 -0.0000001818 0.0000001142 0.0000017060 0.0000000069
-0.0000000553 0.0000006314 0.0000000246 -0.0000015230 -0.0000001081 -0.0000004542
-0.0000001818 0.0000000246 0.0000001279 -0.0000000501 -0.0000003981 -0.0000000109
0.0000001142 -0.0000015230 -0.0000000501 0.0000037311 0.0000002184 0.0000010815
0.0000017060 -0.0000001081 -0.0000003981 0.0000002184 0.0000038962 -0.0000000039
0.0000000069 -0.0000004542 -0.0000000109 0.0000010815 -0.0000000039 0.0000007475

target_points_pix:
-2.1084470842 -2.1437595431 -0.8462827436 246.6627222622 657.5171765641
-2.1505036008 -1.8785447290 -0.6108959777 341.4230708374 566.9621965229
-2.1201637352 -2.1673998295 -0.5899136888 242.7034673900 550.6753082756
-2.1751026614 -2.0680547056 -0.2528774066 288.7155771662 412.7700343167
-1.8436795053 -2.0972325809 -0.0518107199 170.3594797760 328.6756433105
-1.9077635645 -2.1704114228 0.3559764829 170.7048652478 150.1664144295
-2.1512036865 -2.0910517822 0.6218258585 274.6461572558 53.8017461998
-2.0318098922 -1.9024736379 -0.8205725347 298.3845414142 666.6748562806
-1.8643409561 -1.7298116612 -0.6347722235 302.6151862092 607.5415191773
-2.0424396500 -1.6700568512 -0.4559551200 380.2277135539 512.7797972974
-2.0356266141 -1.6670313584 -0.2216670401 379.0510105640 406.4267605275
-2.0876913757 -1.8532165545 -0.1977258456 330.7877062238 393.1105499414
-2.1047669438 -1.7534926241 0.2912902951 369.1689542218 178.6186622224
-1.8466322311 -1.7286678988 0.3992838197 296.2273612582 109.3075332207
-2.1872221107 -1.7737223126 0.6733064363 385.8985804760 20.7589371911
-1.9987360977 -1.5831478012 -0.6409907786 398.9000070132 604.5238744811
-2.0382461791 -1.3326640660 -0.1757110182 505.7204051588 387.8536758933
-1.9735375390 -1.6542454496 0.0160468711 364.6528807746 296.6701231737
-1.9694449003 -1.5102548261 0.2682812325 416.8683068649 174.0522167797
-1.8981907482 -1.3803410260 0.4931111575 446.6663938281 51.2846123558
-2.1515454672 -1.3696679846 0.5936939434 520.7611301412 31.0561283950
-2.1560010034 -1.2844100836 -0.7490828701 555.2611873676 653.4997969920
-1.8791834842 -1.2260730902 -0.3393922451 505.7484641938 477.1657360797
-2.0440471078 -1.0966304069 -0.2533872139 605.5503607904 428.6952044825
-1.9713422318 -1.2553782583 -0.1780519513 519.1696606944 390.7099940053
-2.1413915681 -1.1443759247 0.1206337022 608.0492102337 245.1158778930
-1.9976942520 -1.1816657871 0.4636784555 557.4477608265 66.7858904106
-2.0420969507 -0.8909787896 -0.6562326980 698.2444761902 642.4415246617
-2.1349248961 -1.0739685817 -0.3356921987 636.3136159898 466.3458366259
-2.0329931114 -1.0364522726 -0.2506829583 629.4110573671 428.6070136469
-1.9964769104 -0.9789673083 -0.0633441457 646.8813248922 332.4931050181
-2.0871240887 -1.0260110717 0.1519259638 646.4376902864 225.0673710050
-1.8855696832 -0.5597975338 -0.3500282611 838.2530613655 502.2865670699
-2.0366653240 -0.5797354377 -0.1590398876 852.8036822155 384.9645380227
-1.9221818306 -0.9124272166 0.0901865197 660.8025682929 247.6611974001
-2.0876470204 -0.8959227815 0.3128667921 705.3765681722 139.3439303860
-2.1452367339 -0.9267502190 0.5820317656 703.2162423511 10.5506473835
-2.1952372272 -0.7046575153 0.5517900690 815.4600878999 18.7163537719
-1.8230665739 -0.3324337885 -0.5518839596 966.5285843083 646.4334951066
-1.8149502794 -0.3269151280 -0.6100474934 969.0419589707 685.9168725736
-2.0899565708 -0.6540210319 -0.0673717668 822.8981739404 334.2817629122
-1.8622674728 -0.4048797174 -0.1332856099 926.2873714451 373.5595629167
-1.8483290310 -0.4352708366 0.3157310814 905.8257862464 91.4577328520
-1.9499979981 -0.3936762340 0.4339978451 945.4311397043 29.7926387166
-1.9908447012 -0.3801654029 -0.5518766256 958.0364397187 620.2046143017
-1.9508663012 -0.4204201028 -0.3158605866 929.2540406227 481.7661447647
-1.9282228052 -0.3422863927 -0.1986349192 973.4832257917 413.3319216755
-1.8307278366 -0.3649187074 -0.1020312630 946.8963981791 354.1096212747
-2.1653125976 -0.3185303887 0.2228715646 1012.3685613578 172.0379241657
-1.9953435832 -0.1856712384 0.4673006755 1078.6562414185 1.2542223283
-2.1850709518 0.1766330917 -0.3112378666 1320.3178060213 480.9884533908
-2.1302348748 0.1741631005 -0.1246265184 1321.5503860806 367.5255248219
-2.0390392157 0.0266576880 0.1803748992 1221.3197824203 174.1880540443
-2.1040212686 -0.1858632528 0.2189118048 1085.5119989141 164.5015872279
-2.1494438675 -0.1759117361 0.4480410634 1094.3643222718 35.4785021597
-2.0887152358 0.0614816292 0.3387705058 1244.9949049221 77.9525414930
-1.7169756673 -2.0306084985 -0.3442061790 143.7572384939 468.1189356351
-1.6501252226 -2.1518835387 -0.1868133351 76.6330054557 392.5068643799
-1.9076947486 -2.0906629332 0.0539072926 195.4158990428 282.0482301903
-1.7608405348 -1.9343170826 0.0562900857 192.7617519245 275.6139514681
-1.9063764253 -1.8660205765 0.3738369208 268.5389455577 131.6779984974
-1.8966016870 -2.0532493118 0.5599591477 203.5994910652 53.9177162305
-1.5796895824 -2.1471275155 -0.5889229412 48.5505561742 592.4933250387
-1.6623309028 -2.0764444490 -0.4483026474 106.6332419306 520.0583472522
-1.6185755682 -2.0335792471 -0.1038771344 101.6996566227 352.8097623421
-1.4426495618 -1.8136163176 0.1905162106 99.4252428293 188.8900093715
-1.5361605155 -2.1257179523 0.3896727763 34.6792494102 102.9815738710
-1.4013295484 -1.8286690344 -0.4892912054 74.5262934281 572.0845609395

gimbalangles:
2.8907235000

end: