T_CW:
-0.9583873939 0.2854708447 -0.0000000000 -0.0300000000
-0.0000000000 -0.0000000000 -1.0000000000 -0.0900000000
-0.2854708447 -0.9583873939 0.0000000000 0.0000000000
0.0000000000 0.0000000000 0.0000000000 1.0000000000

T_CW_cov:
0.0000010460 0.0000000555 0.0000002374 -0.0000001249 0.0000022694 -0.0000000046
0.0000000555 0.0000006017 0.0000000267 -0.0000014405 0.0000001111 0.0000004043
0.0000002374 0.0000000267 0.0000001392 -0.0000000582 0.0000004993 0.0000000095
-0.0000001249 -0.0000014405 -0.0000000582 0.0000035129 -0.0000002497 -0.0000009529
0.0000022694 0.0000001111 0.0000004993 -0.0000002497 0.0000049886 -0.0000000260
-0.0000000046 0.0000004043 0.0000000095 -0.0000009529 -0.0000000260 0.0000006763

target_points_pix:
-2.1084470842 -2.1437595431 -0.8462827436 1282.7659739289 677.0889627359
-2.1201637352 -2.1673998295 -0.5899136888 1279.4085318031 562.9861249707
-2.1751026614 -2.0680547056 -0.2528774066 1333.5965837940 418.7164155446
-1.8436795053 -2.0972325809 -0.0518107199 1203.1994151984 328.4496578902
-1.9077635645 -2.1704114228 0.3559764829 1203.7846453430 147.5619522765
-2.1512036865 -2.0910517822 0.6218258585 1317.3138747841 28.5460683479
-2.0318098922 -1.9024736379 -0.8205725347 1342.9100447730 699.0590589732
-1.8466322311 -1.7286678988 0.3992838197 1343.3262602134 84.3561747215
-1.7169756673 -2.0306084985 -0.3442061790 1175.7763474529 467.8000059744
-1.6501252226 -2.1518835387 -0.1868133351 1112.3027950823 390.7842696010
-1.9076947486 -2.0906629332 0.0539072926 1229.3859279028 280.0485634338
-1.7608405348 -1.9343170826 0.0562900857 1226.6155415583 273.5050172646
-1.9063764253 -1.8660205765 0.3738369208 1310.5316615501 113.7327128438
-1.8966016870 -2.0532493118 0.5599591477 1237.9967563151 43.4853215961
-1.5796895824 -2.1471275155 -0.5889229412 1085.8359252356 578.0651904875
-1.6623309028 -2.0764444490 -0.4483026474 1139.5031349833 515.6912142977
-1.6185755682 -2.0335792471 -0.1038771344 1135.6755644374 352.8585774052
-1.3119388669 -2.0378495674 0.0669159930 1005.8004180193 267.5567311338
-1.4426495618 -1.8136163176 0.1905162106 1133.7562607209 193.7153465592
-1.5361605155 -2.1257179523 0.3896727763 1075.1928882448 119.8261569227
-1.4013295484 -1.8286690344 -0.4892912054 1109.1758108067 562.4502852554
-1.2231305079 -1.8176706409 -0.3259783931 1029.4329615083 477.9495778094
-1.0540651075 -1.9318002681 0.1505068516 915.7421261298 215.8537040221
-1.3064759274 -1.9948704185 0.0836250030 1015.3427595195 257.5264869867
-1.0817565838 -1.8792648318 0.4912548355 943.2725823625 24.4282042098
-1.2632768288 -2.1108735220 0.5969392310 965.9291628962 9.5696045934
-0.8996479791 -2.0374637846 -0.5070061223 816.8124767031 566.4365501377
-1.0352279963 -1.9014060949 -0.2873643345 914.1946179731 455.1344264442
-0.8524976807 -2.0244151995 0.1476430308 796.5934337048 219.3689995229
-0.9396370708 -1.8606308446 0.3999390077 877.0093346984 67.3641055581
-0.9669781436 -2.0218379039 0.4458862138 852.7270071832 63.6041797684
-0.9005062453 -1.9343387993 -0.4449024492 839.3882507199 542.4598285780
-0.9123079585 -2.1284580629 -0.2558047657 804.7202916441 430.5467716765
-0.6883316207 -1.8469608032 -0.1589367572 746.2550751806 387.3695555515
-0.8632153327 -2.1951362328 0.0753490344 769.9040487656 264.3343662107
-0.8519744113 -2.1769645328 0.5888393439 768.1786797842 6.1017721267
-0.5097935959 -2.1148276580 -0.5873151168 609.9391971391 612.9256178769
-0.4729021202 -2.0583920602 -0.5698937838 597.1261345369 611.4514718086
-0.5877027471 -2.1220845631 -0.1952625424 648.5369897062 402.2251955477
-0.6397658702 -1.9962388135 0.1742825485 693.7148976261 199.2867692021
-0.6116385735 -1.9244833139 0.2116265258 690.3292461916 172.0869918401
-0.1300626629 -2.1529462385 -0.6921622961 403.5806949584 679.2236208133
-0.1742632593 -2.0133338748 -0.0902612282 432.8669094776 346.5244800897
-0.0635647412 -2.0690742069 -0.0068415662 365.9700176009 297.9361510100
-0.0944812710 -2.1207718532 0.3757183913 383.3708928181 82.9252503920
-0.0662106627 -1.9797613538 -0.6179389584 369.4400164839 666.1376369897
-0.1169270298 -2.1924969758 -0.1057671843 394.4865222652 354.9322537347
0.1530304316 -1.8975286955 -0.1486459519 223.8666740803 384.4891448479
0.1031985642 -2.0237017061 0.3770378668 263.3990718656 61.7691092287
0.3132888607 -1.9172675775 -0.3784857863 114.4599360721 537.0361774141
0.1798051282 -2.1376171259 -0.2101951836 221.5746967812 415.9864235513
0.1105084575 -1.8324156555 -0.0292469899 249.4082617193 305.2076096250
0.2272400275 -2.1411056604 0.1748769749 192.4945260865 191.1979716297
0.4405851561 -2.0683433711 0.4238748486 47.1204643039 25.0879801100
0.3990427333 -1.9565363562 -0.4157579215 59.2437101292 559.7157973021
0.3632319295 -1.8211024113 0.3728792086 63.5591680405 19.0254993305

gimbalangles:
1.9461681521

end: