T_CW:
-0.7647707824 0.6443024526 -0.0000000000 -0.0300000000
-0.0000000000 -0.0000000000 -1.0000000000 -0.0900000000
-0.6443024526 -0.7647707824 0.0000000000 -0.0000000000
0.0000000000 0.0000000000 0.0000000000 1.0000000000

T_CW_cov:
0.0000005227 0.0000000093 0.0000000431 -0.0000000218 0.0000012426 -0.0000000558
0.0000000093 0.0000011994 0.0000000071 -0.0000029865 0.0000000247 0.0000002755
0.0000000431 0.0000000071 0.0000001117 -0.0000000091 0.0000000947 -0.0000000031
-0.0000000218 -0.0000029865 -0.0000000091 0.0000074971 -0.0000000589 -0.0000006800
0.0000012426 0.0000000247 0.0000000947 -0.0000000589 0.0000030129 -0.0000001354
-0.0000000558 0.0000002755 -0.0000000031 -0.0000006800 -0.0000001354 0.0000005864

target_points_pix:
-2.1084470842 -2.1437595431 -0.8462827436 763.6696429208 640.2606084512
-2.1505036008 -1.8785447290 -0.6108959777 851.1384435767 561.5984845579
-2.1201637352 -2.1673998295 -0.5899136888 760.5541295943 539.1841124768
-2.1751026614 -2.0680547056 -0.2528774066 802.4132275748 410.1652325970
-1.8436795053 -2.0972325809 -0.0518107199 698.2083736083 330.5211920422
-1.9077635645 -2.1704114228 0.3559764829 698.6386685065 166.2689817926
-2.1512036865 -2.0910517822 0.6218258585 789.8304937077 67.9233876636
-2.0318098922 -1.9024736379 -0.8205725347 810.4653313570 654.2894748484
-1.8643409561 -1.7298116612 -0.6347722235 814.5553206345 597.9512366205
-2.0424396500 -1.6700568512 -0.4559551200 888.6412439836 511.0081725556
-2.0356266141 -1.6670313584 -0.2216670401 887.7543755185 405.8259303321
-2.0876913757 -1.8532165545 -0.1977258456 841.5159945782 391.9517817576
-2.1047669438 -1.7534926241 0.2912902951 878.4483579668 181.2697570189
-1.8466322311 -1.7286678988 0.3992838197 809.4940630261 118.9148911034
-2.1872221107 -1.7737223126 0.6733064363 894.7156217984 23.9126267454
-1.9987360977 -1.5831478012 -0.6409907786 906.6806722718 603.4256338833
-2.0382461791 -1.3326640660 -0.1757110182 1017.1358157558 389.1968527286
-1.9735375390 -1.6542454496 0.0160468711 873.9580803340 297.6042337510
-1.9694449003 -1.5102548261 0.2682812325 925.4313345522 173.6878999191
-1.8981907482 -1.3803410260 0.4931111575 955.6063530170 47.3072461115
-2.1515454672 -1.3696679846 0.5936939434 1033.4941644685 17.9852297648
-2.1560010034 -1.2844100836 -0.7490828701 1070.1371939028 669.9648638816
-1.8791834842 -1.2260730902 -0.3393922451 1016.9823726542 481.7380097955
-2.0440471078 -1.0966304069 -0.2533872139 1127.8556418521 434.6048906684
-1.9713422318 -1.2553782583 -0.1780519513 1031.5978570540 392.3712338495
-2.1413915681 -1.1443759247 0.1206337022 1131.0141819369 237.0287888001
-1.9976942520 -1.1816657871 0.4636784555 1073.7692564339 50.8978912295
-2.0420969507 -0.8909787896 -0.6562326980 1237.5637804406 675.9437815019
-2.1349248961 -1.0739685817 -0.3356921987 1163.5568646903 476.5601631766
-2.0329931114 -1.0364522726 -0.2506829583 1155.6124248747 435.2895205400
-1.9964769104 -0.9789673083 -0.0633441457 1176.5025900224 330.7803195569
-2.0871240887 -1.0260110717 0.1519259638 1176.0357750085 213.3714902341
-1.9221818306 -0.9124272166 0.0901865197 1193.3266437570 237.3640185743
-2.0876470204 -0.8959227815 0.3128667921 1247.6982080289 114.2293974479
-1.7809738419 -1.8342199357 -0.8692251670 754.3059652289 702.0868703591
-1.7169756673 -2.0306084985 -0.3442061790 675.5103104340 457.9182796377
-1.6501252226 -2.1518835387 -0.1868133351 620.8876268419 388.1395283597
-1.9076947486 -2.0906629332 0.0539072926 719.6915598423 287.0918953852
-1.7608405348 -1.9343170826 0.0562900857 717.3312367036 281.1609852417
-1.9063764253 -1.8660205765 0.3738369208 784.2533301646 142.4482008709
-1.8966016870 -2.0532493118 0.5599591477 726.7461102085 74.6492399623
-1.5796895824 -2.1471275155 -0.5889229412 597.9653365354 564.8596904636
-1.6623309028 -2.0764444490 -0.4483026474 644.7555086800 503.4825148888
-1.6185755682 -2.0335792471 -0.1038771344 641.1020031030 352.7063227997
-1.3119388669 -2.0378495674 0.0669159930 524.2207589278 270.3394612973
-1.4426495618 -1.8136163176 0.1905162106 639.1947698191 205.1727050292
-1.5361605155 -2.1257179523 0.3896727763 587.7724874692 132.4846020315
-1.6094412696 -1.8973613024 0.6184070836 676.6763475667 14.0519378765
-1.4358768580 -2.0111886180 -0.8261469596 580.7802058869 693.9648070341
-1.4013295484 -1.8286690344 -0.4892912054 618.4184944148 548.5301190147
-1.2231305079 -1.8176706409 -0.3259783931 546.4832597151 472.6236994152
-1.0540651075 -1.9318002681 0.1505068516 437.2765704535 216.4367840280
-1.3064759274 -1.9948704185 0.0836250030 533.1140123613 260.9381307401
-1.0817565838 -1.8792648318 0.4912548355 464.3854438516 28.9023649590
-1.2632768288 -2.1108735220 0.5969392310 486.3615563064 16.5695842776
-0.8996479791 -2.0374637846 -0.5070061223 336.3001696837 572.8343239794
-1.0352279963 -1.9014060949 -0.2873643345 436.0990354526 454.6555896529
-0.8524976807 -2.0244151995 0.1476430308 313.9636483343 214.4048409099
-0.9396370708 -1.8606308446 0.3999390077 398.2794156065 64.9432523658
-0.9669781436 -2.0218379039 0.4458862138 373.2901878177 58.5949020791
-0.9005062453 -1.9343387993 -0.4449024492 360.0434498578 546.5507538287
-0.9123079585 -2.1284580629 -0.2558047657 322.9797048091 433.2552065725
-0.6883316207 -1.8469608032 -0.1589367572 259.0933066048 389.3254445974
-0.8632153327 -2.1951362328 0.0753490344 284.9000306361 260.1576696222
-0.5097935959 -2.1148276580 -0.5873151168 100.2017440626 641.4546230901
-0.4729021202 -2.0583920602 -0.5698937838 84.4674420834 641.1328467409
-0.5877027471 -2.1220845631 -0.1952625424 146.0670002565 406.9758152896
-0.6397658702 -1.9962388135 0.1742825485 199.0594012567 187.6929037274
-0.6116385735 -1.9244833139 0.2116265258 195.1934528605 158.2368329792

gimbalangles:
2.2056366779

end: