T_CW:
0.9355606013 0.3531661949 -0.0000000000 -0.0300000000
0.0000000000 -0.0000000000 -1.0000000000 -0.0900000000
-0.3531661949 0.9355606013 -0.0000000000 0.0000000000
0.0000000000 0.0000000000 0.0000000000 1.0000000000

T_CW_cov:
0.0000010226 -0.0000001409 -0.0000002329 0.0000003020 0.0000022791 -0.0000000337
-0.0000001409 0.0000009636 0.0000000330 -0.0000022895 -0.0000003134 -0.0000007135
-0.0000002329 0.0000000330 0.0000001486 -0.0000000597 -0.0000005028 0.0000000074
0.0000003020 -0.0000022895 -0.0000000597 0.0000055062 0.0000006732 0.0000016737
0.0000022791 -0.0000003134 -0.0000005028 0.0000006732 0.0000051431 -0.0000000708
-0.0000000337 -0.0000007135 0.0000000074 0.0000016737 -0.0000000708 0.0000010245

target_points_pix:
-2.0007657291 1.7629935701 -0.6819514061 69.1588005813 636.2138056913
-1.8246755636 1.8365637605 -0.4718921123 161.0242192938 533.3554327237
-1.8147805824 1.7005286935 -0.0912446736 110.3388747174 346.5537053445
-1.8687607905 1.6395216927 0.3740385226 63.6282504555 100.6271924989
-1.8980237103 1.9209957642 0.3535455110 164.7568599093 137.2515436432
-1.9677202375 1.9539953751 -0.8044858142 153.6279066681 673.6898526623
-1.9339633712 2.1588428389 -0.7672586114 231.9478838523 636.5973391736
-1.8537363930 2.1767514966 -0.4751485786 263.7164958691 512.3398107604
-2.0009461426 1.8884255044 -0.3091342856 117.0883089188 448.6021399780
-2.0839185599 2.1121327543 -0.1787392208 167.0555740410 383.9868282998
-1.8007556983 1.9812678047 0.0551784552 220.3554424538 278.3464148371
-2.0021261078 2.0086463683 0.6719158105 159.8090968140 3.9369676774
-1.7817101151 1.8511826209 -0.8074481766 183.3804698093 697.7400160384
-1.9389521875 2.1841326748 -0.6648628523 237.6784633928 590.5287840633
-1.8042215426 1.8813328659 -0.2818446438 184.6597421710 438.9066464352
-1.7767929336 2.0072491973 -0.1782002063 237.7318608378 387.0291063402
-1.7534698406 2.0793769081 0.4493600074 268.9332016166 101.5535239934
-1.8353667562 2.1089405381 0.3759185790 249.1454173707 139.4575912444
-1.7604356880 2.0656598370 0.6575958443 262.4331144551 5.7701986051
-1.3492337722 2.1057609491 -0.8169929086 430.1940190413 691.4542351561
-1.4983317879 2.0936842145 -0.5888533520 368.1594835181 579.2708344196
-1.6571184784 1.8321234448 -0.0621704696 222.4502477314 332.0490946066
-1.4726534281 2.0034281786 -0.0936720132 351.5053163893 348.0727601817
-1.5475518711 1.9219229687 0.2115461638 296.3461691953 196.5876780159
-1.4598821192 2.0390700871 0.4072914279 367.0540324165 107.3178031784
-1.3996928611 1.9829751266 -0.7729069412 375.6931632305 683.6987095613
-1.1860357705 2.0705200626 -0.6054671996 487.9903040646 600.8641654934
-1.4194715783 2.0828748510 -0.3704728398 395.5135221798 479.4879055034
-1.2776452368 1.8694489727 0.0047508315 392.0786835533 296.1942293157
-1.0730605838 2.0018530190 0.3056842560 519.8386652070 141.5231685561
-1.2085726006 2.0127526755 0.3547681015 463.0998402222 121.9524401419
-0.9983895204 2.0661635568 -0.7131763571 569.1420211785 663.5631670354
-1.1448503223 1.9295688788 -0.5001948033 468.9440721441 562.3372839074
-1.0393066434 1.9475716529 -0.2178789547 521.5789088499 414.4805134367
-0.9593756649 2.0777024999 -0.1501370496 588.9179438530 377.1744864088
-0.8521590024 1.9558607454 0.3663922634 612.9383433092 96.5106431084
-1.1747783765 1.9710647288 0.4070187887 466.6742544949 89.9126612872
-0.8567020351 2.0724969975 -0.4066799077 635.4642785558 511.0734336841
-0.7284212964 2.1001550914 -0.2330155620 702.0174228150 421.5354525795
-0.6547912955 2.0870834084 0.0211341981 736.1342700501 287.0814626643
-0.8817151466 2.0931652498 0.1051209762 627.8554043828 246.1799865350
-0.6486645931 2.0381515495 -0.4048343834 731.0590424917 518.2867119514
-0.3777328962 2.0709319294 -0.2918463810 879.6785119722 460.1351859896
-0.6412038263 2.0387083890 -0.1132956810 734.9253767599 359.2147614753
-0.3102710352 1.9260298101 0.1150357669 903.1791270013 221.1007059531
-0.6231705820 2.1520952738 0.5384759296 762.3785812954 17.8061652458
-0.3761262826 1.9359798530 -0.5684987763 864.9579565680 633.1953665722
-0.1470818764 2.0278346330 -0.3590369503 1010.2403805669 507.3260701048
-0.1320941456 1.8887090879 -0.2943923727 1012.1819328739 477.7974618725
-0.3254142569 2.0063571584 0.0721937411 902.5965817954 251.2981169280
-0.2945068937 2.1581701266 0.2369112271 934.1187881142 166.4697295404
-0.3564413644 1.8880841855 0.3603360344 871.0911853514 68.3572764561
-0.1733428557 2.0220748053 -0.3567373217 993.9101645728 505.6502950125
0.1853169703 1.9556145586 -0.2926013520 1230.4541401068 479.9066191862
0.1459432429 2.0821321832 0.0768023636 1197.7273657859 243.3191313054
-0.1806544141 2.1115250387 0.4424313824 995.3514970229 41.1980671982
0.0606416587 1.9370533156 -0.6051155074 1142.7897189702 681.0606049609
0.1622540602 1.9938421750 -0.2072898762 1212.2597017908 421.7007006655
0.1326497219 2.1934063378 0.1317613825 1185.4545049572 216.8891481074
0.0874333717 2.0552167764 0.3189859915 1159.9964125102 93.5421629972

gimbalangles:
-1.9886006026

end: