T_CW:
-0.9192178788 -0.3937492747 -0.0000000000 -0.0300000000
-0.0000000000 0.0000000000 -1.0000000000 -0.0900000000
0.3937492747 -0.9192178788 -0.0000000000 -0.0000000000
0.0000000000 0.0000000000 0.0000000000 1.0000000000

T_CW_cov:
0.0000011554 0.0000000358 -0.0000003029 -0.0000001146 0.0000025747 -0.0000000847
0.0000000358 0.0000007694 -0.0000000163 -0.0000018394 0.0000000820 -0.0000005408
-0.0000003029 -0.0000000163 0.0000001786 0.0000000549 -0.0000006659 0.0000000269
-0.0000001146 -0.0000018394 0.0000000549 0.0000044628 -0.0000002597 0.0000012859
0.0000025747 0.0000000820 -0.0000006659 -0.0000002597 0.0000058002 -0.0000001914
-0.0000000847 -0.0000005408 0.0000000269 0.0000012859 -0.0000001914 0.0000008718

target_points_pix:
-0.1742632593 -2.0133338748 -0.0902612282 1282.5924084844 346.0485651134
-0.0635647412 -2.0690742069 -0.0068415662 1203.7357281743 294.2953618098
-0.0944812710 -2.1207718532 0.3757183913 1223.7147255642 61.5568109139
-0.0662106627 -1.9797613538 -0.6179389584 1205.7093280071 688.5866848047
-0.1169270298 -2.1924969758 -0.1057671843 1236.4090337340 355.3114601045
0.1530304316 -1.8975286955 -0.1486459519 1054.1885507486 384.1949603876
0.1031985642 -2.0237017061 0.3770378668 1093.7713678574 59.0939685462
0.3132888607 -1.9172675775 -0.3784857863 952.9568953047 524.7934284421
0.1798051282 -2.1376171259 -0.2101951836 1051.9147485670 415.1742817619
0.1105084575 -1.8324156555 -0.0292469899 1079.5757597584 305.1540207892
0.2272400275 -2.1411056604 0.1748769749 1024.6227240115 195.8778320913
0.4405851561 -2.0683433711 0.4238748486 897.1172387937 56.9879478703
0.4815465084 -1.8793705061 -0.5230342546 846.7772578969 609.6423833288
0.3990427333 -1.9565363562 -0.4157579215 906.1186465196 540.6476700235
0.4486312133 -1.8539060129 -0.1883259814 862.2723807630 407.4393106137
0.3632319295 -1.8211024113 0.3728792086 910.3733959767 48.7129515432
0.5574486502 -2.0322558777 -0.7031584427 828.4525254321 688.4336113884
0.6760474197 -1.9397994560 -0.6523280362 749.5713227774 665.9458870815
0.7253359792 -2.1817755865 -0.2257816326 767.8368396766 415.6047424454
0.5521447994 -2.0609144530 0.1825896689 835.7109617360 195.6798970695
0.7303731863 -2.0822931857 0.3409704371 748.4339321752 117.8750054668
0.6476928819 -2.1574243192 0.5713258643 801.8883873731 1.2836081049
1.1317356309 -2.0884930166 -0.7438131423 566.5242798930 667.9105297997
1.1412416106 -1.8295073638 -0.6345165439 493.8570474689 643.4710001678
0.9861579955 -1.8556052624 -0.1516633468 573.5391196735 380.7807631982
0.9744884137 -2.0744573202 -0.0279052589 631.7399199335 314.8577315350
1.0497963986 -2.1500163623 0.1130776453 615.0528764427 247.3380607441
1.1645815082 -1.9323382726 0.3340032188 512.0665127039 125.1862470165
1.4392129643 -1.8700391144 -0.5937131543 377.9356838000 602.3411734202
1.0957124707 -1.9729375961 -0.3804741473 553.4125966000 497.1246777867
1.1414929988 -1.8889137699 0.0034042731 510.2479926167 296.6247685928
1.0945837433 -2.0389881176 0.3006338205 570.2489723535 148.7823588095
1.4393964913 -1.9257707133 0.4658256223 394.8398818738 69.2638238715
1.4552108980 -2.1534895360 -0.3988016236 453.1180169595 487.1671419563
1.4738540436 -2.1896147329 -0.4198177334 455.4872630780 494.3944450539
1.6178416807 -2.1438940522 -0.1704101383 390.7401509186 382.2156523082
1.4202388581 -1.9292284751 0.1519875394 403.4331272059 225.5165269379
1.4540855342 -1.8634546581 0.3616523237 369.2235172616 116.1644605286
1.6515776837 -1.9582625309 0.6261781571 323.6118020452 6.0557506088
1.5500197577 -1.8331921533 -0.5554902840 321.4635013552 581.7357238844
1.5846467715 -1.9336166739 -0.6639477059 341.3117804012 623.7714715936
1.9321190477 -2.1599753080 -0.0702477115 288.2826195148 337.8457574161
1.6246449477 -1.8284173664 -0.1805362603 290.2842175351 391.5652080277
1.8287333310 -2.1096127800 0.4298580792 307.5281829223 118.7313016955
1.8189521181 -1.8687795054 0.3772446023 232.6255241948 122.9494138129
1.9274821332 -1.8498540672 -0.8353092798 189.3929777632 696.8557072556
2.0374027157 -2.1244149509 -0.3365820874 244.0851645548 450.0826600536
2.1491235341 -1.9917465812 -0.1360297587 165.5562801034 365.9673774138
2.1669461480 -2.0348379959 0.1746042754 174.4969890349 233.2046782204
1.9176417327 -2.0436961438 0.4066997927 257.3650576278 126.8276979650
2.0354595881 -2.0156551074 0.4343671524 209.6719082539 116.4887086369
1.9957364715 -1.7797589391 -0.6344362442 139.0817919260 606.2419869404
1.9042748829 -1.9042753353 -0.4328866630 215.7414781492 505.2304152853
1.8846077334 -1.9057062088 -0.2031318719 222.6859432638 398.7940694097
2.0334372040 -1.7098496250 -0.1674277110 97.2843993402 383.7085166869
2.1236293352 -1.8015306133 0.1567353075 103.9097499541 231.0544977473
1.9732330312 -1.8708953160 0.5405975112 180.1028566368 52.6418611561
2.0360158626 -1.6413631920 -0.1266119045 67.3771517443 364.1750125181

gimbalangles:
1.3399967163

end: