T_CW:
-0.8915062618 0.4530083720 0.0000000000 -0.0300000000
0.0000000000 0.0000000000 -1.0000000000 -0.0900000000
-0.4530083720 -0.8915062618 -0.0000000000 0.0000000000
0.0000000000 0.0000000000 0.0000000000 1.0000000000

T_CW_cov:
0.0000008245 0.0000000732 0.0000001479 -0.0000001738 0.0000019057 -0.0000000516
0.0000000732 0.0000009432 0.0000000069 -0.0000023141 0.0000001762 0.0000005600
0.0000001479 0.0000000069 0.0000001336 -0.0000000066 0.0000003171 -0.0000000132
-0.0000001738 -0.0000023141 -0.0000000066 0.0000057467 -0.0000004215 -0.0000013385
0.0000019057 0.0000001762 0.0000003171 -0.0000004215 0.0000044739 -0.0000001160
-0.0000000516 0.0000005600 -0.0000000132 -0.0000013385 -0.0000001160 0.0000008766

target_points_pix:
-2.1084470842 -2.1437595431 -0.8462827436 1038.9161795406 653.6719851772
-2.1505036008 -1.8785447290 -0.6108959777 1136.4325551801 575.3691394232
-2.1201637352 -2.1673998295 -0.5899136888 1035.7350132428 547.8157201923
-2.1751026614 -2.0680547056 -0.2528774066 1082.0406597994 413.4198249538
-1.8436795053 -2.0972325809 -0.0518107199 968.8024848744 329.8580580184
-1.9077635645 -2.1704114228 0.3559764829 969.3320496693 160.1786855746
-2.1512036865 -2.0910517822 0.6218258585 1068.2231456929 53.2025553676
-2.0318098922 -1.9024736379 -0.8205725347 1090.5417149006 671.4180293105
-1.8643409561 -1.7298116612 -0.6347722235 1095.3218880214 612.2129116006
-2.0424396500 -1.6700568512 -0.4559551200 1179.4019792758 522.8338327475
-2.0356266141 -1.6670313584 -0.2216670401 1178.5760683189 409.8732316089
-2.0876913757 -1.8532165545 -0.1977258456 1125.8846997681 394.5580097263
-2.1047669438 -1.7534926241 0.2912902951 1167.9944609891 169.1057606861
-1.8466322311 -1.7286678988 0.3992838197 1090.1771516121 105.7412841639
-1.9987360977 -1.5831478012 -0.6409907786 1199.9964990294 623.0579958096
-2.0382461791 -1.3326640660 -0.1757110182 1331.3144071575 393.1060253715
-1.9735375390 -1.6542454496 0.0160468711 1162.8924506463 293.8162943755
-1.9694449003 -1.5102548261 0.2682812325 1222.3976234343 159.0737774353
-1.8981907482 -1.3803410260 0.4931111575 1257.7190820251 20.2624987449
-1.8791834842 -1.2260730902 -0.3393922451 1331.0759230910 495.2190020906
-1.7169756673 -2.0306084985 -0.3442061790 944.6006172200 460.9791361977
-1.6501252226 -2.1518835387 -0.1868133351 887.6115009492 388.8000615883
-1.9076947486 -2.0906629332 0.0539072926 991.8192470777 284.7070299422
-1.7608405348 -1.9343170826 0.0562900857 989.3228134169 278.5742231235
-1.9063764253 -1.8660205765 0.3738369208 1062.1739000917 131.7682688637
-1.8966016870 -2.0532493118 0.5599591477 999.4505098656 63.9120088726
-1.5796895824 -2.1471275155 -0.5889229412 863.7870274115 567.5933830026
-1.6623309028 -2.0764444490 -0.4483026474 912.2536649756 506.8788178064
-1.6185755682 -2.0335792471 -0.1038771344 908.6326328758 352.7601093259
-1.3119388669 -2.0378495674 0.0669159930 789.6495813459 270.4801642311
-1.4426495618 -1.8136163176 0.1905162106 906.7714055073 202.0592848116
-1.5361605155 -2.1257179523 0.3896727763 853.7585512439 130.1506476499
-1.6094412696 -1.8973613024 0.6184070836 946.0495148987 4.3690711367
-1.4358768580 -2.0111886180 -0.8261469596 845.9890962574 697.2089788302
-1.4013295484 -1.8286690344 -0.4892912054 884.8745024427 551.9510030474
-1.2231305079 -1.8176706409 -0.3259783931 811.7148304130 473.0247682472
-1.0540651075 -1.9318002681 0.1505068516 704.4940227224 218.8567260283
-1.3064759274 -1.9948704185 0.0836250030 798.5248032199 260.9328998618
-1.0817565838 -1.8792648318 0.4912548355 730.7487736575 32.9965910678
-1.2632768288 -2.1108735220 0.5969392310 752.2558679456 19.5458476258
-0.8996479791 -2.0374637846 -0.5070061223 608.6384245967 564.7980017205
-1.0352279963 -1.9014060949 -0.2873643345 703.1592033000 452.8139481943
-0.8524976807 -2.0244151995 0.1476430308 588.3542657929 219.9446177970
-0.9396370708 -1.8606308446 0.3999390077 667.1684088980 72.0798278628
-0.9669781436 -2.0218379039 0.4458862138 643.5758636491 67.2916646301
-0.9005062453 -1.9343387993 -0.4449024492 630.7937192058 540.3291432387
-0.9123079585 -2.1284580629 -0.2558047657 596.5433737500 430.0842322375
-0.6883316207 -1.8469608032 -0.1589367572 538.1255484678 387.4584040302
-0.8632153327 -2.1951362328 0.0753490344 561.7761149661 264.3398820482
-0.8519744113 -2.1769645328 0.5888393439 560.0288590779 6.0749805035
-0.5097935959 -2.1148276580 -0.5873151168 398.1301151203 619.3503143154
-0.4729021202 -2.0583920602 -0.5698937838 384.6577644416 618.3533528279
-0.5877027471 -2.1220845631 -0.1952625424 438.1679120946 403.1569447718
-0.6397658702 -1.9962388135 0.1742825485 484.6499393207 197.5531924979
-0.6116385735 -1.9244833139 0.2116265258 481.1854648293 169.9683639809
-0.1300626629 -2.1529462385 -0.6921622961 174.6259316292 698.2798263220
-0.1742632593 -2.0133338748 -0.0902612282 206.6790060231 346.2462747980
-0.0635647412 -2.0690742069 -0.0068415662 131.6738749734 294.4449268654
-0.0944812710 -2.1207718532 0.3757183913 151.3650861277 66.3144899857
-0.0662106627 -1.9797613538 -0.6179389584 136.3366516549 686.1458493952
-0.1169270298 -2.1924969758 -0.1057671843 163.7757869233 355.1244956241

gimbalangles:
2.0750246485

end: