T_CW:
0.5872900439 0.8093765529 -0.0000000000 -0.0300000000
0.0000000000 -0.0000000000 -1.0000000000 -0.0900000000
-0.8093765529 0.5872900439 -0.0000000000 0.0000000000
0.0000000000 0.0000000000 0.0000000000 1.0000000000

T_CW_cov:
0.0000005149 -0.0000000433 0.0000000836 0.0000001169 0.0000011917 -0.0000000915
-0.0000000433 0.0000011911 0.0000000017 -0.0000029247 -0.0000001081 0.0000005303
0.0000000836 0.0000000017 0.0000001155 0.0000000075 0.0000001813 -0.0000000109
0.0000001169 -0.0000029247 0.0000000075 0.0000072435 0.0000002889 -0.0000012937
0.0000011917 -0.0000001081 0.0000001813 0.0000002889 0.0000028187 -0.0000002152
-0.0000000915 0.0000005303 -0.0000000109 -0.0000012937 -0.0000002152 0.0000007093

target_points_pix:
-2.0454334636 0.3772148178 -0.5915859606 125.0444426346 655.0628837273
-1.9675215332 0.3735704689 0.1902147838 130.1805094683 166.4456722516
-2.0066460326 0.6115724411 -0.6800587517 276.1070307362 691.0710736981
-2.0791652291 0.3295714681 -0.3363269805 88.8891477566 497.8714523152
-1.8402832734 0.4158654489 -0.1641496241 176.5320958163 395.6683710094
-1.9344931987 0.4325288222 0.0665921622 174.2062396878 246.0968470390
-1.9133212325 0.3814166405 0.4228418836 142.7151780900 10.1361332168
-1.9276225520 0.5546474071 -0.3245354469 254.3087591857 490.5574184807
-1.8713581895 0.5522859957 -0.2850187113 262.5053735749 469.3365924487
-1.8224931774 0.7448238787 0.1113938527 388.3122743282 223.6999266665
-2.1551667523 0.8701160953 0.2237557347 385.9047614842 184.3072844973
-1.8270632441 0.8325440399 0.3756327394 436.4626601006 70.5943972498
-2.1695389388 1.1810225265 -0.6431337417 523.6470210053 609.1028027722
-1.9948059239 1.0655745301 -0.1236212339 512.7425644962 363.9141964025
-2.1700906082 1.1508405723 -0.0162742313 510.4181414392 311.1037393093
-1.8367116007 0.8470277910 0.1536552899 441.8649561661 203.2842414378
-1.9986951364 1.1030106421 0.5814468094 529.0852156622 0.7478644607
-2.0290123060 1.2616487263 -0.4540971774 589.9531460616 524.3877750551
-2.0326420221 1.4386671003 -0.3715805411 659.0641812853 478.2710741160
-1.9996192975 1.1557197899 -0.0691214088 551.9976834086 335.8560197013
-1.8508449086 1.2533294366 0.1209409021 633.6590735037 236.3149134376
-1.8275087156 1.2445718864 0.4833325022 636.7270671438 43.6712366896
-1.9009715403 1.5663851847 -0.7367942106 743.2864693479 652.7989546754
-2.1088004373 1.4267765867 -0.4272348695 635.1607025926 500.8806982858
-2.1735839590 1.4343336267 -0.3174998151 622.1488232131 448.3855107777
-2.1721225624 1.4984821487 -0.1178589294 645.9559573631 358.7932260959
-2.1038104307 1.5453454380 0.3154965260 679.9531547980 165.1494967118
-2.0007657291 1.7629935701 -0.6819514061 782.5476419938 606.2447515964
-1.8246755636 1.8365637605 -0.4718921123 859.5954076340 520.7033931132
-2.1978652673 1.5512577920 -0.0820733873 658.5148869688 343.0424710957
-1.8147805824 1.7005286935 -0.0912446736 817.1601400186 347.0404983419
-1.8687607905 1.6395216927 0.3740385226 779.2105941106 127.5208110131
-1.8980237103 1.9209957642 0.3535455110 863.6446263127 151.9483352365
-1.8992891162 1.6958315500 0.5927369583 789.7882297964 31.6273816573
-1.9677202375 1.9539953751 -0.8044858142 852.5648563251 650.1654477693
-1.9339633712 2.1588428389 -0.7672586114 922.4616000740 624.9535578279
-1.8537363930 2.1767514966 -0.4751485786 952.6655292632 508.0440351290
-2.0009461426 1.8884255044 -0.3091342856 822.6467804870 440.1437250036
-2.0839185599 2.1121327543 -0.1787392208 865.4598979870 381.8117047932
-1.8007556983 1.9812678047 0.0551784552 913.0069462692 281.7042536156
-2.0021261078 2.0086463683 0.6719158105 859.2390358367 28.5054680039
-1.8671153541 2.1795732671 0.7269835846 949.6637433455 4.3205466900
-1.7817101151 1.8511826209 -0.8074481766 878.2528017732 676.7796960500
-1.9389521875 2.1841326748 -0.6648628523 927.9892307026 581.3589143122
-1.8042215426 1.8813328659 -0.2818446438 880.6095806931 433.6873799306
-1.7767929336 2.0072491973 -0.1782002063 928.7377503480 385.7256495108
-1.7534698406 2.0793769081 0.4493600074 958.3158259176 107.6514322524
-1.8353667562 2.1089405381 0.3759185790 939.6890235764 146.5208866463
-1.7604356880 2.0656598370 0.6575958443 952.0346738663 15.1837088612
-1.4983317879 2.0936842145 -0.5888533520 1055.9895558065 584.3727682499
-1.6571184784 1.8321234448 -0.0621704696 914.7638889561 332.9490624917
-1.4726534281 2.0034281786 -0.0936720132 1039.6266164190 348.0794805584
-1.5475518711 1.9219229687 0.2115461638 984.6730234477 198.3757386350
-1.4598821192 2.0390700871 0.4072914279 1055.9369836637 101.9881328479
-1.3996928611 1.9829751266 -0.7729069412 1063.2514695796 692.3879587438
-1.1860357705 2.0705200626 -0.6054671996 1188.1262028142 622.0187005896
-1.4194715783 2.0828748510 -0.3704728398 1085.3075233902 484.1602311219
-1.2776452368 1.8694489727 0.0047508315 1082.2066696106 294.3073578153
-1.0730605838 2.0018530190 0.3056842560 1227.4237985447 119.9195111404
-1.2085726006 2.0127526755 0.3547681015 1160.7114962464 105.5651040420
-0.9983895204 2.0661635568 -0.7131763571 1286.4564794660 704.3647822309
-1.1448503223 1.9295688788 -0.5001948033 1166.3627303381 578.2002006381
-1.0393066434 1.9475716529 -0.2178789547 1229.1520935404 421.1416416160
-0.9593756649 2.0777024999 -0.1501370496 1313.6112799011 380.9380665249
-1.1747783765 1.9710647288 0.4070187887 1164.7946746250 70.6976307850

gimbalangles:
-2.4310748091

end: