T_CW:
-0.4669752215 -0.8842704012 -0.0000000000 -0.0300000000
0.0000000000 -0.0000000000 -1.0000000000 -0.0900000000
0.8842704012 -0.4669752215 0.0000000000 -0.0000000000
0.0000000000 0.0000000000 0.0000000000 1.0000000000

T_CW_cov:
0.0000008178 -0.0000001045 0.0000001746 0.0000002810 0.0000018516 -0.0000001764
-0.0000001045 0.0000010586 -0.0000000839 -0.0000026023 -0.0000001994 0.0000006371
0.0000001746 -0.0000000839 0.0000001417 0.0000002289 0.0000003793 -0.0000000759
0.0000002810 -0.0000026023 0.0000002289 0.0000064653 0.0000005429 -0.0000015591
0.0000018516 -0.0000001994 0.0000003793 0.0000005429 0.0000042583 -0.0000003588
-0.0000001764 0.0000006371 -0.0000000759 -0.0000015591 -0.0000003588 0.0000008680

target_points_pix:
1.1412416106 -1.8295073638 -0.6345165439 1336.4744085248 685.4714171522
1.4392129643 -1.8700391144 -0.5937131543 1196.3529810295 619.4811302283
1.4393964913 -1.9257707133 0.4658256223 1217.1733670055 47.1405142357
1.4552108980 -2.1534895360 -0.3988016236 1285.9309354070 502.8712478049
1.4738540436 -2.1896147329 -0.4198177334 1288.7903729100 511.1299904686
1.6178416807 -2.1438940522 -0.1704101383 1212.0583881304 384.6019531466
1.4202388581 -1.9292284751 0.1519875394 1227.2473838321 214.9652568900
1.4540855342 -1.8634546581 0.3616523237 1188.0673752662 101.3421962725
1.5500197577 -1.8331921533 -0.5554902840 1134.4353234391 589.8029878716
1.5846467715 -1.9336166739 -0.6639477059 1155.4909619644 636.2766957263
1.9321190477 -2.1599753080 -0.0702477115 1100.7661759136 337.7008293172
1.6246449477 -1.8284173664 -0.1805362603 1102.6751120462 392.3310794886
1.8287333310 -2.1096127800 0.4298580792 1120.9930437635 112.7378540510
1.8189521181 -1.8687795054 0.3772446023 1045.4078457500 126.1983776791
1.9274821332 -1.8498540672 -0.8353092798 1002.3802711736 684.3093817526
2.0374027157 -2.1244149509 -0.3365820874 1056.0247306889 449.2575935077
2.1491235341 -1.9917465812 -0.1360297587 982.3080540652 365.3196187904
2.1669461480 -2.0348379959 0.1746042754 990.7049897146 238.4800689665
1.9176417327 -2.0436961438 0.4066997927 1069.7388300527 127.2144655265
2.0354595881 -2.0156551074 0.4343671524 1023.4382762286 122.7459340819
1.9957364715 -1.7797589391 -0.6344362442 957.5022778166 590.8490802580
1.9042748829 -1.9042753353 -0.4328866630 1028.3530479602 501.7420098742
1.8846077334 -1.9057062088 -0.2031318719 1035.4197801179 397.9369861846
2.0334372040 -1.7098496250 -0.1674277110 922.3366636887 381.1967253094
2.1236293352 -1.8015306133 0.1567353075 928.3151172528 240.3848407253
1.9732330312 -1.8708953160 0.5405975112 995.7326208672 64.8862322244
2.0804284908 -1.4342990342 -0.5591014867 808.6592764473 564.3408697845
2.0202869862 -1.3816786268 -0.6436614308 803.8690244129 611.7321028051
2.1734113672 -1.5304661388 -0.3488565010 820.9019305094 460.9746618636
2.0360158626 -1.6413631920 -0.1266119045 897.3615328081 363.0565089705
2.1760079290 -1.5067753085 0.2146109058 811.7597126394 211.0785870298
2.1510524493 -1.3680571994 0.4953890559 765.8999973127 77.3872194022
1.9298402056 -1.3764245007 -0.3359090599 826.3565278894 468.5461484048
1.8800404546 -1.1561776933 -0.0820716904 746.1171717504 342.2739946045
1.9377411544 -1.1464049791 -0.1445223815 726.6814625743 374.7620805844
2.1125434404 -1.0593333462 0.0697296499 647.6002863073 267.6060760571
2.1461434616 -1.1768735850 0.4029253150 690.5037413659 111.3301290360
2.1950641026 -0.9901943079 -0.7739551749 601.0910250761 677.4712339427
2.0073783830 -0.8101855643 -0.6565373428 553.0757632669 652.4322922511
2.0630315312 -0.9873049000 -0.4166250607 626.0125764196 512.9735969113
1.8489564548 -0.8233021713 0.0499289788 592.3324536973 265.6520280205
2.0506481451 -0.8915399122 0.1756457601 583.7981111211 207.4870893939
2.1242193271 -0.8479907540 -0.5599553179 549.3774882884 586.9016225296
2.1462577662 -0.8847763794 -0.4525485406 562.4585962547 529.1103599049
2.1605735270 -0.8488577758 -0.3398468232 543.0611773999 472.5779677774
2.1765978586 -0.6839881453 -0.1951020741 460.7950091675 400.9270806793
2.0602891066 -0.7588317401 0.4321516523 517.2275807247 66.6073482651
2.0607231527 -0.3568691784 -0.6240690148 298.0264529768 657.7112208720
1.8608577264 -0.6154256622 -0.5318944843 476.3554330141 612.2300232439
1.9673362565 -0.4932213503 -0.4475193608 388.7189158387 557.2729652747
2.1067069339 -0.6795458537 -0.1661413448 469.2457001817 387.0704851657
1.9060279588 -0.5343612355 0.2312919742 421.2828629842 152.8990784243
2.0636815123 -0.3878123219 -0.4885321114 315.6603312657 576.9428760466
2.1849937664 -0.1076724463 -0.3596361117 137.0865228536 503.5865066012
2.0022793552 -0.3407600927 0.0091227653 292.7949252504 286.4722255231
1.8643482217 -0.2351548738 0.1403036800 235.9911805688 193.8713170090
1.9661306703 -0.1937462224 0.4290557110 201.4327867156 16.3258270247
1.8771705378 -0.1265291682 -0.6141926158 160.2668700891 698.7993234723
2.0676327225 0.0569281127 -0.3843215573 26.4397628407 534.5579264401
2.0149956616 -0.0249350183 -0.0543509498 83.2565129426 322.8108681944

gimbalangles:
0.6772815058

end: