T_CW:
-0.7161447590 -0.6979517778 0.0000000000 -0.0300000000
-0.0000000000 0.0000000000 -1.0000000000 -0.0900000000
0.6979517778 -0.7161447590 -0.0000000000 -0.0000000000
0.0000000000 0.0000000000 0.0000000000 1.0000000000

T_CW_cov:
0.0000005041 -0.0000000186 0.0000000064 0.0000000420 0.0000011859 -0.0000000554
-0.0000000186 0.0000012939 -0.0000000720 -0.0000032311 -0.0000000381 -0.0000001047
0.0000000064 -0.0000000720 0.0000001073 0.0000001953 0.0000000217 0.0000000054
0.0000000420 -0.0000032311 0.0000001953 0.0000081342 0.0000000853 0.0000002439
0.0000011859 -0.0000000381 0.0000000217 0.0000000853 0.0000028512 -0.0000001176
-0.0000000554 -0.0000001047 0.0000000054 0.0000002439 -0.0000001176 0.0000004754

target_points_pix:
0.4815465084 -1.8793705061 -0.5230342546 1326.3491677004 645.2901355255
0.6760474197 -1.9397994560 -0.6523280362 1205.0323590915 697.6748286879
0.7253359792 -2.1817755865 -0.2257816326 1227.9829221029 422.5580403027
0.5521447994 -2.0609144530 0.1825896689 1313.0520936431 174.8912698650
0.7303731863 -2.0822931857 0.3409704371 1204.7447726069 94.4524753589
1.1317356309 -2.0884930166 -0.7438131423 996.9377584066 679.5126780797
1.1412416106 -1.8295073638 -0.6345165439 920.9260373107 647.5201321810
0.9861579955 -1.8556052624 -0.1516633468 1005.3283845524 381.9980514417
0.9744884137 -2.0744573202 -0.0279052589 1069.2299637196 312.7469651285
1.0497963986 -2.1500163623 0.1130776453 1050.7214514685 241.8548265578
1.1645815082 -1.9323382726 0.3340032188 940.5661520700 120.8218240792
1.4392129643 -1.8700391144 -0.5937131543 806.3837269693 596.8923963925
1.0957124707 -1.9729375961 -0.3804741473 983.5086857304 501.9416545212
1.1414929988 -1.8889137699 0.0034042731 938.5811093592 295.6214934324
1.0945837433 -2.0389881176 0.3006338205 1001.9569951156 141.0798607350
1.4393964913 -1.9257707133 0.4658256223 823.3208770765 74.0457061406
1.4552108980 -2.1534895360 -0.3988016236 880.1496913965 487.2439494070
1.4738540436 -2.1896147329 -0.4198177334 882.5028017525 494.5678952773
1.6178416807 -2.1438940522 -0.1704101383 819.2056739948 381.6694786026
1.4202388581 -1.9292284751 0.1519875394 831.6087551465 227.3439399793
1.4540855342 -1.8634546581 0.3616523237 798.7871643153 121.9074429301
1.6515776837 -1.9582625309 0.6261781571 755.9801794438 19.0958231645
1.5500197577 -1.8331921533 -0.5554902840 753.3875343576 572.9769939153
1.5846467715 -1.9336166739 -0.6639477059 771.7342188069 614.9000647437
1.9321190477 -2.1599753080 -0.0702477115 723.6486596214 338.5185280701
1.6246449477 -1.8284173664 -0.1805362603 725.2661806541 389.7022071553
1.8287333310 -2.1096127800 0.4298580792 741.2874571217 128.6653033383
1.8189521181 -1.8687795054 0.3772446023 674.0097557802 137.3303487403
1.7038480056 -1.8301909512 0.6306533232 699.1736719265 9.8704035579
2.0471600104 -1.9719186906 -0.9509305647 638.3803501073 698.9631199477
1.9274821332 -1.8498540672 -0.8353092798 635.4458625143 671.2460892616
2.0374027157 -2.1244149509 -0.3365820874 683.9284561090 444.1521702878
2.1491235341 -1.9917465812 -0.1360297587 616.1562143833 364.8119161522
2.1669461480 -2.0348379959 0.1746042754 623.8765610222 242.5242945642
1.9176417327 -2.0436961438 0.4066997927 695.9633133482 139.5272534306
2.0354595881 -2.0156551074 0.4343671524 654.0510806375 132.7851938394
1.9957364715 -1.7797589391 -0.6344362442 593.2042621920 584.0540435755
1.9042748829 -1.9042753353 -0.4328866630 658.8712070045 494.8653313666
1.8846077334 -1.9057062088 -0.2031318719 665.1400537866 395.7023755811
2.0334372040 -1.7098496250 -0.1674277110 559.2502384426 380.5846049095
2.1236293352 -1.8015306133 0.1567353075 564.8688653465 242.6672617464
1.9732330312 -1.8708953160 0.5405975112 628.4922469466 75.5920419838
2.0804284908 -1.4342990342 -0.5591014867 446.8433059078 566.4196391286
2.0202869862 -1.3816786268 -0.6436614308 442.0741183621 614.5762343258
2.1734113672 -1.5304661388 -0.3488565010 459.0832548049 461.6978783990
2.0360158626 -1.6413631920 -0.1266119045 535.0164114098 362.8731317389
2.1760079290 -1.5067753085 0.2146109058 449.4923210158 209.7519546615
2.1510524493 -1.3680571994 0.4953890559 402.1534614593 71.4613489602
1.9298402056 -1.3764245007 -0.3359090599 464.6425656500 469.0979874805
1.8800404546 -1.1561776933 -0.0820716904 381.5760584852 342.0099223452
1.9377411544 -1.1464049791 -0.1445223815 360.9944723239 375.4850483518
2.1125434404 -1.0593333462 0.0697296499 274.7135035043 263.0098777702
2.1461434616 -1.1768735850 0.4029253150 321.8295782949 101.1337251730
2.1950641026 -0.9901943079 -0.7739551749 223.3212375984 699.5605428345
2.0073783830 -0.8101855643 -0.6565373428 167.9723292609 676.9816433372
2.0630315312 -0.9873049000 -0.4166250607 251.0026261161 522.7465510520
1.8489564548 -0.8233021713 0.0499289788 212.5171915712 259.6156709478
2.0506481451 -0.8915399122 0.1756457601 202.5614149221 196.9419593871
2.1242193271 -0.8479907540 -0.5599553179 163.2746610630 606.4737549963
2.1462577662 -0.8847763794 -0.4525485406 178.3179848767 543.2116816401
2.1605735270 -0.8488577758 -0.3398468232 155.4577763114 482.9048898153
2.1765978586 -0.6839881453 -0.1951020741 56.3813944013 406.3722074227
2.0602891066 -0.7588317401 0.4321516523 124.7674679431 40.1213571639
1.8608577264 -0.6154256622 -0.5318944843 76.5185417632 639.4753938237
2.1067069339 -0.6795458537 -0.1661413448 66.7773783473 390.8817491687

gimbalangles:
0.5719423626

end: