T_CW:
0.9887825411 0.1493622659 -0.0000000000 -0.0300000000
0.0000000000 -0.0000000000 -1.0000000000 -0.0900000000
-0.1493622659 0.9887825411 -0.0000000000 -0.0000000000
0.0000000000 0.0000000000 0.0000000000 1.0000000000

T_CW_cov:
0.0000024403 0.0000000427 -0.0000002389 -0.0000000833 0.0000051607 -0.0000003528
0.0000000427 0.0000011003 -0.0000000341 -0.0000024910 0.0000000645 -0.0000002784
-0.0000002389 -0.0000000341 0.0000001397 0.0000000910 -0.0000005033 0.0000000430
-0.0000000833 -0.0000024910 0.0000000910 0.0000057087 -0.0000001174 0.0000006271
0.0000051607 0.0000000645 -0.0000005033 -0.0000001174 0.0000109798 -0.0000007301
-0.0000003528 -0.0000002784 0.0000000430 0.0000006271 -0.0000007301 0.0000006232

target_points_pix:
-1.4983317879 2.0936842145 -0.5888533520 91.7199674757 597.4386228310
-1.4726534281 2.0034281786 -0.0936720132 71.8573571470 347.7599181318
-1.4598821192 2.0390700871 0.4072914279 90.0450979965 87.7264768303
-1.1860357705 2.0705200626 -0.6054671996 228.1926185572 614.7837784972
-1.4194715783 2.0828748510 -0.3704728398 123.1172293597 489.0070007906
-1.2776452368 1.8694489727 0.0047508315 119.0616605842 292.0265280050
-1.0730605838 2.0018530190 0.3056842560 263.0295724331 131.0869667988
-1.2085726006 2.0127526755 0.3547681015 199.8882739821 107.9738877403
-0.9983895204 2.0661635568 -0.7131763571 317.4441975809 676.0278239730
-1.1448503223 1.9295688788 -0.5001948033 206.8756516852 574.8633946071
-1.0393066434 1.9475716529 -0.2178789547 265.1025114378 417.5742304105
-0.9593756649 2.0777024999 -0.1501370496 338.2687377796 378.1008002560
-0.8521590024 1.9558607454 0.3663922634 363.9051246198 88.4477457347
-1.1747783765 1.9710647288 0.4070187887 203.9533504679 74.1981650026
-0.8567020351 2.0724969975 -0.4066799077 388.0409534904 515.4468508107
-0.7284212964 2.1001550914 -0.2330155620 457.4053095559 422.5778770191
-0.6547912955 2.0870834084 0.0211341981 492.2737059580 286.4992026119
-0.8817151466 2.0931652498 0.1051209762 379.7266234160 243.1164680898
-0.6486645931 2.0381515495 -0.4048343834 487.3348063966 519.8754465672
-0.3777328962 2.0709319294 -0.2918463810 635.0207077216 458.2769793084
-0.6412038263 2.0387083890 -0.1132956810 491.1001632023 359.2674015196
-0.3102710352 1.9260298101 0.1150357669 657.4814916045 223.8274467722
-0.6231705820 2.1520952738 0.5384759296 518.8489691318 16.4152464531
-0.3761262826 1.9359798530 -0.5684987763 620.9676679192 629.0972040879
-0.1470818764 2.0278346330 -0.3590369503 758.6827651812 501.2109052471
-0.1320941456 1.8887090879 -0.2943923727 760.3961078416 472.7631987407
-0.3254142569 2.0063571584 0.0721937411 656.9471264265 253.3652380718
-0.2945068937 2.1581701266 0.2369112271 687.0613156503 171.2645272841
-0.3564413644 1.8880841855 0.3603360344 626.4710788300 72.7419641028
0.1684447460 2.0863360526 -0.6863863826 939.3209559502 687.2209141420
-0.1733428557 2.0220748053 -0.3567373217 743.5193453551 500.0165324049
0.1853169703 1.9556145586 -0.2926013520 955.2278958823 470.3873230296
0.1459432429 2.0821321832 0.0768023636 926.7647790513 250.7316810676
-0.1806544141 2.1115250387 0.4424313824 744.6592773717 52.4397067780
0.0606416587 1.9370533156 -0.6051155074 879.0269270881 661.1789178168
0.1622540602 1.9938421750 -0.2072898762 939.4529226170 416.6761845664
0.1326497219 2.1934063378 0.1317613825 916.1110561068 225.8450759248
0.3584381887 2.0127258478 0.3252687757 1058.2981902222 95.6656054361
0.0874333717 2.0552167764 0.3189859915 893.7315536827 109.7325027138
0.4966650149 2.0206560720 -0.6076416902 1142.4186349711 659.5145716966
0.4776390888 2.1635637503 -0.5185001840 1112.2193101409 587.7110631281
0.6165630709 1.8861184111 -0.3081537565 1245.4629027029 489.4260288795
0.5187396521 1.9175698469 -0.0342267122 1173.5926779653 310.2678135068
0.4658259500 2.1446281117 0.1786821967 1108.1889285288 193.1277502419
0.6471853462 2.0880566141 -0.6773740498 1224.7423008978 693.3145056008
0.6892817683 2.0844330099 -0.6493308926 1251.5492706265 678.3451421605
0.6149241260 2.1417820874 -0.0629871951 1196.7877999674 330.4726449050
0.5774336625 2.1372701750 0.2631028182 1175.2965633081 142.5827245224

gimbalangles:
-1.7111327270

end: