T_CW:
0.7585711688 0.6515901947 0.0000000000 -0.0300000000
-0.0000000000 0.0000000000 -1.0000000000 -0.0900000000
-0.6515901947 0.7585711688 0.0000000000 -0.0000000000
0.0000000000 0.0000000000 0.0000000000 1.0000000000

T_CW_cov:
0.0000004909 -0.0000001280 -0.0000000495 0.0000003211 0.0000011598 -0.0000000512
-0.0000001280 0.0000013395 0.0000000438 -0.0000033178 -0.0000003261 -0.0000001663
-0.0000000495 0.0000000438 0.0000001149 -0.0000000977 -0.0000001185 0.0000000014
0.0000003211 -0.0000033178 -0.0000000977 0.0000082810 0.0000008168 0.0000004136
0.0000011598 -0.0000003261 -0.0000001185 0.0000008168 0.0000028001 -0.0000001180
-0.0000000512 -0.0000001663 0.0000000014 0.0000004136 -0.0000001180 0.0000005163

target_points_pix:
-1.8224931774 0.7448238787 0.1113938527 83.2454819302 212.6005977737
-2.1551667523 0.8701160953 0.2237557347 80.1492131561 169.6062369437
-1.8270632441 0.8325440399 0.3756327394 139.5050100555 49.3111127409
-2.1695389388 1.1810225265 -0.6431337417 238.7558646480 623.8269792879
-1.9948059239 1.0655745301 -0.1236212339 226.1606832412 364.6421160117
-2.1700906082 1.1508405723 -0.0162742313 223.4179053472 308.6563810311
-1.8367116007 0.8470277910 0.1536552899 145.6026782468 192.1890317120
-2.0290123060 1.2616487263 -0.4540971774 311.6582538642 531.8044469100
-2.0326420221 1.4386671003 -0.3715805411 385.7133528532 481.8798114615
-1.9996192975 1.1557197899 -0.0691214088 269.8111994849 335.0472888500
-1.8508449086 1.2533294366 0.1209409021 358.5103351033 232.4370769872
-1.8275087156 1.2445718864 0.4833325022 361.8092122205 33.5599683887
-1.9009715403 1.5663851847 -0.7367942106 473.6978212066 656.1544784485
-2.1088004373 1.4267765867 -0.4272348695 360.3163619986 505.8908880499
-2.1735839590 1.4343336267 -0.3174998151 346.2805323612 451.9071217726
-2.1721225624 1.4984821487 -0.1178589294 371.6229720822 359.0140063602
-2.1038104307 1.5453454380 0.3154965260 407.4553829210 160.5957211029
-2.0007657291 1.7629935701 -0.6819514061 513.4657126315 607.1356055964
-1.8246755636 1.8365637605 -0.4718921123 589.8307590138 518.7140800430
-2.1978652673 1.5512577920 -0.0820733873 384.9324854090 342.7886635307
-1.8147805824 1.7005286935 -0.0912446736 547.7708471338 347.0347380752
-1.8687607905 1.6395216927 0.3740385226 509.6398552754 126.5876189356
-1.8980237103 1.9209957642 0.3535455110 593.4836537372 154.3709539071
-1.8992891162 1.6958315500 0.5927369583 520.3056261451 30.9491631180
-1.9677202375 1.9539953751 -0.8044858142 583.1791635235 647.1416313252
-1.9339633712 2.1588428389 -0.7672586114 650.7949164690 618.5609034950
-1.8537363930 2.1767514966 -0.4751485786 679.2753147690 503.4714889727
-2.0009461426 1.8884255044 -0.3091342856 553.3187047352 439.7450476525
-2.0839185599 2.1121327543 -0.1787392208 595.4044560481 381.4125634917
-1.8007556983 1.9812678047 0.0551784552 641.2991014036 283.1953663558
-2.0021261078 2.0086463683 0.6719158105 589.1916706870 32.1118680232
-1.8671153541 2.1795732671 0.7269835846 676.1911034756 14.1232344257
-1.7817101151 1.8511826209 -0.8074481766 608.3005885548 671.8197314048
-1.9389521875 2.1841326748 -0.6648628523 655.9899154974 575.7403821238
-1.8042215426 1.8813328659 -0.2818446438 610.1893772137 432.3753728909
-1.7767929336 2.0072491973 -0.1782002063 656.4152140285 384.8508555098
-1.7534698406 2.0793769081 0.4493600074 684.3057775354 114.9715969433
-1.8353667562 2.1089405381 0.3759185790 666.7028434314 151.9501910799
-1.7604356880 2.0656598370 0.6575958443 678.4079814162 24.8751798789
-1.3492337722 2.1057609491 -0.8169929086 834.3883933203 688.2482918214
-1.4983317879 2.0936842145 -0.5888533520 775.0328176938 573.1508877221
-1.6571184784 1.8321234448 -0.0621704696 642.9998228289 333.3343222464
-1.4726534281 2.0034281786 -0.0936720132 759.7885057544 348.1999547636
-1.5475518711 1.9219229687 0.2115461638 708.9825201213 203.7512786899
-1.4598821192 2.0390700871 0.4072914279 774.5750621038 113.9555900659
-1.3996928611 1.9829751266 -0.7729069412 781.8251981127 675.5319259410
-1.1860357705 2.0705200626 -0.6054671996 892.2442833746 602.7718799740
-1.4194715783 2.0828748510 -0.3704728398 801.3330485842 477.0449354872
-1.2776452368 1.8694489727 0.0047508315 798.2749194426 297.3114925462
-1.0730605838 2.0018530190 0.3056842560 925.5112227399 137.9117424222
-1.2085726006 2.0127526755 0.3547681015 867.8966525231 121.8930878023
-0.9983895204 2.0661635568 -0.7131763571 976.2235978735 673.6325678318
-1.1448503223 1.9295688788 -0.5001948033 873.1595939527 562.8393881877
-1.0393066434 1.9475716529 -0.2178789547 927.0466657521 415.6564234478
-0.9593756649 2.0777024999 -0.1501370496 998.0948059276 378.2128829052
-0.8521590024 1.9558607454 0.3663922634 1024.3537543624 84.7019786533
-1.1747783765 1.9710647288 0.4070187887 871.4662224205 89.5442528403
-0.8567020351 2.0724969975 -0.4066799077 1048.5928283097 519.6536599729
-0.7284212964 2.1001550914 -0.2330155620 1123.9293630429 426.8782639833
-0.6547912955 2.0870834084 0.0211341981 1163.8759208351 281.5193073890
-0.8817151466 2.0931652498 0.1051209762 1040.6292818348 240.8494179139
-0.6486645931 2.0381515495 -0.4048343834 1157.4736512561 532.5791932987
-0.3777328962 2.0709319294 -0.2918463810 1340.1627694841 475.1883643775
-0.6412038263 2.0387083890 -0.1132956810 1162.3932368452 359.9415623139
-0.3761262826 1.9359798530 -0.5684987763 1320.6510595865 670.5476783782
-0.3564413644 1.8880841855 0.3603360344 1329.5029316217 30.1103601332

gimbalangles:
-2.2158418863

end: