T_CW:
0.9041982192 -0.4271130769 0.0000000000 -0.0300000000
-0.0000000000 -0.0000000000 -1.0000000000 -0.0900000000
0.4271130769 0.9041982192 -0.0000000000 -0.0000000000
0.0000000000 0.0000000000 0.0000000000 1.0000000000

T_CW_cov:
0.0000009603 0.0000000140 0.0000002254 -0.0000000188 0.0000021558 -0.0000001072
0.0000000140 0.0000009615 -0.0000000370 -0.0000023604 0.0000000740 0.0000006516
0.0000002254 -0.0000000370 0.0000001464 0.0000001086 0.0000004902 -0.0000000544
-0.0000000188 -0.0000023604 0.0000001086 0.0000058616 -0.0000001486 -0.0000015912
0.0000021558 0.0000000740 0.0000004902 -0.0000001486 0.0000049066 -0.0000001987
-0.0000001072 0.0000006516 -0.0000000544 -0.0000015912 -0.0000001987 0.0000009012

target_points_pix:
-0.1470818764 2.0278346330 -0.3590369503 25.5761230522 521.3764150921
-0.1320941456 1.8887090879 -0.2943923727 27.8196620480 488.8736712740
0.1684447460 2.0863360526 -0.6863863826 238.9990849928 698.9200832803
0.1853169703 1.9556145586 -0.2926013520 254.8023930293 473.5134028242
0.1459432429 2.0821321832 0.0768023636 223.6276841681 246.4455438207
0.0606416587 1.9370533156 -0.6051155074 172.2950560292 681.4748180406
0.1622540602 1.9938421750 -0.2072898762 237.7725556119 418.8985463228
0.1326497219 2.1934063378 0.1317613825 211.8892047670 219.7657295947
0.3584381887 2.0127258478 0.3252687757 358.1422324799 101.2046804081
0.0874333717 2.0552167764 0.3189859915 187.0819514315 95.3934142975
0.4966650149 2.0206560720 -0.6076416902 437.4365480309 641.3450646975
0.4776390888 2.1635637503 -0.5185001840 409.8248824821 576.9116168493
0.6165630709 1.8861184111 -0.3081537565 524.4297252143 475.4644376119
0.5187396521 1.9175698469 -0.0342267122 463.5325453765 313.1693242824
0.4658259500 2.1446281117 0.1786821967 405.0789583034 199.9735473977
0.6471853462 2.0880566141 -0.6773740498 508.5113548676 661.9041924243
0.6892817683 2.0844330099 -0.6493308926 530.4446289592 644.9300018625
0.6149241260 2.1417820874 -0.0629871951 483.6163520032 332.1007789802
0.8744611877 1.9175934359 -0.1030143606 654.5713534362 353.6815847426
0.5774336625 2.1372701750 0.2631028182 464.9828450314 157.5312725214
1.0736411964 2.0509470802 -0.7346862221 718.7966196819 670.9156925966
0.9700709065 2.0495125061 -0.3789924060 672.1344027680 495.0134316816
1.1070298076 2.0352606546 -0.4010910561 736.9447624573 503.2583524414
0.9446028517 1.9229887471 0.1001881458 687.8930219561 242.8676922178
0.8794509136 1.9301087444 0.2419634107 654.3951822369 163.7924278106
1.2937655825 2.1835571116 -0.3637297557 780.6585725132 472.7946550377
1.3538238077 1.9785164330 -0.2940629520 855.9925198623 447.0086574340
1.2837850472 1.9308362974 0.0489517471 839.9168780006 275.7168957783
1.2067308529 1.8145079988 0.3760143933 839.2681768240 93.9293340318
1.3012936958 1.8779460917 -0.6268037580 862.2029051250 623.9442606291
1.3172141628 1.9516388669 -0.3603113483 848.2046719116 481.9172726064
1.5338095482 1.8798228867 0.1823071187 957.3032133549 211.2576785592
1.6517568517 2.0532827983 0.1027735693 949.9711990443 258.4732742711
1.3824741782 1.8443921632 0.4398958625 906.9508187775 72.1973245565
1.5526027690 2.0810396741 -0.7090886073 905.5947827395 629.8730408013
1.8629717589 1.9489552160 -0.3377369029 1056.2953057901 459.2691533599
1.7156691905 2.1057429675 -0.3842938436 957.7710743890 476.5802279977
1.6259144061 2.0315266510 -0.0616660815 946.6932919116 333.2952411652
1.8175531116 1.9386485974 0.2399735909 1044.1115179998 193.8279974132
1.9248890548 2.0591581315 0.4394950177 1043.1256479086 115.7323147948
1.8786372721 1.3992617700 0.3556715000 1282.9593096502 94.2402184000
1.9959423886 1.4846583959 -0.4470288691 1284.1025529270 535.4069363739
1.8442668460 1.6413290332 -0.3297220468 1160.8987432013 469.2039739276
2.1265666331 1.5613718496 -0.0476425790 1294.7003773973 324.5510137990
2.1621050722 1.6206868910 0.2900958392 1280.6921766127 160.1316740767
2.0529398181 1.6940371335 0.3906949376 1213.8314194677 112.9067752056
2.0264346805 1.6281954796 -0.7751321253 1230.5903383101 687.0432102288
2.1430706410 1.8094588362 -0.6250814690 1198.0405887927 590.4100624630
1.8403405299 1.6816472661 -0.4285474942 1143.2907258678 517.3074837298
2.1503249450 1.7195661166 0.1719919587 1235.8487567934 222.2781220202
2.0918025611 1.8737719338 0.2909391949 1158.8049420631 174.1287706768
2.0132330313 1.8802037180 -0.8206312277 1129.8611307831 678.5041445470
2.1964470952 2.1330003466 -0.9438032293 1105.5222434435 692.9700899536
1.8490905711 1.9411383311 -0.3451350033 1054.0111096166 463.2385470430
2.1806425045 1.9729155912 -0.1883639695 1152.4390258550 388.3983007967
1.8529430787 1.9351196944 0.1818550971 1057.6001542635 221.2596393698
1.8483799352 1.8597187954 0.2031048715 1081.2543299002 207.6326311972
2.1654789071 1.8911660364 0.5400688451 1176.2819928733 66.7273023973
2.1793564671 2.0487078518 0.6511816064 1127.5654980041 35.0072859149

gimbalangles:
-1.0565384394

end: