T_CW:
-0.9989824868 0.0450997894 0.0000000000 -0.0300000000
0.0000000000 0.0000000000 -1.0000000000 -0.0900000000
-0.0450997894 -0.9989824868 -0.0000000000 -0.0000000000
0.0000000000 0.0000000000 0.0000000000 1.0000000000

T_CW_cov:
0.0000030516 0.0000000767 0.0000000695 -0.0000001932 0.0000063140 -0.0000002246
0.0000000767 0.0000014013 -0.0000000049 -0.0000030991 0.0000001736 0.0000001507
0.0000000695 -0.0000000049 0.0000001446 0.0000000248 0.0000001390 -0.0000000062
-0.0000001932 -0.0000030991 0.0000000248 0.0000069330 -0.0000004331 -0.0000003306
0.0000063140 0.0000001736 0.0000001390 -0.0000004331 0.0000131392 -0.0000004607
-0.0000002246 0.0000001507 -0.0000000062 -0.0000003306 -0.0000004607 0.0000006264

target_points_pix:
-1.3119388669 -2.0378495674 0.0669159930 1339.5229794070 258.3760842322
-1.0540651075 -1.9318002681 0.1505068516 1231.5428866003 203.9445369874
-0.8996479791 -2.0374637846 -0.5070061223 1116.9113228283 580.3313126023
-1.0352279963 -1.9014060949 -0.2873643345 1229.5133766409 464.2593412723
-0.8524976807 -2.0244151995 0.1476430308 1094.6428138967 211.4751689834
-0.9396370708 -1.8606308446 0.3999390077 1186.2529705643 45.0185744194
-0.9669781436 -2.0218379039 0.4458862138 1158.1726479362 42.6894327607
-0.9005062453 -1.9343387993 -0.4449024492 1142.6380132725 555.8517193676
-0.9123079585 -2.1284580629 -0.2558047657 1103.5238303469 435.4651728146
-0.6883316207 -1.8469608032 -0.1589367572 1038.8088642625 389.1680181889
-0.8632153327 -2.1951362328 0.0753490344 1064.8395043816 259.6929042759
-0.5097935959 -2.1148276580 -0.5873151168 893.1301755239 617.7710163773
-0.4729021202 -2.0583920602 -0.5698937838 879.9119104123 615.5862980046
-0.5877027471 -2.1220845631 -0.1952625424 933.7485865988 403.6203164311
-0.6397658702 -1.9962388135 0.1742825485 981.9188281863 193.6999808941
-0.6116385735 -1.9244833139 0.2116265258 978.3178014357 165.6075050029
-0.1300626629 -2.1529462385 -0.6921622961 688.1609507661 671.4416530095
-0.1742632593 -2.0133338748 -0.0902612282 716.7090937793 346.6301850344
-0.0635647412 -2.0690742069 -0.0068415662 653.1781152633 299.6104519800
-0.0944812710 -2.1207718532 0.3757183913 669.6207337476 90.3718463410
-0.0662106627 -1.9797613538 -0.6179389584 655.8569455139 656.6719439706
-0.1169270298 -2.1924969758 -0.1057671843 680.0577822429 354.8574934152
0.1530304316 -1.8975286955 -0.1486459519 523.3092389919 382.6124511040
0.1031985642 -2.0237017061 0.3770378668 558.8344966178 76.3235549430
0.3132888607 -1.9172675775 -0.3784857863 427.7617068491 522.8539063999
0.1798051282 -2.1376171259 -0.2101951836 521.3680314450 412.2500932167
0.1105084575 -1.8324156555 -0.0292469899 546.1448811062 307.6534344096
0.2272400275 -2.1411056604 0.1748769749 495.8342154400 201.3634429891
0.4405851561 -2.0683433711 0.4238748486 371.1444867459 53.8472218365
0.4815465084 -1.8793705061 -0.5230342546 319.6326257953 617.1208385957
0.3990427333 -1.9565363562 -0.4157579215 381.0089144938 541.8521725958
0.4486312133 -1.8539060129 -0.1883259814 335.3546080317 408.6911170804
0.3632319295 -1.8211024113 0.3728792086 384.6918498196 47.2601791006
0.5574486502 -2.0322558777 -0.7031584427 300.3597553028 700.7955258535
0.6760474197 -1.9397994560 -0.6523280362 212.7808759262 687.5459693514
0.7253359792 -2.1817755865 -0.2257816326 232.3461835965 419.5771454159
0.5521447994 -2.0609144530 0.1825896689 306.7858960326 190.2852447805
0.7303731863 -2.0822931857 0.3409704371 210.0127780191 101.4259838570
0.9744884137 -2.0744573202 -0.0279052589 70.0242242456 310.3463867606
1.0497963986 -2.1500163623 0.1130776453 48.7764323942 233.7541370713

gimbalangles:
1.7474342326

end: