T_CW:
0.2230470771 0.9748076741 -0.0000000000 -0.0300000000
0.0000000000 -0.0000000000 -1.0000000000 -0.0900000000
-0.9748076741 0.2230470771 -0.0000000000 -0.0000000000
0.0000000000 0.0000000000 0.0000000000 1.0000000000

T_CW_cov:
0.0000017994 0.0000003452 0.0000003757 -0.0000007497 0.0000037524 -0.0000000940
0.0000003452 0.0000008945 0.0000000779 -0.0000020386 0.0000007172 0.0000002708
0.0000003757 0.0000000779 0.0000001767 -0.0000001613 0.0000007884 -0.0000000175
-0.0000007497 -0.0000020386 -0.0000001613 0.0000047123 -0.0000015569 -0.0000006481
0.0000037524 0.0000007172 0.0000007884 -0.0000015569 0.0000078861 -0.0000001984
-0.0000000940 0.0000002708 -0.0000000175 -0.0000006481 -0.0000001984 0.0000005105

target_points_pix:
-1.8855696832 -0.5597975338 -0.3500282611 25.1841486306 521.1941878493
-2.0366653240 -0.5797354377 -0.1590398876 42.6415710752 388.8271361628
-1.8230665739 -0.3324337885 -0.5518839596 177.5941902185 660.0699802703
-1.8149502794 -0.3269151280 -0.6100474934 180.6864564226 700.8503177478
-1.8622674728 -0.4048797174 -0.1332856099 130.8132463830 375.0501719174
-1.8483290310 -0.4352708366 0.3157310814 106.8077455509 69.7758171350
-1.9499979981 -0.3936762340 0.4339978451 152.3940603128 10.4475061933
-1.9908447012 -0.3801654029 -0.5518766256 167.9071741311 634.2142004610
-1.9508663012 -0.4204201028 -0.3158605866 134.6024997112 490.7409852591
-1.9282228052 -0.3422863927 -0.1986349192 183.8073591553 415.9587375600
-1.8307278366 -0.3649187074 -0.1020312630 154.2077381729 354.1889108150
-2.1653125976 -0.3185303887 0.2228715646 224.8883668389 167.8129669871
-1.9953435832 -0.1856712384 0.4673006755 292.3318223403 5.5940507716
-2.1850709518 0.1766330917 -0.3112378666 503.9646680481 465.1628374172
-2.1302348748 0.1741631005 -0.1246265184 504.5175675396 365.4941345619
-2.0390392157 0.0266576880 0.1803748992 422.5730163919 188.3593988905
-2.1040212686 -0.1858632528 0.2189118048 298.8577137010 167.3610282726
-2.1494438675 -0.1759117361 0.4480410634 307.5374004009 41.6887591212
-2.0454334636 0.3772148178 -0.5915859606 621.1768341034 627.3982601740
-2.1816244200 0.2296391180 -0.0710292623 532.1205158105 336.2884595077
-1.9675215332 0.3735704689 0.1902147838 626.3404591919 183.0909118443
-2.0887152358 0.0614816292 0.3387705058 442.6211171213 102.5946905220
-2.0066460326 0.6115724411 -0.6800587517 751.6998330110 674.7520023686
-2.0791652291 0.3295714681 -0.3363269805 592.1851346145 483.0926751827
-1.8402832734 0.4158654489 -0.1641496241 665.0217506527 392.3101733940
-1.9344931987 0.4325288222 0.0665921622 663.2947050015 254.3009161814
-1.9133212325 0.3814166405 0.4228418836 636.5661014024 39.5257577719
-1.9276225520 0.5546474071 -0.3245354469 732.7329587229 483.0082923034
-1.8713581895 0.5522859957 -0.2850187113 740.0905176380 463.2502849567
-1.8224931774 0.7448238787 0.1113938527 857.9502856659 225.3503838759
-2.1551667523 0.8701160953 0.2237557347 855.6957409344 186.7327018143
-1.8270632441 0.8325440399 0.3756327394 905.5302606314 69.7479418641
-2.1695389388 1.1810225265 -0.6431337417 994.6469636320 617.3836319730
-1.9948059239 1.0655745301 -0.1236212339 983.7856728772 364.3197437486
-2.1700906082 1.1508405723 -0.0162742313 981.3916212371 310.0344344236
-1.8367116007 0.8470277910 0.1536552899 910.9445024382 202.5889566614
-2.0290123060 1.2616487263 -0.4540971774 1067.0004218242 534.1905614763
-2.0326420221 1.4386671003 -0.3715805411 1145.8245251197 488.7926126238
-1.9996192975 1.1557197899 -0.0691214088 1025.7975917612 335.2378771443
-1.8508449086 1.2533294366 0.1209409021 1116.9981416813 227.9095938432
-1.8275087156 1.2445718864 0.4833325022 1120.4747820648 20.8267656761
-1.9009715403 1.5663851847 -0.7367942106 1246.2395185634 687.6605023772
-2.1088004373 1.4267765867 -0.4272348695 1118.0754147940 511.8635226380
-2.1735839590 1.4343336267 -0.3174998151 1103.3467419164 455.0435683779
-2.1721225624 1.4984821487 -0.1178589294 1130.8284325450 359.4129349170
-2.1038104307 1.5453454380 0.3154965260 1170.7895658740 148.3363953417
-2.0007657291 1.7629935701 -0.6819514061 1295.6224555947 639.8038413142
-2.1978652673 1.5512577920 -0.0820733873 1145.4201727321 342.4042993668
-1.8147805824 1.7005286935 -0.0912446736 1341.4498852509 346.4276523629
-1.8687607905 1.6395216927 0.3740385226 1292.5773445133 98.2165440615

gimbalangles:
-2.9214970406

end: