T_CW:
-0.4884058078 0.8726166208 0.0000000000 -0.0300000000
0.0000000000 0.0000000000 -1.0000000000 -0.0900000000
-0.8726166208 -0.4884058078 -0.0000000000 -0.0000000000
0.0000000000 0.0000000000 0.0000000000 1.0000000000

T_CW_cov:
0.0000006486 -0.0000000724 -0.0000001612 0.0000001592 0.0000014777 0.0000000300
-0.0000000724 0.0000008055 0.0000000208 -0.0000019497 -0.0000001533 -0.0000005327
-0.0000001612 0.0000000208 0.0000001372 -0.0000000399 -0.0000003589 -0.0000000100
0.0000001592 -0.0000019497 -0.0000000399 0.0000047787 0.0000003351 0.0000012814
0.0000014777 -0.0000001533 -0.0000003589 0.0000003351 0.0000034240 0.0000000556
0.0000000300 -0.0000005327 -0.0000000100 0.0000012814 0.0000000556 0.0000008228

target_points_pix:
-2.1084470842 -2.1437595431 -0.8462827436 341.8293346652 650.3521995339
-2.1505036008 -1.8785447290 -0.6108959777 432.8479575164 563.1473597948
-2.1201637352 -2.1673998295 -0.5899136888 338.1523031542 545.9525636794
-2.1751026614 -2.0680547056 -0.2528774066 382.2372429129 411.4858152472
-1.8436795053 -2.0972325809 -0.0518107199 269.5197292503 329.3220108569
-1.9077635645 -2.1704114228 0.3559764829 269.8550116015 155.8060173715
-2.1512036865 -2.0910517822 0.6218258585 368.7681076873 60.2901886392
-2.0318098922 -1.9024736379 -0.8205725347 391.3204534346 660.2919136626
-1.8643409561 -1.7298116612 -0.6347722235 395.4124584950 602.4338365317
-2.0424396500 -1.6700568512 -0.4559551200 470.4060892852 510.3170634599
-2.0356266141 -1.6670313584 -0.2216670401 469.3135302248 405.5844387971
-2.0876913757 -1.8532165545 -0.1977258456 422.6751570146 392.3474015780
-2.1047669438 -1.7534926241 0.2912902951 459.7911646477 181.3865471140
-1.8466322311 -1.7286678988 0.3992838197 389.4283949060 114.2433011579
-2.1872221107 -1.7737223126 0.6733064363 475.9942878107 25.7062262710
-1.9987360977 -1.5831478012 -0.6409907786 488.4706648549 600.9641460847
-2.0382461791 -1.3326640660 -0.1757110182 593.0939129096 387.5887011255
-1.9735375390 -1.6542454496 0.0160468711 455.3920720218 297.5622814564
-1.9694449003 -1.5102548261 0.2682812325 506.1012378593 176.3549417069
-1.8981907482 -1.3803410260 0.4931111575 535.1672892971 54.6010126662
-2.1515454672 -1.3696679846 0.5936939434 607.9684238312 33.1303514023
-2.1560010034 -1.2844100836 -0.7490828701 641.9158939611 652.2167486002
-1.8791834842 -1.2260730902 -0.3393922451 593.0762699712 476.2521593916
-2.0440471078 -1.0966304069 -0.2533872139 692.0340777517 428.6257778142
-1.9713422318 -1.2553782583 -0.1780519513 606.3470928385 390.4592860115
-2.1413915681 -1.1443759247 0.1206337022 694.5793812567 245.2135219418
-1.9976942520 -1.1816657871 0.4636784555 644.2550217223 67.9446735627
-2.0420969507 -0.8909787896 -0.6562326980 784.9460905733 643.9093119335
-2.1349248961 -1.0739685817 -0.3356921987 722.7685229819 466.4639907846
-2.0329931114 -1.0364522726 -0.2506829583 715.8731095553 428.6579291373
-1.9964769104 -0.9789673083 -0.0633441457 733.4051029865 332.4678710784
-2.0871240887 -1.0260110717 0.1519259638 732.9831235586 224.8660368837
-1.8855696832 -0.5597975338 -0.3500282611 927.6668771513 504.4611503227
-2.0366653240 -0.5797354377 -0.1590398876 942.6709393730 385.4870316889
-1.9221818306 -0.9124272166 0.0901865197 747.3992451525 247.3921519330
-2.0876470204 -0.8959227815 0.3128667921 792.3204105936 138.1897372134
-2.1452367339 -0.9267502190 0.5820317656 790.1297174381 8.7554246137
-2.1952372272 -0.7046575153 0.5517900690 904.3218627276 14.5284461153
-1.8230665739 -0.3324337885 -0.5518839596 1060.5219798584 653.1730351625
-1.8149502794 -0.3269151280 -0.6100474934 1063.1092309981 693.6023431167
-2.0899565708 -0.6540210319 -0.0673717668 911.9421520242 334.0661006440
-1.8622674728 -0.4048797174 -0.1332856099 1018.7416490247 374.0194923652
-1.8483290310 -0.4352708366 0.3157310814 997.5248560172 86.5772659608
-1.9499979981 -0.3936762340 0.4339978451 1038.6554265574 22.9392354850
-1.9908447012 -0.3801654029 -0.5518766256 1051.6434624470 626.1701335009
-1.9508663012 -0.4204201028 -0.3158605866 1021.7624605934 484.4291894046
-1.9282228052 -0.3422863927 -0.1986349192 1067.9298244770 414.7870416562
-1.8307278366 -0.3649187074 -0.1020312630 1040.2107154227 354.1798783968
-2.1653125976 -0.3185303887 0.2228715646 1108.6905243594 167.4284836346
-2.0390392157 0.0266576880 0.1803748992 1331.1232821011 167.1519767333
-2.1040212686 -0.1858632528 0.2189118048 1185.9128311478 158.7801417988
-2.1494438675 -0.1759117361 0.4480410634 1195.2293692174 25.6587898284
-1.7169756673 -2.0306084985 -0.3442061790 244.3097720848 464.6886950786
-1.6501252226 -2.1518835387 -0.1868133351 181.2798488673 391.1520451398
-1.9076947486 -2.0906629332 0.0539072926 293.2688567387 283.8970737433
-1.7608405348 -1.9343170826 0.0562900857 290.7221011050 277.6408259682
-1.9063764253 -1.8660205765 0.3738369208 362.9096181870 136.5375666375
-1.8966016870 -2.0532493118 0.5599591477 300.9864672326 61.6492478096
-1.5796895824 -2.1471275155 -0.5889229412 154.8332540631 584.1119897081
-1.6623309028 -2.0764444490 -0.4483026474 209.3212608779 514.7419204576
-1.6185755682 -2.0335792471 -0.1038771344 204.7772112774 352.7804916750
-1.3119388669 -2.0378495674 0.0669159930 64.7155026999 260.8344420035
-1.4426495618 -1.8136163176 0.1905162106 202.5857090709 194.0951945632
-1.5361605155 -2.1257179523 0.3896727763 142.0233651246 111.8633546479
-1.4013295484 -1.8286690344 -0.4892912054 179.0740889996 564.7614790034
-1.2231305079 -1.8176706409 -0.3259783931 92.7802515199 485.6562647457
-1.3064759274 -1.9948704185 0.0836250030 75.7597520035 250.6401710518

gimbalangles:
2.6858378413

end: