T_CW:
0.9880358009 0.1542246938 0.0000000000 -0.0300000000
0.0000000000 0.0000000000 -1.0000000000 -0.0900000000
-0.1542246938 0.9880358009 0.0000000000 0.0000000000
0.0000000000 0.0000000000 0.0000000000 1.0000000000

T_CW_cov:
0.0000024423 0.0000000444 -0.0000002515 -0.0000000887 0.0000051672 -0.0000003537
0.0000000444 0.0000011006 -0.0000000345 -0.0000024929 0.0000000683 -0.0000002631
-0.0000002515 -0.0000000345 0.0000001423 0.0000000922 -0.0000005316 0.0000000444
-0.0000000887 -0.0000024929 0.0000000922 0.0000057157 -0.0000001297 0.0000005962
0.0000051672 0.0000000683 -0.0000005316 -0.0000001297 0.0000109984 -0.0000007327
-0.0000003537 -0.0000002631 0.0000000444 0.0000005962 -0.0000007327 0.0000006158

target_points_pix:
-1.4983317879 2.0936842145 -0.5888533520 98.6948318909 596.8638719376
-1.4726534281 2.0034281786 -0.0936720132 78.9366414845 347.7704123343
-1.4598821192 2.0390700871 0.4072914279 97.0360827759 88.3475306682
-1.1860357705 2.0705200626 -0.6054671996 234.6158924514 614.3119517723
-1.4194715783 2.0828748510 -0.3704728398 129.9614633191 488.7022766493
-1.2776452368 1.8694489727 0.0047508315 125.9255315516 292.1605476478
-1.0730605838 2.0018530190 0.3056842560 269.3453522678 131.4518176471
-1.2085726006 2.0127526755 0.3547681015 206.4248389311 108.4397364057
-0.9983895204 2.0661635568 -0.7131763571 323.5795154241 675.5652462016
-1.1448503223 1.9295688788 -0.5001948033 213.3763695930 574.4445925244
-1.0393066434 1.9475716529 -0.2178789547 271.4088237194 417.4658867815
-0.9593756649 2.0777024999 -0.1501370496 344.3604224403 378.0651403774
-0.8521590024 1.9558607454 0.3663922634 369.9305685037 88.7727930951
-1.1747783765 1.9710647288 0.4070187887 210.4728729576 74.7231542718
-0.8567020351 2.0724969975 -0.4066799077 394.0047471903 515.2602063335
-0.7284212964 2.1001550914 -0.2330155620 463.2336043443 422.5175004773
-0.6547912955 2.0870834084 0.0211341981 498.0496449729 286.5452522184
-0.8817151466 2.0931652498 0.1051209762 385.7160539337 243.2441118181
-0.6486645931 2.0381515495 -0.4048343834 493.1120243936 519.7538211703
-0.3777328962 2.0709319294 -0.2918463810 640.6733037055 458.2663180252
-0.6412038263 2.0387083890 -0.1132956810 496.8762617522 359.2621005158
-0.3102710352 1.9260298101 0.1150357669 663.1348806640 223.8284053817
-0.6231705820 2.1520952738 0.5384759296 524.5904571821 16.6145685551
-0.3761262826 1.9359798530 -0.5684987763 626.6184261486 629.0537304843
-0.1470818764 2.0278346330 -0.3590369503 764.3680805245 501.2742996309
-0.1320941456 1.8887090879 -0.2943923727 766.0840326836 472.8162575907
-0.3254142569 2.0063571584 0.0721937411 662.6002944136 253.3665854513
-0.2945068937 2.1581701266 0.2369112271 692.7172670452 171.2447043017
-0.3564413644 1.8880841855 0.3603360344 632.1305302439 72.7795236310
0.1684447460 2.0863360526 -0.6863863826 945.2758576962 687.6144652625
-0.1733428557 2.0220748053 -0.3567373217 749.1936614069 500.0699402105
0.1853169703 1.9556145586 -0.2926013520 961.2313330712 470.5365690033
0.1459432429 2.0821321832 0.0768023636 932.7057839385 250.6191733257
-0.1806544141 2.1115250387 0.4424313824 750.3401094264 52.3338633988
0.0606416587 1.9370533156 -0.6051155074 884.8619610151 661.4661668088
0.1622540602 1.9938421750 -0.2072898762 945.4202812231 416.7540465592
0.1326497219 2.1934063378 0.1317613825 922.0285668434 225.7106527319
0.3584381887 2.0127258478 0.3252687757 1064.5974877094 95.2387100053
0.0874333717 2.0552167764 0.3189859915 899.6054053678 109.4951311200
0.4966650149 2.0206560720 -0.6076416902 1149.0044747870 660.1342930610
0.4776390888 2.1635637503 -0.5185001840 1118.6939735951 588.1573506375
0.6165630709 1.8861184111 -0.3081537565 1252.5070983834 489.7630234349
0.5187396521 1.9175698469 -0.0342267122 1180.3229028299 310.1794650096
0.4658259500 2.1446281117 0.1786821967 1114.6596960143 192.8313126082
0.6471853462 2.0880566141 -0.6773740498 1231.6692844698 694.1131572953
0.6892817683 2.0844330099 -0.6493308926 1258.6013525014 679.1440704235
0.6149241260 2.1417820874 -0.0629871951 1203.6121163984 330.4258701325
0.5774336625 2.1372701750 0.2631028182 1182.0287370833 142.1342191566

gimbalangles:
-1.6128964913

end: