T_CW:
-0.4570945680 0.8894180996 -0.0000000000 -0.0300000000
0.0000000000 0.0000000000 -1.0000000000 -0.0900000000
-0.8894180996 -0.4570945680 -0.0000000000 -0.0000000000
0.0000000000 0.0000000000 0.0000000000 1.0000000000

T_CW_cov:
0.0000006644 -0.0000000606 -0.0000001543 0.0000001266 0.0000015030 0.0000000237
-0.0000000606 0.0000007395 0.0000000240 -0.0000017804 -0.0000001190 -0.0000005202
-0.0000001543 0.0000000240 0.0000001287 -0.0000000477 -0.0000003363 -0.0000000135
0.0000001266 -0.0000017804 -0.0000000477 0.0000043460 0.0000002437 0.0000012345
0.0000015030 -0.0000001190 -0.0000003363 0.0000002437 0.0000034580 0.0000000342
0.0000000237 -0.0000005202 -0.0000000135 0.0000012345 0.0000000342 0.0000008197

target_points_pix:
-2.1084470842 -2.1437595431 -0.8462827436 297.4352881524 653.4917317503
-2.1505036008 -1.8785447290 -0.6108959777 390.0737946449 564.7866426936
-2.1201637352 -2.1673998295 -0.5899136888 293.6351501134 548.0228057608
-2.1751026614 -2.0680547056 -0.2528774066 338.5577372639 412.0445752859
-1.8436795053 -2.0972325809 -0.0518107199 223.3756143586 329.0370784280
-1.9077635645 -2.1704114228 0.3559764829 223.7131796348 153.3152375445
-2.1512036865 -2.0910517822 0.6218258585 324.8244411474 57.4606897113
-2.0318098922 -1.9024736379 -0.8205725347 347.8962161225 663.0636849373
-1.8643409561 -1.7298116612 -0.6347722235 352.0477767267 604.6490342508
-2.0424396500 -1.6700568512 -0.4559551200 428.1622357979 511.3610656799
-2.0356266141 -1.6670313584 -0.2216670401 427.0325566138 405.9415799446
-2.0876913757 -1.8532165545 -0.1977258456 379.7007078598 392.6762389915
-2.1047669438 -1.7534926241 0.2912902951 417.3551399160 180.2080586337
-1.8466322311 -1.7286678988 0.3992838197 345.8846643331 112.1005631344
-2.1872221107 -1.7737223126 0.6733064363 433.7801279351 23.6127574364
-1.9987360977 -1.5831478012 -0.6409907786 446.4846611424 602.4608359783
-2.0382461791 -1.3326640660 -0.1757110182 551.9945229185 387.6880655398
-1.9735375390 -1.6542454496 0.0160468711 412.9075306880 297.1819076859
-1.9694449003 -1.5102548261 0.2682812325 464.2498630277 175.3961455577
-1.8981907482 -1.3803410260 0.4931111575 493.6170024697 53.2491209155
-2.1515454672 -1.3696679846 0.5936939434 566.9260676710 32.3742467930
-2.1560010034 -1.2844100836 -0.7490828701 601.0867436078 652.6135312996
-1.8791834842 -1.2260730902 -0.3393922451 551.9972754412 476.5952116811
-2.0440471078 -1.0966304069 -0.2533872139 651.2166152379 428.6047580379
-1.9713422318 -1.2553782583 -0.1780519513 565.3211411901 390.5499861292
-2.1413915681 -1.1443759247 0.1206337022 653.7369976102 245.2409012359
-1.9976942520 -1.1816657871 0.4636784555 603.3503702464 67.5947813122
-2.0420969507 -0.8909787896 -0.6562326980 743.8979044718 643.0128745126
-2.1349248961 -1.0739685817 -0.3356921987 681.9227221371 466.3282262434
-2.0329931114 -1.0364522726 -0.2506829583 675.0329376503 428.5800885735
-1.9964769104 -0.9789673083 -0.0633441457 692.5114147921 332.4926900929
-2.0871240887 -1.0260110717 0.1519259638 692.0802801854 225.0486956296
-1.8855696832 -0.5597975338 -0.3500282611 885.1325509224 503.3216868270
-2.0366653240 -0.5797354377 -0.1590398876 899.9004107128 385.2149333877
-1.9221818306 -0.9124272166 0.0901865197 706.4513855493 247.5912387357
-2.0876470204 -0.8959227815 0.3128667921 751.1474125859 138.8835221333
-2.1452367339 -0.9267502190 0.5820317656 748.9748030096 9.8415222520
-2.1952372272 -0.7046575153 0.5517900690 862.0856939839 16.7496688369
-1.8230665739 -0.3324337885 -0.5518839596 1015.6196933050 649.7504691767
-1.8149502794 -0.3269151280 -0.6100474934 1018.1690610696 689.7010300252
-2.0899565708 -0.6540210319 -0.0673717668 869.6064026218 334.1804633169
-1.8622674728 -0.4048797174 -0.1332856099 974.6300227146 373.7847580389
-1.8483290310 -0.4352708366 0.3157310814 953.8050380020 89.0847017914
-1.9499979981 -0.3936762340 0.4339978451 994.1521267965 26.4334591893
-1.9908447012 -0.3801654029 -0.5518766256 1006.9389146089 623.1359524235
-1.9508663012 -0.4204201028 -0.3158605866 977.6220420983 483.0681590645
-1.9282228052 -0.3422863927 -0.1986349192 1022.7976780342 414.0490077017
-1.8307278366 -0.3649187074 -0.1020312630 995.6578583002 354.1446288306
-2.1653125976 -0.3185303887 0.2228715646 1062.6061104203 169.7581730399
-2.0390392157 0.0266576880 0.1803748992 1278.2433195453 170.6611162364
-2.1040212686 -0.1858632528 0.2189118048 1137.7632850226 161.6529628371
-2.1494438675 -0.1759117361 0.4480410634 1146.8484443461 30.5850933333
-2.0887152358 0.0614816292 0.3387705058 1302.8055672114 72.3105895778
-1.7169756673 -2.0306084985 -0.3442061790 197.5531000491 466.2080402924
-1.6501252226 -2.1518835387 -0.1868133351 132.7155264573 391.7555029731
-1.9076947486 -2.0906629332 0.0539072926 247.6984457080 283.0828581658
-1.7608405348 -1.9343170826 0.0562900857 245.1044100774 276.7480074546
-1.9063764253 -1.8660205765 0.3738369208 318.8587941611 134.4170139694
-1.8966016870 -2.0532493118 0.5599591477 255.6169499800 58.2450505801
-1.5796895824 -2.1471275155 -0.5889229412 105.5415395637 587.8466667547
-1.6623309028 -2.0764444490 -0.4483026474 161.6220123438 517.1029046481
-1.6185755682 -2.0335792471 -0.1038771344 156.9064796066 352.7943699174
-1.4426495618 -1.8136163176 0.1905162106 154.6760885604 191.7848053538
-1.5361605155 -2.1257179523 0.3896727763 92.2592927148 107.9061984351
-1.4013295484 -1.8286690344 -0.4892912054 130.5510746431 568.0196756392
-1.2231305079 -1.8176706409 -0.3259783931 41.4430624088 488.0403693454
-1.3064759274 -1.9948704185 0.0836250030 23.7494572688 248.7700858874

gimbalangles:
2.6274961153

end: