T_CW:
-0.6577934249 0.7531983870 -0.0000000000 -0.0300000000
0.0000000000 0.0000000000 -1.0000000000 -0.0900000000
-0.7531983870 -0.6577934249 -0.0000000000 -0.0000000000
0.0000000000 0.0000000000 0.0000000000 1.0000000000

T_CW_cov:
0.0000003509 -0.0000000349 -0.0000000393 0.0000000877 0.0000008094 -0.0000000210
-0.0000000349 0.0000010532 0.0000000032 -0.0000025927 -0.0000000946 -0.0000002272
-0.0000000393 0.0000000032 0.0000000958 -0.0000000004 -0.0000000899 0.0000000027
0.0000000877 -0.0000025927 -0.0000000004 0.0000064379 0.0000002370 0.0000005602
0.0000008094 -0.0000000946 -0.0000000899 0.0000002370 0.0000019202 -0.0000000469
-0.0000000210 -0.0000002272 0.0000000027 0.0000005602 -0.0000000469 0.0000004389

target_points_pix:
-2.1084470842 -2.1437595431 -0.8462827436 588.0509224229 639.9401337778
-2.1505036008 -1.8785447290 -0.6108959777 674.3022290375 558.9819032287
-2.1201637352 -2.1673998295 -0.5899136888 584.8205470811 539.0488824230
-2.1751026614 -2.0680547056 -0.2528774066 626.3088328951 409.7938242013
-1.8436795053 -2.0972325809 -0.0518107199 521.8663819896 330.3573047489
-1.9077635645 -2.1704114228 0.3559764829 522.2400865868 164.8913022485
-2.1512036865 -2.0910517822 0.6218258585 613.7379037360 69.1675291959
-2.0318098922 -1.9024736379 -0.8205725347 634.5032561835 652.0916848026
-1.8643409561 -1.7298116612 -0.6347722235 638.4571676679 595.9882883982
-2.0424396500 -1.6700568512 -0.4559551200 710.6709100563 508.2372819016
-2.0356266141 -1.6670313584 -0.2216670401 709.7258159614 404.8741409003
-2.0876913757 -1.8532165545 -0.1977258456 664.7477832482 391.4815374374
-2.1047669438 -1.7534926241 0.2912902951 700.6233120057 183.9583324085
-1.8466322311 -1.7286678988 0.3992838197 633.1778853850 120.5867599370
-2.1872221107 -1.7737223126 0.6733064363 716.3742753051 29.7354875957
-1.9987360977 -1.5831478012 -0.6409907786 728.1651318732 598.4850390040
-2.0382461791 -1.3326640660 -0.1757110182 832.7790093424 387.9185785894
-1.9735375390 -1.6542454496 0.0160468711 696.2952711670 298.4186564893
-1.9694449003 -1.5102548261 0.2682812325 745.8717403343 177.5698827597
-1.8981907482 -1.3803410260 0.4931111575 774.6568349282 55.1083260369
-2.1515454672 -1.3696679846 0.5936939434 848.0462338097 29.6365815224
-2.1560010034 -1.2844100836 -0.7490828701 882.4211913802 657.3999528434
-1.8791834842 -1.2260730902 -0.3393922451 832.6724516332 477.3654628020
-2.0440471078 -1.0966304069 -0.2533872139 935.0386958776 430.7153157927
-1.9713422318 -1.2553782583 -0.1780519513 846.2747330998 390.9122765579
-2.1413915681 -1.1443759247 0.1206337022 937.8468459657 242.3641618134
-1.9976942520 -1.1816657871 0.4636784555 885.3602111644 62.9033000439
-2.0420969507 -0.8909787896 -0.6562326980 1034.0998236600 656.8299537145
-2.1349248961 -1.0739685817 -0.3356921987 967.4981304456 470.2124546690
-2.0329931114 -1.0364522726 -0.2506829583 960.2372262527 431.0960881222
-1.9964769104 -0.9789673083 -0.0633441457 979.0079099856 331.8417238120
-2.0871240887 -1.0260110717 0.1519259638 978.5967735340 220.5456493895
-1.8855696832 -0.5597975338 -0.3500282611 1193.8432113121 515.5833328252
-2.0366653240 -0.5797354377 -0.1590398876 1211.1721004858 388.0791010466
-1.9221818306 -0.9124272166 0.0901865197 994.0694891407 243.5365721963
-2.0876470204 -0.8959227815 0.3128667921 1042.6578713781 128.4902960991
-2.0899565708 -0.6540210319 -0.0673717668 1175.9846296895 332.8934486190
-1.8622674728 -0.4048797174 -0.1332856099 1300.1772321463 376.0926507520
-1.8483290310 -0.4352708366 0.3157310814 1275.1056765266 63.6888423743
-1.9908447012 -0.3801654029 -0.5518766256 1338.5370988697 652.8014278465
-1.9508663012 -0.4204201028 -0.3158605866 1303.4776793676 496.5945795775
-1.8307278366 -0.3649187074 -0.1020312630 1325.7485460165 354.4540397920
-1.7809738419 -1.8342199357 -0.8692251670 578.7861789751 702.0325412962
-1.7169756673 -2.0306084985 -0.3442061790 498.8503936379 459.0060639550
-1.6501252226 -2.1518835387 -0.1868133351 442.6103166424 388.7800396020
-1.9076947486 -2.0906629332 0.0539072926 543.5953299603 286.7869654181
-1.7608405348 -1.9343170826 0.0562900857 541.2163112185 280.8159144646
-1.9063764253 -1.8660205765 0.3738369208 608.2013683636 143.2535249626
-1.8966016870 -2.0532493118 0.5599591477 550.6719069869 73.6298002569
-1.5796895824 -2.1471275155 -0.5889229412 418.9731130168 569.2594009416
-1.6623309028 -2.0764444490 -0.4483026474 467.3604603368 505.6620386118
-1.6185755682 -2.0335792471 -0.1038771344 463.4818006789 352.7173640199
-1.3119388669 -2.0378495674 0.0669159930 341.1937205542 267.8549199451
-1.4426495618 -1.8136163176 0.1905162106 461.4833496971 202.9858529871
-1.5361605155 -2.1257179523 0.3896727763 408.0806960251 127.6546199140
-1.6094412696 -1.8973613024 0.6184070836 499.9188871624 10.6608847573
-1.4358768580 -2.0111886180 -0.8261469596 401.2566132665 701.7471230569
-1.4013295484 -1.8286690344 -0.4892912054 440.2495900083 551.9953709155
-1.2231305079 -1.8176706409 -0.3259783931 364.9562863461 475.9205335265
-1.0540651075 -1.9318002681 0.1505068516 247.8768025388 210.7126689703
-1.3064759274 -1.9948704185 0.0836250030 350.6321884149 258.2794168748
-1.0817565838 -1.8792648318 0.4912548355 277.2896095161 16.5060187918
-1.2632768288 -2.1108735220 0.5969392310 300.8382926490 4.6254649173
-0.8996479791 -2.0374637846 -0.5070061223 137.1612434768 585.2733945427
-1.0352279963 -1.9014060949 -0.2873643345 246.7482416618 459.0244775242
-0.8524976807 -2.0244151995 0.1476430308 111.8826338470 206.2214184116
-0.9396370708 -1.8606308446 0.3999390077 205.4480210483 51.3244212499
-0.9669781436 -2.0218379039 0.4458862138 177.9152178041 43.6079714258
-0.9005062453 -1.9343387993 -0.4449024492 163.5068561183 556.8541190176
-0.9123079585 -2.1284580629 -0.2558047657 122.0212081785 438.0122468862
-0.6883316207 -1.8469608032 -0.1589367572 50.2151858781 391.8298119973
-0.8632153327 -2.1951362328 0.0753490344 79.1265650928 254.3035790365

gimbalangles:
2.4647418942

end: