T_CW:
0.9999887602 -0.0047412545 -0.0000000000 -0.0300000000
-0.0000000000 -0.0000000000 -1.0000000000 -0.0900000000
0.0047412545 0.9999887602 -0.0000000000 -0.0000000000
0.0000000000 0.0000000000 0.0000000000 1.0000000000

T_CW_cov:
0.0000032474 0.0000002347 0.0000000027 -0.0000004756 0.0000067601 -0.0000004384
0.0000002347 0.0000015305 -0.0000000246 -0.0000033912 0.0000004657 -0.0000001754
0.0000000027 -0.0000000246 0.0000001367 0.0000000718 0.0000000112 0.0000000026
-0.0000004756 -0.0000033912 0.0000000718 0.0000075885 -0.0000009389 0.0000003664
0.0000067601 0.0000004657 0.0000000112 -0.0000009389 0.0000141423 -0.0000009012
-0.0000004384 -0.0000001754 0.0000000026 0.0000003664 -0.0000009012 0.0000006446

target_points_pix:
-1.0730605838 2.0018530190 0.3056842560 51.7952620761 116.1345434795
-0.9983895204 2.0661635568 -0.7131763571 113.7718183045 695.3681911475
-1.0393066434 1.9475716529 -0.2178789547 54.1961138404 422.0025075570
-0.9593756649 2.0777024999 -0.1501370496 136.4553336834 379.6046121912
-0.8521590024 1.9558607454 0.3663922634 165.0376500364 74.4457226722
-0.8567020351 2.0724969975 -0.4066799077 191.7993148775 523.6202445835
-0.7284212964 2.1001550914 -0.2330155620 267.3833889292 425.4284883811
-0.6547912955 2.0870834084 0.0211341981 304.8462847305 284.1980167066
-0.8817151466 2.0931652498 0.1051209762 182.3968816227 237.5538978011
-0.6486645931 2.0381515495 -0.4048343834 299.7633968594 525.9093936752
-0.3777328962 2.0709319294 -0.2918463810 455.1380506548 459.9299650394
-0.6412038263 2.0387083890 -0.1132956810 303.6424577399 359.5361461847
-0.3102710352 1.9260298101 0.1150357669 478.1370656041 222.2382177264
-0.6231705820 2.1520952738 0.5384759296 333.2502055506 5.8389705988
-0.3761262826 1.9359798530 -0.5684987763 440.8303600712 633.8795055526
-0.1470818764 2.0278346330 -0.3590369503 580.7727035124 501.0412675559
-0.1320941456 1.8887090879 -0.2943923727 582.4609785454 472.5741477539
-0.3254142569 2.0063571584 0.0721937411 477.5869801631 252.1250328166
-0.2945068937 2.1581701266 0.2369112271 508.3331083411 169.6961905067
-0.3564413644 1.8880841855 0.3603360344 446.1902311064 68.1336704862
0.1684447460 2.0863360526 -0.6863863826 757.3535514205 679.1220932386
-0.1733428557 2.0220748053 -0.3567373217 565.5906163931 500.1450213645
0.1853169703 1.9556145586 -0.2926013520 772.2068963097 467.2349488199
0.1459432429 2.0821321832 0.0768023636 744.9621543254 252.9868047011
-0.1806544141 2.1115250387 0.4424313824 566.5432639726 52.1459515016
0.0606416587 1.9370533156 -0.6051155074 699.3358183871 655.9981513803
0.1622540602 1.9938421750 -0.2072898762 757.1567811682 415.0677627580
0.1326497219 2.1934063378 0.1317613825 734.7619531245 228.4808180088
0.3584381887 2.0127258478 0.3252687757 868.7463777009 105.5660786110
0.0874333717 2.0552167764 0.3189859915 713.1932390678 114.1649544511
0.4966650149 2.0206560720 -0.6076416902 946.2527077963 644.5048272110
0.4776390888 2.1635637503 -0.5185001840 918.6715962909 577.0430893684
0.6165630709 1.8861184111 -0.3081537565 1038.2935648739 481.0183693493
0.5187396521 1.9175698469 -0.0342267122 973.9879101634 312.4152746046
0.4658259500 2.1446281117 0.1786821967 914.6949875292 200.1814219579
0.6471853462 2.0880566141 -0.6773740498 1020.3755910213 673.4831574191
0.6892817683 2.0844330099 -0.6493308926 1044.1419037403 658.3887126876
0.6149241260 2.1417820874 -0.0629871951 994.9257508429 331.6104334562
0.8744611877 1.9175934359 -0.1030143606 1186.9363854509 353.9614563858
0.5774336625 2.1372701750 0.2631028182 975.6114790236 153.5341851644
0.9700709065 2.0495125061 -0.3789924060 1207.5753152865 510.0720880185
1.1070298076 2.0352606546 -0.4010910561 1288.0811674451 523.5244560093
0.9446028517 1.9229887471 0.1001881458 1227.4786775231 230.7633259228
0.8794509136 1.9301087444 0.2419634107 1186.8869910486 145.5789573372

gimbalangles:
-1.6100509612

end: