T_CW:
-0.0845276919 -0.9964211305 -0.0000000000 -0.0300000000
-0.0000000000 0.0000000000 -1.0000000000 -0.0900000000
0.9964211305 -0.0845276919 -0.0000000000 0.0000000000
0.0000000000 0.0000000000 0.0000000000 1.0000000000

T_CW_cov:
0.0000018385 0.0000000258 0.0000001826 -0.0000000279 0.0000038440 -0.0000003196
0.0000000258 0.0000007233 -0.0000000165 -0.0000016491 0.0000000599 0.0000001652
0.0000001826 -0.0000000165 0.0000001079 0.0000000551 0.0000003796 -0.0000000368
-0.0000000279 -0.0000016491 0.0000000551 0.0000038211 -0.0000000724 -0.0000003880
0.0000038440 0.0000000599 0.0000003796 -0.0000000724 0.0000080941 -0.0000006543
-0.0000003196 0.0000001652 -0.0000000368 -0.0000003880 -0.0000006543 0.0000004745

target_points_pix:
2.0804284908 -1.4342990342 -0.5591014867 1327.2045546590 594.6401274297
2.0202869862 -1.3816786268 -0.6436614308 1320.7884963409 648.2193668559
2.1734113672 -1.5304661388 -0.3488565010 1343.5227789667 477.1648114719
2.1760079290 -1.5067753085 0.2146109058 1332.0553398449 190.9385799075
2.1510524493 -1.3680571994 0.4953890559 1273.3829105658 43.3714486956
1.8800404546 -1.1561776933 -0.0820716904 1248.9934970604 341.2493797182
1.9377411544 -1.1464049791 -0.1445223815 1224.9439857267 377.3678829938
2.1125434404 -1.0593333462 0.0697296499 1130.9442944219 261.1299061402
2.1461434616 -1.1768735850 0.4029253150 1181.2837955563 88.7628488232
2.1950641026 -0.9901943079 -0.7739551749 1076.8366353820 696.9270039246
2.0073783830 -0.8101855643 -0.6565373428 1024.1892722426 665.3198035133
2.0630315312 -0.9873049000 -0.4166250607 1105.6769079068 524.2722198035
1.8489564548 -0.8233021713 0.0499289788 1068.3615666829 260.7395502945
2.0506481451 -0.8915399122 0.1756457601 1058.8477182975 199.7499997532
2.1242193271 -0.8479907540 -0.5599553179 1020.4152107881 596.6391386355
2.1462577662 -0.8847763794 -0.4525485406 1034.7932607505 537.3149936254
2.1605735270 -0.8488577758 -0.3398468232 1013.9469807975 477.3464475856
2.1765978586 -0.6839881453 -0.1951020741 928.0172414549 401.4793356053
2.0602891066 -0.7588317401 0.4321516523 986.8409983914 58.0948175623
2.0607231527 -0.3568691784 -0.6240690148 770.0365872100 644.9884015156
1.8608577264 -0.6154256622 -0.5318944843 943.3903854379 616.5415180746
1.9673362565 -0.4932213503 -0.4475193608 855.9491966495 554.6313326791
2.1067069339 -0.6795458537 -0.1661413448 936.6727840651 387.5898298051
1.9060279588 -0.5343612355 0.2312919742 888.5612078735 153.3562465329
2.0636815123 -0.3878123219 -0.4885321114 786.5807468575 568.7923784274
2.1849937664 -0.1076724463 -0.3596361117 630.0373653476 490.1774291961
2.0022793552 -0.3407600927 0.0091227653 766.1017654703 289.3009721489
1.8643482217 -0.2351548738 0.1403036800 715.0433878261 203.2859255280
1.9661306703 -0.1937462224 0.4290557110 684.7952565424 39.7005615332
1.8771705378 -0.1265291682 -0.6141926158 648.4946658251 670.7163369908
2.0676327225 0.0569281127 -0.3843215573 540.5519787760 513.1605500862
2.0149956616 -0.0249350183 -0.0543509498 586.1307249530 325.7835860106
1.9958726695 0.0686412089 -0.1886466928 531.8452039581 404.3973316129
1.9211683822 0.1359918091 0.3523883176 488.8356874371 75.3350108932
2.1786073514 0.1163252008 0.3660038469 511.2313059148 100.3518627025
1.8114395741 0.4329723722 -0.5928847570 289.8868528625 675.9860879745
2.1709836927 0.2997486605 -0.5802434997 412.3989622883 612.8236114494
2.0977893427 0.1919665322 -0.4032312221 466.2507268854 522.1145006325
2.0411823258 0.4248620549 -0.1403165224 327.8152692467 375.5495879644
1.9438511651 0.1053696058 0.3538797141 508.3954240649 77.9446683812
2.0492906402 0.1592700833 0.4628330884 481.9409045863 28.6565600193
1.8991071867 0.6234767567 -0.5807390885 183.6572324678 654.9711192774
2.1354501132 0.6857830925 -0.5689497110 194.0609442770 614.1996077004
2.1728366635 0.3511639663 -0.4284264483 384.3782026445 530.5685010313
2.1946764291 0.4631732279 0.0532115749 325.4602937040 268.6678859639
2.0632829037 0.5445962566 0.1285032323 261.2215642103 219.7505533786
1.8979720761 0.3684671733 0.3103802266 343.1954067120 95.6641916490
1.8819986643 0.6403023216 -0.5539885803 169.0239418498 641.0418858311
1.8710597108 0.8099321409 -0.1270716099 55.2083566466 369.6979322317
1.8732712174 0.7386851116 0.1801451262 102.0514364526 172.1894343231
2.1830827873 0.8306619622 0.2050011929 121.5016573091 183.3063228600
1.9089759812 0.8085310986 -0.5822388722 68.5183608466 655.9763060496
1.9554318540 0.8479488833 -0.1032449947 55.0467363648 353.9643355478
2.0820885222 0.9153317630 -0.0671913434 48.7905393190 332.5487207729

gimbalangles:
0.0370138890

end: