T_CW:
0.563018356555611 -0.717365415000257 0.410362268663833 -0.043254054985477
-0.541591335765747 0.054795271599747 0.838854160884825 0.025025934961263
-0.624250875213558 -0.694538940284718 -0.357668149579031 -0.022199747497096
0.000000000000000 0.000000000000000 0.000000000000000 1.000000000000000

T_CW_cov:
0.000000579468350 0.000000037793884 -0.000000063874707 -0.000000005690565 0.000001279373930 0.000000215426161
0.000000037793884 0.000000548537336 0.000000066122299 -0.000001511605717 0.000000017987898 0.000000087229107
-0.000000063874707 0.000000066122299 0.000000306942644 -0.000000275410595 -0.000000225608019 -0.000000018836053
-0.000000005690565 -0.000001511605717 -0.000000275410595 0.000004878999989 0.000000167484655 -0.000000063706532
0.000001279373930 0.000000017987898 -0.000000225608019 0.000000167484655 0.000003517078079 0.000000354036406
0.000000215426161 0.000000087229107 -0.000000018836053 -0.000000063706532 0.000000354036406 0.000000799474479

target_points_pix:
-0.632075857116941 -2.973430765459143 -0.955153810481301 492.068885416197531 187.627914290638785
-0.793781681869014 -1.641417650998413 0.707186212655561 549.074928072956027 409.925836970924706
-1.169860562919528 -0.091558114088769 -1.370089940519724 145.543706949343203 144.541985514437755
-1.283002091526680 -0.747761295642913 -2.974165121150432 226.827488981766805 53.601295778638701
-0.255313631190007 -1.971208664170202 0.171534172980832 592.465759358018317 272.907975411537564
0.623470838340239 -1.939885472193345 -0.297269450580715 741.331080822410627 84.480690272048662
-0.155054339981346 -2.413745039848549 0.501455690159033 653.322990040893387 300.720704705322305
-1.932373118625581 -0.301247473780037 -0.748190514007685 197.313102185978067 301.812971189335940
-2.117320053338740 -2.144778239556308 -1.406029482561590 355.170951106083862 230.366553975650646
-1.759048822907458 -1.615888020375582 -0.800308399887226 355.532703024725720 260.772823631068775
-2.673456675019535 -2.626516569506575 1.270193793128689 443.990055572574363 431.554002881407200
-2.752637489574927 -2.428256160831602 -2.050260806049639 334.592462987358431 219.758430677373212
-0.413245086284756 -1.661924362225200 -0.397513215549922 494.170615575209013 211.834681416308285
-2.800292032162577 -2.717799094036851 0.708725477149321 419.956069736606196 382.614185025326833
-2.631875109736306 -0.240675551070411 -1.776525725434079 167.542123972859656 234.276509005284254
-0.461163206633531 -1.237434992763998 0.288399072466669 541.689945860006219 345.806597052163681
-0.886320980318775 -2.252044528870325 0.313201569361650 521.848945729808975 318.153241305348843
-2.128984519802631 -2.006397730996573 0.090773271844217 396.555680284521600 343.304119236767463
-1.500622496762984 -2.775612682301848 -1.246983967959819 418.771889912496079 213.060492647133003
-0.334215531377678 -1.479171923349333 -1.828834616538048 385.537015690482349 57.104213526538786
-2.592708470432378 -2.649318893019637 -0.851042690634956 378.404747427404004 276.430546838554903
-1.400378524680470 -0.373692266792882 -0.723315108802065 223.403677544026095 267.142881071970407
-0.366587018464878 -2.441794519498384 -0.785089722347453 505.979518126159292 176.556822262342905
-0.843157433083838 -1.939594987363949 -1.479914070498307 402.320461302488638 151.578562056686451
-2.643756734310544 -2.799498370532331 -2.309197559134637 349.377960833157090 204.725381661306642
-2.774150966978171 -2.040244489095533 -0.175702412079464 359.080116655478378 335.745528793677920
-1.964605240322167 -2.002986343418303 -1.324291796429495 355.112653890858098 229.195607242382266
-0.748283663115107 -2.290147788125121 -2.380932903058135 392.143740072626599 97.783122511862899
-0.527804936517645 -2.977235471612039 -1.687446161140310 464.835728395583260 136.623816360599164
-1.890594367962302 -2.462704484665416 -2.421444803966614 353.605113999096318 167.210437301556567
-1.574702039722106 0.364789639504317 -2.118673466932528 35.083079209671610 94.405695770907840
-1.587322028688587 -2.644207986075857 1.292672915320934 529.141850081054713 427.886513281123030
-0.404298251230601 -2.750346876508495 -0.951485710931852 503.166249726731053 170.843687577692293
-2.993300718625375 -2.993441588152542 -2.436948657120517 345.979428778620104 211.226344523368340
-0.115087828265375 -1.621602364932578 0.699433673458384 725.964450266471431 392.464894962268204
0.659732524222695 -2.719044585050702 -1.422675884421720 584.085087036813547 33.256808410247260
-0.950569983694684 -1.106831599491194 -0.218693385412917 396.739896422529739 290.006009611392528
-0.527615348138007 -2.506410404176464 -2.003044375395833 430.903507379564587 107.730866282713833
-0.142506199836481 -1.115804967001101 -0.678860039736684 464.123873350840597 121.727921890320161
-0.985676356892964 -0.584818256916840 -0.830581488334668 278.354608709612819 207.864347532566171
0.525895182455370 -1.925036666790089 -0.888484233352592 610.634212662990194 33.625349203731275
-1.060648147433165 -2.188510001145658 0.350403630248076 502.875984949512997 331.515487137874857
-2.879837611066490 -2.479788945339600 0.613971642821233 402.300365790872036 384.458238053449179
-2.349568547252482 0.359468555819674 -2.925548872768864 70.473129394292357 116.879842429534207
0.419579620992609 -1.974883451879913 -0.326438600900679 671.666691386486264 122.224059570354967
-1.227204612053876 -1.563639412415003 -2.128238077156917 329.931548753736990 129.300103531375555
-1.758650262354513 -2.094758788426888 0.162999915595146 427.738702105396726 337.345083288657975
-2.463741830511737 -2.742737599633919 0.021869657707573 413.985071043659502 326.551315448230753
-2.167933194451803 -2.249708908730160 -2.488333089730405 332.383206386035283 174.910705694194860
-1.250208973576321 -0.463343223077262 -1.630726133430340 217.664227324253233 139.058609299567479
-1.772576321051908 0.132103252139055 -2.512721845275342 98.143302950803218 96.910428835177754
0.612618450857146 -1.965223161977429 -0.712329304173472 657.764185959430620 38.127834682454278
-2.009814778619000 -2.342507873330543 -0.246987044123800 408.452167664718900 303.400937983045196
-1.010319458838606 -0.832182229422446 -2.808380135190275 246.392363920083795 37.635238435672534
-0.363861029231662 -0.954612515616267 -1.779790576450136 328.072883348898984 26.852717498274586
0.517158653962242 -2.883643548161206 -0.840293530507212 618.801562323484177 101.492292202023037
-2.946988605128144 -0.055658220898970 -2.329130664628035 139.790272431298263 209.368655121669235
-2.271497481476198 -1.575480529171234 -0.370820220879510 343.546414763175051 318.679631523507624
-2.290638715420272 -1.903272513875875 -2.946655864466461 300.056254429211776 155.793921479785013
0.012624368451334 -2.069442595465107 -2.414255140724293 424.031326428551779 13.713632980060481
0.183324193769693 -1.989900932840795 0.104475338657137 681.666135255395261 220.415294778132591
-0.393610083524171 -1.188134872323905 -1.563137830369397 367.160255230320729 68.353897396535473
-1.416100838720206 -2.167485334628920 0.483216133616751 475.871865994201301 358.445226485002422
-2.078695281559237 -1.243938928372355 -2.857024258985406 261.004370494018531 139.037575246599204
-1.556350529336756 -2.325977289144970 0.023755922121903 447.076219611539273 311.511737186850837
-1.929668853918614 -1.892056182417536 -1.490816483216828 344.613368673789864 216.884343710575109
-1.855336498531666 -2.237003695717938 -1.384817593866376 371.380997508370626 220.249914192283484
-1.189518955913883 -0.058473315080941 -0.846586426509932 143.724941040724872 229.538474583981298
-2.161075681935003 -2.546796773237552 -1.581862751178117 369.856654497538955 221.661872156339314
-1.031056898747028 0.168130809075145 -1.923917057900469 64.255905089181340 32.489167848867197
0.729311086125151 -2.466267561761849 -1.296158420739365 603.713744807767512 12.885019168869320
0.492317636367380 -2.948659149863854 -2.458039317552030 500.097985692897282 10.037712601755970
-0.789699459761356 -0.671283229251809 -1.448263468441791 275.440160095961573 106.758866693891576
-0.478434186750731 -2.093550077009114 0.337280236615828 574.740850922849859 307.527404662565345
0.176186804999556 -2.021278292489356 -1.205141941973563 518.946555920434434 70.235049597151033
-2.080998288541923 -2.300722040213718 -1.121136592764370 373.472485655380808 245.882558174371269
-0.576605559813063 -2.977722037134996 0.726909826088295 608.199020224017659 327.922189698241823
-1.228382864302860 -2.682255914716023 -2.280802266560253 393.181386940582854 142.779035266020912
-2.400546200419020 -1.423105247647779 -1.772244626728804 289.328870005063266 220.873264387592769
-1.051903137170449 -0.630922389568663 -1.126008669157361 269.551486297150404 176.551240384486107
0.022959853197840 -2.270988525214225 -1.369984646990615 498.742821844502828 89.373583629814533
-2.522210022458577 -0.763523176943374 -2.421485733435911 218.675263460187750 183.619851500188304
-2.135111532933809 0.371175105044514 -2.854808477241397 62.370947174733487 100.432319046279048
-2.352497863176354 -0.419090101970517 -0.676335805967986 210.971752345737684 326.179724905210549
-1.796204727683419 -1.039718736694517 -0.081401968752361 330.565050688729400 353.625700751613863
-2.573057709165699 -2.343835408398033 1.388591167805596 442.915308460355618 458.244791862138470
-2.432360816910140 -2.813992034274774 -0.851971447985204 391.790692317778507 270.062709263120780
-2.579420744306482 -2.558601798734101 0.537724911964138 418.017709835245910 371.669125690230430
-2.258388008239526 -1.957938364818705 0.267446429815599 393.481413767835875 364.084167321340260
-1.187320759216839 -1.952091227898764 0.602317152338420 497.009243656404919 378.278150144592928
-1.499447550469543 -0.951295388520147 -2.155887297687875 262.916456798687022 134.032769531817451
-0.726818356871922 -2.503562802336062 0.711441944568031 581.744416036972211 350.442275885737388
-1.985881528151988 -1.479176692346613 -1.175208923824978 322.420781452449376 242.623583987464826
-0.265597950294425 -2.686827685160679 -2.020846882635039 455.419548657986184 91.434670686238121
-2.286262925337196 -0.222683742643781 -1.492925846979627 169.262550706877391 239.416478995730500

gimbalangles:
-2.738556223861977 -0.422851284827170 -0.665429547745160

end: