T_CW:
-0.548550105549609 -0.816380212802438 -0.180599362806625 -0.051312695970728
0.640222187081104 -0.271187031559471 -0.718730231090254 -0.035918648927158
0.537780933903947 -0.509883263167765 0.671424400115747 -0.033042698436924
0.000000000000000 0.000000000000000 0.000000000000000 1.000000000000000

T_CW_cov:
0.000000530427305 -0.000000009990092 0.000000047961714 -0.000000023523723 0.000001062327783 0.000000035731485
-0.000000009990092 0.000000432425495 0.000000008209190 -0.000001068411712 0.000000010254869 0.000000117137156
0.000000047961714 0.000000008209190 0.000000296958310 -0.000000026531133 0.000000089877459 0.000000006640359
-0.000000023523723 -0.000001068411712 -0.000000026531133 0.000003210764832 -0.000000119328882 -0.000000353149335
0.000001062327783 0.000000010254869 0.000000089877459 -0.000000119328882 0.000002691850105 0.000000052956993
0.000000035731485 0.000000117137156 0.000000006640359 -0.000000353149335 0.000000052956993 0.000000662056134

target_points_pix:
-0.374508819722617 -2.792472966053825 1.843083658289599 584.667046914476487 155.544759530356600
1.521380111929226 -2.200871022236925 2.504114173268010 406.193053683608696 221.718056726437510
1.295561638623608 -1.416405185858894 0.012519501775890 443.293434300773640 442.287858252809201
1.146321621720232 -1.729544609839301 1.933211205151467 408.778845526080545 220.096959148905512
0.280800500936368 -1.171864569172195 1.125032765287567 465.420327744132123 182.516245084993898
0.912158489264184 0.142680861227956 1.207983140341669 196.016407013647949 166.988283817920632
0.046269919670005 -0.857852777220630 1.621705320978712 427.978993405076778 89.929140164363901
-0.155054339981346 -2.413745039848549 0.501455690159033 694.276932992379216 266.066731034986958
2.630597899395866 -2.533602612630514 1.408948156924308 396.638577641727693 327.951769187076593
2.559122324685278 -0.044395362467658 0.521955253318731 162.046858195560418 414.223540810995701
2.295902753926267 -0.365161291053127 1.037743256567058 236.049231324364030 330.893876243073407
1.564204261687449 -2.194379915728515 2.096758610292383 411.793003078805555 243.454637545851654
2.304100349350628 -2.299069981759198 1.705250789412906 392.699360663942059 297.030655620492325
1.906356670365998 -1.872075609508802 2.833616551523114 370.225836166855743 217.930137881706514
2.017628304605564 -1.308391070018593 2.485454371403504 336.816313937879386 227.020850545810532
0.106097197544578 -1.586979738801300 2.101489332490848 462.205832406504101 126.616898866266183
0.580251370663158 -1.412934886423969 1.321127818311631 445.193055115720881 209.977048804085598
-0.180119838378372 -0.547998574933346 1.311464993215246 435.866158171440702 17.624534105443871
1.014318963918849 -0.183437836008217 0.234070377196855 216.739214403247843 396.445220171049698
0.425639955333826 -1.694721804660521 2.857543598629928 422.595181279872747 129.326350988855779
0.834463258621495 0.725016701496996 1.608918387480616 76.467216820876672 56.034806467692789
2.638894052185566 0.285906882712748 0.661602872195694 109.407259679097081 397.576860416146928
0.304249663992359 -0.729757268759560 1.238264087314165 403.187535918838364 142.897380913402571
0.968177481878278 -1.826587437244287 -0.050071853227793 535.522277391738612 434.277472309584141
0.776788298176784 -2.750128971869528 0.175401666096890 595.729304253822761 376.851066936832808
0.380298172856866 -1.298743151086943 2.104596717599694 420.522417983414073 136.989501305732631
1.152378882989988 -2.162866322483199 2.973607017601903 411.058490567526121 183.870733256945499
-0.382334628612583 -2.600421760824444 2.813822754511428 519.365166809639049 109.728105458047679
-0.208944366737399 -2.221377258297758 2.752022459203438 492.995481768244872 107.737253855806500
1.351811419852067 0.783096493381664 2.751030019425284 157.445532121978744 85.976855042692819
-0.115087828265375 -1.621602364932578 0.699433673458384 618.723296569006607 204.833278790210016
0.079904736471226 -1.404300557266472 2.579670587336606 432.885492905636454 96.100312892732660
1.187100558706069 -0.861906893643477 2.017600602608255 338.669146734124865 189.945918983994574
-0.359916190317959 -1.993605606062929 1.433919339499767 584.305311065354999 135.199018353486792
-0.466355308972108 -0.896711500698693 0.878429674387935 621.818191829390798 10.541472618629115
2.286322568150939 -1.140786610292051 2.454387992603414 317.576599783553661 237.672205957109128
1.588935379757109 -2.370422646866939 0.097837619577064 490.060660437691809 418.890327805147706
1.848099923092915 1.061536246002513 2.263280864998368 83.371252181401701 143.867802236536022
2.799155307879877 -1.130392925321729 0.298991441436553 298.084841946705751 438.250483712947698
2.095012447085760 -0.505548737640729 0.826782077146033 256.395712345041602 347.174143262415271
2.464899791767131 0.133651585808758 2.786025348731038 217.761424301163231 200.768607262487052
0.497100103581327 -2.928230638126760 1.276408226385758 547.112270014161709 254.451274339692390
2.253849704504971 -0.960836636159451 1.204762064846220 304.921306388915070 317.822408625006688
0.197838782858974 -1.704910246678057 0.934131883775398 539.104367143925742 221.341231149854593
2.378072002715271 -0.083796598433502 2.076769508457201 225.414399294782555 241.069169669309815
2.968097909654325 -2.451003639501020 1.536477141181445 378.050176628580687 329.196793958725266
2.082169211939505 -1.006513461776345 0.465865074907599 317.629835746194999 395.766436814047154
1.210306297439354 0.118493307029870 0.622275659202526 146.038022753684743 303.940736905007270
-1.209909797484534 -2.563904803847953 2.815581246720556 586.646853571718566 33.795254892884913
1.439350206816805 -0.360542236023234 0.529560124387007 253.979034705252701 353.423999087607626
1.521515629150361 -2.362019130631791 2.099538518302268 422.469623395616281 244.528929953990144
2.859962333739178 -1.439341424311696 0.813081769980665 323.871526461134010 378.618952350711879
2.802873304445588 -1.894093028882541 0.298419609941055 366.449560437949117 428.054609992134715
0.315022632559829 -1.747112529424197 2.074569376130251 457.984101233648460 154.469171263205681
1.533974010759609 -0.008808417963443 1.004257086734485 199.813281616355937 276.860213881074685
-0.681004562349794 -1.956240429477597 2.261788146036750 547.906132465308929 60.520302995779616
0.583602969381916 -0.454800371988159 2.643037342913001 324.791350301071475 87.448866622879279
2.144900729808161 0.032223101409752 2.542387948717812 227.863126059010625 196.655377749778296
0.881526355925920 -0.954421506133186 1.746665705280744 367.089072657971940 185.665144957909547
-0.746155816902931 -2.734851377467177 1.864129576325877 621.765428043352927 117.990773875146701
2.524523942213301 -1.904669170823968 0.288230403661922 381.766546237021771 423.174249968647132
1.296143323221548 -0.213775963869605 0.868237605375611 242.467706340425877 280.208223381838025
0.886769126975743 -0.126963633753276 2.413053404855960 276.447033645411125 106.851690508206559
2.543222452303324 -0.637392384131150 0.740953454688077 256.448152012338596 377.770750716505631
0.183324193769693 -1.989900932840795 0.104475338657137 680.951941297139115 354.367885162558196
1.747875670791832 0.746494880401744 2.711592061931588 157.913182224979437 129.480007102278961
1.950787486001605 -0.640764826982241 1.047918531233533 282.198423511352587 314.455180889845167
1.327086720540587 -0.523499556777523 1.344670779553617 297.542043149058941 238.158284557921434
0.299975277917478 -2.060721930650195 2.445293241049091 463.154665407672383 150.178168470190485
1.904166133614853 -2.769480577177859 1.861369076269689 430.168189665401314 279.055670275370915
1.012226148928721 -2.441338738750435 0.622632403358834 517.012689120272057 331.531416886977865
-0.576605559813063 -2.977722037134996 0.726909826088295 748.231140563286658 222.115774741013922
-0.148800400356136 -2.955341477661065 1.934551525973162 563.333583722410594 174.881684970577794
1.164120059996385 -2.756895298247263 2.806885571236954 440.919725419272766 204.664686072879419
-1.118069105508273 -2.377573793499396 1.967446422962650 648.826074073517930 45.838744826380690
1.523576982212340 -1.185164718831194 1.367020401069782 357.846808330481451 268.734954355016100
0.590748596256939 -0.301206405545826 2.897612535064620 309.049201044648726 71.277259228261869
1.511664049272254 -2.825078037455202 1.532966621449099 460.796086311282011 283.942323440237260
2.838451579039968 -2.784543176193911 0.889956194928174 410.015787523176527 370.243013350923661
0.913573896963790 -2.835395790839471 0.376782895332359 565.262455246910349 356.978951553490219
0.681239877289143 -2.964121807961779 2.861119167591760 470.219486520326313 184.824306452014241
-0.623494181581364 -2.330474922091730 2.540597364417167 541.370063336378280 83.564851784926560
0.806310778729913 0.518444657202965 1.043178533836483 55.764717005718069 121.023603793876632
1.843906633874438 -0.947169980806038 1.152224737288016 320.947911526743042 302.164803438441879
1.448898311056045 0.661748476375488 1.046922016218677 32.518678417583601 230.817667952022163
-0.182937951695047 -2.576140804135971 2.024268462690140 545.318789015384937 153.021692479232371
2.705973980689863 -0.733127119296918 0.728797185143482 262.168484290127083 384.719260776040073
1.949676902265344 -1.610164162764703 0.373257764765000 389.917131218210102 399.571308920107697
0.703433218020132 -0.065462272701852 0.493051350627481 214.152828031766433 266.087605039125719
0.863284382710346 -2.195382504927759 0.820935825676513 504.066552660788147 299.647839851344543
1.694751596750863 -1.670943292273279 1.944194647767804 377.834376741099163 247.923496844877207
0.587587992034352 -1.941097990729944 2.773384363749689 430.074664741220374 152.641198736364231
1.319246838424638 -0.536685656131526 1.133580889613922 298.734815968052999 259.283762147510458
2.374666037886028 0.524217403115299 1.652361667884851 134.095250640673925 257.494687726410518

gimbalangles:
0.751382103049327 0.181595800242504 0.591637391714865

end: