T_CW:
-0.597679410113116 -0.795669826079478 -0.098431959207825 -0.050838633090564
-0.266253821671796 0.312791563872577 -0.911740281009516 -0.019288988214802
0.756232917276154 -0.518720508016408 -0.398799209366315 -0.053405784198412
0.000000000000000 0.000000000000000 0.000000000000000 1.000000000000000

T_CW_cov:
0.000000383708932 -0.000000041622361 0.000000018065768 0.000000129534576 0.000000824690245 -0.000000057890938
-0.000000041622361 0.000000322132649 0.000000014495762 -0.000000835927191 -0.000000105374344 0.000000045413263
0.000000018065768 0.000000014495762 0.000000253500422 -0.000000022581996 0.000000031811096 -0.000000001456122
0.000000129534576 -0.000000835927191 -0.000000022581996 0.000002725498079 0.000000320249212 -0.000000155436338
0.000000824690245 -0.000000105374344 0.000000031811096 0.000000320249212 0.000002326065987 -0.000000142664977
-0.000000057890938 0.000000045413263 -0.000000001456122 -0.000000155436338 -0.000000142664977 0.000000577267556

target_points_pix:
1.490440901540471 -0.857602812689420 -2.635735428124574 375.297512259809594 401.336491804741911
2.846962449674256 -1.270615537643179 -0.426835152527950 317.525782834936422 174.694625516615503
2.441438768696500 -2.585580686672123 -2.614091613098263 421.872690413815064 291.992137441074874
1.295561638623608 -1.416405185858894 0.012519501775890 419.182270144818233 119.999338644443412
1.630490920782114 -0.468318413325145 -1.911111729057764 323.846139289065718 366.055148881679486
1.508579863193963 -1.191999651563556 -1.727860328718711 392.050076243257422 318.500335882473053
1.539099762354163 -1.542457739152680 -2.417574258766913 416.888576124872827 348.323130308422435
0.623470838340239 -1.939885472193345 -0.297269450580715 555.445576125424509 157.889067354434616
2.663807655548946 -1.133815369660820 -2.994870775135947 346.466145190111206 346.000177601042878
2.559122324685278 -0.044395362467658 0.521955253318731 147.720043619894454 69.876321554335846
1.832454985117484 0.513641425586870 0.105088214289554 5.618714202056594 135.090115185943091
0.875119556251225 -2.741255316658835 -2.349777733663343 525.135418640874832 323.734796339326522
0.898070854459469 -0.213009031596738 -0.346498830636345 269.066351172942234 237.045999904702626
2.245708819273801 -0.269019817269763 -1.294158407152367 264.721398924239338 289.881201855928850
2.238553756143965 -1.820023448938255 -0.706450453503479 386.162624114057053 193.942183951936215
2.875257448580062 -1.580104716223466 -0.199938545484326 335.851314400357182 151.737526391382431
1.014318963918849 -0.183437836008217 0.234070377196855 194.707453636198807 50.208399853519239
1.393939781164910 -1.454825207433154 -0.263951273261676 414.223351644114700 160.945337014702972
1.023014121125718 -2.028610140369214 -1.693684153345026 485.796953696115111 300.626737369634156
2.638894052185566 0.285906882712748 0.661602872195694 71.673767791412729 44.236266884971513
2.283841378883928 1.271035310454307 -2.066588718161386 82.744743494087970 457.204334675721270
0.968177481878278 -1.826587437244287 -0.050071853227793 497.048710911378066 121.624970081025623
1.843607119811643 -0.361478989869854 -0.532918628339249 262.375226309104278 220.485380987090593
2.751105929663120 -2.169487222688916 -1.967321396887911 389.087668049014042 261.886303613005509
0.776788298176784 -2.750128971869528 0.175401666096890 587.107876168676626 80.136709269830732
2.948641527446762 -2.675864783680576 -1.635841321512470 402.637792972131251 230.969166500698464
2.492059282026440 -2.835224296773397 -2.027159865699708 429.132576449407622 255.960794780301910
2.525858413531298 -2.859276238490948 -0.611694764193029 427.568388174542235 170.158978881005567
2.644277632137510 -1.954902864395131 -2.243560645539706 384.380855626219613 284.157684958714924
2.180079447915864 -1.043937795950901 -1.902970614474200 347.226772591366398 307.117903301846127
2.449747984073098 -1.551243759956139 -2.365769249372333 372.018962214274609 307.763642634893472
2.324139553851023 -2.806924161824119 -0.589595392619374 435.937470056114876 169.862373844739125
1.452166304201032 -0.539996562458149 -1.663088537894960 335.694467527939196 354.100767628313520
0.826223098241711 -2.770033022394376 -2.229636835185319 532.117461396524504 316.958886873863776
2.691284804056324 -2.110622889317966 -0.699344101124199 381.684940556071297 184.901153238430282
2.917028304662279 -1.152586189496194 -2.533210105366660 334.901684259644298 313.731081049021896
0.659732524222695 -2.719044585050702 -1.422675884421720 560.760394255671258 264.685828742192541
1.074947013871206 -2.774248168446678 -2.671085884537973 506.966521729982219 333.093548278153889
2.854132838740622 -2.261639550812403 -2.415972557993723 391.284061117812939 280.400359656786009
1.588935379757109 -2.370422646866939 0.097837619577064 465.866473997380979 107.919598253006342
2.799155307879877 -1.130392925321729 0.298991441436553 293.672619449398439 106.640793020240665
2.242574182266596 -1.717313196300812 -2.867034342378257 392.217447016656081 335.639965243550591
2.323577638081192 -0.690249941749447 -1.179912750217281 301.334625142451500 260.762394707550357
1.607551494345595 0.317572627445490 -1.950594834934516 229.202370754763507 434.435562510618752
-0.527615348138007 -2.506410404176464 -2.003044375395833 736.042834279191084 410.471411666915174
0.711227918702385 -0.694323109158741 -2.172508374976872 416.328324347057162 459.368738430742610
1.150489293106945 -0.662736552373609 -2.040388036416765 374.019634122139053 402.196514265092333
2.658851063604756 -0.146619407348651 -0.303708606220830 207.628651509118612 183.865735487502661
-0.142506199836481 -1.115804967001101 -0.678860039736684 722.775531602724868 340.966511238882674
1.964860471576421 -1.517201261240589 -1.676592491004718 387.594660263034370 282.411469084368264
2.082169211939505 -1.006513461776345 0.465865074907599 304.928739313168364 68.570372579015952
0.525895182455370 -1.925036666790089 -0.888484233352592 553.988174319874588 246.495968169661694
1.682011736665465 -2.690865748394387 -0.441007572472939 473.085152918330664 160.970750886984717
0.419579620992609 -1.974883451879913 -0.326438600900679 597.262081726039014 162.650247378954077
1.439350206816805 -0.360542236023234 0.529560124387007 213.460052205730960 0.763858670454624
2.481967150920621 -1.000302633967113 -0.646211942643163 312.517536098347705 202.002594269972491
2.400392718106834 0.199954992395837 -0.159738289424310 146.475177201615992 176.325275699871185
2.754496364365862 -1.408822519692525 -2.862230873769972 357.029932040084987 327.356092854280803
2.859962333739178 -1.439341424311696 0.813081769980665 308.889743612969085 51.148850211108169
2.901037703456327 -2.076152362372328 -2.976452415458163 384.078182829919911 309.453311166431604
2.469019821030406 -0.821829290121308 -1.767149752680179 317.897983248450601 295.207599120450197
2.802873304445588 -1.894093028882541 0.298419609941055 354.778549728724329 104.993129291782651
0.612618450857146 -1.965223161977429 -0.712329304173472 547.049916169873313 218.724569545769782
1.510897039637619 -1.361531329503495 -2.968742088781331 409.513621027169108 390.502145174153043
2.087030796378828 0.350749088667996 -2.244376936628558 228.695804416741964 410.432129477266358
0.517158653962242 -2.883643548161206 -0.840293530507212 600.261039333835697 206.907177685893942
0.995511872710040 -0.690088500138888 -2.266397024430593 390.861677074715033 432.710060899482983
2.524523942213301 -1.904669170823968 0.288230403661922 368.849064548426099 102.182125966028138
0.790225330020615 -0.049826709174231 -0.249592551683288 209.507745375272549 233.169295477002692
0.012624368451334 -2.069442595465107 -2.414255140724293 596.927090621058028 425.446133695794344
2.543222452303324 -0.637392384131150 0.740953454688077 230.969790494649885 40.062834025010090
0.183324193769693 -1.989900932840795 0.104475338657137 692.878578250996497 62.901082374048855
2.969189811888704 0.830630128229349 -1.471853396751549 134.098878607921108 321.137434147536169
2.056287705197733 -2.975779672667076 -2.662723782830376 454.781900756128891 294.341443891946881
1.470680618967437 -0.480601360141050 -2.063746431437915 336.206823620350235 389.424379471638360
2.370328147576886 -2.209422322424412 -0.876808865732352 403.450243721625156 199.037886390163692
2.423982481611550 0.756846151188032 -2.044424622084699 166.566142300060989 397.269202255095252
2.533288634141132 0.362440313726649 -0.888672430890166 164.761111492892638 266.965769210043049
0.729311086125151 -2.466267561761849 -1.296158420739365 544.286526885359081 260.319718103621653
2.884949992613337 1.752862813125280 -1.917286249155953 11.802032909153240 423.548520306459352
0.492317636367380 -2.948659149863854 -2.458039317552030 567.068759109987468 339.470189698326237
1.012226148928721 -2.441338738750435 0.622632403358834 546.584351631209074 13.084980845349691
0.176186804999556 -2.021278292489356 -1.205141941973563 611.408344758776821 299.748596283299321
1.679634292697983 -1.376145895919265 -0.523826814346682 385.659315726665170 192.161225767621517
0.925273435265529 -2.119904892941933 -1.173616417561602 506.200404842972205 255.002919638543005
1.704040395111110 -1.884924992965188 -2.430965651079124 426.182660025572432 327.256524842764179
0.022959853197840 -2.270988525214225 -1.369984646990615 644.211921306022987 313.104320397492188
1.484252120320850 -2.917881212878771 -1.733362432371336 490.112571692174811 258.273528432393562
2.838451579039968 -2.784543176193911 0.889956194928174 404.209993139590779 52.813585505924038
0.913573896963790 -2.835395790839471 0.376782895332359 575.653597999939393 55.147780196709533
2.560983796689796 -2.927706291115937 -1.044930153789216 429.172833295192618 197.497325723320671
2.331183949755215 -0.953927119794023 -2.888931109551167 346.402970164428666 361.751416564866020
2.705973980689863 -0.733127119296918 0.728797185143482 240.964022258503661 49.851799969676620
1.949676902265344 -1.610164162764703 0.373257764765000 378.529789928066009 80.913368427355636
1.963175010556395 0.738401544449355 -1.173053211860219 104.661500903543242 360.577745585620107
2.739076689140502 1.445883240616402 -1.480011115263047 24.798516449003671 376.635196824311322
1.113750469880303 -0.317542586872190 -1.406408964173092 323.312351470154738 378.051559617875569
2.918121566853679 -0.369866249891826 -2.948502755755053 292.138072251812730 361.583059132172650
0.677212972875109 -1.387281286843452 -2.082604847656232 478.007375310222415 391.901897860763825
0.509166238868219 -1.591782566136226 -1.965175608255556 512.947353833829084 381.489429961783230
2.785729132151983 0.266710427882586 -2.912655439599869 246.245239694759817 395.072919713007821
-0.265597950294425 -2.686827685160679 -2.020846882635039 679.220945196859589 370.546646674444446
1.056287577067055 0.180198194814150 -0.523910027856285 157.829645564308152 305.171922557524226
0.633140661551747 -0.721301591593278 -1.785322567574259 426.549404424316378 433.864692004749031

gimbalangles:
-0.412330196360146 0.098591605002674 0.644246360408090

end: