T_CW:
0.336824088833465 -0.925416578398323 0.173648177666931 0.226577746869457
-0.265584356318794 -0.270312978053721 -0.925416578398323 0.200193986887828
0.903335199613210 0.265584356318795 -0.336824088833465 -0.136326417973613
0.000000000000000 0.000000000000000 0.000000000000000 1.000000000000000

T_CW_cov:
0.000000281520918 0.000000042871655 -0.000000014202143 -0.000000125261420 0.000000605522922 0.000000010041658
0.000000042871655 0.000000222772136 0.000000006448787 -0.000000602212726 0.000000096084968 -0.000000052270642
-0.000000014202143 0.000000006448787 0.000000186458497 -0.000000025361177 -0.000000015055386 0.000000000996872
-0.000000125261420 -0.000000602212726 -0.000000025361177 0.000002104993367 -0.000000278357027 0.000000213078950
0.000000605522922 0.000000096084968 -0.000000015055386 -0.000000278357027 0.000001768025365 0.000000033811225
0.000000010041658 -0.000000052270642 0.000000000996872 0.000000213078950 0.000000033811225 0.000000436971803

target_points_pix:
2.846962449674256 -1.270615537643179 -0.426835152527950 622.053423691714102 259.262414515270734
1.630490920782114 -0.468318413325145 -1.911111729057764 489.613540227288354 456.206274656053324
0.452551189003542 1.477154370083086 -0.370993160474207 52.980162792807391 246.927129092532084
2.663807655548946 -1.133815369660820 -2.994870775135947 509.552162975053534 448.380321355703529
2.559122324685278 -0.044395362467658 0.521955253318731 523.756133192382777 123.917582168670364
1.832454985117484 0.513641425586870 0.105088214289554 433.016665334075412 161.548341767719393
2.295902753926267 -0.365161291053127 1.037743256567058 621.508648508408896 33.375583759627659
0.817973211799167 2.294819345762404 -0.208289187390903 62.579344976221364 155.699079974080576
1.590547062361791 0.522741208091565 -2.299022569101822 362.098532929930798 432.302605695485568
0.898070854459469 -0.213009031596738 -0.346498830636345 594.427080742053249 351.411155776864803
2.245708819273801 -0.269019817269763 -1.294158407152367 483.228343736728903 333.249693972593946
2.875257448580062 -1.580104716223466 -0.199938545484326 676.087654861566762 245.155108415225726
1.014318963918849 -0.183437836008217 0.234070377196855 663.948835981879256 151.991126497380606
2.124314905889378 2.516536008253327 -1.159942408705877 240.108750044957532 242.051164920869041
2.202767322607175 1.273914592564771 -2.774660020847438 321.732906264465043 381.798673203924068
1.702293184242591 0.603411314944683 -2.438368815603718 356.822376540132836 426.472101122881838
2.638894052185566 0.285906882712748 0.661602872195694 486.477571742459702 102.525046944491663
2.283841378883928 1.271035310454307 -2.066588718161386 331.223972405058703 334.544843002612765
1.843607119811643 -0.361478989869854 -0.532918628339249 538.697034737311469 284.779854241814576
2.635691040770782 1.158181394465124 0.711031662702086 392.643656797654842 85.740817688074884
2.751105929663120 -2.169487222688916 -1.967321396887911 655.280303604068649 425.940504666552897
1.360514298822771 1.327968339682256 -2.816756300763727 270.901822370127888 450.361484418898556
0.860697852236524 2.438120206036826 -0.860519764356981 85.815606384470243 256.251078137098546
2.297416000643904 1.143433707157860 1.111531266204481 392.793069884059094 13.318052381111443
1.863699464516614 0.985157077332460 0.862506798001731 390.002160729713012 23.045727093506912
2.948641527446762 -2.675864783680576 -1.635841321512470 723.834236324333006 408.556225682700870
2.840052798843084 2.329374247149249 -2.575874164725013 287.581035818938005 313.693990678603598
1.959827138418633 2.080762882451776 -1.817207778188205 258.233939976981617 308.607756000039331
1.297774712209653 2.704606822667046 -2.060317409890036 158.244523170583562 341.428033655123613
2.892079814720038 2.137865082943373 -2.531162314746993 299.725466555322953 313.841264351305369
2.644277632137510 -1.954902864395131 -2.243560645539706 621.801596153115270 443.894692825087020
2.180079447915864 -1.043937795950901 -1.902970614474200 551.060875605960177 422.823830224106644
2.726024062390456 2.249586546271820 -1.935271634696742 289.163603774713124 284.148094709857901
2.449747984073098 -1.551243759956139 -2.365769249372333 579.312892360322621 451.633131182424449
1.452166304201032 -0.539996562458149 -1.663088537894960 516.040723541743773 467.352414090108255
0.633624252448053 1.178384204980633 -1.055285210204363 192.700131054166292 390.660846088295159
2.366722528632731 2.870625563219331 -2.137310229465841 236.163657775562655 293.270309953428523
2.691284804056324 -2.110622889317966 -0.699344101124199 739.319701144177202 325.902729076355058
2.917028304662279 -1.152586189496194 -2.533210105366660 521.060993133228976 404.838293937667117
2.854132838740622 -2.261639550812403 -2.415972557993723 635.942426644734951 448.116674478232312
2.799155307879877 -1.130392925321729 0.298991441436553 650.678011557752939 177.094756346717077
2.323577638081192 -0.690249941749447 -1.179912750217281 535.627918225583016 335.299680959212026
2.198339080206081 1.367198496929817 -1.080298376555421 329.679299557564491 262.707205491335060
1.607551494345595 0.317572627445490 -1.950594834934516 391.205243997542254 415.043726604613880
2.095012447085760 -0.505548737640729 0.826782077146033 653.191690922836415 62.291731280226173
1.782456108783678 1.236880970419606 -0.103160128504141 331.098875221155367 172.148260163450971
2.658851063604756 -0.146619407348651 -0.303708606220830 500.436375115333931 220.326300166694182
1.238318070079971 1.309983252536109 -2.067854693572801 264.573233775628466 410.321127631325112
0.787167461629051 2.042498320760199 0.201299038701095 61.027481292766538 67.339138062840078
1.371663769460994 0.879266964748105 -1.357498840974314 326.622286879954629 354.797899311455467
0.971922361675591 1.968970143655820 -1.562563872244343 167.366639139253863 355.152238092512789
1.964860471576421 -1.517201261240589 -1.676592491004718 644.138210244093329 459.889471289865696
2.836175536677109 1.994944033462968 -2.455637396822729 305.541884866537259 315.028341222700305
2.082169211939505 -1.006513461776345 0.465865074907599 730.701423806001571 145.806074261866229
1.210306297439354 0.118493307029870 0.622275659202526 571.739664522755788 13.142714973112305
0.992340097043075 0.570965699142008 -0.129279550676452 377.811734032309971 214.739860645885102
2.698445811444329 1.349657302205972 0.712486519507039 376.302140244999578 85.572258419181679
0.757591605268053 0.252389160113320 -1.095195087837854 389.541152918939304 471.678701733628486
0.896210459174977 2.888775023719487 0.074297014830876 10.979726520833196 87.922819492084159
1.439350206816805 -0.360542236023234 0.529560124387007 684.349709123917137 83.352661599901467
2.481967150920621 -1.000302633967113 -0.646211942643163 595.792546625657678 287.691671842254095
2.400392718106834 0.199954992395837 -0.159738289424310 468.265695831354265 200.720843951282205
1.457004382153908 2.311441296474558 -2.865704388874944 207.023216082179772 400.905129955579298
2.754496364365862 -1.408822519692525 -2.862230873769972 536.514435385552360 444.960633941649974
1.678163884393774 1.763579653176779 -1.081503964129788 262.890027580270441 270.028376990647303
1.469737194049639 1.705064391090432 -2.691049952446784 249.772120465816101 413.981495474693475
2.859962333739178 -1.439341424311696 0.813081769980665 734.903645028727396 114.960425128726683
1.499736267738784 2.255228431018857 -1.704205875398000 208.278450575618166 317.380114003261383
2.901037703456327 -2.076152362372328 -2.976452415458163 590.181257872060314 465.772931860527081
2.469019821030406 -0.821829290121308 -1.767149752680179 523.267103701217707 376.793573121467489
1.971116129500769 2.532050017386672 -0.864756201505920 226.633028478809791 220.324510240444965
0.632541919085941 2.620853067715426 -2.393082535195631 75.470088201705096 431.635776689436113
2.087030796378828 0.350749088667996 -2.244376936628558 395.317494276662842 391.130958705259559
2.268373919334812 1.515153845840254 1.072050534322178 347.387379544825080 16.290644349269797
2.840746233810969 2.675666402683015 -1.319954729083223 272.606672788517358 235.787396975723794
0.858350921909025 1.981968311704984 -2.417792037315026 162.921272497512945 444.065384654679292
0.790225330020615 -0.049826709174231 -0.249592551683288 560.131876661885940 327.146608294378666
1.919360006235380 2.796073931111244 -1.673944781698095 208.275641387765091 279.855756139501182
2.543222452303324 -0.637392384131150 0.740953454688077 625.407773079674485 102.317400235402374
2.804953402716851 1.754951062803924 -2.726134825525947 316.053843514307914 335.733534813389952
2.969189811888704 0.830630128229349 -1.471853396751549 390.288846358556043 280.283231882423479
2.423982481611550 0.756846151188032 -2.044424622084699 374.264961862260691 341.785815925492045
2.533288634141132 0.362440313726649 -0.888672430890166 431.305871704415495 263.472896212917249
2.723080367051685 2.166895230984133 -1.093289000372446 297.454241503067408 232.386018950558707
2.884949992613337 1.752862813125280 -1.917286249155953 324.170548401010763 289.172329052299631
1.146827098132877 2.456126826250834 -0.971119918071874 139.896462891000397 256.349299740536310
1.863817084506842 2.713682461887588 0.066728388683226 198.066021681858757 122.154744696641316
1.783630166408887 2.301760828481576 -2.596299818856131 232.029066019163082 362.672326065974005
2.033098221115875 1.207102527469390 -0.355179649729624 345.069693587674521 201.445345426790539
1.173056953141853 1.270494847899332 -1.110596024848202 264.782964552161673 324.336045470567740
0.727984727606241 1.990146137895145 -1.362760578457041 117.753065214054004 356.585590326807505
1.577300548123927 0.856335040752280 -2.847365858336513 323.581055976474886 453.073094860682374
1.766975285516706 0.969062569477666 -0.552937664872517 353.545417451989067 237.109609672505457
2.331183949755215 -0.953927119794023 -2.888931109551167 500.556680684667185 465.526712025339350
1.106019546979264 2.483062061216136 0.385456719173439 91.832135496707224 44.767757822435414
2.705973980689863 -0.733127119296918 0.728797185143482 626.873650303281352 110.763371832550462
2.883356044107945 2.677333679565766 -0.246887715954717 277.220629576407703 160.923888975191574
2.783205628436592 2.731091062502096 0.687561856108538 270.506317933583318 78.398468375319737
1.963175010556395 0.738401544449355 -1.173053211860219 375.368268918295769 300.868121655814491
2.739076689140502 1.445883240616402 -1.480011115263047 341.795583519095260 273.477222089339421
2.918121566853679 -0.369866249891826 -2.948502755755053 449.363524522473881 400.145988949210277
1.814277977984292 2.308189886267098 -0.802269262856072 229.536183490571233 223.027521712251968
2.785729132151983 0.266710427882586 -2.912655439599869 404.336827338596777 386.409721137346423
1.880982371694132 2.084116329559794 0.589315128723995 253.431621729870926 61.989205270036365
1.056287577067055 0.180198194814150 -0.523910027856285 450.619798455568002 322.136085077416851
0.552200535814588 2.096173843931648 -1.337865529537719 64.602317614709079 367.576078637577723

gimbalangles:
-0.412330196360146 0.098591605002674 0.644246360408090

end: