T_CW:
-0.550869718938866 -0.785162638274041 -0.282952618321093 -0.051603542833771
0.787961456147901 -0.377552391283887 -0.486385583113951 -0.034598014760589
0.275062349989042 -0.490890846619048 0.826660075438593 -0.028842849239813
0.000000000000000 0.000000000000000 0.000000000000000 1.000000000000000

T_CW_cov:
0.000000397567514 0.000000018733645 0.000000039083000 -0.000000076594554 0.000000823958312 0.000000029549339
0.000000018733645 0.000000315414910 -0.000000003382677 -0.000000863639312 0.000000057514650 0.000000074836276
0.000000039083000 -0.000000003382677 0.000000224068118 0.000000017118601 0.000000092373371 0.000000002347216
-0.000000076594554 -0.000000863639312 0.000000017118601 0.000002905138788 -0.000000214109964 -0.000000296394237
0.000000823958312 0.000000057514650 0.000000092373371 -0.000000214109964 0.000002232580069 0.000000091868261
0.000000029549339 0.000000074836276 0.000000002347216 -0.000000296394237 0.000000091868261 0.000000509047995

target_points_pix:
-0.374508819722617 -2.792472966053825 1.843083658289599 535.127713757922152 224.522132721930120
1.521380111929226 -2.200871022236925 2.504114173268010 384.150871738992919 292.664657604976355
-0.793781681869014 -1.641417650998413 0.707186212655561 687.212039894738155 158.257564299344779
0.410113173644941 0.536274192399978 2.211690102196433 181.033053848571370 94.414304004970745
1.146321621720232 -1.729544609839301 1.933211205151467 386.597436118466021 291.005421589788739
0.280800500936368 -1.171864569172195 1.125032765287567 436.848177963752960 252.316967725146952
0.912158489264184 0.142680861227956 1.207983140341669 163.413166758025170 248.549627049141861
0.046269919670005 -0.857852777220630 1.621705320978712 394.346844806669424 175.411237342539948
0.945662569122669 1.760153269745571 2.974348651753882 4.917701643455473 54.039226217074344
-0.155054339981346 -2.413745039848549 0.501455690159033 658.172915577777985 320.398988953003141
2.630597899395866 -2.533602612630514 1.408948156924308 382.289203376393232 419.570099430364507
2.295902753926267 -0.365161291053127 1.037743256567058 180.103881167723017 447.185167711223357
1.564204261687449 -2.194379915728515 2.096758610292383 391.576267084036715 315.365643054436021
2.304100349350628 -2.299069981759198 1.705250789412906 375.418662647422025 379.579396132682405
1.906356670365998 -1.872075609508802 2.833616551523114 347.364361843216670 290.819074323663017
0.821105526166656 1.242348034614174 2.542574551529467 60.415002544341519 83.003862910405445
-2.249377601482980 -2.392342577632054 1.747230801799331 690.805442562526423 24.398698799291935
2.017628304605564 -1.308391070018593 2.485454371403504 312.319982244524454 302.626003075191193
0.106097197544578 -1.586979738801300 2.101489332490848 427.311477769046348 203.626191055903462
0.580251370663158 -1.412934886423969 1.321127818311631 421.260000585990952 279.130968159044187
-0.180119838378372 -0.547998574933346 1.311464993215246 395.546409592042437 124.302929190795552
0.291199084492292 0.453431892380420 1.909458418030879 184.780479935525506 84.000483181014403
-2.393341522250106 -2.814569004139154 2.156870334324788 655.115663874831966 53.407890200996945
0.425639955333826 -1.694721804660521 2.857543598629928 392.672339202314106 206.465051505856366
0.834463258621495 0.725016701496996 1.608918387480616 59.102000625212384 150.349174051318073
0.304249663992359 -0.729757268759560 1.238264087314165 375.854818596182952 219.093785050994939
-0.214657564098442 -0.504635799099989 1.954909472616277 362.986308641775850 108.268816639475546
-1.805553117322314 -2.343190618164351 2.235872928386049 585.565316053969241 77.208777583599186
0.776788298176784 -2.750128971869528 0.175401666096890 609.993371458426395 459.927886794074425
0.380298172856866 -1.298743151086943 2.104596717599694 391.365430225141154 213.119740169539881
1.152378882989988 -2.162866322483199 2.973607017601903 386.104687938979339 255.045926951629724
-0.940235149372314 -1.200528897008388 2.439258870325218 450.268827712916959 82.174955573217972
-0.382334628612583 -2.600421760824444 2.813822754511428 473.223656691342285 189.175352517040096
-1.587322028688587 -2.644207986075857 1.292672915320934 697.549528051745597 123.065348212799279
0.358118174141076 0.741091728677766 2.917116117947550 186.097412706366441 73.811609737770482
-0.208944366737399 -2.221377258297758 2.752022459203438 451.175864974791864 188.002600862515891
0.000197430235167 0.425602185379799 2.645721047261987 234.524273766628795 55.697412351549787
1.351811419852067 0.783096493381664 2.751030019425284 138.097314291002959 174.230805490148896
-0.115087828265375 -1.621602364932578 0.699433673458384 575.424985976967037 266.586814379001567
0.079904736471226 -1.404300557266472 2.579670587336606 399.086801144847414 179.753775204004285
1.187100558706069 -0.861906893643477 2.017600602608255 314.560269298717401 264.361847391891160
-0.359916190317959 -1.993605606062929 1.433919339499767 530.442192546764204 208.333281288578718
-0.466355308972108 -0.896711500698693 0.878429674387935 533.645844902108138 121.953532615466429
2.286322568150939 -1.140786610292051 2.454387992603414 291.107622294583393 315.703621604710179
1.848099923092915 1.061536246002513 2.263280864998368 38.994813461522483 228.992787100557820
-1.236474659704397 -0.830785729170653 2.230815506240015 458.851531693221716 10.899161319479759
2.095012447085760 -0.505548737640729 0.826782077146033 204.775706061750554 469.309473165224745
2.464899791767131 0.133651585808758 2.786025348731038 182.345730615737835 281.636974395391519
0.497100103581327 -2.928230638126760 1.276408226385758 525.259140424008024 317.863367346417306
2.253849704504971 -0.960836636159451 1.204762064846220 271.936364131133587 417.923371979684475
0.197838782858974 -1.704910246678057 0.934131883775398 510.473205761683630 285.527251554578243
2.378072002715271 -0.083796598433502 2.076769508457201 184.136103177692121 326.923074288755402
2.968097909654325 -2.451003639501020 1.536477141181445 360.673794688040175 423.675524451671663
1.210306297439354 0.118493307029870 0.622275659202526 61.166520868162820 421.423352312729435
-1.209909797484534 -2.563904803847953 2.815581246720556 512.645692346563692 135.349263741863155
1.521515629150361 -2.362019130631791 2.099538518302268 402.580244525593116 315.768646202960895
0.578178692579423 0.767445955150868 2.091912091973885 120.070720898400282 95.005447503856033
0.315022632559829 -1.747112529424197 2.074569376130251 426.738773525433942 227.081565323804938
1.533974010759609 -0.008808417963443 1.004257086734485 144.004850150558468 375.311986299798605
-0.681004562349794 -1.956240429477597 2.261788146036750 488.126307170726420 153.261335467193817
0.583602969381916 -0.454800371988159 2.643037342913001 302.541458798052417 173.996112341843116
2.144900729808161 0.032223101409752 2.542387948717812 194.561826092601621 276.733155974318151
0.881526355925920 -0.954421506133186 1.746665705280744 343.194525300669795 258.997810975987704
-0.746155816902931 -2.734851377467177 1.864129576325877 555.967881526268116 194.225947366483979
1.296143323221548 -0.213775963869605 0.868237605375611 197.949360893402996 375.205808319640028
0.886769126975743 -0.126963633753276 2.413053404855960 255.722791600688538 190.431805930616264
0.183324193769693 -1.989900932840795 0.104475338657137 683.024960606269588 420.240723259078493
0.386353897180372 0.600404873706901 2.477720398410876 185.465152833039014 86.070725637794311
1.747875670791832 0.746494880401744 2.711592061931588 129.179706389542559 212.745342734993670
-0.069779878869687 0.333010611880953 2.165252128368183 239.320151780509661 45.198843036045446
1.950787486001605 -0.640764826982241 1.047918531233533 243.555934193362816 416.432229587722304
1.327086720540587 -0.523499556777523 1.344670779553617 268.576836180721500 318.267807383550121
0.299975277917478 -2.060721930650195 2.445293241049091 430.856761624362548 223.146938650125719
-2.674875243981055 -2.493223614391089 2.637683235373650 616.539741183258684 11.983630687044950
-0.478434186750731 -2.093550077009114 0.337280236615828 746.767718330980415 284.895637721344428
1.904166133614853 -2.769480577177859 1.861369076269689 414.290865455667358 354.049269867547650
1.012226148928721 -2.441338738750435 0.622632403358834 514.711287422077476 409.856151245848309
-0.576605559813063 -2.977722037134996 0.726909826088295 684.621822633824195 275.906817204111007
-0.148800400356136 -2.955341477661065 1.934551525973162 521.641030429869033 241.434528880009481
1.164120059996385 -2.756895298247263 2.806885571236954 416.609762032774483 273.624510800319854
-1.118069105508273 -2.377573793499396 1.967446422962650 559.783287345306348 143.607928729138450
1.523576982212340 -1.185164718831194 1.367020401069782 335.339101756654259 348.698867146706505
-0.881020117602829 -1.105681435850690 1.475228597087851 518.742962947120759 72.676950966161741
0.590748596256939 -0.301206405545826 2.897612535064620 288.504237647294133 161.433712106501389
1.511664049272254 -2.825078037455202 1.532966621449099 446.867179044762679 357.081730450243526
2.838451579039968 -2.784543176193911 0.889956194928174 402.335058825381566 478.544667067768671
0.913573896963790 -2.835395790839471 0.376782895332359 571.805105803661377 437.062227475514192
-0.873138988358957 -0.781452409495700 2.093701557856058 434.330793514360153 50.059717179467384
0.681239877289143 -2.964121807961779 2.861119167591760 441.594956314107719 253.529948469373181
-0.623494181581364 -2.330474922091730 2.540597364417167 486.746864358274422 169.506158470797800
0.806310778729913 0.518444657202965 1.043178533836483 13.448442222244296 208.644295766968355
1.843906633874438 -0.947169980806038 1.152224737288016 292.394294618081517 394.640255727259841
-0.182937951695047 -2.576140804135971 2.024268462690140 502.108861629091848 223.433875376309487
0.703433218020132 -0.065462272701852 0.493051350627481 164.293260401226803 361.459345577640420
0.863284382710346 -2.195382504927759 0.820935825676513 493.975553055543003 371.915101499076059
1.694751596750863 -1.670943292273279 1.944194647767804 356.425688318953462 322.815869377737158
-0.907567565523452 -0.514179279084973 2.053742821691218 414.484142619495572 14.654884745257903
0.587587992034352 -1.941097990729944 2.773384363749689 401.345861178126199 226.131090780747229
1.319246838424638 -0.536685656131526 1.133580889613922 268.469554081252681 342.988681011320352
2.374666037886028 0.524217403115299 1.652361667884851 62.807032751258816 356.098380866936225
-0.726818356871922 -2.503562802336062 0.711441944568031 697.066911638727447 238.331765723960615

gimbalangles:
1.038968958242104 0.286871138913622 0.611798651696735

end: