T_CW:
0.480256283906450 -0.753839920544756 -0.448418639177102 -0.051298896004868
-0.084927633571458 0.468868375022197 -0.879175604734342 -0.020731816003514
0.873006986698457 0.460312742705566 0.161155142885855 -0.046953112048376
0.000000000000000 0.000000000000000 0.000000000000000 1.000000000000000

T_CW_cov:
0.000000280803315 0.000000017187397 -0.000000018110331 -0.000000020266168 0.000000518899253 0.000000029480099
0.000000017187397 0.000000228837243 0.000000018935969 -0.000000514398913 0.000000027297217 -0.000000034516886
-0.000000018110331 0.000000018935969 0.000000211205640 -0.000000074008103 -0.000000032206855 -0.000000008178284
-0.000000020266168 -0.000000514398913 -0.000000074008103 0.000001567456759 -0.000000029785182 0.000000094831674
0.000000518899253 0.000000027297217 -0.000000032206855 -0.000000029785182 0.000001373207458 -0.000000007360043
0.000000029480099 -0.000000034516886 -0.000000008178284 0.000000094831674 -0.000000007360043 0.000000435785924

target_points_pix:
2.846962449674256 -1.270615537643179 -0.426835152527950 709.351542671360903 174.113220953924099
0.376868269491302 1.547742600806341 2.053135656158933 18.022992754491270 32.969938254423795
2.918590730881187 1.917845963257823 1.861029643800673 314.227282964684377 173.544714277245248
0.452551189003542 1.477154370083086 -0.370993160474207 180.166749828040565 479.257986038922354
0.945662569122669 1.760153269745571 2.974348651753882 111.245496165546626 18.452740372888002
2.559122324685278 -0.044395362467658 0.521955253318731 480.280589307710841 162.438813507872680
1.832454985117484 0.513641425586870 0.105088214289554 428.099200498945379 235.828404113065119
2.295902753926267 -0.365161291053127 1.037743256567058 481.748768680761543 78.950872389113272
0.817973211799167 2.294819345762404 -0.208289187390903 189.940320891406571 406.861359634254654
0.415793910281768 1.183093881075663 0.650316174466143 115.967586018683107 221.260963705868647
0.898070854459469 -0.213009031596738 -0.346498830636345 663.919048167520600 284.257637962959279
2.245708819273801 -0.269019817269763 -1.294158407152367 652.200463276395112 361.970008977286000
1.691270036428666 2.915295802974492 2.094300675971820 190.453147034316714 189.876592744305697
2.875257448580062 -1.580104716223466 -0.199938545484326 745.880618028636263 121.730127533065868
1.014318963918849 -0.183437836008217 0.234070377196855 518.583916148480967 117.793787925378410
0.834463258621495 0.725016701496996 1.608918387480616 200.973746781414832 18.268332921330597
2.124314905889378 2.516536008253327 -1.159942408705877 339.772530734063878 413.505013532237513
2.638894052185566 0.285906882712748 0.661602872195694 443.510931073178369 172.441628527383244
1.843607119811643 -0.361478989869854 -0.532918628339249 623.665861547389113 262.039026379166046
2.635691040770782 1.158181394465124 0.711031662702086 377.164499132384947 212.339244189091318
1.698565678553845 2.310870581687825 2.057527450817250 212.951130787012289 163.500348425924017
2.297416000643904 1.143433707157860 1.111531266204481 347.288993612467948 179.925872320875357
1.863699464516614 0.985157077332460 0.862506798001731 343.480178855409008 186.642259641798603
0.683770887933879 1.967835955911635 0.575973293792091 146.537200167161956 292.273257823089523
2.495298790138770 1.920453497665155 1.363056413934268 307.110525649521719 199.900117348484628
0.322391346551007 0.657268709577686 0.341131292632411 152.663302717212673 223.285248908782478
2.427303183292759 1.985356552318837 2.741350825150290 261.575259923542319 119.181758033750896
2.892079814720038 2.137865082943373 -2.531162314746993 443.473124381921991 474.092366511050329
2.726024062390456 2.249586546271820 -1.935271634696742 409.298239052757879 437.706450603288772
1.113529230923907 2.959043605161732 0.604136990276577 170.595060443011107 314.720192207783953
2.627843514345666 1.894661821860889 1.825579627154451 301.865254730453046 171.506160810685287
1.540400416017462 2.087339101036768 1.908610466144914 211.206001301114753 159.373738526765862
2.484171415875626 1.405126900350028 1.626268195947127 323.667083579424911 159.547889381575260
1.848099923092915 1.061536246002513 2.263280864998368 277.443796987050803 72.670337512635854
2.799155307879877 -1.130392925321729 0.298991441436553 628.016080564141475 107.445299489319183
2.323577638081192 -0.690249941749447 -1.179912750217281 722.247730364041104 320.914448638493695
2.198339080206081 1.367198496929817 -1.080298376555421 422.901736985634045 383.324415425527150
2.095012447085760 -0.505548737640729 0.826782077146033 514.029431872337341 72.446794228127516
1.016838035575660 1.818756586201003 1.268136344806029 182.200738570754936 192.121514812463062
0.914603583400992 1.019657572042683 1.708715699678023 189.881673783708521 58.102889431748991
2.340608082860999 1.652458833610059 2.318879626214586 281.594045466251714 124.965956863669689
1.782456108783678 1.236880970419606 -0.103160128504141 365.731823064095977 298.044821508422217
2.658851063604756 -0.146619407348651 -0.303708606220830 540.314232749890039 234.156099054975982
0.787167461629051 2.042498320760199 0.201299038701095 179.850729980822621 343.503146634557083
2.378072002715271 -0.083796598433502 2.076769508457201 398.445828355167350 22.396621201366600
2.836175536677109 1.994944033462968 -2.455637396822729 449.692713748460449 471.687440373790537
2.082169211939505 -1.006513461776345 0.465865074907599 637.432409020626778 50.796275852702394
1.210306297439354 0.118493307029870 0.622275659202526 408.845151408284835 111.819849419254084
0.992340097043075 0.570965699142008 -0.129279550676452 387.321766610538873 302.544127803974561
2.698445811444329 1.349657302205972 0.712486519507039 367.952660441970295 220.225661766070857
0.896210459174977 2.888775023719487 0.074297014830876 161.978354987109896 378.397108687990112
1.439350206816805 -0.360542236023234 0.529560124387007 519.734418999919399 72.982192374386528
2.481967150920621 -1.000302633967113 -0.646211942643163 715.011660100745758 218.977233941046165
2.400392718106834 0.199954992395837 -0.159738289424310 492.205342111490438 240.664767342170194
1.678163884393774 1.763579653176779 -1.081503964129788 364.711312178164690 429.526160321296572
2.132636972288164 1.593331695606723 2.384499972466795 268.273640229681178 111.632557970007340
2.859962333739178 -1.439341424311696 0.813081769980665 632.824222872147516 31.111606509016411
0.361289200112146 1.979437519624452 1.799793479901044 17.005835697323619 123.436607929282175
1.165513450568036 1.359326142866921 2.261728229570661 186.494593776536902 58.136565205166676
1.971116129500769 2.532050017386672 -0.864756201505920 319.237548532660242 397.165908861554044
2.267923129683981 1.616672810512931 1.606601834033495 301.038740704082102 168.078254752671228
1.533974010759609 -0.008808417963443 1.004257086734485 415.600515643838946 66.416658372534442
0.858796198767202 2.444877819750769 2.142704117515820 103.458061552484594 147.077211404094442
0.424503391425445 1.019182039581089 1.052562204921530 101.926865851071682 112.828746916891546
2.268373919334812 1.515153845840254 1.072050534322178 324.830423841186189 201.134289213842578
2.840746233810969 2.675666402683015 -1.319954729083223 367.424525323289572 390.419518280158968
1.220298668676579 1.949894996526472 2.297852036002098 167.344804901807549 109.408342705206110
1.296143323221548 -0.213775963869605 0.868237605375611 448.951423716713691 25.995821720519615
0.790225330020615 -0.049826709174231 -0.249592551683288 574.566568894745501 284.718217463672602
1.919360006235380 2.796073931111244 -1.673944781698095 330.795413739979722 477.132812202093191
2.543222452303324 -0.637392384131150 0.740953454688077 534.766088356115347 95.970558129312508
2.969189811888704 0.830630128229349 -1.471853396751549 501.909788540661907 366.379823884391215
1.957762347262904 1.957047273602196 1.249578817618344 274.954549286069607 207.369854954478456
1.747875670791832 0.746494880401744 2.711592061931588 269.254772788539071 3.743294885652659
1.406341574035144 2.614631609635819 2.385762442061608 164.174078126452713 151.187390568876651
0.837490171283028 1.485476491060759 2.158973694053571 130.439709109439974 57.244253311435216
2.423982481611550 0.756846151188032 -2.044424622084699 544.282094647547638 462.615503595132623
2.533288634141132 0.362440313726649 -0.888672430890166 517.930725753397724 318.634535225245315
2.723080367051685 2.166895230984133 -1.093289000372446 383.972211446215510 371.964327767234238
1.514152954714303 1.355090422704734 1.785681904146204 248.470947412965018 119.667183481747472
1.950787486001605 -0.640764826982241 1.047918531233533 517.348377839916225 16.969132981727540
2.884949992613337 1.752862813125280 -1.917286249155953 446.353249092329122 422.155356769104969
1.146827098132877 2.456126826250834 -0.971119918071874 260.317087296257398 476.280396747638633
1.863817084506842 2.713682461887588 0.066728388683226 270.380834540322837 327.681085472414907
2.033098221115875 1.207102527469390 -0.355179649729624 394.229978105667385 313.965523765025239
2.946148171883929 2.496889317624800 2.716114530653610 273.139573653962543 152.036774030643926
1.782738854381385 2.990235562690588 2.089848358145721 196.177174922851833 193.976548313594293
0.964104265095303 2.688237357101499 1.169057279954943 142.299052403990260 253.728023194563463
0.766478011014490 2.965391469717980 -0.103314602836315 145.477175265296268 410.835785612987479
0.408300883713200 1.889185112811873 1.733641460218463 34.209239011259001 124.512851326610246
0.806310778729913 0.518444657202965 1.043178533836483 256.440258635690611 66.019554870108919
1.766975285516706 0.969062569477666 -0.552937664872517 416.371593387660425 340.054099613658082
1.448898311056045 0.661748476375488 1.046922016218677 328.980875784655780 131.748459017045661
1.106019546979264 2.483062061216136 0.385456719173439 197.070737797551999 320.504634564650473
2.705973980689863 -0.733127119296918 0.728797185143482 545.436633698146352 97.010302419084013
2.883356044107945 2.677333679565766 -0.246887715954717 337.371956283336374 319.251534924837244
2.783205628436592 2.731091062502096 0.687561856108538 305.525372260701545 266.581357099893182
0.703433218020132 -0.065462272701852 0.493051350627481 420.315740275019664 25.884009344738644
1.963175010556395 0.738401544449355 -1.173053211860219 489.831098832422470 397.913082412100607
2.739076689140502 1.445883240616402 -1.480011115263047 448.405149070428422 390.180785155617002
1.814277977984292 2.308189886267098 -0.802269262856072 320.426300444884816 397.481467572655561
2.374666037886028 0.524217403115299 1.652361667884851 370.797756229888194 103.126516796750252
1.880982371694132 2.084116329559794 0.589315128723995 285.519384053134786 264.998392725982058
1.056287577067055 0.180198194814150 -0.523910027856285 528.941599422347508 359.890901539497861

gimbalangles:
0.181290005832327 0.464995343294644 -0.567238884742194

end: