T_CW:
-0.086145001887344 -0.867358316193518 0.490172000403710 -0.041247051841275
-0.838357377430495 -0.202708918013399 -0.506029645639166 -0.014848779336633
0.538271257227889 -0.454531237526952 -0.709693883131682 -0.067093441317693
0.000000000000000 0.000000000000000 0.000000000000000 1.000000000000000

T_CW_cov:
0.000000427330504 0.000000059132018 0.000000009352768 -0.000000070057583 0.000000962294422 -0.000000075508174
0.000000059132018 0.000000250508982 0.000000008410299 -0.000000631106186 0.000000090430684 -0.000000006639354
0.000000009352768 0.000000008410299 0.000000226243942 -0.000000031463193 0.000000026533476 -0.000000002424295
-0.000000070057583 -0.000000631106186 -0.000000031463193 0.000002135420850 -0.000000043733217 -0.000000038068701
0.000000962294422 0.000000090430684 0.000000026533476 -0.000000043733217 0.000002709623358 -0.000000238523641
-0.000000075508174 -0.000000006639354 -0.000000002424295 -0.000000038068701 -0.000000238523641 0.000000587633235

target_points_pix:
-0.632075857116941 -2.973430765459143 -0.955153810481301 691.995873552276180 478.310370599289172
1.490440901540471 -0.857602812689420 -2.635735428124574 317.329421511881833 259.205969127671324
2.846962449674256 -1.270615537643179 -0.426835152527950 437.800546939020023 40.773795485663925
2.441438768696500 -2.585580686672123 -2.614091613098263 415.411150057948078 227.426070493635223
1.295561638623608 -1.416405185858894 0.012519501775890 582.091143291165963 82.768494155783969
0.758360925297926 0.467750592604169 -2.451185521122659 153.396486839415957 303.645942567898885
1.630490920782114 -0.468318413325145 -1.911111729057764 302.889227772097172 207.066917698922282
1.508579863193963 -1.191999651563556 -1.727860328718711 376.796752521495080 223.821170230922405
1.539099762354163 -1.542457739152680 -2.417574258766913 373.684145468068152 257.136446445816148
0.623470838340239 -1.939885472193345 -0.297269450580715 631.484089387568019 240.654256213048711
2.663807655548946 -1.133815369660820 -2.994870775135947 329.698209124851587 209.225396997032476
0.875119556251225 -2.741255316658835 -2.349777733663343 456.148680379787720 312.195617913206945
0.046936176455136 -0.178364119526615 -2.653583288217773 225.406511584404456 406.232000467889691
1.590547062361791 0.522741208091565 -2.299022569101822 180.445428072260484 207.339215466594652
0.898070854459469 -0.213009031596738 -0.346498830636345 342.238463578955361 64.555959909124795
2.245708819273801 -0.269019817269763 -1.294158407152367 304.828996555978392 107.894125647735422
2.238553756143965 -1.820023448938255 -0.706450453503479 473.170226785984596 125.313059891278499
2.875257448580062 -1.580104716223466 -0.199938545484326 476.915738452067785 32.505964175493403
1.393939781164910 -1.454825207433154 -0.263951273261676 528.620013510350987 120.357769860137310
1.023014121125718 -2.028610140369214 -1.693684153345026 449.480305819080627 276.275774893048776
-0.334215531377678 -1.479171923349333 -1.828834616538048 427.784330723672781 448.781808012668535
2.202767322607175 1.273914592564771 -2.774660020847438 115.361739655954523 170.564035256597833
1.702293184242591 0.603411314944683 -2.438368815603718 175.271390237030033 204.903596279659013
2.283841378883928 1.271035310454307 -2.066588718161386 97.776353544943959 104.975282215730800
0.968177481878278 -1.826587437244287 -0.050071853227793 638.272660264892238 160.598199875334330
-0.366587018464878 -2.441794519498384 -0.785089722347453 672.461099825364727 443.858140869266663
1.843607119811643 -0.361478989869854 -0.532918628339249 350.934675950297049 38.944211069468423
2.751105929663120 -2.169487222688916 -1.967321396887911 416.005661235719856 183.118183472269180
1.360514298822771 1.327968339682256 -2.816756300763727 59.438023949743808 239.652116747364886
2.948641527446762 -2.675864783680576 -1.635841321512470 451.232527332481141 170.267640107792545
2.492059282026440 -2.835224296773397 -2.027159865699708 448.389484601328036 209.131650456430862
2.525858413531298 -2.859276238490948 -0.611694764193029 528.839708075659473 140.201207779529057
-0.182378049409345 -0.863540020795303 -2.584414038416929 311.530942960190373 429.746825021761083
2.892079814720038 2.137865082943373 -2.531162314746993 21.473458968049385 73.189685923000411
2.644277632137510 -1.954902864395131 -2.243560645539706 395.883490093848479 195.436135764044593
2.180079447915864 -1.043937795950901 -1.902970614474200 354.129919464641091 184.455173584295579
-0.527804936517645 -2.977235471612039 -1.687446161140310 568.741854683909082 446.841708611788931
2.449747984073098 -1.551243759956139 -2.365769249372333 370.862617572906174 202.510812842219707
2.324139553851023 -2.806924161824119 -0.589595392619374 535.293727869814575 147.469233575563834
1.452166304201032 -0.539996562458149 -1.663088537894960 317.290911401081473 207.784473966505828
0.826223098241711 -2.770033022394376 -2.229636835185319 465.239739238897755 313.368499790882140
-0.404298251230601 -2.750346876508495 -0.951485710931852 657.252460523094555 440.512277974737174
2.691284804056324 -2.110622889317966 -0.699344101124199 478.838397197721633 112.602041357723792
2.917028304662279 -1.152586189496194 -2.533210105366660 341.479658933762664 179.818433459547009
0.659732524222695 -2.719044585050702 -1.422675884421720 524.486649043681155 306.692166355473887
1.074947013871206 -2.774248168446678 -2.671085884537973 438.786897215596923 305.369613694855786
2.854132838740622 -2.261639550812403 -2.415972557993723 403.437322201009408 197.840296897548427
1.588935379757109 -2.370422646866939 0.097837619577064 634.604770168219829 116.230498691171888
2.242574182266596 -1.717313196300812 -2.867034342378257 366.094473536767509 233.696167764289385
2.323577638081192 -0.690249941749447 -1.179912750217281 352.379751132798447 112.577128998596976
1.607551494345595 0.317572627445490 -1.950594834934516 207.807380016598785 187.369503686582902
-0.527615348138007 -2.506410404176464 -2.003044375395833 506.226546035207207 452.913011793611872
0.227786255685149 -0.334040330700011 -2.630042452304986 251.624126311307123 378.673751784959165
0.711227918702385 -0.694323109158741 -2.172508374976872 312.378075403868934 309.571153447600636
1.150489293106945 -0.662736552373609 -2.040388036416765 315.835367309026367 259.268396125118670
1.371663769460994 0.879266964748105 -1.357498840974314 64.389463945031935 111.075494801938362
-0.142506199836481 -1.115804967001101 -0.678860039736684 548.727306266921232 432.545593925483217
1.964860471576421 -1.517201261240589 -1.676592491004718 399.184127027756404 196.912532895385510
2.836175536677109 1.994944033462968 -2.455637396822729 36.055952613108900 75.796117518602557
0.525895182455370 -1.925036666790089 -0.888484233352592 536.518327384545614 293.528689131955389
0.757591605268053 0.252389160113320 -1.095195087837854 167.405032544394430 204.141560680334692
0.058839847997918 0.134566375889384 -1.991944323770720 166.042026570994295 407.874357489332397
1.682011736665465 -2.690865748394387 -0.441007572472939 572.048461826712014 172.707586386131652
0.419579620992609 -1.974883451879913 -0.326438600900679 652.345176469052149 276.916311755083370
2.481967150920621 -1.000302633967113 -0.646211942643163 408.068655600174736 66.012724255377407
2.754496364365862 -1.408822519692525 -2.862230873769972 348.087047434293481 204.644801813795340
2.901037703456327 -2.076152362372328 -2.976452415458163 377.973435547380745 211.932284552543592
2.469019821030406 -0.821829290121308 -1.767149752680179 341.187944658565357 153.860754481541164
1.137588543317841 -0.006302932290946 -2.636179887272596 232.706313954351003 276.232625042080258
0.612618450857146 -1.965223161977429 -0.712329304173472 558.904121614414862 273.105175529185829
1.510897039637619 -1.361531329503495 -2.968742088781331 344.236033942636425 274.171580386383198
2.087030796378828 0.350749088667996 -2.244376936628558 217.381431443350493 171.573836930264008
-0.363861029231662 -0.954612515616267 -1.779790576450136 366.121453793769149 473.044318151388097
0.517158653962242 -2.883643548161206 -0.840293530507212 604.030634533590842 303.658933995558584
0.330305782107455 0.239441589729663 -2.797858080818814 174.632466130844847 370.447936010638273
0.995511872710040 -0.690088500138888 -2.266397024430593 310.601970933430721 283.805573972129537
2.524523942213301 -1.904669170823968 0.288230403661922 565.333008049391651 5.368959678137287
0.790225330020615 -0.049826709174231 -0.249592551683288 293.606632241215834 5.116877801417303
0.012624368451334 -2.069442595465107 -2.414255140724293 428.361261955562782 390.235693690938206
2.804953402716851 1.754951062803924 -2.726134825525947 80.770211690256190 113.689046309748335
2.969189811888704 0.830630128229349 -1.471853396751549 183.945207829892780 27.464981007586744
2.056287705197733 -2.975779672667076 -2.662723782830376 435.012360417829541 251.534748887370540
-0.393610083524171 -1.188134872323905 -1.563137830369397 420.638008741509566 477.291559831249231
1.470680618967437 -0.480601360141050 -2.063746431437915 298.664941244766965 228.911833260455722
2.370328147576886 -2.209422322424412 -0.876808865732352 481.156312983417024 144.838968651816685
0.074660105972357 0.585206712272522 -2.671997124096434 93.956845337306333 413.949686349195929
2.423982481611550 0.756846151188032 -2.044424622084699 178.388625832158311 119.294565482874731
0.729311086125151 -2.466267561761849 -1.296158420739365 518.347666064756027 293.692981639114578
2.884949992613337 1.752862813125280 -1.917286249155953 50.798459079665520 24.979474054966147
0.492317636367380 -2.948659149863854 -2.458039317552030 468.783916823066704 343.748793510460075
0.176186804999556 -2.021278292489356 -1.205141941973563 523.751742883437373 354.610391010812577
1.679634292697983 -1.376145895919265 -0.523826814346682 474.295815709450437 123.669118582920504
0.925273435265529 -2.119904892941933 -1.173616417561602 499.338571532546439 264.872595146645665
1.704040395111110 -1.884924992965188 -2.430965651079124 393.271124791609623 251.461552241181209
-0.313930981924064 -0.390284560762582 -2.958886754576828 241.856831782993169 455.779115880605332
0.022959853197840 -2.270988525214225 -1.369984646990615 530.962501172510656 378.438748949300077
0.657047212042162 0.494506880683674 -1.471288555299500 102.369472809043486 256.752796274461559
1.484252120320850 -2.917881212878771 -1.733362432371336 486.502256727911117 254.971424055968782
1.577300548123927 0.856335040752280 -2.847365858336513 143.226777833536516 232.559406236402936
2.560983796689796 -2.927706291115937 -1.044930153789216 501.464060062427109 165.255635965093234
2.331183949755215 -0.953927119794023 -2.888931109551167 320.556814788476345 218.884917484151288
0.134666190547252 -1.403203039679276 -2.786811401574405 356.661258517780311 384.161074642988524
1.963175010556395 0.738401544449355 -1.173053211860219 143.292307662608550 41.590903199015742
1.113750469880303 -0.317542586872190 -1.406408964173092 295.691202089830767 214.654162964149407
2.918121566853679 -0.369866249891826 -2.948502755755053 284.230645101227765 182.108118915785781
0.677212972875109 -1.387281286843452 -2.082604847656232 383.610487810253858 315.210027278307052
0.509166238868219 -1.591782566136226 -1.965175608255556 409.844017788480357 330.625602140878868
2.785729132151983 0.266710427882586 -2.912655439599869 236.370171471340939 172.951219593979886
-0.265597950294425 -2.686827685160679 -2.020846882635039 505.988600075878821 415.133468054438026
1.056287577067055 0.180198194814150 -0.523910027856285 208.613701610165521 34.248160547036576
0.633140661551747 -0.721301591593278 -1.785322567574259 330.590596919217546 304.802060384373874

gimbalangles:
-0.951381982211144 -0.512287074854110 0.098994168498778

end: