T_CW:
0.240793645407413 -0.970530942041166 -0.009386739162013 -0.050092545699424
-0.966968574467041 -0.240720469780060 0.083817846679838 0.009852338611976
-0.083607393958828 -0.011106123065853 -0.996436880944227 -0.046242068117219
0.000000000000000 0.000000000000000 0.000000000000000 1.000000000000000

T_CW_cov:
0.000000343497841 -0.000000111272121 0.000000001480946 0.000000298011085 0.000000792870449 -0.000000052811415
-0.000000111272121 0.000000280134782 0.000000013626646 -0.000000736075130 -0.000000277016466 0.000000105327209
0.000000001480946 0.000000013626646 0.000000194959402 -0.000000059116164 -0.000000038212886 0.000000009126690
0.000000298011085 -0.000000736075130 -0.000000059116164 0.000002480021638 0.000000747761866 -0.000000290604603
0.000000792870449 -0.000000277016466 -0.000000038212886 0.000000747761866 0.000002393794813 -0.000000197584236
-0.000000052811415 0.000000105327209 0.000000009126690 -0.000000290604603 -0.000000197584236 0.000000454652031

target_points_pix:
1.490440901540471 -0.857602812689420 -2.635735428124574 489.675354827431363 97.703443937784044
2.441438768696500 -2.585580686672123 -2.614091613098263 687.030629055098075 41.900027432063609
-2.450959096546251 0.887174984101025 -2.185364504945775 221.332336680193237 445.741736288046241
0.758360925297926 0.467750592604169 -2.451185521122659 344.270647885064534 131.342881764967359
1.630490920782114 -0.468318413325145 -1.911111729057764 489.422218477094702 13.488101031477811
-1.169860562919528 -0.091558114088769 -1.370089940519724 336.034425138823451 418.393959359837709
-0.433981154400584 0.360482734040993 -1.227556446982552 276.688052868449006 287.537283482835505
-1.283002091526680 -0.747761295642913 -2.974165121150432 406.751037449093644 333.762999012772298
1.508579863193963 -1.191999651563556 -1.727860328718711 605.333311140788624 37.295356581196842
0.013472752120028 1.996653269589261 -2.299907511588580 161.618324088512395 165.926649256044811
1.539099762354163 -1.542457739152680 -2.417574258766913 572.992776160067251 98.849070385524755
-2.509589502277388 1.453728211799895 -1.900572421172508 132.683314824260322 467.931431242054828
2.663807655548946 -1.133815369660820 -2.994870775135947 527.772804840919889 13.997785034477943
-1.378362181910605 0.618348902777373 -2.281219500340824 275.779544571809936 343.411424277747415
0.875119556251225 -2.741255316658835 -2.349777733663343 680.576595504697025 199.467770757952167
0.476025598100615 1.665271949399485 -2.007430023494885 179.720089667325425 109.487015289189259
0.046936176455136 -0.178364119526615 -2.653583288217773 390.117065725196767 219.534032808439463
1.590547062361791 0.522741208091565 -2.299022569101822 357.725670211076249 27.463500558841702
-2.257088156451220 2.708234903726857 -2.063391959977727 18.063084780054339 392.097329944911394
-2.434946475471317 0.763369620477728 -1.995048092810875 221.506872844481876 467.462333533472133
1.023014121125718 -2.028610140369214 -1.693684153345026 709.478763399140803 142.569968087358461
-0.334215531377678 -1.479171923349333 -1.828834616538048 550.946331659698899 310.754045273732856
1.702293184242591 0.603411314944683 -2.438368815603718 353.315605888584741 24.609322847816884
-0.843157433083838 -1.939594987363949 -1.479914070498307 636.676433365098660 425.369840144559021
1.360514298822771 1.327968339682256 -2.816756300763727 284.776805544061062 68.507043319037848
-0.211847087088451 -0.016358100223187 -1.587362582759622 364.331687721656976 252.893736449562937
-0.182378049409345 -0.863540020795303 -2.584414038416929 448.049828135308189 256.373581085624892
-1.229274616003010 0.885870998101303 -2.973981768562813 280.632691981928190 298.705757148244288
-0.748283663115107 -2.290147788125121 -2.380932903058135 577.125598187967171 348.280380875248568
-1.890594367962302 -2.462704484665416 -2.421444803966614 556.066762668049137 450.711462104544921
-1.574702039722106 0.364789639504317 -2.118673466932528 291.065088852232975 379.351913546826609
1.452166304201032 -0.539996562458149 -1.663088537894960 511.015460827629340 12.541631140782499
0.826223098241711 -2.770033022394376 -2.229636835185319 698.748927708664041 204.578839732435881
1.074947013871206 -2.774248168446678 -2.671085884537973 652.158754348724869 184.154642848768361
0.258529365432542 0.593447349207453 -0.510877348310836 64.191159279155727 2.598111524863725
-2.595439083965168 0.961530690973988 -1.999310842272557 196.661043237286293 477.863978345299813
2.242574182266596 -1.717313196300812 -2.867034342378257 575.162714838443435 57.807650511367342
-0.527615348138007 -2.506410404176464 -2.003044375395833 647.366543795756229 353.881296535060187
0.227786255685149 -0.334040330700011 -2.630042452304986 408.705154639691443 206.445996387253388
0.711227918702385 -0.694323109158741 -2.172508374976872 470.706664102072523 158.487437296274408
1.150489293106945 -0.662736552373609 -2.040388036416765 488.603176768191588 97.596931037689075
1.238318070079971 1.309983252536109 -2.067854693572801 247.232377245679572 25.757063773591028
-0.142506199836481 -1.115804967001101 -0.678860039736684 746.625188060185906 372.359240772301746
0.757591605268053 0.252389160113320 -1.095195087837854 349.996178010841447 23.309979875610765
0.058839847997918 0.134566375889384 -1.991944323770720 356.777568851421961 208.723958920842307
-2.349568547252482 0.359468555819674 -2.925548872768864 301.232096746268269 393.634236127073223
-1.227204612053876 -1.563639412415003 -2.128238077156917 506.657412994493825 393.272280636365167
1.457004382153908 2.311441296474558 -2.865704388874944 201.211635125836551 40.058437892050961
2.754496364365862 -1.408822519692525 -2.862230873769972 562.653003857624753 1.129416962935863
1.469737194049639 1.705064391090432 -2.691049952446784 246.682426492832946 40.971787176343327
2.901037703456327 -2.076152362372328 -2.976452415458163 616.362527789418891 11.591430548486443
1.137588543317841 -0.006302932290946 -2.636179887272596 400.066220291614741 112.129864479718250
-2.167933194451803 -2.249708908730160 -2.488333089730405 525.071245340077212 463.076246459255913
-1.250208973576321 -0.463343223077262 -1.630726133430340 391.593185281042054 410.558626521822475
-1.772576321051908 0.132103252139055 -2.512721845275342 321.272799671428459 377.154471302491970
1.510897039637619 -1.361531329503495 -2.968742088781331 518.894685675822188 121.064924089720250
0.632541919085941 2.620853067715426 -2.393082535195631 115.986620774955611 85.928901740221363
-1.010319458838606 -0.832182229422446 -2.808380135190275 421.230952706429036 320.453137989858078
-0.363861029231662 -0.954612515616267 -1.779790576450136 485.457958001836289 300.067670972137250
0.858350921909025 1.981968311704984 -2.417792037315026 189.364206959057640 79.696319384880439
0.330305782107455 0.239441589729663 -2.797858080818814 359.521540168354363 185.893940688614464
0.995511872710040 -0.690088500138888 -2.266397024430593 474.975696163028033 129.008360719657730
-1.005094788592293 1.379687496078377 -1.123734603676930 32.116385068931720 357.182931821968168
-2.290638715420272 -1.903272513875875 -2.946655864466461 474.534187429417329 429.468231128726643
0.012624368451334 -2.069442595465107 -2.414255140724293 576.796574296231256 269.371100251868995
2.056287705197733 -2.975779672667076 -2.662723782830376 704.362291336247722 94.008369979704725
-0.393610083524171 -1.188134872323905 -1.563137830369397 534.138707502264879 324.273725481620488
-2.078695281559237 -1.243938928372355 -2.857024258985406 430.601649970317453 407.909346547874520
1.470680618967437 -0.480601360141050 -2.063746431437915 476.224123607514969 51.760989225172807
0.074660105972357 0.585206712272522 -2.671997124096434 321.865096138242961 199.882623480957392
-1.031056898747028 0.168130809075145 -1.923917057900469 320.420832401858661 339.165034207401447
0.492317636367380 -2.948659149863854 -2.458039317552030 673.572912056142513 243.361849277009412
-0.789699459761356 -0.671283229251809 -1.448263468441791 445.167515233697145 373.411478867647361
-1.759318631044138 0.648398231011291 -1.403433141075416 198.620323928140294 472.557955152721945
1.704040395111110 -1.884924992965188 -2.430965651079124 612.629628872549347 90.671928485065990
-0.313930981924064 -0.390284560762582 -2.958886754576828 398.446084558648181 252.709369158880378
-1.228382864302860 -2.682255914716023 -2.280802266560253 608.924775309849565 408.965573943622019
-1.051903137170449 -0.630922389568663 -1.126008669157361 441.292629358987597 463.621874646177332
-2.522210022458577 -0.763523176943374 -2.421485733435911 385.226784729843416 466.804076188259842
0.657047212042162 0.494506880683674 -1.471288555299500 311.585128330456655 85.156950381926009
-1.178935935554503 0.589036201832247 -2.686624603397514 297.074996361946489 309.107424649332415
-2.135111532933809 0.371175105044514 -2.854808477241397 302.249413100417314 381.604711486764359
-1.599334292554433 1.437065658575593 -2.349552550339062 194.050097040873482 341.166021027097031
1.577300548123927 0.856335040752280 -2.847365858336513 331.953337602858255 60.638228589093558
2.331183949755215 -0.953927119794023 -2.888931109551167 509.013045149310642 33.437265706452223
-1.602034344355351 1.010826451189645 -2.146107795380581 222.761691362189538 363.588533418339352
0.134666190547252 -1.403203039679276 -2.786811401574405 496.467180707135753 238.136979712201935
0.477353811056686 1.309500861198641 -1.568020660815786 178.158702028203464 90.917130034186499
-0.479153692679909 2.389123245166346 -2.638982861176753 146.219519729375321 209.472052743184861
1.113750469880303 -0.317542586872190 -1.406408964173092 478.382470744231966 27.709815120512900
-1.737626814041382 2.443412014771557 -2.625146756572034 121.937608906903904 318.925951720983335
0.677212972875109 -1.387281286843452 -2.082604847656232 555.235332855633942 180.479447819018674
-1.499447550469543 -0.951295388520147 -2.155887297687875 432.816417224238990 402.553627815474442
0.509166238868219 -1.591782566136226 -1.965175608255556 584.948444328891355 205.725012605422933
0.181582782636632 2.007621064638244 -1.833757988421209 106.490419864121748 128.212725769348708
-0.265597950294425 -2.686827685160679 -2.020846882635039 676.205766520484417 328.682038257068939
0.633140661551747 -0.721301591593278 -1.785322567574259 492.670171290046255 156.683454485575680

gimbalangles:
-1.654716333724118 0.009386877013108 -0.243194404101745

end: