T_CW:
0.973144922552044 -0.175358129109797 -0.149125739784546 -0.051155804627836
0.218104946155044 0.495224812912402 0.840941506371628 -0.009141949267786
-0.073615162662878 -0.850883018534856 0.520171987514831 -0.003152097315169
0.000000000000000 0.000000000000000 0.000000000000000 1.000000000000000

T_CW_cov:
0.000000651484965 0.000000085360165 -0.000000009689977 -0.000000237864006 0.000001583454711 -0.000000001736174
0.000000085360165 0.000000340435926 -0.000000012557859 -0.000001011114558 0.000000197062537 0.000000001332724
-0.000000009689977 -0.000000012557859 0.000000229942327 0.000000065357315 -0.000000008514143 0.000000001140361
-0.000000237864006 -0.000001011114558 0.000000065357315 0.000003669310812 -0.000000546980351 -0.000000028108090
0.000001583454711 0.000000197062537 -0.000000008514143 -0.000000546980351 0.000004515133762 0.000000049226480
-0.000000001736174 0.000000001332724 0.000000001140361 -0.000000028108090 0.000000049226480 0.000000795606920

target_points_pix:
-2.636403943417887 -2.332364509038969 1.613121291927358 178.851130676930012 208.865917844590570
-0.374508819722617 -2.792472966053825 1.843083658289599 360.826090212219242 245.053388789286061
1.521380111929226 -2.200871022236925 2.504114173268010 489.245057081243544 345.364337809832477
-0.793781681869014 -1.641417650998413 0.707186212655561 290.055990845738108 186.345856663673374
1.295561638623608 -1.416405185858894 0.012519501775890 691.657953074368493 148.859092626169740
1.146321621720232 -1.729544609839301 1.933211205151467 484.526933992463682 341.798140517708021
0.280800500936368 -1.171864569172195 1.125032765287567 415.604656434390279 304.413323866591668
-2.756072458789342 -1.219495393230536 1.919283386623296 71.772577000497677 282.820400017400232
0.046269919670005 -0.857852777220630 1.621705320978712 360.227044343511011 384.641442678287149
-0.255313631190007 -1.971208664170202 0.171534172980832 378.060687253365188 117.861516228281189
0.623470838340239 -1.939885472193345 -0.297269450580715 532.421539928024458 58.399007614548850
-0.155054339981346 -2.413745039848549 0.501455690159033 390.529817787911497 154.540852868432353
2.630597899395866 -2.533602612630514 1.408948156924308 621.735829589641526 284.019360411708135
-2.673456675019535 -2.626516569506575 1.270193793128689 188.816134097160301 174.991777413964883
1.564204261687449 -2.194379915728515 2.096758610292383 506.724550428522775 325.473350173663107
2.304100349350628 -2.299069981759198 1.705250789412906 587.207250289777676 311.012659255258313
1.906356670365998 -1.872075609508802 2.833616551523114 516.734142569558912 393.654870442102265
-2.800292032162577 -2.717799094036851 0.708725477149321 173.572403000611672 124.695115909962126
-2.249377601482980 -2.392342577632054 1.747230801799331 213.268672878088410 222.816518252418120
-0.461163206633531 -1.237434992763998 0.288399072466669 311.382030008983634 145.464994190189884
2.017628304605564 -1.308391070018593 2.485454371403504 565.286928730383920 440.515333993604884
0.106097197544578 -1.586979738801300 2.101489332490848 376.971889937004050 338.531201559639555
-0.886320980318775 -2.252044528870325 0.313201569361650 311.409641283938299 120.474223212865397
-2.128984519802631 -2.006397730996573 0.090773271844217 149.052466331389638 63.269153071227237
0.580251370663158 -1.412934886423969 1.321127818311631 449.309467508368925 308.926161936465576
-0.180119838378372 -0.547998574933346 1.311464993215246 307.244018871871901 403.037315088233413
-2.393341522250106 -2.814569004139154 2.156870334324788 230.530454885487757 232.279040221646369
0.425639955333826 -1.694721804660521 2.857543598629928 394.847449947593702 377.254473633122075
-1.941630898137938 -1.117064766151136 2.706488415483634 167.280102711939207 364.480462684616498
0.304249663992359 -0.729757268759560 1.238264087314165 412.012390685604828 383.403557369410294
0.968177481878278 -1.826587437244287 -0.050071853227793 578.057147726407493 115.675921027257786
-0.214657564098442 -0.504635799099989 1.954909472616277 298.510848824674724 461.399752111226007
-1.805553117322314 -2.343190618164351 2.235872928386049 247.913883714129213 262.887365815809176
0.776788298176784 -2.750128971869528 0.175401666096890 493.704669227125123 132.031254504032034
-2.774150966978171 -2.040244489095533 -0.175702412079464 65.124818175930557 7.314789664178704
0.380298172856866 -1.298743151086943 2.104596717599694 401.247990129367395 373.450975702486744
1.152378882989988 -2.162866322483199 2.973607017601903 449.041016257474666 362.122675133099449
-0.940235149372314 -1.200528897008388 2.439258870325218 260.388265187058437 367.101569041664277
-0.382334628612583 -2.600421760824444 2.813822754511428 350.004391039277948 303.993315365255057
2.324139553851023 -2.806924161824119 -0.589595392619374 729.146893797554071 63.553285318082146
-1.587322028688587 -2.644207986075857 1.292672915320934 269.731174306033722 193.539906730931534
-0.208944366737399 -2.221377258297758 2.752022459203438 355.306155618102707 323.685070709601973
-0.115087828265375 -1.621602364932578 0.699433673458384 377.619774467030879 205.116015591381654
0.079904736471226 -1.404300557266472 2.579670587336606 364.581003821043907 381.389379347154602
1.187100558706069 -0.861906893643477 2.017600602608255 511.672030041102175 456.745886314667985
-0.359916190317959 -1.993605606062929 1.433919339499767 349.222879247733488 252.409685102995752
-0.466355308972108 -0.896711500698693 0.878429674387935 282.732594263826797 275.094851031156793
2.286322568150939 -1.140786610292051 2.454387992603414 609.209553327625599 471.253617335858507
1.588935379757109 -2.370422646866939 0.097837619577064 610.746922067781384 145.911626358565854
-1.236474659704397 -0.830785729170653 2.230815506240015 196.973322768504943 386.247563967111773
0.497100103581327 -2.928230638126760 1.276408226385758 433.946435074934982 218.028319170178179
-2.626187839327878 -0.784981490205779 2.754168447227376 71.214957861949301 381.621317132774379
0.197838782858974 -1.704910246678057 0.934131883775398 413.226136781710920 236.446643966431367
2.968097909654325 -2.451003639501020 1.536477141181445 651.186239871113344 304.640258738421210
-1.060648147433165 -2.188510001145658 0.350403630248076 289.485650476767830 122.066832211390206
-2.879837611066490 -2.479788945339600 0.613971642821233 145.140308528000020 115.896327587788832
1.682011736665465 -2.690865748394387 -0.441007572472939 640.926269783400130 71.204894687117985
-1.209909797484534 -2.563904803847953 2.815581246720556 297.588691469073751 293.032538949324589
0.419579620992609 -1.974883451879913 -0.326438600900679 498.486396204594996 47.891434046702443
-1.758650262354513 -2.094758788426888 0.162999915595146 203.052480845895872 82.689731406366747
1.521515629150361 -2.362019130631791 2.099538518302268 499.228123814102901 313.951249156517179
-2.463741830511737 -2.742737599633919 0.021869657707573 186.357082282219750 58.756495352785038
0.315022632559829 -1.747112529424197 2.074569376130251 399.322454646594849 328.997050683794896
-0.681004562349794 -1.956240429477597 2.261788146036750 315.979043992771153 304.519548418949512
-2.009814778619000 -2.342507873330543 -0.246987044123800 187.596090418533464 21.084257792594997
0.881526355925920 -0.954421506133186 1.746665705280744 479.717081666517743 412.161568349635672
-0.746155816902931 -2.734851377467177 1.864129576325877 333.699754731324902 242.555586749162956
-2.016839952752334 -0.793037966466019 1.464671513975834 55.261320206021139 299.184614415185479
0.183324193769693 -1.989900932840795 0.104475338657137 439.645629700452787 118.451465183387100
-2.918840758978614 -1.381001221954439 1.083957041944150 26.728174389469928 187.723589610005490
-1.416100838720206 -2.167485334628920 0.483216133616751 251.835516877961425 131.112488867777074
-1.556350529336756 -2.325977289144970 0.023755922121903 241.707820093915160 69.289576132792888
-2.160587929070460 -0.886840057529803 2.034952546012701 92.557356360223253 336.816840620538073
-1.023196965438885 -0.653288877085203 1.394130223976590 171.490287975306302 349.763629321403471
0.299975277917478 -2.060721930650195 2.445293241049091 394.426198052462382 327.609499419014014
-2.674875243981055 -2.493223614391089 2.637683235373650 204.057793796435305 265.207021592355318
-0.478434186750731 -2.093550077009114 0.337280236615828 350.970348462781772 134.176916625318029
1.904166133614853 -2.769480577177859 1.861369076269689 528.086568999352949 285.177949694063614
-1.301598020435731 -0.477598335284593 1.929470689273046 130.347000607883359 415.492591362918802
1.012226148928721 -2.441338738750435 0.622632403358834 507.393117650721194 190.248600196635095
-0.576605559813063 -2.977722037134996 0.726909826088295 359.012720655197029 157.752892285740245
-0.148800400356136 -2.955341477661065 1.934551525973162 377.598106400844301 247.907762586262891
-1.249689330409936 -1.217623436223179 0.920169251878598 195.644743589031350 222.840741886793154
1.164120059996385 -2.756895298247263 2.806885571236954 449.888543118080975 320.246817662389503
-1.118069105508273 -2.377573793499396 1.967446422962650 296.687938710390029 256.906310052838649
1.523576982212340 -1.185164718831194 1.367020401069782 591.705982649550378 373.120259668563165
-0.881020117602829 -1.105681435850690 1.475228597087851 247.561077088758452 306.763641841861840
1.511664049272254 -2.825078037455202 1.532966621449099 507.443492715575871 256.072101209910954
-1.652234327487542 -1.166549869125559 1.514010499456546 161.238240036913311 281.094312799509737
2.838451579039968 -2.784543176193911 0.889956194928174 658.362156446825566 237.662160006991883
0.913573896963790 -2.835395790839471 0.376782895332359 497.149479896106243 154.073092897024651
-0.873138988358957 -0.781452409495700 2.093701557856058 231.901542058272923 396.015240190806139
-1.640450080504410 -1.043767729106053 1.867006338383324 162.042063370197781 323.521632537720336
-2.573057709165699 -2.343835408398033 1.388591167805596 179.386408065871649 192.630596928416651
0.681239877289143 -2.964121807961779 2.861119167591760 418.366984868471491 305.429655921849758
-0.623494181581364 -2.330474922091730 2.540597364417167 329.896638116209601 300.064919127802227
1.843906633874438 -0.947169980806038 1.152224737288016 707.120780002901029 410.101508959363287
-2.579420744306482 -2.558601798734101 0.537724911964138 174.653133772250868 112.700924427393815
-0.182937951695047 -2.576140804135971 2.024268462690140 369.389769972993918 267.613472615762930
-2.258388008239526 -1.957938364818705 0.267446429815599 136.214495872571064 86.399069970295159
-1.187320759216839 -1.952091227898764 0.602317152338420 263.183537030848868 153.996270312238664
1.949676902265344 -1.610164162764703 0.373257764765000 728.957028795676706 228.064837157233114
-1.511024147274940 -1.314068298212891 1.452205263423995 191.255898900756989 267.854079320164374
0.863284382710346 -2.195382504927759 0.820935825676513 489.411926775761344 215.937369648412073
1.694751596750863 -1.670943292273279 1.944194647767804 543.279492364565385 362.110860084721935
-0.907567565523452 -0.514179279084973 2.053742821691218 197.990530543435824 434.566079941693886
0.587587992034352 -1.941097990729944 2.773384363749689 410.789895641274143 357.804875808171232
-0.726818356871922 -2.503562802336062 0.711441944568031 334.931606947487410 162.834523849160774

gimbalangles:
2.587638438938535 0.149684067178698 -1.392512245681183

end: