T_CW:
0.121988055469400 -0.886162145391729 -0.447029715340629 -0.051305870377063
0.519216455808119 -0.326875173481479 0.789662518408661 -0.016240281082193
-0.845891947201799 -0.328434579537816 0.420235101607384 -0.008014404870876
0.000000000000000 0.000000000000000 0.000000000000000 1.000000000000000

T_CW_cov:
0.000000606642369 -0.000000073350502 -0.000000011655399 0.000000218286193 0.000001405904403 0.000000097931959
-0.000000073350502 0.000000324780183 0.000000004962185 -0.000000978954121 -0.000000165068393 0.000000002866656
-0.000000011655399 0.000000004962185 0.000000227139988 -0.000000006944418 -0.000000063798446 -0.000000001514879
0.000000218286193 -0.000000978954121 -0.000000006944418 0.000003632767974 0.000000489964194 0.000000040706501
0.000001405904403 -0.000000165068393 -0.000000063798446 0.000000489964194 0.000003942374118 0.000000230166050
0.000000097931959 0.000000002866656 -0.000000001514879 0.000000040706501 0.000000230166050 0.000000703091444

target_points_pix:
-2.636403943417887 -2.332364509038969 1.613121291927358 439.463680164650498 282.523637717233214
-2.894844139882586 0.626952975212953 1.276598131992237 241.689205029856652 177.065093142206649
-1.784274999354633 0.358989752143200 1.389678325383619 226.734767818695929 244.160777788320928
-0.793781681869014 -1.641417650998413 0.707186212655561 534.988799076343867 347.070055355467332
-2.756072458789342 -1.219495393230536 1.919283386623296 363.990364882410233 271.558658491936569
-2.117320053338740 -2.144778239556308 -1.406029482561590 658.337155561764121 45.113104044545167
-1.759048822907458 -1.615888020375582 -0.800308399887226 595.400798292895729 90.297135047152011
-2.673456675019535 -2.626516569506575 1.270193793128689 466.880374672098071 269.865737472714443
-1.679765835343294 0.449720655470374 0.924644277490595 219.072440673584680 194.923928708711173
-2.963043857422604 1.249868543427633 0.270322065075567 194.975433061508568 47.329366512835122
-2.800292032162577 -2.717799094036851 0.708725477149321 490.975876124327897 238.057521897828906
-2.249377601482980 -2.392342577632054 1.747230801799331 447.049935987938795 308.808390639474908
-0.461163206633531 -1.237434992763998 0.288399072466669 603.956255954042376 339.679698748999613
-0.886320980318775 -2.252044528870325 0.313201569361650 629.629896463479326 315.594915516688388
-2.128984519802631 -2.006397730996573 0.090773271844217 513.834408722160333 201.284170222852850
-2.393341522250106 -2.814569004139154 2.156870334324788 449.886103901763477 325.335832299891706
-1.974000848471667 0.240791331263337 0.237981035730809 287.333761197342710 105.611461502257299
-1.941630898137938 -1.117064766151136 2.706488415483634 336.124517226458579 353.460817982408003
-2.592708470432378 -2.649318893019637 -0.851042690634956 586.927233755515772 134.805392184657592
-1.805553117322314 -2.343190618164351 2.235872928386049 435.618171535543127 357.769802586940898
-1.471500719061330 1.094730027126477 1.722510921937721 77.537279171294642 273.118358082075815
-2.774150966978171 -2.040244489095533 -0.175702412079464 498.635092574810926 163.051680718221888
-1.628109365896271 -0.330304979444732 1.007836113164901 323.410201494832506 244.940294377094119
-2.410928658285509 1.524072180481012 0.612262317919119 108.857279160897519 66.060932772735299
-1.964605240322167 -2.002986343418303 -1.324291796429495 661.357988088525190 42.881512345613459
-1.955709274983680 -0.185206896822774 1.135840332582000 305.139356982544200 231.350792574030606
-0.940235149372314 -1.200528897008388 2.439258870325218 354.176252790681474 438.411795021736339
-1.587322028688587 -2.644207986075857 1.292672915320934 509.178464580210800 331.570329042567323
-1.840086147600242 0.680228501872818 2.741700205366840 169.841315214579907 334.372188420329792
-2.255264626852401 1.604364350462638 1.819463249134218 85.423259562337023 208.462154616110098
-0.466355308972108 -0.896711500698693 0.878429674387935 442.938421206441376 407.329864416034695
-0.950569983694684 -1.106831599491194 -0.218693385412917 581.727006901589334 166.920632907211314
-1.236474659704397 -0.830785729170653 2.230815506240015 325.454304988024035 387.479795612708813
-1.214682755180987 0.431323625025371 0.052831588855792 212.611846240665272 39.040215995117393
-1.831052306790053 -0.188945198352711 1.564405063598759 288.975789696530740 274.895439250610252
-2.479539810016107 0.063480191175837 0.411066476079776 311.204521573367003 131.675912730275400
-1.417893060359139 0.561668205419461 2.396355813765268 159.921652382779058 354.412267572862334
-2.626187839327878 -0.784981490205779 2.754168447227376 314.810923799882403 309.663569364321120
-1.926239666853437 -0.533335699225639 0.490041307374430 371.329364365365848 184.601981394810025
-2.378714710387544 0.356910764592629 2.568394823819310 228.029486525297671 293.398520266667219
-1.060648147433165 -2.188510001145658 0.350403630248076 596.039287733439551 298.148006211043480
-2.879837611066490 -2.479788945339600 0.613971642821233 480.334749534565844 224.636526496268829
-2.405530186309526 0.970826069224190 2.428103425594758 172.231309138548397 269.247846571204605
-1.209909797484534 -2.563904803847953 2.815581246720556 440.067637571480645 431.818523068095885
-1.758650262354513 -2.094758788426888 0.162999915595146 539.429331654127736 227.028631649954832
-2.463741830511737 -2.742737599633919 0.021869657707573 542.857428684103297 208.653822482527289
-2.326818397556014 1.793768432294453 2.559134051889133 71.906807797435818 260.342593607974834
-0.612568001743769 0.421948739754678 1.690722919949404 94.597168325625660 432.437684166833606
-0.681004562349794 -1.956240429477597 2.261788146036750 441.100516568574335 469.639554432777459
-2.009814778619000 -2.342507873330543 -0.246987044123800 569.148805914526633 189.391741129292228
-1.819651711045487 0.423861646527818 0.762971275614351 235.475850454402206 169.365644980817905
-1.725010526060548 1.379961557513223 1.728749526176968 58.660561322424996 239.869874634081157
-0.746155816902931 -2.734851377467177 1.864129576325877 527.224273109177489 445.497515080144865
-2.271497481476198 -1.575480529171234 -0.370820220879510 506.417686912670945 136.074680023448082
-2.016839952752334 -0.793037966466019 1.464671513975834 351.853939762453365 272.680600751607415
-1.847317464594975 1.568052479839529 0.708229112793922 16.655057872885834 71.595616505324472
-1.319972876987399 -0.445411568997927 0.629395593086583 359.525422910002305 230.176610615286847
-2.918840758978614 -1.381001221954439 1.083957041944150 399.098863364094655 223.464106907226153
-1.416100838720206 -2.167485334628920 0.483216133616751 545.428113595704190 278.472586330072431
-1.556350529336756 -2.325977289144970 0.023755922121903 585.438811477971740 234.310244424201869
-2.160587929070460 -0.886840057529803 2.034952546012701 339.510714460181589 301.439595544063138
-1.023196965438885 -0.653288877085203 1.394130223976590 343.126131161607418 351.450268242556717
-1.929668853918614 -1.892056182417536 -1.490816483216828 682.452440505140885 4.016735529386608
-1.855336498531666 -2.237003695717938 -1.384817593866376 703.160214092928527 50.230994108264952
-2.474755227043269 1.797130439944961 1.532062213070679 77.821265051062596 162.810995944361082
-2.898714295171244 2.409541803822898 2.871769284488597 51.836018361631204 236.082844130508448
-2.161075681935003 -2.546796773237552 -1.581862751178117 696.972092454118410 50.741284705791912
-2.674875243981055 -2.493223614391089 2.637683235373650 413.029259182154874 325.901874893070328
-0.478434186750731 -2.093550077009114 0.337280236615828 689.893563123204103 374.901246886322156
-2.945802340361511 -0.140969183485825 0.545998616725857 328.845994316078020 145.916157962892527
-1.301598020435731 -0.477598335284593 1.929470689273046 299.063181669619098 355.493186614174761
-2.080998288541923 -2.300722040213718 -1.121136592764370 640.664112538947279 93.506825315042079
-0.576605559813063 -2.977722037134996 0.726909826088295 675.987861948818363 408.528785732536221
-1.476953341479463 0.801881429363502 2.241642260267484 130.372685923604479 330.887621122288920
-1.249689330409936 -1.217623436223179 0.920169251878598 436.406066958894769 300.113805870731596
-1.118069105508273 -2.377573793499396 1.967446422962650 474.074737918443475 404.333226370478656
-0.881020117602829 -1.105681435850690 1.475228597087851 397.996423267375860 387.564726045973089
-1.652234327487542 -1.166549869125559 1.514010499456546 385.732361767632824 310.125614708255625
-2.552648262493129 1.689930588152716 2.429763098690281 103.002425676549592 241.847609429789514
-2.915577286459229 1.801525502847701 0.920206044397381 116.082070569092139 90.121049883534454
-0.873138988358957 -0.781452409495700 2.093701557856058 323.300454091434233 425.999565333827093
-2.352497863176354 -0.419090101970517 -0.676335805967986 419.486326958222492 24.136061570824580
-1.640450080504410 -1.043767729106053 1.867006338383324 359.741755158347871 330.976553603086018
-1.920808214580888 1.642330667732721 1.690984194835790 37.521815897454132 210.472105827398082
-1.796204727683419 -1.039718736694517 -0.081401968752361 466.690169189202436 150.026808460579105
-2.573057709165699 -2.343835408398033 1.388591167805596 450.212889659637540 274.622046903930311
-2.432360816910140 -2.813992034274774 -0.851971447985204 608.898045041418527 144.131264138110936
-2.579420744306482 -2.558601798734101 0.537724911964138 499.266383893668490 232.509087717586198
-2.258388008239526 -1.957938364818705 0.267446429815599 492.555776176591394 208.841152619891687
-1.187320759216839 -1.952091227898764 0.602317152338420 537.047185248715550 301.101960110324171
-1.511024147274940 -1.314068298212891 1.452205263423995 404.538514408012134 320.693841463460274
-0.907567565523452 -0.514179279084973 2.053742821691218 290.982002843269186 415.383907236036919
-2.845182333049369 1.049399111448471 0.707891814032055 206.110554623683072 108.167491399793562
-0.726818356871922 -2.503562802336062 0.711441944568031 621.699500334949903 377.647974369000167
-1.985881528151988 -1.479176692346613 -1.175208923824978 599.528319942231178 22.695191836906048

gimbalangles:
2.652541080193664 0.463442035296508 -0.136799054552509

end: