T_CW:
0.707068302428410 -0.612527335037280 -0.353361966732606 -0.051598219939202
0.005255424386734 0.504240033855013 -0.863547548645939 -0.027502099498374
0.707125728718396 0.608730032189988 0.359751235848404 -0.043365483406221
0.000000000000000 0.000000000000000 0.000000000000000 1.000000000000000

T_CW_cov:
0.000000382901744 0.000000054784254 -0.000000046606230 -0.000000092863708 0.000000753087803 0.000000032941666
0.000000054784254 0.000000338278426 0.000000027350838 -0.000000762109969 0.000000100573621 -0.000000016832036
-0.000000046606230 0.000000027350838 0.000000282224714 -0.000000124276657 -0.000000131308161 -0.000000014786042
-0.000000092863708 -0.000000762109969 -0.000000124276657 0.000002231209366 -0.000000179037307 0.000000150300876
0.000000753087803 0.000000100573621 -0.000000131308161 -0.000000179037307 0.000001985796050 -0.000000040413410
0.000000032941666 -0.000000016832036 -0.000000014786042 0.000000150300876 -0.000000040413410 0.000000552666818

target_points_pix:
0.174291025719860 2.989376865873170 1.872403303874899 147.717148105987690 226.771503792708586
0.376868269491302 1.547742600806341 2.053135656158933 189.979695938651531 110.235852361485001
2.918590730881187 1.917845963257823 1.861029643800673 386.549075846099697 198.673462770683699
0.912158489264184 0.142680861227956 1.207983140341669 392.318826986075635 25.518573835869773
0.945662569122669 1.760153269745571 2.974348651753882 243.099267013671209 90.655484424402403
2.559122324685278 -0.044395362467658 0.521955253318731 576.181760745129623 178.420635812158082
1.832454985117484 0.513641425586870 0.105088214289554 509.926610753370596 262.257992923346251
2.295902753926267 -0.365161291053127 1.037743256567058 574.892153342930669 86.484639326587626
0.817973211799167 2.294819345762404 -0.208289187390903 270.401708207767342 410.679269157398721
0.821105526166656 1.242348034614174 2.542574551529467 251.465246856855117 65.154458408128193
0.415793910281768 1.183093881075663 0.650316174466143 232.330934225752998 241.507756895349445
1.691270036428666 2.915295802974492 2.094300675971820 284.500008403671416 216.098834436853252
1.014318963918849 -0.183437836008217 0.234070377196855 635.410395870394268 121.035291854543075
0.834463258621495 0.725016701496996 1.608918387480616 302.083370625447117 77.962835166659147
2.124314905889378 2.516536008253327 -1.159942408705877 405.251450655053418 451.437402379848152
2.638894052185566 0.285906882712748 0.661602872195694 527.385459087420941 191.859811457156070
2.635691040770782 1.158181394465124 0.711031662702086 449.318007185789384 235.770292467164552
1.698565678553845 2.310870581687825 2.057527450817250 302.596101583775408 193.449235878953402
2.297416000643904 1.143433707157860 1.111531266204481 418.618225685516165 203.544323039308750
1.863699464516614 0.985157077332460 0.862506798001731 414.914037469669609 210.141506967225013
0.683770887933879 1.967835955911635 0.575973293792091 247.221011848583288 301.299726140887060
2.495298790138770 1.920453497665155 1.363056413934268 379.200298519626415 223.606252136693456
0.322391346551007 0.657268709577686 0.341131292632411 256.719408486870122 243.338178231805074
2.427303183292759 1.985356552318837 2.741350825150290 342.758475594962363 153.213183721327368
-0.308902894081003 2.662518381846243 2.673541930749186 78.720513150329225 135.838711630408255
1.113529230923907 2.959043605161732 0.604136990276577 262.324556380513684 322.625505932789281
2.627843514345666 1.894661821860889 1.825579627154451 375.338318095761110 197.211627395461676
1.351811419852067 0.783096493381664 2.751030019425284 319.612415756232735 36.107924361433760
1.540400416017462 2.087339101036768 1.908610466144914 301.557442740118063 190.031717920969186
2.484171415875626 1.405126900350028 1.626268195947127 395.953972916542739 185.092846089815197
1.848099923092915 1.061536246002513 2.263280864998368 357.981156359478121 111.972720471766735
2.198339080206081 1.367198496929817 -1.080298376555421 504.836978512049541 438.321001895370330
2.095012447085760 -0.505548737640729 0.826782077146033 620.443017052916048 72.643963001212313
2.464899791767131 0.133651585808758 2.786025348731038 429.586658902810484 35.090753492260546
1.016838035575660 1.818756586201003 1.268136344806029 278.626203149988157 217.944721314072552
0.914603583400992 1.019657572042683 1.708715699678023 291.984377428298103 110.123506760607313
2.340608082860999 1.652458833610059 2.318879626214586 359.291946850018633 156.576803963954177
1.782456108783678 1.236880970419606 -0.103160128504141 436.290076063402182 326.488000390530601
2.658851063604756 -0.146619407348651 -0.303708606220830 674.317821939827695 265.374453949906524
0.787167461629051 2.042498320760199 0.201299038701095 267.212731363382375 349.683096865895948
-0.212116741562556 1.789778871300426 0.829726849022180 53.156367658362115 271.424559585974521
0.011489359382638 1.484965435225342 2.719446545046375 124.647234095391923 26.510486036116191
2.378072002715271 -0.083796598433502 2.076769508457201 473.436810376431652 47.819152884907936
1.210306297439354 0.118493307029870 0.622275659202526 486.933661886359289 130.739911229563063
0.992340097043075 0.570965699142008 -0.129279550676452 462.509509670166153 334.672991402594903
2.698445811444329 1.349657302205972 0.712486519507039 439.220793737388135 243.838078721086873
0.896210459174977 2.888775023719487 0.074297014830876 251.719840358820619 379.018160129879561
1.439350206816805 -0.360542236023234 0.529560124387007 631.052783284838142 70.976759493169794
2.400392718106834 0.199954992395837 -0.159738289424310 597.628771979164867 271.080439875841648
1.678163884393774 1.763579653176779 -1.081503964129788 433.095533202513991 478.352555941367996
2.132636972288164 1.593331695606723 2.384499972466795 348.672284840082625 146.124457148019474
0.578178692579423 0.767445955150868 2.091912091973885 245.277479165424921 19.256156682753726
0.361289200112146 1.979437519624452 1.799793479901044 182.616216135273163 171.419829500590652
1.165513450568036 1.359326142866921 2.261728229570661 289.465047369599688 110.835638849760500
1.971116129500769 2.532050017386672 -0.864756201505920 384.348282167432899 427.605237673210013
2.267923129683981 1.616672810512931 1.606601834033495 374.818019394364910 194.038377616009456
1.533974010759609 -0.008808417963443 1.004257086734485 493.603931479908681 85.318547862107550
0.858796198767202 2.444877819750769 2.142704117515820 229.712789094642488 184.690920895710178
0.424503391425445 1.019182039581089 1.052562204921530 231.294037299442323 158.624062951001576
2.268373919334812 1.515153845840254 1.072050534322178 395.972531944496438 224.614445018143755
2.840746233810969 2.675666402683015 -1.319954729083223 436.110937674939692 431.585529952389720
2.144900729808161 0.032223101409752 2.542387948717812 430.220199966372377 19.014045753090556
1.220298668676579 1.949894996526472 2.297852036002098 273.257198542962840 152.304485666972340
1.296143323221548 -0.213775963869605 0.868237605375611 533.181703228299057 38.298125640934330
-0.532727446652133 1.807864180253997 2.451023797656803 3.435965364014976 48.316336483540454
2.543222452303324 -0.637392384131150 0.740953454688077 652.925448702863150 95.153249263337273
0.061537809105531 1.292800038686337 1.692168027219357 133.065440037634119 94.615014365053582
2.969189811888704 0.830630128229349 -1.471853396751549 620.333203589024151 439.255107048657237
1.957762347262904 1.957047273602196 1.249578817618344 350.330058172579413 230.688340040871452
1.747875670791832 0.746494880401744 2.711592061931588 353.963710116085281 56.637474269305613
1.406341574035144 2.614631609635819 2.385762442061608 268.480783039564471 185.381719407060586
0.837490171283028 1.485476491060759 2.158973694053571 252.469888417225633 116.081202642195379
2.533288634141132 0.362440313726649 -0.888672430890166 643.946452889671491 376.857051720706238
2.723080367051685 2.166895230984133 -1.093289000372446 455.633800168563482 413.867283923798027
1.514152954714303 1.355090422704734 1.785681904146204 332.427130869831331 154.414394348285441
1.950787486001605 -0.640764826982241 1.047918531233533 622.065360203395585 11.916065249298242
0.076060758835924 1.107030849292172 1.108456836711084 136.874769264727348 144.413621442980514
1.863817084506842 2.713682461887588 0.066728388683226 340.890900732537261 345.560915897660379
2.033098221115875 1.207102527469390 -0.355179649729624 468.588043474091137 348.161123078724700
2.946148171883929 2.496889317624800 2.716114530653610 350.884714058634813 181.007655340364067
1.782738854381385 2.990235562690588 2.089848358145721 288.402672771154130 219.459999130854612
0.964104265095303 2.688237357101499 1.169057279954943 246.996259226239431 268.599838004955643
0.766478011014490 2.965391469717980 -0.103314602836315 237.679066626208623 406.140270079882271
0.408300883713200 1.889185112811873 1.733641460218463 191.679398478591423 171.305448631029833
0.806310778729913 0.518444657202965 1.043178533836483 341.979573252893488 107.940746434096411
1.766975285516706 0.969062569477666 -0.552937664872517 496.371647082256743 383.119623322227255
1.448898311056045 0.661748476375488 1.046922016218677 402.425456667792332 158.479620873880577
1.106019546979264 2.483062061216136 0.385456719173439 281.457195832092850 330.434820492134463
2.705973980689863 -0.733127119296918 0.728797185143482 669.827053358915464 94.348239170865241
2.883356044107945 2.677333679565766 -0.246887715954717 404.993277447068465 345.632611114207180
2.783205628436592 2.731091062502096 0.687561856108538 375.313040305848062 288.166622047441308
0.703433218020132 -0.065462272701852 0.493051350627481 502.698435192291129 42.263121338063428
2.739076689140502 1.445883240616402 -1.480011115263047 539.579140336986598 454.754386583878613
1.814277977984292 2.308189886267098 -0.802269262856072 385.638428695692369 428.326529971338914
2.374666037886028 0.524217403115299 1.652361667884851 443.824617837701908 127.847114348082300
-0.145963956970545 2.650155075455251 1.296000655472000 95.482287055768722 263.202604277714727
1.880982371694132 2.084116329559794 0.589315128723995 357.240064656789741 285.396282914556991
1.056287577067055 0.180198194814150 -0.523910027856285 673.373434337932622 441.385766455078510

gimbalangles:
0.394731676099398 0.361162491103896 -0.856919852517887

end: