T_CW:
0.173460490730350 -0.978599769544132 -0.110697557352266 -0.050922599761465
0.401705435156281 -0.032321897091417 0.915198360102505 -0.004225576805201
-0.899190859340490 -0.203218567105922 0.387502274137749 -0.003373593320973
0.000000000000000 0.000000000000000 0.000000000000000 1.000000000000000

T_CW_cov:
0.000000504147292 -0.000000048604116 -0.000000021371855 0.000000118172903 0.000001077312678 -0.000000104035062
-0.000000048604116 0.000000317331115 -0.000000018322263 -0.000000936669552 -0.000000093936198 0.000000028797539
-0.000000021371855 -0.000000018322263 0.000000230595269 0.000000106284345 -0.000000101394341 0.000000004220288
0.000000118172903 -0.000000936669552 0.000000106284345 0.000003425812349 0.000000220229651 -0.000000002652007
0.000001077312678 -0.000000093936198 -0.000000101394341 0.000000220229651 0.000002963077508 -0.000000148926945
-0.000000104035062 0.000000028797539 0.000000004220288 -0.000000002652007 -0.000000148926945 0.000000622822977

target_points_pix:
-2.636403943417887 -2.332364509038969 1.613121291927358 486.618907940938470 273.647304502815246
-2.894844139882586 0.626952975212953 1.276598131992237 268.660385494430329 238.016159604119366
-1.784274999354633 0.358989752143200 1.389678325383619 273.979845313675753 302.678534313911598
-0.793781681869014 -1.641417650998413 0.707186212655561 621.073903643501126 308.782702767835360
-2.756072458789342 -1.219495393230536 1.919283386623296 406.815865811926187 287.333054451072485
-2.380374054855652 2.224103700322538 1.199995224442018 63.323378918135120 246.981519615260936
-1.932373118625581 -0.301247473780037 -0.748190514007685 373.918137275603783 5.738292736034765
-1.759048822907458 -1.615888020375582 -0.800308399887226 574.312824883743360 28.840558543353637
-2.673456675019535 -2.626516569506575 1.270193793128689 510.456227015743139 251.510481886695459
-1.679765835343294 0.449720655470374 0.924644277490595 254.654767149968620 260.386299798024027
-2.963043857422604 1.249868543427633 0.270322065075567 200.225255137305737 144.476955431950699
-2.800292032162577 -2.717799094036851 0.708725477149321 523.265417585303567 211.146851425471596
-2.249377601482980 -2.392342577632054 1.747230801799331 504.983937507937355 297.977794262270663
-0.461163206633531 -1.237434992763998 0.288399072466669 702.580114425701026 275.310263307997047
-0.886320980318775 -2.252044528870325 0.313201569361650 721.441129440402392 239.420111665694350
-2.128984519802631 -2.006397730996573 0.090773271844217 532.818127637844668 166.457725034187860
-2.114554369033391 2.536828030619504 1.652743675808383 6.649051654335551 308.546759346131523
-2.393341522250106 -2.814569004139154 2.156870334324788 514.662403014202027 314.326489365531074
-1.974000848471667 0.240791331263337 0.237981035730809 287.951537620131262 161.317269877139893
-1.941630898137938 -1.117064766151136 2.706488415483634 407.802868946369927 378.107246795890376
-2.592708470432378 -2.649318893019637 -0.851042690634956 583.735169410249682 73.754954761596196
-1.805553117322314 -2.343190618164351 2.235872928386049 512.545156355165545 353.241897877835299
-1.471500719061330 1.094730027126477 1.722510921937721 160.367907434327748 369.177393624827744
-2.774150966978171 -2.040244489095533 -0.175702412079464 501.761059657767078 136.137705690049586
-1.628109365896271 -0.330304979444732 1.007836113164901 359.942082044112908 274.215008371509157
-2.410928658285509 1.524072180481012 0.612262317919119 140.781121521636464 186.197570098315367
-1.955709274983680 -0.185206896822774 1.135840332582000 339.034013063803798 267.259003468533933
-0.940235149372314 -1.200528897008388 2.439258870325218 457.536100089949969 464.525422323405564
-1.587322028688587 -2.644207986075857 1.292672915320934 583.361198074562935 301.124056769470599
-1.840086147600242 0.680228501872818 2.741700205366840 249.506109564525161 403.334530764255646
-0.359916190317959 -1.993605606062929 1.433919339499767 692.253843532937253 471.407008531216889
-2.260080484105838 2.704238611220442 2.995759768399392 61.892991305287353 399.167537232518839
-2.255264626852401 1.604364350462638 1.819463249134218 152.535947218972041 310.322070133821512
-0.466355308972108 -0.896711500698693 0.878429674387935 542.383897654402631 404.837492174145495
-0.950569983694684 -1.106831599491194 -0.218693385412917 592.751220847221475 105.299617255678953
-0.719882733921688 0.779123062806577 0.485874919465445 19.232437860276207 284.819453537542302
-1.236474659704397 -0.830785729170653 2.230815506240015 409.235172905242450 416.591180203316185
-1.214682755180987 0.431323625025371 0.052831588855792 212.040056423527318 131.200430451558589
-1.831052306790053 -0.188945198352711 1.564405063598759 337.558533544711679 313.370450959032894
-2.479539810016107 0.063480191175837 0.411066476079776 315.274544381921771 175.740429072102955
-1.417893060359139 0.561668205419461 2.396355813765268 246.376188339796784 425.215485877851847
-2.626187839327878 -0.784981490205779 2.754168447227376 372.370094166676438 339.879466609226597
-1.926239666853437 -0.533335699225639 0.490041307374430 385.141316439261004 202.304269813740973
-2.378714710387544 0.356910764592629 2.568394823819310 288.515816523569640 348.648093261670510
-1.060648147433165 -2.188510001145658 0.350403630248076 670.405104656816775 233.426223658560332
-2.879837611066490 -2.479788945339600 0.613971642821233 506.700531909218114 201.847411499085638
-2.405530186309526 0.970826069224190 2.428103425594758 234.740138513909272 341.225423112500721
-1.209909797484534 -2.563904803847953 2.815581246720556 548.973945784308626 434.145067382091554
-1.758650262354513 -2.094758788426888 0.162999915595146 571.398158564553114 181.781974443804472
-2.463741830511737 -2.742737599633919 0.021869657707573 567.123836188705127 162.488633435035126
-2.326818397556014 1.793768432294453 2.559134051889133 153.260163456921106 359.359540753030274
-0.681004562349794 -1.956240429477597 2.261788146036750 567.305616704052909 477.892704457229911
-2.009814778619000 -2.342507873330543 -0.246987044123800 587.912578509029117 133.050095111027758
-1.819651711045487 0.423861646527818 0.762971275614351 261.618734378432293 232.921688263113083
-1.725010526060548 1.379961557513223 1.728749526176968 139.068626572714692 344.489654026707854
-0.746155816902931 -2.734851377467177 1.864129576325877 659.899012680652504 424.845391318046836
-2.271497481476198 -1.575480529171234 -0.370820220879510 499.496704753749725 108.008431937980390
-2.016839952752334 -0.793037966466019 1.464671513975834 395.589158684466042 292.123950311400279
-1.847317464594975 1.568052479839529 0.708229112793922 77.841935235061555 217.259552107538354
-1.319972876987399 -0.445411568997927 0.629395593086583 389.036167592468871 248.482292005655268
-2.918840758978614 -1.381001221954439 1.083957041944150 424.371929768715290 229.368842353057062
-1.416100838720206 -2.167485334628920 0.483216133616751 601.005228663565845 231.819834007239024
-1.556350529336756 -2.325977289144970 0.023755922121903 626.768345269049064 170.986421483852951
-2.160587929070460 -0.886840057529803 2.034952546012701 393.320716982348529 324.306030327123608
-1.023196965438885 -0.653288877085203 1.394130223976590 414.319273111014468 373.726646934373491
-2.474755227043269 1.797130439944961 1.532062213070679 137.554646824949231 273.689924887485176
-2.898714295171244 2.409541803822898 2.871769284488597 133.168165139482340 343.148965821344177
-2.674875243981055 -2.493223614391089 2.637683235373650 475.764156047174026 326.688850336389578
-2.945802340361511 -0.140969183485825 0.545998616725857 334.682742500612676 182.294778995528588
-1.301598020435731 -0.477598335284593 1.929470689273046 372.527799675066660 390.354683236886558
-2.080998288541923 -2.300722040213718 -1.121136592764370 625.130156656621011 11.580973781798122
-1.476953341479463 0.801881429363502 2.241642260267484 215.659579195316610 409.686801878443589
-1.249689330409936 -1.217623436223179 0.920169251878598 490.580671032067073 292.202611112585828
-1.118069105508273 -2.377573793499396 1.967446422962650 575.876222075673354 392.817349261289451
-0.881020117602829 -1.105681435850690 1.475228597087851 484.370895410019386 396.375895611083024
-2.763583812736974 2.575899630623996 0.177181015127741 8.848879897289009 116.000987086041391
-1.652234327487542 -1.166549869125559 1.514010499456546 442.036367255487448 318.793966755375038
-2.552648262493129 1.689930588152716 2.429763098690281 173.054205453965096 334.926056158998733
-2.915577286459229 1.801525502847701 0.920206044397381 150.780027837508413 203.271483646337231
-2.255031087818837 2.746933246465083 2.562123245223610 39.490678815993419 371.959667496901034
-0.873138988358957 -0.781452409495700 2.093701557856058 420.922689777588857 458.592311773503297
-2.352497863176354 -0.419090101970517 -0.676335805967986 378.532028441266448 45.247434137704118
-1.640450080504410 -1.043767729106053 1.867006338383324 423.436242084435776 347.997439378092110
-1.920808214580888 1.642330667732721 1.690984194835790 117.670063505161750 324.552913575927505
-1.796204727683419 -1.039718736694517 -0.081401968752361 464.924221817338207 136.062662700062958
-2.573057709165699 -2.343835408398033 1.388591167805596 494.786101157544294 262.028386638074551
-2.432360816910140 -2.813992034274774 -0.851971447985204 612.134652529472532 73.030436652818310
-2.579420744306482 -2.558601798734101 0.537724911964138 529.883699328731268 202.578919954931195
-2.258388008239526 -1.957938364818705 0.267446429815599 513.365469443118627 181.858994455491626
-1.187320759216839 -1.952091227898764 0.602317152338420 601.787900026969851 258.574640222725009
-1.511024147274940 -1.314068298212891 1.452205263423995 465.178816238158504 323.724776997433537
-0.907567565523452 -0.514179279084973 2.053742821691218 384.809826813560448 455.222687398966514
-2.845182333049369 1.049399111448471 0.707891814032055 222.755377167211208 190.269676728071659
-0.726818356871922 -2.503562802336062 0.711441944568031 745.207366157752631 313.044802506429733

gimbalangles:
2.741071247556641 0.110924893565991 -0.175431618026252

end: