T_CW:
0.856111849046723 -0.469454203968668 0.216067703042230 -0.047130674473594
0.516340516987737 0.759572314658686 -0.395527962754699 -0.040647641854965
0.021563219579584 0.450180685036787 0.892677085166395 -0.012376015075922
0.000000000000000 0.000000000000000 0.000000000000000 1.000000000000000

T_CW_cov:
0.000000441450581 0.000000045088457 0.000000021809868 -0.000000103852918 0.000000941945464 -0.000000001519223
0.000000045088457 0.000000272193722 -0.000000017049659 -0.000000711287606 0.000000075771329 -0.000000036674304
0.000000021809868 -0.000000017049659 0.000000249534542 0.000000109577535 0.000000098067647 0.000000001651211
-0.000000103852918 -0.000000711287606 0.000000109577535 0.000002467453548 -0.000000178989173 -0.000000037595324
0.000000941945464 0.000000075771329 0.000000098067647 -0.000000178989173 0.000002603079327 0.000000107509551
-0.000000001519223 -0.000000036674304 0.000000001651211 -0.000000037595324 0.000000107509551 0.000000607879542

target_points_pix:
-1.784274999354633 0.358989752143200 1.389678325383619 117.015492181145248 17.816566690145891
0.174291025719860 2.989376865873170 1.872403303874899 303.193114572011609 366.537104689164039
0.410113173644941 0.536274192399978 2.211690102196433 433.237483529806525 207.168229023380150
0.376868269491302 1.547742600806341 2.053135656158933 374.566814628569603 289.130710201107036
2.918590730881187 1.917845963257823 1.861029643800673 558.732279857686081 444.967656644648628
0.912158489264184 0.142680861227956 1.207983140341669 570.437368942679200 252.381431307459053
0.945662569122669 1.760153269745571 2.974348651753882 415.794878293134502 282.134200100479404
-2.380374054855652 2.224103700322538 1.199995224442018 29.739641326329206 232.945287822681195
-0.305473239932581 1.155387490003378 0.201703253774236 88.596088449179490 452.395368621724913
-1.679765835343294 0.449720655470374 0.924644277490595 5.660604482027395 9.351052047969006
-0.191032256193631 1.231152443164277 2.297274306901333 347.971788003244228 229.029675293945672
0.821105526166656 1.242348034614174 2.542574551529467 428.357447681798931 266.986324825285180
0.415793910281768 1.183093881075663 0.650316174466143 352.165992454859349 417.299519529872441
-0.845404378483952 2.695515844627400 1.340110028364365 197.706781602622669 345.316049454953145
1.691270036428666 2.915295802974492 2.094300675971820 411.847738166959914 406.942115631112756
-2.114554369033391 2.536828030619504 1.652743675808383 120.960999377142684 252.864974544524671
0.291199084492292 0.453431892380420 1.909458418030879 426.370616493774378 201.286982236779295
0.834463258621495 0.725016701496996 1.608918387480616 467.546098274898384 281.223799826540926
-2.198719778085213 2.686910366159879 1.224991392497277 59.796523179195731 280.584973878924416
-0.214657564098442 -0.504635799099989 1.954909472616277 444.315113184884694 28.788931329982915
1.698565678553845 2.310870581687825 2.057527450817250 439.201975604860763 387.777726866559135
-0.843715431402718 1.552617475551560 2.504156727760964 295.549394560985832 215.626178298421564
-1.471500719061330 1.094730027126477 1.722510921937721 198.891831376014238 160.395160147047761
-0.440343914850063 0.783036985018339 1.977536569991633 333.227754133490862 187.013943810792881
0.322391346551007 0.657268709577686 0.341131292632411 372.852030240897079 438.807705315674184
2.427303183292759 1.985356552318837 2.741350825150290 496.268254482219788 356.633822591317369
-0.308902894081003 2.662518381846243 2.673541930749186 308.555826307492453 291.434675832510948
0.358118174141076 0.741091728677766 2.917116117947550 419.963911793183911 202.737139770055563
-0.853723967853528 1.528030534754436 1.009861785902686 177.090729973254298 282.980834607406393
0.000197430235167 0.425602185379799 2.645721047261987 406.206743947844984 166.872017724995430
-1.840086147600242 0.680228501872818 2.741700205366840 254.477014084766381 100.042115968730116
2.627843514345666 1.894661821860889 1.825579627154451 538.726251493003019 434.185136389407091
1.351811419852067 0.783096493381664 2.751030019425284 489.742268579689664 253.612343823346890
1.187100558706069 -0.861906893643477 2.017600602608255 682.170620597541301 90.271330797651160
-2.260080484105838 2.704238611220442 2.995759768399392 210.847299776746269 218.196213657544632
-2.255264626852401 1.604364350462638 1.819463249134218 127.862276406997921 164.836424505735579
1.540400416017462 2.087339101036768 1.908610466144914 439.200374685079680 383.480221405724706
2.484171415875626 1.405126900350028 1.626268195947127 576.846996430493618 429.155621110623258
1.848099923092915 1.061536246002513 2.263280864998368 521.385440810955629 318.542371491158235
-0.719882733921688 0.779123062806577 0.485874919465445 79.828094976902150 235.497742695809222
2.464899791767131 0.133651585808758 2.786025348731038 618.488283055145416 261.216105628203877
1.016838035575660 1.818756586201003 1.268136344806029 405.333924173290484 407.888709921435918
0.914603583400992 1.019657572042683 1.708715699678023 451.347753713185625 303.959161823730881
2.340608082860999 1.652458833610059 2.318879626214586 517.921253818539753 367.273032030729155
-1.417893060359139 0.561668205419461 2.396355813765268 271.609295849571311 106.338880348692669
-0.212116741562556 1.789778871300426 0.829726849022180 234.591910684453666 378.904352542173626
-2.378714710387544 0.356910764592629 2.568394823819310 203.613400765323718 35.768226443787285
0.011489359382638 1.484965435225342 2.719446545046375 363.766403243318280 240.947795403354661
2.378072002715271 -0.083796598433502 2.076769508457201 698.211670825124429 278.965002934087238
-1.046365628292480 2.856196618331841 2.451340543139825 251.918494401099451 283.098563696147949
-1.385389251304131 2.806719883853976 2.543983071641538 236.688325480106698 265.172234495457076
-2.405530186309526 0.970826069224190 2.428103425594758 181.275972418799029 96.209698621453384
-1.330024949823912 2.574190105771045 1.125736268335892 130.193937799548195 328.740581874020904
-1.101270699458112 2.960674199173910 0.319783312406470 22.043327059786520 470.868754945513956
2.132636972288164 1.593331695606723 2.384499972466795 505.127540134653202 351.082292600225571
0.578178692579423 0.767445955150868 2.091912091973885 434.253217156684457 241.032667474891781
0.361289200112146 1.979437519624452 1.799793479901044 348.293004065282332 330.520688141893970
-1.227605326131707 2.681976980218303 0.813572596313053 96.835323370180504 372.429213669303977
1.165513450568036 1.359326142866921 2.261728229570661 448.583782438932815 303.524247175506162
-2.326818397556014 1.793768432294453 2.559134051889133 189.396688626609318 168.368604489139841
2.267923129683981 1.616672810512931 1.606601834033495 538.392686936151904 429.108454187819234
-0.612568001743769 0.421948739754678 1.690722919949404 316.850332267311046 137.660257856534713
-0.790934143675526 1.685879459816040 2.406057881537154 291.574631641076053 229.467047223874829
0.858796198767202 2.444877819750769 2.142704117515820 375.546803984001144 352.696027258004960
0.424503391425445 1.019182039581089 1.052562204921530 386.594670924317029 332.548809708599379
0.583602969381916 -0.454800371988159 2.643037342913001 514.134467503651877 112.715775308165917
2.144900729808161 0.032223101409752 2.542387948717812 617.712834304071862 248.513775941526831
-0.906495690038693 1.339944712993076 1.305398959885680 212.305196820870634 238.557956064982761
1.220298668676579 1.949894996526472 2.297852036002098 422.840378977876981 335.036337344030812
-1.725010526060548 1.379961557513223 1.728749526176968 169.629981666201388 174.731170480114429
0.881526355925920 -0.954421506133186 1.746665705280744 701.621344671549423 26.418063239428619
-0.532727446652133 1.807864180253997 2.451023797656803 308.494544043034352 246.717294402975398
0.886769126975743 -0.126963633753276 2.413053404855960 523.944948693632909 166.715651774064412
0.061537809105531 1.292800038686337 1.692168027219357 347.890363518067545 274.867821697120235
0.386353897180372 0.600404873706901 2.477720398410876 427.706697218386694 203.930916596211773
1.957762347262904 1.957047273602196 1.249578817618344 492.276896215093984 473.811638309911814
1.747875670791832 0.746494880401744 2.711592061931588 521.749735748748435 270.548932705728646
-1.040702596941218 1.851191598981524 0.761257738306126 106.493616307307491 325.801986656705196
-2.157901261647881 2.615855068441164 1.216030115121428 61.481415430368941 278.092101620368908
1.406341574035144 2.614631609635819 2.385762442061608 407.646582560917693 365.264581682441587
0.837490171283028 1.485476491060759 2.158973694053571 416.091160592193432 301.497588425345384
-2.474755227043269 1.797130439944961 1.532062213070679 68.394580902088819 175.474144449434675
-2.898714295171244 2.409541803822898 2.871769284488597 169.560294964427982 182.508058856166599
1.514152954714303 1.355090422704734 1.785681904146204 483.889501499735616 355.279672858747688
-0.069779878869687 0.333010611880953 2.165252128368183 399.205043227583019 160.054519248093811
-0.825888478669362 1.955149920554193 2.940413836798625 303.122282815897734 229.472554785859813
0.076060758835924 1.107030849292172 1.108456836711084 332.347281983643484 305.238199485860207
-1.476953341479463 0.801881429363502 2.241642260267484 249.680067592511364 126.785871490164823
-1.249017059294648 1.809779148238554 2.982405696357302 282.297724295884564 205.055371126042616
2.946148171883929 2.496889317624800 2.716114530653610 502.253022272580893 394.289676036316905
0.590748596256939 -0.301206405545826 2.897612535064620 496.253522764338641 130.001424145471447
-2.552648262493129 1.689930588152716 2.429763098690281 163.965355922976499 152.018322244127660
1.782738854381385 2.990235562690588 2.089848358145721 414.639086043353416 413.213349730917002
0.964104265095303 2.688237357101499 1.169057279954943 350.567569573396270 457.319179913365929
-2.255031087818837 2.746933246465083 2.562123245223610 185.740920757964716 230.353572520880817
-1.920808214580888 1.642330667732721 1.690984194835790 144.201262659566083 189.564477191495257
-0.270537863900404 1.469760709370638 2.796774196941943 347.211400200423157 226.461154943969774
0.408300883713200 1.889185112811873 1.733641460218463 354.082134368961079 332.438884355592052
0.806310778729913 0.518444657202965 1.043178533836483 504.559882476405676 313.363908826573493
1.448898311056045 0.661748476375488 1.046922016218677 589.602412518480719 393.428472319859793
-0.320008211904443 0.977308006341261 1.139783735220228 285.538407783774346 253.969535256325514
2.374666037886028 0.524217403115299 1.652361667884851 665.098352847363685 368.127467276811728
-1.039066990360902 2.498047758366645 1.622616343361779 207.689727169683408 304.219141803621199
-0.145963956970545 2.650155075455251 1.296000655472000 257.564193824602341 382.997022359671519

gimbalangles:
1.153711393726900 -0.217785231862631 -1.069216058998443

end: