T_CW:
0.004454279125676 -0.971656415219632 -0.236355601076017 -0.051513554756146
0.375059857494393 0.220726902727594 -0.900338679447112 -0.030950572862008
0.926989893522986 -0.084637138271672 0.365412495861082 -0.042053545758394
0.000000000000000 0.000000000000000 0.000000000000000 1.000000000000000

T_CW_cov:
0.000000453763596 0.000000033015363 0.000000005590053 -0.000000039043936 0.000000944278039 0.000000136457725
0.000000033015363 0.000000195923920 -0.000000007902116 -0.000000491277121 0.000000046910854 0.000000018062830
0.000000005590053 -0.000000007902116 0.000000215230839 0.000000013595653 0.000000013051921 0.000000002712865
-0.000000039043936 -0.000000491277121 0.000000013595653 0.000001758048182 -0.000000027615251 -0.000000058462860
0.000000944278039 0.000000046910854 0.000000013051921 -0.000000027615251 0.000002489720409 0.000000314976804
0.000000136457725 0.000000018062830 0.000000002712865 -0.000000058462860 0.000000314976804 0.000000656990495

target_points_pix:
1.521380111929226 -2.200871022236925 2.504114173268010 522.374424943204076 24.036219516371318
2.846962449674256 -1.270615537643179 -0.426835152527950 498.334358914855841 347.816273895309564
1.295561638623608 -1.416405185858894 0.012519501775890 625.472723546060934 264.265000101317696
2.918590730881187 1.917845963257823 1.861029643800673 197.230402362917744 225.232253336948844
1.146321621720232 -1.729544609839301 1.933211205151467 527.264097003684242 17.077268895013987
0.912158489264184 0.142680861227956 1.207983140341669 282.761565195183664 93.422467370333379
2.630597899395866 -2.533602612630514 1.408948156924308 536.922139252100351 172.087382264492135
2.559122324685278 -0.044395362467658 0.521955253318731 363.753164291336816 282.593762932547179
1.832454985117484 0.513641425586870 0.105088214289554 292.206388975523794 338.432102563008470
2.295902753926267 -0.365161291053127 1.037743256567058 381.894377652313210 221.664986191558711
1.564204261687449 -2.194379915728515 2.096758610292383 538.453476575028958 53.399065086205610
2.304100349350628 -2.299069981759198 1.705250789412906 523.946834424520944 139.088806617877793
1.906356670365998 -1.872075609508802 2.833616551523114 466.944131556996581 50.618088394441088
0.898070854459469 -0.213009031596738 -0.346498830636345 460.893306935889541 442.046289079158555
2.017628304605564 -1.308391070018593 2.485454371403504 429.761209372343387 86.596595531365580
2.238553756143965 -1.820023448938255 -0.706450453503479 612.746170040581319 370.339043555486001
2.875257448580062 -1.580104716223466 -0.199938545484326 514.407337901428264 318.749352528793054
1.014318963918849 -0.183437836008217 0.234070377196855 393.657578949748199 263.346939155644066
1.393939781164910 -1.454825207433154 -0.263951273261676 646.294869755310401 316.927893603657310
0.834463258621495 0.725016701496996 1.608918387480616 157.546008757552471 46.059484836144406
2.638894052185566 0.285906882712748 0.661602872195694 331.559774565824398 278.888492140734286
1.843607119811643 -0.361478989869854 -0.532918628339249 445.112726840229982 410.250072967457413
2.635691040770782 1.158181394465124 0.711031662702086 249.472699352639808 293.645619293876280
1.698565678553845 2.310870581687825 2.057527450817250 53.883487519801520 154.310060616074821
2.297416000643904 1.143433707157860 1.111531266204481 232.503460940829029 247.876274917446864
1.863699464516614 0.985157077332460 0.862506798001731 223.366405596345459 253.310460995993395
2.948641527446762 -2.675864783680576 -1.635841321512470 682.641764411310987 443.600001331118506
2.495298790138770 1.920453497665155 1.363056413934268 168.493539886488577 248.996151540359790
2.525858413531298 -2.859276238490948 -0.611694764193029 676.068623231843958 326.802592921921985
2.427303183292759 1.985356552318837 2.741350825150290 167.132673156751395 148.085263627640757
2.324139553851023 -2.806924161824119 -0.589595392619374 695.447385298480867 324.777912386923902
2.627843514345666 1.894661821860889 1.825579627154451 182.480760589510993 216.987969543436378
1.351811419852067 0.783096493381664 2.751030019425284 211.423673112679012 33.936307097733504
2.691284804056324 -2.110622889317966 -0.699344101124199 596.860946368659825 355.847003761774602
1.187100558706069 -0.861906893643477 2.017600602608255 415.974489265231284 33.440051201909711
1.540400416017462 2.087339101036768 1.908610466144914 55.112369036176176 149.390637767661616
2.286322568150939 -1.140786610292051 2.454387992603414 413.640992185995572 110.786621239761956
1.588935379757109 -2.370422646866939 0.097837619577064 699.606125252936636 232.849247865920347
2.484171415875626 1.405126900350028 1.626268195947127 217.038456068394396 217.177523638242718
1.848099923092915 1.061536246002513 2.263280864998368 213.624112112113323 124.955905725090602
2.799155307879877 -1.130392925321729 0.298991441436553 461.991779871143876 283.437477366084977
2.095012447085760 -0.505548737640729 0.826782077146033 402.607124166348569 228.667303896129852
2.464899791767131 0.133651585808758 2.786025348731038 313.589028638505056 121.573330698019518
0.914603583400992 1.019657572042683 1.708715699678023 115.744051333512743 59.360172026623815
2.340608082860999 1.652458833610059 2.318879626214586 188.046802916255416 164.826371440247470
1.782456108783678 1.236880970419606 -0.103160128504141 174.094644562078798 404.909213594092307
2.658851063604756 -0.146619407348651 -0.303708606220830 393.449768113495622 365.213569968239824
2.253849704504971 -0.960836636159451 1.204762064846220 432.469217257202104 194.147033042558292
2.378072002715271 -0.083796598433502 2.076769508457201 338.085544824891372 154.716742524646008
2.968097909654325 -2.451003639501020 1.536477141181445 512.969976128357530 181.011222570998939
2.082169211939505 -1.006513461776345 0.465865074907599 468.442762291334816 251.796808232267608
1.210306297439354 0.118493307029870 0.622275659202526 317.794631373770244 218.849803718825740
0.992340097043075 0.570965699142008 -0.129279550676452 198.640113422270332 420.023976820785435
2.698445811444329 1.349657302205972 0.712486519507039 234.248230238461332 298.750106872000401
1.439350206816805 -0.360542236023234 0.529560124387007 404.003948967739575 231.994289565756731
2.481967150920621 -1.000302633967113 -0.646211942643163 499.727494305482310 384.296454934850146
2.400392718106834 0.199954992395837 -0.159738289424310 352.636106370214861 360.888941452018798
2.132636972288164 1.593331695606723 2.384499972466795 180.279258484770736 146.650311089465276
1.521515629150361 -2.362019130631791 2.099538518302268 556.936922050862563 45.707387171210428
2.859962333739178 -1.439341424311696 0.813081769980665 468.543501785249362 238.924498251775390
2.802873304445588 -1.894093028882541 0.298419609941055 523.441107523433516 268.117663488142966
1.165513450568036 1.359326142866921 2.261728229570661 112.419876841230291 55.714134117779452
2.267923129683981 1.616672810512931 1.606601834033495 183.373917321032820 213.556576315776027
1.533974010759609 -0.008808417963443 1.004257086734485 337.433270862492350 189.504876143090257
2.268373919334812 1.515153845840254 1.072050534322178 191.402380519123028 259.240317407529517
2.144900729808161 0.032223101409752 2.542387948717812 318.517221791891643 112.563292846148045
1.220298668676579 1.949894996526472 2.297852036002098 34.680975900264855 73.406629764855666
2.524523942213301 -1.904669170823968 0.288230403661922 539.589750639341901 261.821264257886980
1.296143323221548 -0.213775963869605 0.868237605375611 368.286304085429833 179.099522699355049
0.790225330020615 -0.049826709174231 -0.249592551683288 399.093409980916817 431.598864444411220
2.543222452303324 -0.637392384131150 0.740953454688077 412.293027405728708 250.112192477476583
1.957762347262904 1.957047273602196 1.249578817618344 112.794857388665491 240.769007960492416
1.747875670791832 0.746494880401744 2.711592061931588 239.194102790726674 80.120837816862434
2.370328147576886 -2.209422322424412 -0.876808865732352 651.988977053220651 378.311555000622207
0.837490171283028 1.485476491060759 2.158973694053571 28.889687108335636 8.903548531959814
2.533288634141132 0.362440313726649 -0.888672430890166 352.674182062860154 462.638416830538461
1.514152954714303 1.355090422704734 1.785681904146204 148.171899101502390 141.303776125027696
1.950787486001605 -0.640764826982241 1.047918531233533 411.734850828037338 197.394657191672593
1.327086720540587 -0.523499556777523 1.344670779553617 395.660156996338458 118.983181616664552
1.904166133614853 -2.769480577177859 1.861369076269689 577.748507427792106 92.491690799734016
1.679634292697983 -1.376145895919265 -0.523826814346682 613.267426983272912 368.372390747416262
2.033098221115875 1.207102527469390 -0.355179649729624 205.385675750481084 437.455150360549965
1.523576982212340 -1.185164718831194 1.367020401069782 471.498966427739106 122.706413141926220
2.946148171883929 2.496889317624800 2.716114530653610 158.766531219470238 182.396406261119978
1.511664049272254 -2.825078037455202 1.532966621449099 637.246210289366900 75.104472289055735
2.838451579039968 -2.784543176193911 0.889956194928174 563.887715656099772 210.217599066128628
0.806310778729913 0.518444657202965 1.043178533836483 190.124216825369928 111.220305334585760
2.560983796689796 -2.927706291115937 -1.044930153789216 711.086936017687549 374.274315418036281
1.843906633874438 -0.947169980806038 1.152224737288016 442.728161014724662 174.223914560865865
1.448898311056045 0.661748476375488 1.046922016218677 236.266401975345048 197.357622911365212
2.705973980689863 -0.733127119296918 0.728797185143482 418.608316813829447 253.930277019497709
2.883356044107945 2.677333679565766 -0.246887715954717 105.427187924211410 434.369565359476780
1.949676902265344 -1.610164162764703 0.373257764765000 545.406955287862388 240.614946802445132
2.783205628436592 2.731091062502096 0.687561856108538 105.311393774945202 333.805888920721827
0.703433218020132 -0.065462272701852 0.493051350627481 344.488913510812722 171.030727923730296
0.863284382710346 -2.195382504927759 0.820935825676513 743.029294823146870 58.582655194136890
1.694751596750863 -1.670943292273279 1.944194647767804 489.070942568576811 85.703812155150018
1.319246838424638 -0.536685656131526 1.133580889613922 405.934178762477359 140.018369851087414
2.374666037886028 0.524217403115299 1.652361667884851 291.580793688303288 193.991926264585317
1.880982371694132 2.084116329559794 0.589315128723995 68.535396227587569 323.493493569667237

gimbalangles:
0.385548862359626 0.238613461712315 -0.004584180018856

end: