T_CW:
0.600125222655848 -0.795398577300373 0.084798704947725 -0.049043956040179
0.706077081836442 0.576563889749300 0.411131652323793 -0.020660972093778
-0.375905402511860 -0.186856052258684 0.907623239068225 0.000485003320544
0.000000000000000 0.000000000000000 0.000000000000000 1.000000000000000

T_CW_cov:
0.000000532122338 -0.000000026107751 -0.000000022619240 0.000000012545089 0.000001244748913 -0.000000112549352
-0.000000026107751 0.000000309079797 -0.000000008635918 -0.000000912356939 -0.000000028702359 0.000000007750914
-0.000000022619240 -0.000000008635918 0.000000205666762 0.000000042119650 -0.000000082981749 0.000000005200301
0.000000012545089 -0.000000912356939 0.000000042119650 0.000003325819631 -0.000000067245253 0.000000050010337
0.000001244748913 -0.000000028702359 -0.000000082981749 -0.000000067245253 0.000003538089426 -0.000000249306072
-0.000000112549352 0.000000007750914 0.000000005200301 0.000000050010337 -0.000000249306072 0.000000677952186

target_points_pix:
-2.636403943417887 -2.332364509038969 1.613121291927358 405.456677483704084 25.116907759425771
-2.894844139882586 0.626952975212953 1.276598131992237 128.133369639227823 105.779971375044994
-1.784274999354633 0.358989752143200 1.389678325383619 208.346090539984203 174.456949667370054
-0.374508819722617 -2.792472966053825 1.843083658289599 593.097431529494997 121.799101778445205
1.521380111929226 -2.200871022236925 2.504114173268010 698.918161050126173 332.772404934667065
0.410113173644941 0.536274192399978 2.211690102196433 369.498774060037761 444.728037835846749
1.146321621720232 -1.729544609839301 1.933211205151467 695.124221355804025 325.652171868569269
0.280800500936368 -1.171864569172195 1.125032765287567 619.695848365400593 231.999493826653179
-2.756072458789342 -1.219495393230536 1.919283386623296 329.401389612201456 88.263461100624255
0.046269919670005 -0.857852777220630 1.621705320978712 494.856659207412520 267.138627619359113
-1.679765835343294 0.449720655470374 0.924644277490595 142.258534587574474 140.656407089109990
-0.191032256193631 1.231152443164277 2.297274306901333 256.297017563662450 427.653291458973627
1.906356670365998 -1.872075609508802 2.833616551523114 685.005074154682006 394.299247133149890
-2.249377601482980 -2.392342577632054 1.747230801799331 430.064885407071472 48.866704799678303
2.017628304605564 -1.308391070018593 2.485454371403504 710.269021820898729 471.579992247041787
0.106097197544578 -1.586979738801300 2.101489332490848 537.878163234860949 239.929644955343889
0.580251370663158 -1.412934886423969 1.321127818311631 673.382802598824469 262.394952401856301
-0.180119838378372 -0.547998574933346 1.311464993215246 444.584894185727592 252.965363921038744
0.291199084492292 0.453431892380420 1.909458418030879 363.807957401086469 433.046895207102068
-2.393341522250106 -2.814569004139154 2.156870334324788 442.204743745916801 64.688554072353355
0.425639955333826 -1.694721804660521 2.857543598629928 533.260001262277797 281.559753934757680
-1.941630898137938 -1.117064766151136 2.706488415483634 368.426354966208123 173.826519402153139
0.304249663992359 -0.729757268759560 1.238264087314165 548.078214316567937 299.170581269920888
-0.214657564098442 -0.504635799099989 1.954909472616277 423.572522872197283 281.810227799312486
-1.805553117322314 -2.343190618164351 2.235872928386049 446.062115678951386 106.789542932445698
-0.843715431402718 1.552617475551560 2.504156727760964 209.370192535449519 377.127579426560658
-1.471500719061330 1.094730027126477 1.722510921937721 165.750028239980509 274.940721147508043
-1.628109365896271 -0.330304979444732 1.007836113164901 272.090958440508643 95.522141775907784
-0.440343914850063 0.783036985018339 1.977536569991633 272.855913599691007 363.917009459805399
0.380298172856866 -1.298743151086943 2.104596717599694 542.589299551205613 283.396908657319614
-1.955709274983680 -0.185206896822774 1.135840332582000 243.809030547841047 99.733271178556805
1.152378882989988 -2.162866322483199 2.973607017601903 612.134332109461866 309.174676507163895
-0.940235149372314 -1.200528897008388 2.439258870325218 422.789140348587011 207.182118230483354
-0.382334628612583 -2.600421760824444 2.813822754511428 529.370510733038600 191.477087000676363
-1.587322028688587 -2.644207986075857 1.292672915320934 504.643485000867372 11.586238372545751
0.358118174141076 0.741091728677766 2.917116117947550 357.336045753215103 428.860360070132629
-0.208944366737399 -2.221377258297758 2.752022459203438 522.879594283731535 213.899329625390664
0.000197430235167 0.425602185379799 2.645721047261987 358.295177168630971 376.278549964727574
-1.840086147600242 0.680228501872818 2.741700205366840 259.488134626577107 255.368413313002293
-0.115087828265375 -1.621602364932578 0.699433673458384 678.610108989973696 54.931700476061934
0.079904736471226 -1.404300557266472 2.579670587336606 500.679794556194736 266.501735756323512
1.187100558706069 -0.861906893643477 2.017600602608255 613.000550512767859 419.430432167919946
-0.359916190317959 -1.993605606062929 1.433919339499767 568.033161761795100 128.013735821703762
-2.260080484105838 2.704238611220442 2.995759768399392 114.589539987676744 332.275001517646388
-2.255264626852401 1.604364350462638 1.819463249134218 97.745841010912329 246.164373897714682
-0.466355308972108 -0.896711500698693 0.878429674387935 472.571568803558876 132.313939977180837
-1.236474659704397 -0.830785729170653 2.230815506240015 380.666713916105607 197.914742909410393
-1.831052306790053 -0.188945198352711 1.564405063598759 277.705549785584026 151.655120014949063
-1.417893060359139 0.561668205419461 2.396355813765268 269.052039524353859 266.252474500476751
-2.626187839327878 -0.784981490205779 2.754168447227376 324.224374916589397 160.020611514121640
0.197838782858974 -1.704910246678057 0.934131883775398 708.454492951106204 133.324540234699839
-2.378714710387544 0.356910764592629 2.568394823819310 257.174328215677406 205.996010164677102
0.011489359382638 1.484965435225342 2.719446545046375 265.495743314703248 456.519936823142700
-1.046365628292480 2.856196618331841 2.451340543139825 57.330231743777858 459.403819849564854
-1.385389251304131 2.806719883853976 2.543983071641538 71.383494340105415 414.248961158970246
-2.405530186309526 0.970826069224190 2.428103425594758 205.154030530905970 226.252511788911789
-1.209909797484534 -2.563904803847953 2.815581246720556 479.442969203466077 156.704168371188587
0.315022632559829 -1.747112529424197 2.074569376130251 572.522254149387095 245.044876818373183
-2.326818397556014 1.793768432294453 2.559134051889133 150.951434878288836 275.287606196983461
-0.612568001743769 0.421948739754678 1.690722919949404 287.954765978883131 309.153814348691412
-0.790934143675526 1.685879459816040 2.406057881537154 189.900338126366108 393.856709888708338
-0.681004562349794 -1.956240429477597 2.261788146036750 491.930125504622879 176.316820218703725
0.583602969381916 -0.454800371988159 2.643037342913001 470.006881502287399 369.398180693054314
-1.819651711045487 0.423861646527818 0.762971275614351 111.853314163123002 100.275212312780269
-0.906495690038693 1.339944712993076 1.305398959885680 81.757871280213067 362.527709246032487
-1.725010526060548 1.379961557513223 1.728749526176968 124.143209381630243 272.602565580066312
0.881526355925920 -0.954421506133186 1.746665705280744 609.460881436965224 369.480478447519772
-0.746155816902931 -2.734851377467177 1.864129576325877 554.109565871616610 107.343906394374130
-0.532727446652133 1.807864180253997 2.451023797656803 190.034617406246980 431.112466997700494
0.886769126975743 -0.126963633753276 2.413053404855960 476.699582071789280 435.570381783464995
-2.016839952752334 -0.793037966466019 1.464671513975834 320.724535557430499 98.984618902310643
-1.319972876987399 -0.445411568997927 0.629395593086583 284.192335420926042 39.817609126877187
0.386353897180372 0.600404873706901 2.477720398410876 365.005063171336246 435.906298989452580
-2.160587929070460 -0.886840057529803 2.034952546012701 335.243210891978492 135.052575763351683
-1.023196965438885 -0.653288877085203 1.394130223976590 371.837309720578901 164.981392980033689
-2.474755227043269 1.797130439944961 1.532062213070679 30.089487538848573 227.143111071169386
-2.898714295171244 2.409541803822898 2.871769284488597 117.378672196187892 277.008633470719815
-0.069779878869687 0.333010611880953 2.165252128368183 353.700855959353305 366.441529800721241
-0.825888478669362 1.955149920554193 2.940413836798625 204.091562914444751 399.832054013964694
0.299975277917478 -2.060721930650195 2.445293241049091 567.189648284728605 240.376804981931485
-2.674875243981055 -2.493223614391089 2.637683235373650 409.846874573576372 98.023005987334727
-1.301598020435731 -0.477598335284593 1.929470689273046 345.527650725117496 195.787951895284209
-1.476953341479463 0.801881429363502 2.241642260267484 238.203045325710605 271.325354490775680
-0.148800400356136 -2.955341477661065 1.934551525973162 618.362415233805905 133.766826257402670
-1.249017059294648 1.809779148238554 2.982405696357302 206.139819015771707 356.041811763038254
-1.249689330409936 -1.217623436223179 0.920169251878598 414.333836812521668 46.010299366815303
1.164120059996385 -2.756895298247263 2.806885571236954 659.040866448891620 273.260630815284060
-1.118069105508273 -2.377573793499396 1.967446422962650 497.360172135183632 114.375823331142485
-0.881020117602829 -1.105681435850690 1.475228597087851 430.270107811931780 152.764902060211796
0.590748596256939 -0.301206405545826 2.897612535064620 452.883248577320614 378.336484121194871
-1.652234327487542 -1.166549869125559 1.514010499456546 376.993721099873085 104.371346931581456
-2.552648262493129 1.689930588152716 2.429763098690281 144.494034666992434 252.322184088067416
-2.255031087818837 2.746933246465083 2.562123245223610 68.898911913899724 332.688337004642904
-0.873138988358957 -0.781452409495700 2.093701557856058 398.304530061144533 216.456683355651421
-1.640450080504410 -1.043767729106053 1.867006338383324 370.941229699087501 141.810811744364003
-1.920808214580888 1.642330667732721 1.690984194835790 82.047428113900480 272.456578745088052
-2.573057709165699 -2.343835408398033 1.388591167805596 410.557758916486534 2.064337339250017
0.681239877289143 -2.964121807961779 2.861119167591760 622.574382766434837 233.521660165225171
-0.270537863900404 1.469760709370638 2.796774196941943 258.408315818671724 422.099495419764935
-0.623494181581364 -2.330474922091730 2.540597364417167 509.034658247727236 177.801851055995940
-0.320008211904443 0.977308006341261 1.139783735220228 146.067493567748983 434.884720510637067
-0.182937951695047 -2.576140804135971 2.024268462690140 584.125371515312736 158.243351511910475
-1.511024147274940 -1.314068298212891 1.452205263423995 399.388665317120683 97.975810294188733
-0.907567565523452 -0.514179279084973 2.053742821691218 374.171746828714390 227.633013097755310
0.587587992034352 -1.941097990729944 2.773384363749689 564.690497379640306 277.334006304513309

gimbalangles:
1.996122437567331 -0.084900663928465 -0.646372486877327

end: