T_CW:
0.207708880042704 -0.967082531392084 0.146997954501699 -0.048204124337579
0.016287378010262 -0.146835338096519 -0.989026847362412 -0.035730477276125
0.978055081510728 0.207823870049518 -0.014747764870815 -0.048630036283285
0.000000000000000 0.000000000000000 0.000000000000000 1.000000000000000

T_CW_cov:
0.000000431124461 -0.000000015676026 -0.000000036716674 -0.000000041143239 0.000000914481637 -0.000000148546274
-0.000000015676026 0.000000228744272 0.000000008155689 -0.000000565394721 0.000000003737839 -0.000000055065887
-0.000000036716674 0.000000008155689 0.000000238319381 -0.000000003031731 -0.000000096237408 0.000000011484256
-0.000000041143239 -0.000000565394721 -0.000000003031731 0.000001981817839 -0.000000182632753 0.000000232348631
0.000000914481637 0.000000003737839 -0.000000096237408 -0.000000182632753 0.000002511164891 -0.000000353045081
-0.000000148546274 -0.000000055065887 0.000000011484256 0.000000232348631 -0.000000353045081 0.000000800845617

target_points_pix:
2.846962449674256 -1.270615537643179 -0.426835152527950 542.099999706264043 300.017392947449594
2.918590730881187 1.917845963257823 1.861029643800673 297.392076706284740 78.904201069016295
2.559122324685278 -0.044395362467658 0.521955253318731 435.118537052423790 189.579098909757306
1.832454985117484 0.513641425586870 0.105088214289554 355.806227934326273 215.333573943448471
2.295902753926267 -0.365161291053127 1.037743256567058 482.604560525012062 128.027737102496587
0.898070854459469 -0.213009031596738 -0.346498830636345 465.041916613051683 347.522303884357996
2.245708819273801 -0.269019817269763 -1.294158407152367 431.214483127627318 390.840439117044582
2.238553756143965 -1.820023448938255 -0.706450453503479 658.078848875847825 371.437662956526765
2.875257448580062 -1.580104716223466 -0.199938545484326 578.419333359257962 283.301179479064785
1.014318963918849 -0.183437836008217 0.234070377196855 475.659984554295306 179.553465604294530
2.124314905889378 2.516536008253327 -1.159942408705877 167.120216446943971 312.673712459849696
2.638894052185566 0.285906882712748 0.661602872195694 405.320579674618102 175.019653100395857
2.283841378883928 1.271035310454307 -2.066588718161386 267.327312426205538 420.863062604503057
1.843607119811643 -0.361478989869854 -0.532918628339249 462.146595334951314 321.912453773657262
2.635691040770782 1.158181394465124 0.711031662702086 330.029714784639964 163.654002315625405
2.297416000643904 1.143433707157860 1.111531266204481 323.961337069202159 113.063478845302058
1.863699464516614 0.985157077332460 0.862506798001731 315.370633137537425 116.177346752883992
2.948641527446762 -2.675864783680576 -1.635841321512470 681.016462274178593 452.005760019723937
2.840052798843084 2.329374247149249 -2.575874164725013 219.827967043017850 404.428377222187919
2.495298790138770 1.920453497665155 1.363056413934268 271.692318678478614 97.710997206755991
1.959827138418633 2.080762882451776 -1.817207778188205 175.702245321602021 394.191445731410568
1.297774712209653 2.704606822667046 -2.060317409890036 15.502453270535341 456.466289640567084
2.892079814720038 2.137865082943373 -2.531162314746993 235.347454429759154 402.770278132224860
2.726024062390456 2.249586546271820 -1.935271634696742 224.429070672173651 363.262117621499328
2.627843514345666 1.894661821860889 1.825579627154451 285.991985477382912 65.672118059459820
2.366722528632731 2.870625563219331 -2.137310229465841 154.086832845269669 381.226498713155252
2.691284804056324 -2.110622889317966 -0.699344101124199 650.124398436455976 352.873920657401243
2.484171415875626 1.405126900350028 1.626268195947127 315.750029798304695 74.309428599340720
2.799155307879877 -1.130392925321729 0.298991441436553 540.193686598646082 227.732449926145449
2.323577638081192 -0.690249941749447 -1.179912750217281 482.327963582565019 386.032941164626322
2.198339080206081 1.367198496929817 -1.080298376555421 267.259553590018527 326.961638069114542
2.095012447085760 -0.505548737640729 0.826782077146033 503.382851880509861 143.871264879034754
1.782456108783678 1.236880970419606 -0.103160128504141 265.164810890819808 228.882376071762081
2.658851063604756 -0.146619407348651 -0.303708606220830 432.850587597597382 271.116144557371115
2.253849704504971 -0.960836636159451 1.204762064846220 565.728658078590115 108.611955646232161
1.371663769460994 0.879266964748105 -1.357498840974314 243.785961923014810 433.633447916994612
0.971922361675591 1.968970143655820 -1.562563872244343 16.316935848378932 463.701152401498234
2.378072002715271 -0.083796598433502 2.076769508457201 465.558605262495689 18.375929710628441
2.968097909654325 -2.451003639501020 1.536477141181445 704.858040787095888 120.096947948049319
2.836175536677109 1.994944033462968 -2.455637396822729 242.067216918070812 403.003907625233069
2.082169211939505 -1.006513461776345 0.465865074907599 569.961525003635188 196.597296695129899
1.210306297439354 0.118493307029870 0.622275659202526 413.134619803509793 103.167143818089073
0.992340097043075 0.570965699142008 -0.129279550676452 279.403860439492234 245.240687020692206
2.698445811444329 1.349657302205972 0.712486519507039 317.093506313025784 163.925849689607816
1.439350206816805 -0.360542236023234 0.529560124387007 503.619785940398401 148.025132092362355
2.481967150920621 -1.000302633967113 -0.646211942643163 523.883028905637275 327.271393330848070
2.400392718106834 0.199954992395837 -0.159738289424310 399.388380458441361 253.192187751397285
1.678163884393774 1.763579653176779 -1.081503964129788 183.749519440446704 337.808341181087201
2.859962333739178 -1.439341424311696 0.813081769980665 579.426224680022074 181.819835210540873
1.499736267738784 2.255228431018857 -1.704205875398000 101.011541050541268 409.458961128601572
2.469019821030406 -0.821829290121308 -1.767149752680179 484.118586413808316 443.481616437952425
2.802873304445588 -1.894093028882541 0.298419609941055 629.255900199802454 238.818204005382995
1.971116129500769 2.532050017386672 -0.864756201505920 153.781596001041720 287.560307802845898
2.267923129683981 1.616672810512931 1.606601834033495 287.141641924369594 61.697911185558468
1.533974010759609 -0.008808417963443 1.004257086734485 447.174809256312983 70.571984443985656
2.268373919334812 1.515153845840254 1.072050534322178 288.614734290416322 114.028019160349672
2.840746233810969 2.675666402683015 -1.319954729083223 211.387727989909905 307.116178643143428
2.524523942213301 -1.904669170823968 0.288230403661922 657.859136409999337 239.566106082986011
1.296143323221548 -0.213775963869605 0.868237605375611 490.898470540498238 64.297171695557978
0.790225330020615 -0.049826709174231 -0.249592551683288 418.232833081205570 317.531350896789547
1.919360006235380 2.796073931111244 -1.673944781698095 116.999986629197679 362.818987058757443
2.543222452303324 -0.637392384131150 0.740953454688077 502.291821056858907 172.811285991502928
2.804953402716851 1.754951062803924 -2.726134825525947 253.283965097460850 430.618358978311562
2.969189811888704 0.830630128229349 -1.471853396751549 339.504847926722391 346.342788765117575
1.957762347262904 1.957047273602196 1.249578817618344 230.397154838587284 75.738862980723212
2.370328147576886 -2.209422322424412 -0.876808865732352 700.510765938458121 398.005217009190460
2.423982481611550 0.756846151188032 -2.044424622084699 319.655937300725327 424.088445765100005
2.533288634141132 0.362440313726649 -0.888672430890166 374.978379195885168 319.426169128794356
2.723080367051685 2.166895230984133 -1.093289000372446 238.783879744132634 300.146788532241317
1.950787486001605 -0.640764826982241 1.047918531233533 535.142176178607542 105.779741314736810
2.884949992613337 1.752862813125280 -1.917286249155953 266.331115898683038 365.643848234459711
1.146827098132877 2.456126826250834 -0.971119918071874 22.879707714959920 327.782435714848077
1.863817084506842 2.713682461887588 0.066728388683226 139.797722972580743 190.947861698569056
1.679634292697983 -1.376145895919265 -0.523826814346682 661.009528745639500 370.394118996715406
2.033098221115875 1.207102527469390 -0.355179649729624 282.159138416815665 258.447347602996558
1.173056953141853 1.270494847899332 -1.110596024848202 165.446161909838622 396.570747685452886
2.946148171883929 2.496889317624800 2.716114530653610 269.260585089154802 17.497383683358549
1.766975285516706 0.969062569477666 -0.552937664872517 285.708053506058036 290.475164074246152
1.843906633874438 -0.947169980806038 1.152224737288016 598.183135569205319 81.638502063275411
1.448898311056045 0.661748476375488 1.046922016218677 337.421767696225970 53.818056556908857
1.106019546979264 2.483062061216136 0.385456719173439 36.315667322203353 119.918672726033734
2.705973980689863 -0.733127119296918 0.728797185143482 507.394136232072469 179.488876089366414
2.883356044107945 2.677333679565766 -0.246887715954717 224.653585452271614 229.568899008179784
1.949676902265344 -1.610164162764703 0.373257764765000 688.944764064560331 217.786979772876322
2.783205628436592 2.731091062502096 0.687561856108538 224.799134569146332 159.360702173454285
0.703433218020132 -0.065462272701852 0.493051350627481 466.667800295171105 43.138994492802681
1.963175010556395 0.738401544449355 -1.173053211860219 312.872327079417573 363.683852741993633
2.739076689140502 1.445883240616402 -1.480011115263047 285.576171740613916 342.807108928479522
1.814277977984292 2.308189886267098 -0.802269262856072 154.781654755466121 288.473065264320269
1.319246838424638 -0.536685656131526 1.133580889613922 573.278247555029452 10.048322351710880
2.374666037886028 0.524217403115299 1.652361667884851 393.840189388676322 64.385392220975945
1.880982371694132 2.084116329559794 0.589315128723995 202.098107358825303 141.974289278822340
1.056287577067055 0.180198194814150 -0.523910027856285 356.470381057568375 350.715151462074573

gimbalangles:
-0.014910284794592 -0.147532567855238 -0.211564777435581

end: