T_CW:
0.019112263434374 -0.996462229641601 0.081839759799894 -0.049080967417739
-0.966738861440567 -0.039298818604392 -0.252728266398706 0.001930570868862
0.255050377704114 -0.074287467004794 -0.964069850726077 -0.055030301045272
0.000000000000000 0.000000000000000 0.000000000000000 1.000000000000000

T_CW_cov:
0.000000323004182 0.000000029981884 0.000000018662508 -0.000000033237875 0.000000714643296 0.000000049779633
0.000000029981884 0.000000259413508 0.000000000381386 -0.000000804270003 0.000000001324463 0.000000124750326
0.000000018662508 0.000000000381386 0.000000180634500 -0.000000031746119 0.000000039750612 0.000000007611156
-0.000000033237875 -0.000000804270003 -0.000000031746119 0.000003090374432 0.000000137616621 -0.000000481507601
0.000000714643296 0.000000001324463 0.000000039750612 0.000000137616621 0.000002158491020 0.000000042677268
0.000000049779633 0.000000124750326 0.000000007611156 -0.000000481507601 0.000000042677268 0.000000537169449

target_points_pix:
1.490440901540471 -0.857602812689420 -2.635735428124574 426.320864818149516 178.552312585443758
2.441438768696500 -2.585580686672123 -2.614091613098263 549.316960122630348 121.873220552413557
0.758360925297926 0.467750592604169 -2.451185521122659 306.521194547954508 226.810320608069702
1.630490920782114 -0.468318413325145 -1.911111729057764 406.874532642711699 123.616865565406613
-0.433981154400584 0.360482734040993 -1.227556446982552 249.085621398841738 414.700549065522296
-1.283002091526680 -0.747761295642913 -2.974165121150432 416.037909731746879 432.184920595180756
1.508579863193963 -1.191999651563556 -1.727860328718711 494.368187288782565 126.652278060956348
0.013472752120028 1.996653269589261 -2.299907511588580 108.326332191516883 298.516809589808418
1.539099762354163 -1.542457739152680 -2.417574258766913 489.962764400844492 168.787193559403818
2.663807655548946 -1.133815369660820 -2.994870775135947 434.911815094681572 120.390809214487049
0.875119556251225 -2.741255316658835 -2.349777733663343 605.199050076616345 226.497950251100605
0.476025598100615 1.665271949399485 -2.007430023494885 135.262644636603511 237.458609200004929
0.046936176455136 -0.178364119526615 -2.653583288217773 366.900522835225274 300.233200729860641
1.590547062361791 0.522741208091565 -2.299022569101822 305.663753137469939 146.271254075075888
1.023014121125718 -2.028610140369214 -1.693684153345026 600.596445379250213 181.296877873548340
-0.334215531377678 -1.479171923349333 -1.828834616538048 552.387323898289878 357.566255777008962
2.202767322607175 1.273914592564771 -2.774660020847438 257.491048202288027 123.896713410674337
1.702293184242591 0.603411314944683 -2.438368815603718 301.654777109901261 144.876768982318083
2.283841378883928 1.271035310454307 -2.066588718161386 231.572427101533123 66.687387870974362
-0.843157433083838 -1.939594987363949 -1.479914070498307 700.015018328285805 475.208141790508478
2.751105929663120 -2.169487222688916 -1.967321396887911 554.531384729976708 53.976108954385722
1.360514298822771 1.327968339682256 -2.816756300763727 244.169673014506458 185.218286122662050
2.948641527446762 -2.675864783680576 -1.635841321512470 623.691754589095126 11.671425607637815
2.840052798843084 2.329374247149249 -2.575874164725013 170.178242993996406 62.268234714732074
2.492059282026440 -2.835224296773397 -2.027159865699708 609.422242051399962 82.451139648338142
-0.211847087088451 -0.016358100223187 -1.587362582759622 346.931434472012540 343.037777613501305
1.959827138418633 2.080762882451776 -1.817207778188205 110.728118839419267 60.111512780796460
-0.182378049409345 -0.863540020795303 -2.584414038416929 434.059849475558337 324.847881465019839
-1.229274616003010 0.885870998101303 -2.973981768562813 256.107516211657696 429.171475704561828
1.297774712209653 2.704606822667046 -2.060317409890036 36.431022839160960 141.210361772690476
-0.748283663115107 -2.290147788125121 -2.380932903058135 595.807670422453157 393.977325589864222
2.892079814720038 2.137865082943373 -2.531162314746993 185.049835937953333 56.922358183082935
2.644277632137510 -1.954902864395131 -2.243560645539706 521.167982673455754 81.724227805403274
2.180079447915864 -1.043937795950901 -1.902970614474200 463.190739762580051 80.838871711899088
2.726024062390456 2.249586546271820 -1.935271634696742 127.407081864456671 8.678311177448165
2.449747984073098 -1.551243759956139 -2.365769249372333 485.366780727009314 100.319732736370554
1.452166304201032 -0.539996562458149 -1.663088537894960 422.283460579487667 120.980125241416445
0.826223098241711 -2.770033022394376 -2.229636835185319 620.369671487185997 227.578790722875652
0.633624252448053 1.178384204980633 -1.055285210204363 72.474992507016680 148.500365218073654
2.366722528632731 2.870625563219331 -2.137310229465841 68.469858185295323 51.927784052372203
2.917028304662279 -1.152586189496194 -2.533210105366660 446.550171950268805 79.222864746750361
0.659732524222695 -2.719044585050702 -1.422675884421720 741.855532811662329 215.269562141912473
1.074947013871206 -2.774248168446678 -2.671085884537973 578.206737969057258 219.157696439097947
0.258529365432542 0.593447349207453 -0.510877348310836 18.655689334179101 164.688163674346129
2.854132838740622 -2.261639550812403 -2.415972557993723 532.556308003177946 82.565639578353455
2.242574182266596 -1.717313196300812 -2.867034342378257 479.617723332472167 142.071376164640355
1.607551494345595 0.317572627445490 -1.950594834934516 321.216212992981525 122.384011141226210
-0.527615348138007 -2.506410404176464 -2.003044375395833 660.656202880040496 379.681581909469969
0.227786255685149 -0.334040330700011 -2.630042452304986 382.159218517068268 282.924899707264331
0.711227918702385 -0.694323109158741 -2.172508374976872 426.220089328445795 227.933511740225612
1.150489293106945 -0.662736552373609 -2.040388036416765 425.303778203198647 178.574770337888879
1.238318070079971 1.309983252536109 -2.067854693572801 207.091240948957164 158.378261863983539
1.371663769460994 0.879266964748105 -1.357498840974314 216.454448723838027 79.879859485788216
0.971922361675591 1.968970143655820 -1.562563872244343 45.054909257872339 142.987296656921757
1.964860471576421 -1.517201261240589 -1.676592491004718 526.848730240237387 82.314285949225194
2.836175536677109 1.994944033462968 -2.455637396822729 192.370234814750631 55.485082183165815
0.757591605268053 0.252389160113320 -1.095195087837854 297.960430997029107 144.163376100434448
0.058839847997918 0.134566375889384 -1.991944323770720 330.659811397365274 296.876652950523578
-1.227204612053876 -1.563639412415003 -2.128238077156917 551.502846351312087 479.782522444161998
1.457004382153908 2.311441296474558 -2.865704388874944 162.414030047429350 175.249388557905149
2.754496364365862 -1.408822519692525 -2.862230873769972 456.085170402428730 109.926257656605230
1.469737194049639 1.705064391090432 -2.691049952446784 206.932262109619018 169.648323547649284
1.499736267738784 2.255228431018857 -1.704205875398000 52.360544386422248 91.215574743618163
2.901037703456327 -2.076152362372328 -2.976452415458163 494.731584756681059 111.168925368667317
2.469019821030406 -0.821829290121308 -1.767149752680179 444.800156631669722 42.504810262909245
1.137588543317841 -0.006302932290946 -2.636179887272596 354.657872600665826 202.000207197190122
1.510897039637619 -1.361531329503495 -2.968742088781331 455.587639818345451 191.472382429779373
0.632541919085941 2.620853067715426 -2.393082535195631 65.207319755063224 227.818928672734017
2.087030796378828 0.350749088667996 -2.244376936628558 325.115665284358215 104.319328218267970
-1.010319458838606 -0.832182229422446 -2.808380135190275 427.562892554802147 409.019346226391974
-0.363861029231662 -0.954612515616267 -1.779790576450136 485.895573159075127 363.678529027899174
0.858350921909025 1.981968311704984 -2.417792037315026 148.055405464100687 209.203354830694821
0.330305782107455 0.239441589729663 -2.797858080818814 329.714044616642127 273.523780849464799
0.995511872710040 -0.690088500138888 -2.266397024430593 422.173900103137669 203.754084170883715
0.012624368451334 -2.069442595465107 -2.414255140724293 556.045261868789453 307.384673422253059
2.804953402716851 1.754951062803924 -2.726134825525947 224.618363412939857 79.529397701127778
2.056287705197733 -2.975779672667076 -2.662723782830376 578.538330707249884 150.761724056139769
-0.393610083524171 -1.188134872323905 -1.563137830369397 543.163842988028819 378.016498473704019
1.470680618967437 -0.480601360141050 -2.063746431437915 405.088163086088286 148.881687842453488
0.074660105972357 0.585206712272522 -2.671997124096434 292.985676089087633 295.955558421558521
2.423982481611550 0.756846151188032 -2.044424622084699 285.070518752089015 58.557152961297618
-1.031056898747028 0.168130809075145 -1.923917057900469 312.800696142348329 474.134541987794250
0.729311086125151 -2.466267561761849 -1.296158420739365 733.538827509716157 196.473054513118399
2.884949992613337 1.752862813125280 -1.917286249155953 183.973828887627974 0.481983292463354
0.492317636367380 -2.948659149863854 -2.458039317552030 620.609828108113220 263.494398291305970
-0.789699459761356 -0.671283229251809 -1.448263468441791 474.131474478558459 474.947522977889832
0.176186804999556 -2.021278292489356 -1.205141941973563 722.645666953236514 279.622670827470358
1.783630166408887 2.301760828481576 -2.596299818856131 152.082316627469822 137.163335441150991
0.925273435265529 -2.119904892941933 -1.173616417561602 701.898131469275313 155.212533688169287
1.704040395111110 -1.884924992965188 -2.430965651079124 515.742114371315893 158.728446572012103
-0.313930981924064 -0.390284560762582 -2.958886754576828 383.354648285775625 333.667572750389695
-1.228382864302860 -2.682255914716023 -2.280802266560253 662.874833223720771 462.545439257332077
1.173056953141853 1.270494847899332 -1.110596024848202 101.099220668678868 60.941907272511855
0.022959853197840 -2.270988525214225 -1.369984646990615 728.296953452722619 309.292876899127123
0.657047212042162 0.494506880683674 -1.471288555299500 270.120265623891271 194.105813714944702
1.484252120320850 -2.917881212878771 -1.733362432371336 675.508802066609633 143.295489856941572
-1.178935935554503 0.589036201832247 -2.686624603397514 278.294474512484328 438.026317516194865
1.577300548123927 0.856335040752280 -2.847365858336513 287.018332653560435 172.730475638102973
2.331183949755215 -0.953927119794023 -2.888931109551167 425.826538747296865 133.853635931323140
0.134666190547252 -1.403203039679276 -2.786811401574405 473.386516101288066 294.675286948889777
0.477353811056686 1.309500861198641 -1.568020660815786 134.719267986837764 220.832708261981196
-0.479153692679909 2.389123245166346 -2.638982861176753 82.001627253983088 354.255474483401201
1.113750469880303 -0.317542586872190 -1.406408964173092 401.374224137272506 133.279495886396433
2.918121566853679 -0.369866249891826 -2.948502755755053 384.383909559808046 99.622578157064112
0.677212972875109 -1.387281286843452 -2.082604847656232 502.892120129314037 231.762990362024169
0.509166238868219 -1.591782566136226 -1.965175608255556 535.853427107461698 247.550593874564015
0.181582782636632 2.007621064638244 -1.833757988421209 45.357451727399280 271.254366719797304
2.785729132151983 0.266710427882586 -2.912655439599869 340.166318991599212 101.520062803018931
-0.265597950294425 -2.686827685160679 -2.020846882635039 668.827480517983076 344.073872795849752
0.633140661551747 -0.721301591593278 -1.785322567574259 444.150735896190952 222.775565470018620

gimbalangles:
-1.314418029132633 -0.081931393242528 -0.019177766832940

end: