T_CW:
-0.261698107445294 -0.962829508912947 -0.066883759807636 -0.050601660826208
0.465012005187935 -0.065058639721067 -0.882910645778348 -0.036948467376546
0.845741057056264 -0.262157796306153 0.464753003481693 -0.037596911202330
0.000000000000000 0.000000000000000 0.000000000000000 1.000000000000000

T_CW_cov:
0.000000395517443 0.000000060683471 0.000000028250710 -0.000000172508890 0.000000857259786 0.000000004331375
0.000000060683471 0.000000262122735 0.000000006450791 -0.000000706022157 0.000000135576775 0.000000017288262
0.000000028250710 0.000000006450791 0.000000201204219 -0.000000024073291 0.000000072668825 0.000000002021607
-0.000000172508890 -0.000000706022157 -0.000000024073291 0.000002414227467 -0.000000384110540 -0.000000117073629
0.000000857259786 0.000000135576775 0.000000072668825 -0.000000384110540 0.000002359966044 0.000000003238040
0.000000004331375 0.000000017288262 0.000000002021607 -0.000000117073629 0.000000003238040 0.000000449293301

target_points_pix:
1.521380111929226 -2.200871022236925 2.504114173268010 496.853199902540950 126.540143847820801
2.846962449674256 -1.270615537643179 -0.426835152527950 419.339076800732073 408.195679524607272
1.295561638623608 -1.416405185858894 0.012519501775890 539.294474277694349 348.529699802532321
2.918590730881187 1.917845963257823 1.861029643800673 134.066910039682085 200.799695274337836
1.146321621720232 -1.729544609839301 1.933211205151467 500.818498536831385 123.258909654986979
0.280800500936368 -1.171864569172195 1.125032765287567 593.430592641652879 46.201282305041559
0.912158489264184 0.142680861227956 1.207983140341669 277.702115526092200 107.160257227544264
2.630597899395866 -2.533602612630514 1.408948156924308 486.077560194082025 246.959628575442565
2.559122324685278 -0.044395362467658 0.521955253318731 302.906534790059254 310.178831158244293
1.832454985117484 0.513641425586870 0.105088214289554 200.335711511304851 356.392034414798502
2.295902753926267 -0.365161291053127 1.037743256567058 339.301523629949202 253.032932636697524
1.564204261687449 -2.194379915728515 2.096758610292383 504.326450555468909 152.714446040207918
2.304100349350628 -2.299069981759198 1.705250789412906 481.058415323733982 216.046843046515903
1.906356670365998 -1.872075609508802 2.833616551523114 451.327553934222635 130.125680581344739
2.017628304605564 -1.308391070018593 2.485454371403504 414.606672638556120 147.306689328863911
0.580251370663158 -1.412934886423969 1.321127818311631 555.238870138748098 97.964031251072953
2.238553756143965 -1.820023448938255 -0.706450453503479 515.637376889985262 450.263404524526152
2.875257448580062 -1.580104716223466 -0.199938545484326 440.453804030540255 380.244682578951938
1.014318963918849 -0.183437836008217 0.234070377196855 336.895012236711295 298.971315798941532
1.393939781164910 -1.454825207433154 -0.263951273261676 548.557387035037323 401.774804085365759
0.834463258621495 0.725016701496996 1.608918387480616 163.244294876694340 19.251127436051803
2.638894052185566 0.285906882712748 0.661602872195694 269.564100010144671 298.113806033297806
0.304249663992359 -0.729757268759560 1.238264087314165 495.314188383249643 8.796860227897184
0.968177481878278 -1.826587437244287 -0.050071853227793 660.413478157540226 352.266784966170007
1.843607119811643 -0.361478989869854 -0.532918628339249 348.884378700999889 471.832383831155369
2.635691040770782 1.158181394465124 0.711031662702086 167.794700183924647 292.506350915675455
2.297416000643904 1.143433707157860 1.111531266204481 167.054268981897820 236.786748574666177
1.863699464516614 0.985157077332460 0.862506798001731 153.075891989912662 240.154648581753463
2.495298790138770 1.920453497665155 1.363056413934268 84.991470111521892 217.057940445662695
2.525858413531298 -2.859276238490948 -0.611694764193029 571.712457291250189 415.376539252201439
2.427303183292759 1.985356552318837 2.741350825150290 132.379678465308416 112.229305495866043
1.152378882989988 -2.162866322483199 2.973607017601903 503.622165513305845 73.146862312907160
2.324139553851023 -2.806924161824119 -0.589595392619374 586.110254292290392 416.368404594259118
2.627843514345666 1.894661821860889 1.825579627154451 119.304479964643150 187.119637884848487
1.351811419852067 0.783096493381664 2.751030019425284 226.279492468642246 29.975283015155640
2.691284804056324 -2.110622889317966 -0.699344101124199 505.099512241036280 432.650540659858109
1.187100558706069 -0.861906893643477 2.017600602608255 413.169170845321617 102.146779325947193
2.286322568150939 -1.140786610292051 2.454387992603414 395.967629141197335 162.234658006346820
1.588935379757109 -2.370422646866939 0.097837619577064 597.069996741133195 333.923499722696192
2.484171415875626 1.405126900350028 1.626268195947127 161.883671828181264 199.199627749928254
1.848099923092915 1.061536246002513 2.263280864998368 195.624517362377162 108.598524539993974
2.799155307879877 -1.130392925321729 0.298991441436553 400.232591838347901 333.533334229198942
2.095012447085760 -0.505548737640729 0.826782077146033 357.295128736850643 265.372686770109112
2.464899791767131 0.133651585808758 2.786025348731038 301.360118013054546 140.151135928163285
0.497100103581327 -2.928230638126760 1.276408226385758 729.448003784119237 136.612696809277281
0.914603583400992 1.019657572042683 1.708715699678023 109.810256520739188 12.281571481609632
2.340608082860999 1.652458833610059 2.318879626214586 149.987072916575897 136.385283481430804
1.782456108783678 1.236880970419606 -0.103160128504141 0.471727235200945 416.393728681232119
2.658851063604756 -0.146619407348651 -0.303708606220830 308.181154090499831 409.016598523167431
2.253849704504971 -0.960836636159451 1.204762064846220 393.700101621530052 240.463228165383271
0.197838782858974 -1.704910246678057 0.934131883775398 728.615762591003772 81.935669946090002
2.378072002715271 -0.083796598433502 2.076769508457201 315.554332913234532 177.543239265970556
2.968097909654325 -2.451003639501020 1.536477141181445 465.589836487820207 248.797440034864451
2.082169211939505 -1.006513461776345 0.465865074907599 412.865127302277585 303.820633164421793
1.210306297439354 0.118493307029870 0.622275659202526 273.601377429826869 233.489180590232905
0.992340097043075 0.570965699142008 -0.129279550676452 27.383758289329535 444.490615553250905
2.698445811444329 1.349657302205972 0.712486519507039 146.259931474383194 294.102406659434507
1.682011736665465 -2.690865748394387 -0.441007572472939 648.464420682432319 407.569311432066115
1.439350206816805 -0.360542236023234 0.529560124387007 356.899026826870681 269.517544919995601
2.481967150920621 -1.000302633967113 -0.646211942643163 411.884612108313263 449.086524558989424
2.400392718106834 0.199954992395837 -0.159738289424310 263.723153921154562 396.063444967303155
2.132636972288164 1.593331695606723 2.384499972466795 148.605984994867015 116.082360967159772
1.521515629150361 -2.362019130631791 2.099538518302268 518.571864510441515 152.024117557970385
2.859962333739178 -1.439341424311696 0.813081769980665 416.338790267997013 291.136209143062217
2.802873304445588 -1.894093028882541 0.298419609941055 458.367266146537986 331.334612133210385
0.315022632559829 -1.747112529424197 2.074569376130251 581.893861229420054 3.937565950529745
1.165513450568036 1.359326142866921 2.261728229570661 107.982827021032449 6.919074207625044
2.267923129683981 1.616672810512931 1.606601834033495 121.911658263850853 184.022163374860696
1.533974010759609 -0.008808417963443 1.004257086734485 303.829345395119844 210.225218604059052
2.268373919334812 1.515153845840254 1.072050534322178 109.879600697621186 236.244413396436528
2.144900729808161 0.032223101409752 2.542387948717812 308.617161157950591 134.087256860748624
0.881526355925920 -0.954421506133186 1.746665705280744 446.454069389417953 88.281410921110847
2.524523942213301 -1.904669170823968 0.288230403661922 473.003493409274824 328.705207029129667
1.296143323221548 -0.213775963869605 0.868237605375611 336.721582232382787 209.792179258851604
0.886769126975743 -0.126963633753276 2.413053404855960 333.594680122360671 13.286051868105318
2.543222452303324 -0.637392384131150 0.740953454688077 361.274238674308720 288.676882307844039
1.957762347262904 1.957047273602196 1.249578817618344 12.192801776316117 188.327149597407072
1.747875670791832 0.746494880401744 2.711592061931588 239.333368641306322 78.642117166068942
2.370328147576886 -2.209422322424412 -0.876808865732352 546.607150857993361 463.831080269294603
1.514152954714303 1.355090422704734 1.785681904146204 111.821825296768282 99.091971230032527
1.950787486001605 -0.640764826982241 1.047918531233533 373.760741583299136 238.143936711167839
1.327086720540587 -0.523499556777523 1.344670779553617 377.404280332501685 164.530569012205433
1.904166133614853 -2.769480577177859 1.861369076269689 527.643625771602842 192.574633023878278
1.012226148928721 -2.441338738750435 0.622632403358834 651.128345153578380 245.496461602315605
1.679634292697983 -1.376145895919265 -0.523826814346682 515.518317035370615 448.521835106003095
2.033098221115875 1.207102527469390 -0.355179649729624 28.483701196627464 469.980213612081059
1.164120059996385 -2.756895298247263 2.806885571236954 546.985542034056039 93.637866974608698
1.523576982212340 -1.185164718831194 1.367020401069782 441.375298537628055 189.111069825717323
2.946148171883929 2.496889317624800 2.716114530653610 106.124134078686723 142.603782778130977
1.511664049272254 -2.825078037455202 1.532966621449099 570.225798604887814 194.346031563079094
2.838451579039968 -2.784543176193911 0.889956194928174 501.373173290594423 286.357044157938958
0.913573896963790 -2.835395790839471 0.376782895332359 728.554972708334503 274.625697364522580
0.681239877289143 -2.964121807961779 2.861119167591760 597.796025948431293 51.820824630535043
0.806310778729913 0.518444657202965 1.043178533836483 173.032764462875235 89.377874721337662
2.560983796689796 -2.927706291115937 -1.044930153789216 592.835933773745296 467.058302933192920
1.843906633874438 -0.947169980806038 1.152224737288016 406.935307883380915 225.384655922430426
1.448898311056045 0.661748476375488 1.046922016218677 192.064062930438894 186.293711630046971
2.705973980689863 -0.733127119296918 0.728797185143482 366.446987936203811 293.958266648100164
1.949676902265344 -1.610164162764703 0.373257764765000 480.987370607216803 310.241422413546843
0.703433218020132 -0.065462272701852 0.493051350627481 313.693881840550432 197.159832249738713
0.863284382710346 -2.195382504927759 0.820935825676513 636.611844327223707 207.677645316646391
1.694751596750863 -1.670943292273279 1.944194647767804 462.285821439214999 163.870598308997330
0.587587992034352 -1.941097990729944 2.773384363749689 533.771275566804434 16.035404065208780
1.319246838424638 -0.536685656131526 1.133580889613922 381.526821112096513 185.613073637389590
2.374666037886028 0.524217403115299 1.652361667884851 255.590212988364158 199.986391732712917

gimbalangles:
0.484533972437372 0.066933727177725 0.265389781777366

end: