T_CW:
0.885319596739946 0.445673233518183 0.132606864655137 -0.048408992770935
0.445863623598868 -0.732724998884715 -0.514120321676436 -0.007022668032560
-0.131965301422404 0.514285373051618 -0.847405283371335 -0.059068754680516
0.000000000000000 0.000000000000000 0.000000000000000 1.000000000000000

T_CW_cov:
0.000000492396499 0.000000061684051 -0.000000004373535 -0.000000176684896 0.000001087308586 -0.000000116488425
0.000000061684051 0.000000253028231 -0.000000020914518 -0.000000751297197 0.000000128704608 -0.000000032711702
-0.000000004373535 -0.000000020914518 0.000000209276031 0.000000097603000 -0.000000042736909 0.000000002240575
-0.000000176684896 -0.000000751297197 0.000000097603000 0.000002859221360 -0.000000368110898 0.000000141865047
0.000001087308586 0.000000128704608 -0.000000042736909 -0.000000368110898 0.000003034431703 -0.000000182106482
-0.000000116488425 -0.000000032711702 0.000000002240575 0.000000141865047 -0.000000182106482 0.000000656090201

target_points_pix:
-2.824357361831075 2.662856976185086 -1.590771835887739 249.763624057377172 48.096284292299003
-2.450959096546251 0.887174984101025 -2.185364504945775 176.650202367412220 180.680475348591017
0.758360925297926 0.467750592604169 -2.451185521122659 432.023832419380199 379.468334252270097
0.452551189003542 1.477154370083086 -0.370993160474207 618.691649422757109 63.129887445387908
-1.169860562919528 -0.091558114088769 -1.370089940519724 113.946599011850822 288.141356567722539
-0.433981154400584 0.360482734040993 -1.227556446982552 289.363741134985844 272.463859005128029
-1.283002091526680 -0.747761295642913 -2.974165121150432 169.393409512475955 400.872103021100315
0.013472752120028 1.996653269589261 -2.299907511588580 420.783816027069179 216.202985735709717
0.071358945903664 2.868895960760703 -0.905108649050095 505.822441879139433 60.224035292284185
-2.509589502277388 1.453728211799895 -1.900572421172508 202.930646914650566 127.934284398589199
-1.378362181910605 0.618348902777373 -2.281219500340824 243.280719163901068 249.567510353399967
0.476025598100615 1.665271949399485 -2.007430023494885 459.588676762583930 241.264467214417323
0.046936176455136 -0.178364119526615 -2.653583288217773 324.608420990719537 414.039398965457508
1.590547062361791 0.522741208091565 -2.299022569101822 535.174053096260195 425.935668307821629
-0.019702490878293 1.917960728927152 -0.737518131556238 482.788127318957208 77.487386038662777
-2.257088156451220 2.708234903726857 -2.063391959977727 295.621096625913879 100.969973876893022
-2.434946475471317 0.763369620477728 -1.995048092810875 155.795568017494560 174.980740134599898
-2.989156152482370 1.092838546008974 -1.123445487097596 67.080854435800291 35.170306208925950
2.124314905889378 2.516536008253327 -1.159942408705877 724.771731380660412 201.192521125482443
2.202767322607175 1.273914592564771 -2.774660020847438 566.608897999826468 373.232070929437668
1.702293184242591 0.603411314944683 -2.438368815603718 537.562176438014831 420.245436045390591
2.283841378883928 1.271035310454307 -2.066588718161386 643.348385068778043 374.717378842167363
-2.731298943532138 2.653059403052232 -1.394243326989672 250.499697528072318 31.283891853765851
1.360514298822771 1.327968339682256 -2.816756300763727 492.691043250052189 331.373752187436423
0.860697852236524 2.438120206036826 -0.860519764356981 600.531007803157763 110.338048560786802
-1.233322978081925 0.802640124894347 -0.683350301899418 182.506654703301393 64.340431924335320
2.840052798843084 2.329374247149249 -2.575874164725013 634.840354667282668 311.526856179139656
-0.211847087088451 -0.016358100223187 -1.587362582759622 291.225756514908028 374.169752934931296
1.959827138418633 2.080762882451776 -1.817207778188205 625.661868270689297 268.733234720672328
-1.229274616003010 0.885870998101303 -2.973981768562813 286.022159364955655 265.079567375884835
1.297774712209653 2.704606822667046 -2.060317409890036 544.430483280962335 210.369396152991669
2.892079814720038 2.137865082943373 -2.531162314746993 645.223776341866824 327.326800930012837
-0.891179682591027 2.981549720298155 -1.487781790121257 400.219026058029726 84.907698464194254
2.726024062390456 2.249586546271820 -1.935271634696742 691.682393251282974 296.018333595133413
-1.574702039722106 0.364789639504317 -2.118673466932528 198.183158301800233 252.369510379219349
0.633624252448053 1.178384204980633 -1.055285210204363 535.228397476908867 231.478589578781651
2.366722528632731 2.870625563219331 -2.137310229465841 627.658041578779603 243.188897342607333
0.258529365432542 0.593447349207453 -0.510877348310836 516.743352026933053 215.590037396449077
-2.595439083965168 0.961530690973988 -1.999310842272557 161.728555624496408 157.299091513154764
1.607551494345595 0.317572627445490 -1.950594834934516 572.156533624477902 471.226997601609071
0.227786255685149 -0.334040330700011 -2.630042452304986 332.953781966188330 447.466363941400687
1.238318070079971 1.309983252536109 -2.067854693572801 524.285043982397497 310.733016147502667
1.371663769460994 0.879266964748105 -1.357498840974314 619.868944965624109 356.411906556376721
0.971922361675591 1.968970143655820 -1.562563872244343 542.086190677423701 215.593860839039507
-1.804895348092697 1.933541740014618 -1.422982174446762 276.346042154427380 87.402093529185834
2.836175536677109 1.994944033462968 -2.455637396822729 649.028487777298551 335.304315727596645
0.757591605268053 0.252389160113320 -1.095195087837854 533.923846766411543 430.320608117346183
0.058839847997918 0.134566375889384 -1.991944323770720 346.594990878741953 374.740607232283651
-2.349568547252482 0.359468555819674 -2.925548872768864 179.776208431987584 255.006759526647556
1.457004382153908 2.311441296474558 -2.865704388874944 511.213546245942211 269.910827314760070
1.678163884393774 1.763579653176779 -1.081503964129788 701.314964187878559 240.352950694833055
1.469737194049639 1.705064391090432 -2.691049952446784 513.176989716573871 304.729137452446651
1.499736267738784 2.255228431018857 -1.704205875398000 587.409256572909158 227.753062464412096
1.137588543317841 -0.006302932290946 -2.636179887272596 447.828248607278056 462.124568131409546
-1.250208973576321 -0.463343223077262 -1.630726133430340 69.835530494611930 358.310117987479714
-1.772576321051908 0.132103252139055 -2.512721845275342 182.364957507688274 280.117175075683690
0.632541919085941 2.620853067715426 -2.393082535195631 477.189462882826774 208.520633043939398
-1.010319458838606 -0.832182229422446 -2.808380135190275 174.000006801935768 430.100889810473006
0.858350921909025 1.981968311704984 -2.417792037315026 481.705982548800534 253.472028782518748
0.330305782107455 0.239441589729663 -2.797858080818814 373.230367160366029 381.489156738014003
-2.807000085204526 2.102898332928304 -1.650994562944460 218.028133790799217 70.586044802583160
-1.005094788592293 1.379687496078377 -1.123734603676930 309.447506227897748 115.754970910909520
-2.946988605128144 -0.055658220898970 -2.329130664628035 57.276173950377029 230.770077694523707
-0.712678656145664 1.983457794499143 -1.061816085565241 383.177289404199200 87.110540111318528
1.919360006235380 2.796073931111244 -1.673944781698095 629.586983110803430 207.301686095516203
2.804953402716851 1.754951062803924 -2.726134825525947 623.405815967830904 357.678279944544727
-2.078695281559237 -1.243938928372355 -2.857024258985406 33.428350732855392 414.793947728269472
0.074660105972357 0.585206712272522 -2.671997124096434 367.935398132480600 333.665155415481024
2.423982481611550 0.756846151188032 -2.044424622084699 675.580974974789115 457.493907650696428
-1.031056898747028 0.168130809075145 -1.923917057900469 221.380923976448685 293.392169224993040
-1.696557365841088 2.250030431273891 -1.430046205317763 304.906925892642107 79.499317997087132
-0.066749120151215 2.889393575750106 -1.813526734269057 451.745561814220878 140.173576612000488
2.884949992613337 1.752862813125280 -1.917286249155953 726.838075465896281 353.244143952094078
1.146827098132877 2.456126826250834 -0.971119918071874 624.506374624513455 136.913215764498830
-0.789699459761356 -0.671283229251809 -1.448263468441791 52.136902056600775 468.426503293757378
1.783630166408887 2.301760828481576 -2.596299818856131 548.471104867535246 273.738383148218759
-1.759318631044138 0.648398231011291 -1.403433141075416 160.906869843460697 161.837557795631994
-0.313930981924064 -0.390284560762582 -2.958886754576828 280.962504921177697 414.988563853998585
1.173056953141853 1.270494847899332 -1.110596024848202 622.125336833838787 266.905326467859595
-2.522210022458577 -0.763523176943374 -2.421485733435911 7.089815485382758 323.746818675456097
0.657047212042162 0.494506880683674 -1.471288555299500 474.962411760454245 360.918904302698934
-1.178935935554503 0.589036201832247 -2.686624603397514 268.102095226120241 277.253268068655530
0.727984727606241 1.990146137895145 -1.362760578457041 530.971669609583614 186.960757422965258
-2.370991121603209 0.787385748788858 -1.787318215078205 148.970953456160117 159.195607944303674
-2.135111532933809 0.371175105044514 -2.854808477241397 191.558369530549982 259.781338000093115
-1.599334292554433 1.437065658575593 -2.349552550339062 279.996032107519454 192.141299575338735
1.577300548123927 0.856335040752280 -2.847365858336513 501.736120480250122 382.911710223477485
-1.602034344355351 1.010826451189645 -2.146107795380581 248.970399897162395 204.745038445061795
0.477353811056686 1.309500861198641 -1.568020660815786 471.747621999509761 246.315430767338370
-0.479153692679909 2.389123245166346 -2.638982861176753 392.168414135852686 196.726581666698280
-1.737626814041382 2.443412014771557 -2.625146756572034 319.249990004372250 158.592105552387238
-1.499447550469543 -0.951295388520147 -2.155887297687875 33.612297633781623 424.649466892109444
0.181582782636632 2.007621064638244 -1.833757988421209 449.088046001625798 195.672817343095033
0.552200535814588 2.096173843931648 -1.337865529537719 514.513706729952673 168.755672798546215
-2.792173882683769 1.824353030110190 -1.322370677642771 183.007488817770565 44.619009691431046

gimbalangles:
-1.025465314603970 -0.132998611910788 -2.037163252516305

end: