T_CW:
0.762532291131727 -0.490596228845406 -0.421734330146438 -0.051418926698361
-0.192442160430786 0.450367768960969 -0.871857148602826 -0.023391091920060
0.617665378558755 0.745978694684899 0.249008568539487 -0.045739187110351
0.000000000000000 0.000000000000000 0.000000000000000 1.000000000000000

T_CW_cov:
0.000000404466003 0.000000130734732 0.000000000625862 -0.000000238795356 0.000000828166750 0.000000005534045
0.000000130734732 0.000000405854216 0.000000006761613 -0.000000983798796 0.000000188741148 0.000000037385892
0.000000000625862 0.000000006761613 0.000000258367697 -0.000000025546017 -0.000000019632725 0.000000000346865
-0.000000238795356 -0.000000983798796 -0.000000025546017 0.000002967052885 -0.000000291580262 -0.000000078025427
0.000000828166750 0.000000188741148 -0.000000019632725 -0.000000291580262 0.000002279205533 -0.000000002199850
0.000000005534045 0.000000037385892 0.000000000346865 -0.000000078025427 -0.000000002199850 0.000000560386227

target_points_pix:
0.174291025719860 2.989376865873170 1.872403303874899 184.578119257487685 209.482199082481230
0.376868269491302 1.547742600806341 2.053135656158933 193.938018899436855 84.373713009875701
2.918590730881187 1.917845963257823 1.861029643800673 404.983082229692229 150.542651006742915
0.452551189003542 1.477154370083086 -0.370993160474207 321.872143946468611 410.409138983306661
0.945662569122669 1.760153269745571 2.974348651753882 240.147171621123618 52.398872584151206
2.559122324685278 -0.044395362467658 0.521955253318731 627.499554776211653 92.690488463410730
1.832454985117484 0.513641425586870 0.105088214289554 545.034893404219702 201.344754817175073
-0.305473239932581 1.155387490003378 0.201703253774236 41.146051709039455 375.144751880222202
0.817973211799167 2.294819345762404 -0.208289187390903 322.142483452433964 357.594817151757752
0.821105526166656 1.242348034614174 2.542574551529467 242.812344302924686 19.559787930572838
0.415793910281768 1.183093881075663 0.650316174466143 261.813507799594674 213.068083465654894
-0.845404378483952 2.695515844627400 1.340110028364365 23.543679608914147 264.737870121776552
1.691270036428666 2.915295802974492 2.094300675971820 304.902540087489285 183.155793705078310
0.834463258621495 0.725016701496996 1.608918387480616 298.267952081431474 23.576833507712422
2.124314905889378 2.516536008253327 -1.159942408705877 445.009587262496325 384.649648337158851
2.638894052185566 0.285906882712748 0.661602872195694 565.290622239906952 118.861088577008999
2.635691040770782 1.158181394465124 0.711031662702086 475.808490079543446 181.580913210576455
1.698565678553845 2.310870581687825 2.057527450817250 318.717644852007879 157.189273412120144
0.860697852236524 2.438120206036826 -0.860519764356981 348.863514046651119 431.549554406409811
2.297416000643904 1.143433707157860 1.111531266204481 440.090107654014560 150.704247080711639
1.863699464516614 0.985157077332460 0.862506798001731 436.792942624820739 158.319776576988090
2.840052798843084 2.329374247149249 -2.575874164725013 552.733153978118025 474.551222300712652
0.683770887933879 1.967835955911635 0.575973293792091 285.453313389434811 267.440652389506283
2.495298790138770 1.920453497665155 1.363056413934268 400.027768107023917 178.347161952806374
1.959827138418633 2.080762882451776 -1.817207778188205 502.231082537189309 466.096311134593520
0.322391346551007 0.657268709577686 0.341131292632411 285.026469280852893 210.742273092240453
2.427303183292759 1.985356552318837 2.741350825150290 353.172807273989974 106.743348757502247
2.892079814720038 2.137865082943373 -2.531162314746993 569.527777793608038 471.110363793579040
-0.308902894081003 2.662518381846243 2.673541930749186 102.843354710558799 129.841126901992169
2.726024062390456 2.249586546271820 -1.935271634696742 523.747996689643287 423.245305997265973
1.113529230923907 2.959043605161732 0.604136990276577 302.010280723983954 285.382543463789602
2.627843514345666 1.894661821860889 1.825579627154451 393.040734961180419 150.591949876087597
2.366722528632731 2.870625563219331 -2.137310229465841 474.922810547721895 453.617411714172590
1.540400416017462 2.087339101036768 1.908610466144914 317.181869917118377 153.641498593712583
2.484171415875626 1.405126900350028 1.626268195947127 413.729594871494669 133.795573678254470
1.848099923092915 1.061536246002513 2.263280864998368 363.690975706070617 54.636752539026759
2.198339080206081 1.367198496929817 -1.080298376555421 540.559022822001452 369.838943367163495
1.016838035575660 1.818756586201003 1.268136344806029 299.860819119191603 185.334755649711582
0.914603583400992 1.019657572042683 1.708715699678023 293.748333989294849 65.125218067518233
2.340608082860999 1.652458833610059 2.318879626214586 371.117622346758367 107.612526024459868
1.782456108783678 1.236880970419606 -0.103160128504141 467.514214279877820 274.328706502442344
2.658851063604756 -0.146619407348651 -0.303708606220830 748.143994115037913 181.941385404641892
0.787167461629051 2.042498320760199 0.201299038701095 310.667131728833056 307.949995132506274
-0.212116741562556 1.789778871300426 0.829726849022180 119.923444530940628 257.301089304013715
0.011489359382638 1.484965435225342 2.719446545046375 109.625318825249337 0.263222615753278
2.836175536677109 1.994944033462968 -2.455637396822729 578.320076427994309 470.891592267543842
1.210306297439354 0.118493307029870 0.622275659202526 516.257208981706185 48.804015948473221
0.992340097043075 0.570965699142008 -0.129279550676452 496.016345552191524 278.705622422548856
2.698445811444329 1.349657302205972 0.712486519507039 465.261567442415696 191.626630631725618
0.896210459174977 2.888775023719487 0.074297014830876 301.622305885610729 333.413546151994751
2.400392718106834 0.199954992395837 -0.159738289424310 648.732930342318241 199.523613353403164
1.678163884393774 1.763579653176779 -1.081503964129788 472.538090373086675 404.700849893388522
2.132636972288164 1.593331695606723 2.384499972466795 358.450396895886342 97.391887070153984
0.361289200112146 1.979437519624452 1.799793479901044 202.005077620304803 150.906535862784750
1.165513450568036 1.359326142866921 2.261728229570661 291.121159923668074 66.885807476900254
1.971116129500769 2.532050017386672 -0.864756201505920 424.083994986174162 366.359561653887340
2.267923129683981 1.616672810512931 1.606601834033495 392.210290632502961 147.067968846841495
0.858796198767202 2.444877819750769 2.142704117515820 247.659812472998112 158.236370638409483
0.424503391425445 1.019182039581089 1.052562204921530 244.157582459594749 129.502242635955298
2.268373919334812 1.515153845840254 1.072050534322178 417.708265536467138 176.985525549191379
2.840746233810969 2.675666402683015 -1.319954729083223 472.619299196211102 367.496209976070190
1.220298668676579 1.949894996526472 2.297852036002098 282.720418836588181 117.213241477362928
-0.532727446652133 1.807864180253997 2.451023797656803 12.180399090802325 49.697780318249812
1.919360006235380 2.796073931111244 -1.673944781698095 439.552329904806868 439.854976459058321
0.061537809105531 1.292800038686337 1.692168027219357 137.920567475835696 76.633071647332599
2.969189811888704 0.830630128229349 -1.471853396751549 662.709054086586775 365.459742596374952
1.957762347262904 1.957047273602196 1.249578817618344 371.517752098818278 189.439053495376044
1.406341574035144 2.614631609635819 2.385762442061608 284.214335880683507 153.627272459178528
0.837490171283028 1.485476491060759 2.158973694053571 255.098798909399079 79.884613280627462
2.533288634141132 0.362440313726649 -0.888672430890166 695.685929462779086 305.447919079986946
2.723080367051685 2.166895230984133 -1.093289000372446 490.761354722479268 351.689995322587208
1.514152954714303 1.355090422704734 1.785681904146204 342.822570103120938 109.472218826589199
2.884949992613337 1.752862813125280 -1.917286249155953 572.918825070339153 416.976276136789352
1.146827098132877 2.456126826250834 -0.971119918071874 378.251527939343703 423.003195038977424
0.076060758835924 1.107030849292172 1.108456836711084 155.142127132337436 128.647728911445085
1.863817084506842 2.713682461887588 0.066728388683226 376.076653211193218 299.671644698158104
2.033098221115875 1.207102527469390 -0.355179649729624 501.649548110489377 292.036289734331774
1.173056953141853 1.270494847899332 -1.110596024848202 498.567290156922411 470.915118988226254
2.946148171883929 2.496889317624800 2.716114530653610 365.449816104919876 136.724718000024296
1.782738854381385 2.990235562690588 2.089848358145721 309.175340765593205 186.077840848345716
0.964104265095303 2.688237357101499 1.169057279954943 279.416940074777074 238.081526151047711
0.766478011014490 2.965391469717980 -0.103314602836315 294.028441822983041 355.656164570246915
0.408300883713200 1.889185112811873 1.733641460218463 210.131452667224664 149.478032272536495
0.806310778729913 0.518444657202965 1.043178533836483 346.474892628471537 51.461812910530824
1.766975285516706 0.969062569477666 -0.552937664872517 531.553799650809083 321.888018811590200
1.448898311056045 0.661748476375488 1.046922016218677 418.606616591605984 101.261099834944872
1.106019546979264 2.483062061216136 0.385456719173439 320.207727105961965 290.638510160032411
2.883356044107945 2.677333679565766 -0.246887715954717 437.073796819004826 295.093129931482906
2.783205628436592 2.731091062502096 0.687561856108538 402.760899239253604 244.024500337688266
1.963175010556395 0.738401544449355 -1.173053211860219 643.010321339518669 401.439667650402384
2.739076689140502 1.445883240616402 -1.480011115263047 575.662899153356079 382.359181411350960
1.814277977984292 2.308189886267098 -0.802269262856072 425.386021261517499 366.830277904542925
2.374666037886028 0.524217403115299 1.652361667884851 462.879268504481217 56.290243334595914
-0.145963956970545 2.650155075455251 1.296000655472000 150.669141470349814 247.203209305635283
1.880982371694132 2.084116329559794 0.589315128723995 384.887513554113411 242.953387780491425
1.056287577067055 0.180198194814150 -0.523910027856285 726.430454156042515 362.849798302488182

gimbalangles:
0.278200535277734 0.435357223923423 -0.999090637408339

end: