T_CW:
0.707106781186548 0.707106781186547 0.000000000000000 0.070710678118655
0.000000000000000 0.000000000000000 -1.000000000000000 -0.000000000000000
-0.707106781186547 0.707106781186548 -0.000000000000000 -0.494974746830583
0.000000000000000 0.000000000000000 0.000000000000000 1.000000000000000

T_CW_cov:
0.000000354594947 0.000000009242048 -0.000000010662726 -0.000000018050277 0.000000667420106 0.000000056424507
0.000000009242048 0.000000351700613 0.000000021367265 -0.000000712049368 0.000000022391722 -0.000000008185870
-0.000000010662726 0.000000021367265 0.000000459490170 -0.000000130644822 -0.000000014520286 -0.000000008242988
-0.000000018050277 -0.000000712049368 -0.000000130644822 0.000001957486421 -0.000000065065381 0.000000105432084
0.000000667420106 0.000000022391722 -0.000000014520286 -0.000000065065381 0.000001782392107 -0.000000058399789
0.000000056424507 -0.000000008185870 -0.000000008242988 0.000000105432084 -0.000000058399789 0.000000730418856

target_points_pix:
-2.894844139882586 0.626952975212953 1.276598131992237 189.466079412844834 84.822704418318750
-2.824357361831075 2.662856976185086 -1.590771835887739 372.174821540126459 353.227941622676383
-1.898908933532043 2.702113433106035 -0.405415216554331 431.280820963753570 275.114399387604465
-1.402199466133277 2.710830475051597 0.396148209289668 475.104485068133783 199.865782268719897
0.071358945903664 2.868895960760703 -0.905108649050095 725.849454846839762 387.163925258902623
-2.509589502277388 1.453728211799895 -1.900572421172508 304.437400909096596 438.777072477739921
-2.380374054855652 2.224103700322538 1.199995224442018 371.796316668663906 134.442778239876901
-0.305473239932581 1.155387490003378 0.201703253774236 677.242728343098065 148.890663932550581
-1.679765835343294 0.449720655470374 0.924644277490595 184.082398505892172 18.318232724341186
-1.413204081926167 1.739064720682327 -0.130330008976248 417.284066585260859 257.745689882831755
-2.963043857422604 1.249868543427633 0.270322065075567 264.214888263981038 213.246120001287807
-2.257088156451220 2.708234903726857 -2.063391959977727 406.534628465031062 405.035767547844102
-0.845404378483952 2.695515844627400 1.340110028364365 541.306288823837122 78.217491165472950
-2.114554369033391 2.536828030619504 1.652743675808383 407.250355403152071 96.498945382266868
-2.989156152482370 1.092838546008974 -1.123445487097596 246.818001589272342 353.189753706597628
-1.974000848471667 0.240791331263337 0.237981035730809 114.510527876887522 185.829739216087830
-2.198719778085213 2.686910366159879 1.224991392497277 409.270222439980785 139.461390098316997
-2.731298943532138 2.653059403052232 -1.394243326989672 376.405541666107865 341.373309134084934
-2.633337585643500 2.526087603565185 -0.471465147788663 374.888785719910061 275.729374550138630
-1.803666274114781 2.921389074211410 0.418560952012865 448.454486297622623 203.997883140203385
-1.233322978081925 0.802640124894347 -0.683350301899418 315.414869369536063 414.525543927116416
-2.410928658285509 1.524072180481012 0.612262317919119 316.452879195112814 174.830478062288364
-0.891179682591027 2.981549720298155 -1.487781790121257 542.258628488257045 399.962594030849004
-0.853723967853528 1.528030534754436 1.009861785902686 486.640039004208802 34.174033167409704
-2.255264626852401 1.604364350462638 1.819463249134218 333.111559924482094 42.600018899340768
-0.719882733921688 0.779123062806577 0.485874919465445 423.485033148348123 31.568223453621471
-2.595439083965168 0.961530690973988 -1.999310842272557 245.425106582105883 478.932141180195799
-1.214682755180987 0.431323625025371 0.052831588855792 200.568619504717958 220.464692349314703
-2.479539810016107 0.063480191175837 0.411066476079776 71.339859768802626 163.276890106781394
-0.212116741562556 1.789778871300426 0.829726849022180 686.955278055377335 21.572664402408122
-1.804895348092697 1.933541740014618 -1.422982174446762 393.482584488735029 399.757014274026972
-1.330024949823912 2.574190105771045 1.125736268335892 476.743717031234723 119.395569670703196
-1.101270699458112 2.960674199173910 0.319783312406470 516.244800505176499 207.031953300244083
-1.227605326131707 2.681976980218303 0.813572596313053 492.414545565261733 152.864020214162053
-2.776403877360917 2.368040246002781 -0.828985851687926 358.501034987358935 303.366297527234792
-1.819651711045487 0.423861646527818 0.762971275614351 172.235510880376637 70.490198076279796
-1.643571119418271 1.720681526156648 -0.238507495212874 391.360291781569060 270.187540661401272
-2.807000085204526 2.102898332928304 -1.650994562944460 340.575588656863829 373.707603278798103
-1.005094788592293 1.379687496078377 -1.123734603676930 443.413586880884111 467.709499906664519
-2.764203371167606 2.837739797398335 0.031222772226168 383.844362465362508 237.388340210871689
-0.712678656145664 1.983457794499143 -1.061816085565241 541.373914914748866 421.514169557828609
-1.847317464594975 1.568052479839529 0.708229112793922 359.314471758863476 150.353413819017533
-0.610004568277795 0.564580902220232 0.034429076172600 403.095852832033643 214.752978149070145
-1.040702596941218 1.851191598981524 0.761257738306126 475.749674214891058 120.771945103819576
-2.157901261647881 2.615855068441164 1.216030115121428 408.408414196526280 137.464703362900082
-1.717883618897727 1.533259218394615 -0.214812038694018 367.259087404087438 268.368166012819927
-2.474755227043269 1.797130439944961 1.532062213070679 336.169146305401227 92.855187972134217
-2.898714295171244 2.409541803822898 2.871769284488597 354.856308930438615 26.410211457716287
-1.696557365841088 2.250030431273891 -1.430046205317763 423.964376505662074 390.230879776282052
-2.945802340361511 -0.140969183485825 0.545998616725857 32.075458671994113 150.839122055909399
-2.763583812736974 2.575899630623996 0.177181015127741 370.710877528828973 226.504274964711584
-2.552648262493129 1.689930588152716 2.429763098690281 323.208650227407588 4.965580592062878
-2.915577286459229 1.801525502847701 0.920206044397381 314.227395859852095 161.213506307089744
-2.255031087818837 2.746933246465083 2.562123245223610 408.559780235861751 35.853673744937623
-1.920808214580888 1.642330667732721 1.690984194835790 360.205087853844191 37.552118814313388
-1.505721367944419 1.488196072446144 0.193568323827183 383.977893574185828 210.703915889252954
-2.719682312836279 2.126955088651576 -0.883629487670981 346.542333178047159 312.455727548651680
-1.423907139449947 1.716354722105354 -0.125139876136535 414.179031350098967 257.107643308518448
-2.845182333049369 1.049399111448471 0.707891814032055 246.893063848224585 163.772244846470301
-1.039066990360902 2.498047758366645 1.622616343361779 508.185092707848355 43.941631297267492
-0.145963956970545 2.650155075455251 1.296000655472000 675.770698846582604 28.083977464779565
-2.792173882683769 1.824353030110190 -1.322370677642771 321.689971307128758 355.055389284738908

gimbalangles:
-1.638165121427363 0.368053378441910 0.175301216997785

end: