T_CW:
0.248781352391612 -0.920520966806065 -0.301245727559128 -0.051618853596425
0.471076631040471 -0.156760826845148 0.868051179858875 -0.010450477598106
-0.846282840656574 -0.357864768924315 0.394636745340555 -0.005718378682612
0.000000000000000 0.000000000000000 0.000000000000000 1.000000000000000

T_CW_cov:
0.000000573262631 -0.000000116579175 -0.000000016064547 0.000000339361541 0.000001342453831 -0.000000021316820
-0.000000116579175 0.000000349102387 -0.000000011354342 -0.000001048475272 -0.000000269131739 -0.000000008192206
-0.000000016064547 -0.000000011354342 0.000000230753972 0.000000070765046 -0.000000085066317 0.000000002416483
0.000000339361541 -0.000001048475272 0.000000070765046 0.000003846949303 0.000000782874331 0.000000113369208
0.000001342453831 -0.000000269131739 -0.000000085066317 0.000000782874331 0.000003839716102 0.000000009168324
-0.000000021316820 -0.000000008192206 0.000000002416483 0.000000113369208 0.000000009168324 0.000000720998439

target_points_pix:
-2.636403943417887 -2.332364509038969 1.613121291927358 437.669220289958275 273.163597488000164
-2.894844139882586 0.626952975212953 1.276598131992237 221.340449545067059 207.218044396075811
-1.784274999354633 0.358989752143200 1.389678325383619 218.842773634463470 277.156449622650939
-0.374508819722617 -2.792472966053825 1.843083658289599 597.280940234211243 459.221868125069591
-0.793781681869014 -1.641417650998413 0.707186212655561 540.807449399800362 316.393890635167566
-2.756072458789342 -1.219495393230536 1.919283386623296 362.030742329735972 277.244912879676235
-2.117320053338740 -2.144778239556308 -1.406029482561590 595.450171709512006 10.607408668293999
-1.759048822907458 -1.615888020375582 -0.800308399887226 547.018776404540858 62.122746969303051
-2.673456675019535 -2.626516569506575 1.270193793128689 461.510861330665080 255.556687834565025
-1.679765835343294 0.449720655470374 0.924644277490595 201.769874840452417 229.173176413063231
-2.963043857422604 1.249868543427633 0.270322065075567 149.143208250916928 86.525610986955684
-2.800292032162577 -2.717799094036851 0.708725477149321 478.277187640667535 220.282415776510049
-2.249377601482980 -2.392342577632054 1.747230801799331 450.058526238909337 297.275830003492615
-0.461163206633531 -1.237434992763998 0.288399072466669 602.923774421799976 295.235813200938708
-0.886320980318775 -2.252044528870325 0.313201569361650 621.870391525596915 268.022132007016637
-2.128984519802631 -2.006397730996573 0.090773271844217 492.741620265213669 180.753043519878929
-1.500622496762984 -2.775612682301848 -1.246983967959819 718.566494775320507 52.602454968088580
-2.393341522250106 -2.814569004139154 2.156870334324788 455.988811749070408 312.883822152016705
-1.974000848471667 0.240791331263337 0.237981035730809 254.384315139327100 128.001309671815989
-1.941630898137938 -1.117064766151136 2.706488415483634 350.225741263347800 364.138759506056090
-2.592708470432378 -2.649318893019637 -0.851042690634956 547.868960632471953 105.257325021613099
-1.805553117322314 -2.343190618164351 2.235872928386049 448.560421615547284 347.490852563306930
-1.471500719061330 1.094730027126477 1.722510921937721 67.436313685536390 337.728310867260348
-2.774150966978171 -2.040244489095533 -0.175702412079464 471.071124160073907 146.940538695280111
-1.628109365896271 -0.330304979444732 1.007836113164901 316.839797132738852 258.682071121602689
-2.410928658285509 1.524072180481012 0.612262317919119 62.433594335725616 120.282098309703713
-1.964605240322167 -2.002986343418303 -1.324291796429495 597.713386536199323 8.101542532044760
-1.955709274983680 -0.185206896822774 1.135840332582000 295.940800448744426 248.873356219155397
-0.940235149372314 -1.200528897008388 2.439258870325218 384.676650296850767 444.854886591674756
-1.587322028688587 -2.644207986075857 1.292672915320934 513.623700607438764 306.950523906819058
-1.840086147600242 0.680228501872818 2.741700205366840 176.787740836877276 380.839393160280679
-0.115087828265375 -1.621602364932578 0.699433673458384 681.884910549434153 442.821962239472100
-0.359916190317959 -1.993605606062929 1.433919339499767 568.693753865522353 450.633862895322864
-2.255264626852401 1.604364350462638 1.819463249134218 63.593035191372906 269.704097025608803
-0.466355308972108 -0.896711500698693 0.878429674387935 465.291270589997907 393.623680690091874
-0.950569983694684 -1.106831599491194 -0.218693385412917 549.097177706267644 136.022456827488583
-1.236474659704397 -0.830785729170653 2.230815506240015 346.226102730812954 400.249858670528738
-1.214682755180987 0.431323625025371 0.052831588855792 166.612175907024749 75.080514873441047
-1.831052306790053 -0.188945198352711 1.564405063598759 287.982661027631764 295.407217773997331
-2.479539810016107 0.063480191175837 0.411066476079776 283.100492913059384 149.457293786180600
-1.417893060359139 0.561668205419461 2.396355813765268 170.295005949512358 403.444120348310207
-2.626187839327878 -0.784981490205779 2.754168447227376 320.490037563419492 325.003432314756708
-1.926239666853437 -0.533335699225639 0.490041307374430 352.704277846637808 190.335103617820153
-2.378714710387544 0.356910764592629 2.568394823819310 229.349531705311620 326.720601615162025
-1.060648147433165 -2.188510001145658 0.350403630248076 587.824113943898737 257.859076378474128
-2.879837611066490 -2.479788945339600 0.613971642821233 465.589543851820395 209.317927587746340
-2.405530186309526 0.970826069224190 2.428103425594758 166.905892439314925 313.925001640942810
-1.209909797484534 -2.563904803847953 2.815581246720556 467.310475447731278 419.411102276727433
-1.758650262354513 -2.094758788426888 0.162999915595146 521.673680716447961 200.701202451686214
-2.463741830511737 -2.742737599633919 0.021869657707573 521.340381297071986 182.665930933435106
-2.326818397556014 1.793768432294453 2.559134051889133 58.601544378480014 326.056230699760704
-0.681004562349794 -1.956240429477597 2.261788146036750 475.724210275297764 456.330190299379751
-2.009814778619000 -2.342507873330543 -0.246987044123800 541.997282829741835 159.698624728829088
-1.819651711045487 0.423861646527818 0.762971275614351 213.765288987307656 200.522350350559407
-1.725010526060548 1.379961557513223 1.728749526176968 40.750161234212271 307.487974837217280
-0.746155816902931 -2.734851377467177 1.864129576325877 552.918077520248971 413.715006069654294
-2.271497481476198 -1.575480529171234 -0.370820220879510 473.231027354251353 119.839425354899745
-2.016839952752334 -0.793037966466019 1.464671513975834 350.312533666078764 280.636260411132525
-1.319972876987399 -0.445411568997927 0.629395593086583 349.872475979006083 237.005568651452961
-2.918840758978614 -1.381001221954439 1.083957041944150 387.204486394674177 223.280660808423136
-1.416100838720206 -2.167485334628920 0.483216133616751 537.236450935546372 248.718195101109870
-1.556350529336756 -2.325977289144970 0.023755922121903 565.697707007081590 199.311571248264642
-2.160587929070460 -0.886840057529803 2.034952546012701 343.577980694588234 311.654170712061614
-1.023196965438885 -0.653288877085203 1.394130223976590 356.926123074573752 360.212433992968045
-1.855336498531666 -2.237003695717938 -1.384817593866376 636.394564408119777 8.688077164557910
-2.474755227043269 1.797130439944961 1.532062213070679 46.939752564453954 224.458800284275469
-2.898714295171244 2.409541803822898 2.871769284488597 32.214388422102957 305.330975317720913
-2.161075681935003 -2.546796773237552 -1.581862751178117 631.053365950501757 10.072691535673556
-2.674875243981055 -2.493223614391089 2.637683235373650 420.490457896442024 320.933543356605924
-0.478434186750731 -2.093550077009114 0.337280236615828 687.625297887238048 312.256151457058650
-2.945802340361511 -0.140969183485825 0.545998616725857 303.316709306009670 160.318885854947183
-1.301598020435731 -0.477598335284593 1.929470689273046 313.623665533244662 373.863269863420669
-2.080998288541923 -2.300722040213718 -1.121136592764370 588.838264153097157 58.047216507528105
-0.576605559813063 -2.977722037134996 0.726909826088295 682.039244026588335 347.097592039522169
-1.476953341479463 0.801881429363502 2.241642260267484 134.649735686866961 385.844277546288595
-1.249689330409936 -1.217623436223179 0.920169251878598 438.158505064724125 290.596595663594485
-1.118069105508273 -2.377573793499396 1.967446422962650 494.543745819524588 384.944561057498561
-0.881020117602829 -1.105681435850690 1.475228597087851 417.888724768700285 384.372870493178539
-1.652234327487542 -1.166549869125559 1.514010499456546 390.861868184635000 310.727886712193310
-2.552648262493129 1.689930588152716 2.429763098690281 88.529435870098609 300.431912274962485
-2.915577286459229 1.801525502847701 0.920206044397381 74.355540576558724 143.322651828440996
-0.873138988358957 -0.781452409495700 2.093701557856058 351.581683151832408 439.224425034844330
-2.352497863176354 -0.419090101970517 -0.676335805967986 369.151743871118299 27.243061854288158
-1.640450080504410 -1.043767729106053 1.867006338383324 369.329728232818468 336.690734766967125
-1.920808214580888 1.642330667732721 1.690984194835790 12.265345498268971 281.567386405013735
-1.796204727683419 -1.039718736694517 -0.081401968752361 438.296696655462767 139.881322606856656
-2.573057709165699 -2.343835408398033 1.388591167805596 446.476463187584841 263.371007459231009
-2.432360816910140 -2.813992034274774 -0.851971447985204 569.785712245568448 110.382238443730103
-0.623494181581364 -2.330474922091730 2.540597364417167 495.588800240180547 471.995519206211327
-2.579420744306482 -2.558601798734101 0.537724911964138 485.047290230642204 213.390828305952624
-2.258388008239526 -1.957938364818705 0.267446429815599 474.132283221675777 191.828220660348904
-1.187320759216839 -1.952091227898764 0.602317152338420 533.805980753900712 271.944804329733984
-1.511024147274940 -1.314068298212891 1.452205263423995 411.265600540139189 317.285097711593153
-0.907567565523452 -0.514179279084973 2.053742821691218 317.078507509973008 435.799099101188403
-2.845182333049369 1.049399111448471 0.707891814032055 171.936764832611971 145.087332856154688
-0.726818356871922 -2.503562802336062 0.711441944568031 626.862399955348451 328.561562859540970

gimbalangles:
2.714900213760840 0.305998799956463 -0.263955525173329

end: