T_CW:
0.881216389647805 -0.248695913659528 0.402004996418130 -0.043449074240448
-0.133858380736902 -0.946893511032983 -0.292360415703161 -0.002744320145238
0.453364763212342 0.203821052133196 -0.867708113471768 -0.064238360850775
0.000000000000000 0.000000000000000 0.000000000000000 1.000000000000000

T_CW_cov:
0.000000291945366 0.000000013932540 -0.000000007950769 -0.000000033760703 0.000000599793652 -0.000000042531646
0.000000013932540 0.000000367975759 -0.000000000640626 -0.000000852813993 0.000000019651935 -0.000000043678464
-0.000000007950769 -0.000000000640626 0.000000287522663 -0.000000003036177 -0.000000094187655 0.000000001496454
-0.000000033760703 -0.000000852813993 -0.000000003036177 0.000002549363360 -0.000000051277343 0.000000263867823
0.000000599793652 0.000000019651935 -0.000000094187655 -0.000000051277343 0.000001786727042 -0.000000102442935
-0.000000042531646 -0.000000043678464 0.000000001496454 0.000000263867823 -0.000000102442935 0.000000669633738

target_points_pix:
1.490440901540471 -0.857602812689420 -2.635735428124574 412.902144123716084 362.144235577469658
0.758360925297926 0.467750592604169 -2.451185521122659 329.179114843590526 255.949764089120436
1.630490920782114 -0.468318413325145 -1.911111729057764 455.430414392821035 323.997933553282678
-0.433981154400584 0.360482734040993 -1.227556446982552 97.214578529271421 259.656414221519981
-1.283002091526680 -0.747761295642913 -2.974165121150432 78.959773795703143 476.570807435839015
1.508579863193963 -1.191999651563556 -1.727860328718711 489.737122634542800 423.821633123519405
0.013472752120028 1.996653269589261 -2.299907511588580 225.415652208212975 113.422694366149472
1.539099762354163 -1.542457739152680 -2.417574258766913 447.789889418061421 435.566163094593662
2.663807655548946 -1.133815369660820 -2.994870775135947 470.481604179247768 349.088430830751008
0.476025598100615 1.665271949399485 -2.007430023494885 283.739197863300092 125.136543969012450
0.046936176455136 -0.178364119526615 -2.653583288217773 263.828604340184881 341.358112635331224
1.590547062361791 0.522741208091565 -2.299022569101822 401.933817352227777 236.192001877763630
0.898070854459469 -0.213009031596738 -0.346498830636345 641.916955347257044 312.123358499007622
2.245708819273801 -0.269019817269763 -1.294158407152367 552.570870706966730 279.009425713150165
2.124314905889378 2.516536008253327 -1.159942408705877 448.931117312277024 6.443710397032532
2.202767322607175 1.273914592564771 -2.774660020847438 406.536604918432090 193.052265938841145
1.702293184242591 0.603411314944683 -2.438368815603718 402.071252807802239 232.253188336077187
2.283841378883928 1.271035310454307 -2.066588718161386 441.057404199332382 166.946069878857543
1.843607119811643 -0.361478989869854 -0.532918628339249 678.949996845720761 291.377891563412732
2.751105929663120 -2.169487222688916 -1.967321396887911 585.691438054984701 462.712142789657378
1.360514298822771 1.327968339682256 -2.816756300763727 352.545300539256800 193.760998363494707
2.840052798843084 2.329374247149249 -2.575874164725013 427.208274958024845 126.697723160940981
-0.211847087088451 -0.016358100223187 -1.587362582759622 203.074621912031461 340.235066394234707
1.959827138418633 2.080762882451776 -1.817207778188205 412.571863175306305 93.682185441495506
-0.182378049409345 -0.863540020795303 -2.584414038416929 245.711777149224218 440.524775397531585
-1.229274616003010 0.885870998101303 -2.973981768562813 87.859640820783000 261.322677389969158
1.297774712209653 2.704606822667046 -2.060317409890036 341.431842782191552 59.205589967162467
2.892079814720038 2.137865082943373 -2.531162314746993 434.883525162878016 135.176983939158504
2.644277632137510 -1.954902864395131 -2.243560645539706 543.952403950974599 433.418678871071563
2.180079447915864 -1.043937795950901 -1.902970614474200 515.767455434691897 367.562244712437916
2.726024062390456 2.249586546271820 -1.935271634696742 449.923611251069190 98.371571992750546
2.449747984073098 -1.551243759956139 -2.365769249372333 509.992269110405402 398.594827706275851
1.452166304201032 -0.539996562458149 -1.663088537894960 463.379660869471991 340.022181409436826
0.633624252448053 1.178384204980633 -1.055285210204363 339.783705544690577 82.606820555460445
2.366722528632731 2.870625563219331 -2.137310229465841 408.178324208139941 70.333890396852297
2.917028304662279 -1.152586189496194 -2.533210105366660 510.078465327851688 347.590535875085948
0.258529365432542 0.593447349207453 -0.510877348310836 309.217433964213740 63.260308872620470
2.854132838740622 -2.261639550812403 -2.415972557993723 549.424490172355718 447.491910445370536
2.242574182266596 -1.717313196300812 -2.867034342378257 469.773052923337787 408.735246361626878
2.323577638081192 -0.690249941749447 -1.179912750217281 595.073880142107328 328.025715242432170
2.198339080206081 1.367198496929817 -1.080298376555421 501.306021392132550 95.946962950708354
1.607551494345595 0.317572627445490 -1.950594834934516 426.216906845060862 244.724238235774777
0.227786255685149 -0.334040330700011 -2.630042452304986 287.584528754070789 352.496883738420024
0.711227918702385 -0.694323109158741 -2.172508374976872 361.098835557152540 383.909915442641704
1.150489293106945 -0.662736552373609 -2.040388036416765 411.682310815751748 362.920883835535506
1.238318070079971 1.309983252536109 -2.067854693572801 364.949518104985827 163.527127530518840
1.371663769460994 0.879266964748105 -1.357498840974314 425.921138144487657 160.992523853538756
0.971922361675591 1.968970143655820 -1.562563872244343 340.728455043768406 64.942964709932170
1.964860471576421 -1.517201261240589 -1.676592491004718 545.918755845342275 443.280102553944971
2.836175536677109 1.994944033462968 -2.455637396822729 437.857130201972211 139.612616910519648
0.757591605268053 0.252389160113320 -1.095195087837854 398.149195768322045 235.234094026200978
0.058839847997918 0.134566375889384 -1.991944323770720 259.038595819226259 302.109510663569154
2.481967150920621 -1.000302633967113 -0.646211942643163 739.090218206341433 376.228958217593117
1.457004382153908 2.311441296474558 -2.865704388874944 342.181739779604698 134.176285758933204
2.754496364365862 -1.408822519692525 -2.862230873769972 488.566911619230950 368.286316485422617
1.678163884393774 1.763579653176779 -1.081503964129788 443.435728504414442 47.829249199688263
1.469737194049639 1.705064391090432 -2.691049952446784 356.567782162215906 163.926930691099813
1.499736267738784 2.255228431018857 -1.704205875398000 378.329107953243749 65.258307056492612
2.901037703456327 -2.076152362372328 -2.976452415458163 505.257036413972173 412.960648579540930
2.469019821030406 -0.821829290121308 -1.767149752680179 537.751408821671703 335.632184312493450
1.137588543317841 -0.006302932290946 -2.636179887272596 366.519959397144021 294.489146326804587
1.510897039637619 -1.361531329503495 -2.968742088781331 411.168053882955064 401.308101299908230
0.632541919085941 2.620853067715426 -2.393082535195631 281.389123744089829 79.977826492725598
2.087030796378828 0.350749088667996 -2.244376936628558 442.498957037594437 243.063270583532415
2.840746233810969 2.675666402683015 -1.319954729083223 480.166337112734254 29.544713131310573
0.858350921909025 1.981968311704984 -2.417792037315026 310.946518933885613 129.408641881492201
0.330305782107455 0.239441589729663 -2.797858080818814 286.856694140246873 290.950418295592669
0.995511872710040 -0.690088500138888 -2.266397024430593 385.591681788480287 368.536231138198332
0.790225330020615 -0.049826709174231 -0.249592551683288 648.331112649267652 245.187314115666425
1.919360006235380 2.796073931111244 -1.673944781698095 399.193340546172919 32.804317293154696
2.804953402716851 1.754951062803924 -2.726134825525947 430.413016314349818 163.084153099199511
2.969189811888704 0.830630128229349 -1.471853396751549 532.615098030309582 172.512574174115798
1.470680618967437 -0.480601360141050 -2.063746431437915 432.439643090534958 330.065299880172745
0.074660105972357 0.585206712272522 -2.671997124096434 254.987802625355016 261.099011167529738
2.423982481611550 0.756846151188032 -2.044424622084699 463.647199772598185 203.147132692589253
2.533288634141132 0.362440313726649 -0.888672430890166 593.613538515556570 186.257666425204150
-1.031056898747028 0.168130809075145 -1.923917057900469 10.567713415785136 350.707623883842530
2.723080367051685 2.166895230984133 -1.093289000372446 505.419201918132444 41.264625926597489
2.884949992613337 1.752862813125280 -1.917286249155953 471.011359697690352 129.314649369624050
1.783630166408887 2.301760828481576 -2.596299818856131 369.152397194524212 123.604465154819749
1.704040395111110 -1.884924992965188 -2.430965651079124 469.671486981629414 464.654262048486828
-0.313930981924064 -0.390284560762582 -2.958886754576828 225.529283548352652 374.623644074196022
2.033098221115875 1.207102527469390 -0.355179649729624 598.890072000611326 14.436924083512366
1.173056953141853 1.270494847899332 -1.110596024848202 407.884616666904833 91.018542103587350
0.657047212042162 0.494506880683674 -1.471288555299500 348.425306187953595 220.231732177397163
-1.178935935554503 0.589036201832247 -2.686624603397514 73.839510228803249 289.541324899642575
0.727984727606241 1.990146137895145 -1.362760578457041 317.264013367668724 32.625609784850013
1.577300548123927 0.856335040752280 -2.847365858336513 374.465411710551905 225.457594320486578
1.766975285516706 0.969062569477666 -0.552937664872517 554.925309707225551 69.354729920609913
2.331183949755215 -0.953927119794023 -2.888931109551167 454.809200102189720 344.443210669623113
0.477353811056686 1.309500861198641 -1.568020660815786 296.618364810474930 124.296734502416413
-0.479153692679909 2.389123245166346 -2.638982861176753 169.727786880279069 101.029251160151460
1.963175010556395 0.738401544449355 -1.173053211860219 500.366757303747988 164.155717965469904
2.739076689140502 1.445883240616402 -1.480011115263047 499.501958391755522 124.991797926232138
1.113750469880303 -0.317542586872190 -1.406408964173092 443.704290453302235 324.418420825155692
2.918121566853679 -0.369866249891826 -2.948502755755053 468.020233399517906 292.498917729547088
0.181582782636632 2.007621064638244 -1.833757988421209 241.087706399316488 72.775817035210963
2.785729132151983 0.266710427882586 -2.912655439599869 450.402029353296484 253.857265954644646
1.056287577067055 0.180198194814150 -0.523910027856285 543.988205842370462 196.426635733119809
0.552200535814588 2.096173843931648 -1.337865529537719 291.311400623430757 11.860638120721831
0.633140661551747 -0.721301591593278 -1.785322567574259 371.733663030801551 405.896149220207121

gimbalangles:
-1.245808628470207 -0.413705523587138 -1.295731232857080

end: