T_CW:
-0.125836153279747 -0.895802299766360 0.426266937799609 -0.042875253312679
0.929591329105671 -0.256528321876943 -0.264675614529468 -0.040169115745899
0.346446566412929 0.362948288063602 0.865010587688031 -0.003680852215056
0.000000000000000 0.000000000000000 0.000000000000000 1.000000000000000

T_CW_cov:
0.000000438035798 0.000000026860062 -0.000000046566962 -0.000000053075027 0.000000893308834 -0.000000036203766
0.000000026860062 0.000000275474261 -0.000000017411652 -0.000000670173159 0.000000052940668 0.000000104542268
-0.000000046566962 -0.000000017411652 0.000000249506906 0.000000085708572 -0.000000133805326 -0.000000000658693
-0.000000053075027 -0.000000670173159 0.000000085708572 0.000002161588655 -0.000000102403734 -0.000000181803350
0.000000893308834 0.000000052940668 -0.000000133805326 -0.000000102403734 0.000002349396337 -0.000000006487463
-0.000000036203766 0.000000104542268 -0.000000000658693 -0.000000181803350 -0.000000006487463 0.000000636576311

target_points_pix:
1.521380111929226 -2.200871022236925 2.504114173268010 734.064765433543471 402.785816476309833
0.174291025719860 2.989376865873170 1.872403303874899 204.959699411756532 139.663524056826361
0.410113173644941 0.536274192399978 2.211690102196433 414.895949341277174 198.446739067412665
0.376868269491302 1.547742600806341 2.053135656158933 316.245640415661683 177.713793331775179
2.918590730881187 1.917845963257823 1.861029643800673 277.841670202012892 362.813330149681235
1.146321621720232 -1.729544609839301 1.933211205151467 743.008430370595079 400.607381806925900
0.912158489264184 0.142680861227956 1.207983140341669 414.667825005204861 317.057580830422467
0.046269919670005 -0.857852777220630 1.621705320978712 684.474160127168716 194.357830546383695
0.945662569122669 1.760153269745571 2.974348651753882 343.078647860612762 212.213786293608280
-0.191032256193631 1.231152443164277 2.297274306901333 360.708294365324093 122.774766128395626
1.906356670365998 -1.872075609508802 2.833616551523114 634.447230434924677 385.200100230905150
0.821105526166656 1.242348034614174 2.542574551529467 360.818040804075565 217.408357322777107
0.415793910281768 1.183093881075663 0.650316174466143 187.779042716202838 211.954299821744257
2.017628304605564 -1.308391070018593 2.485454371403504 572.696722447783600 393.967539194355709
1.691270036428666 2.915295802974492 2.094300675971820 236.937079851165095 255.671980206563546
-0.180119838378372 -0.547998574933346 1.311464993215246 661.729727664883512 124.361045482946452
0.291199084492292 0.453431892380420 1.909458418030879 416.770970505435685 190.122004736120061
0.425639955333826 -1.694721804660521 2.857543598629928 694.437227991541363 243.668508390909153
0.834463258621495 0.725016701496996 1.608918387480616 361.380170552940797 254.988118175918316
0.304249663992359 -0.729757268759560 1.238264087314165 668.401294519668909 266.770545007372277
-0.214657564098442 -0.504635799099989 1.954909472616277 590.028499626461098 133.390607768889254
2.635691040770782 1.158181394465124 0.711031662702086 237.371601455731621 478.917941651574324
1.698565678553845 2.310870581687825 2.057527450817250 265.826887562766160 269.876286163051418
2.297416000643904 1.143433707157860 1.111531266204481 276.868367979576931 407.739764347690254
-0.843715431402718 1.552617475551560 2.504156727760964 349.432074119388972 52.174705826228859
1.863699464516614 0.985157077332460 0.862506798001731 265.513452593812872 407.398074302775854
0.683770887933879 1.967835955911635 0.575973293792091 99.867329958259972 229.228715893163155
2.495298790138770 1.920453497665155 1.363056413934268 243.060531245531990 365.587034704281905
-0.440343914850063 0.783036985018339 1.977536569991633 395.547191344835483 85.154177640815448
0.322391346551007 0.657268709577686 0.341131292632411 176.703674852435853 239.802932333258383
0.380298172856866 -1.298743151086943 2.104596717599694 697.802471581490636 254.218028729858332
2.427303183292759 1.985356552318837 2.741350825150290 316.294887250185525 299.976347250471804
1.152378882989988 -2.162866322483199 2.973607017601903 709.605042881179770 328.087128164788510
-0.308902894081003 2.662518381846243 2.673541930749186 279.900427377693745 108.420447509916897
1.113529230923907 2.959043605161732 0.604136990276577 60.378286042537809 248.854400703688242
0.358118174141076 0.741091728677766 2.917116117947550 416.108217335872382 183.976098272641451
0.000197430235167 0.425602185379799 2.645721047261987 445.044956609310077 155.348876273738256
2.627843514345666 1.894661821860889 1.825579627154451 276.768525951227275 348.812714106006581
1.351811419852067 0.783096493381664 2.751030019425284 395.242481613847303 261.789117929609858
0.079904736471226 -1.404300557266472 2.579670587336606 694.580744935462121 199.607666341559764
1.187100558706069 -0.861906893643477 2.017600602608255 564.550545421133847 338.210885576588282
1.540400416017462 2.087339101036768 1.908610466144914 268.860445247359564 268.469154142911520
2.286322568150939 -1.140786610292051 2.454387992603414 543.556704707807739 406.934994038580669
2.484171415875626 1.405126900350028 1.626268195947127 294.974100052770552 368.466174953733571
1.848099923092915 1.061536246002513 2.263280864998368 354.047462404122200 305.029266376437022
2.464899791767131 0.133651585808758 2.786025348731038 427.534249622869538 347.716887554776463
1.016838035575660 1.818756586201003 1.268136344806029 230.610087208134729 251.382702095529169
0.914603583400992 1.019657572042683 1.708715699678023 336.897459596894294 250.333669567091761
2.340608082860999 1.652458833610059 2.318879626214586 316.515706901918179 317.380313666526888
-0.212116741562556 1.789778871300426 0.829726849022180 137.985788753022376 67.828428596417638
0.011489359382638 1.484965435225342 2.719446545046375 357.269740656846864 145.033808350723007
2.378072002715271 -0.083796598433502 2.076769508457201 433.096568612745500 393.155315495730179
-1.046365628292480 2.856196618331841 2.451340543139825 251.800548256482102 32.066955697663332
1.210306297439354 0.118493307029870 0.622275659202526 366.531733412068661 455.450762368457276
2.698445811444329 1.349657302205972 0.712486519507039 222.406338503381249 469.099953331606230
2.132636972288164 1.593331695606723 2.384499972466795 323.549327759627715 304.219554043068229
0.578178692579423 0.767445955150868 2.091912091973885 384.661649462274966 212.757396775596646
0.361289200112146 1.979437519624452 1.799793479901044 264.849933748453736 170.092413033565663
1.165513450568036 1.359326142866921 2.261728229570661 337.674828744784293 247.710245201852103
2.267923129683981 1.616672810512931 1.606601834033495 279.568540896482205 347.247001993544018
1.533974010759609 -0.008808417963443 1.004257086734485 410.012994580271254 434.386718781836066
-0.612568001743769 0.421948739754678 1.690722919949404 440.411777924475984 38.204534509277778
-0.790934143675526 1.685879459816040 2.406057881537154 332.431686752928726 54.852251464599988
0.858796198767202 2.444877819750769 2.142704117515820 261.493524942873023 204.806427565064411
0.424503391425445 1.019182039581089 1.052562204921530 280.048902962936268 208.039685112520601
0.583602969381916 -0.454800371988159 2.643037342913001 523.103113983999947 231.169952855664434
2.268373919334812 1.515153845840254 1.072050534322178 243.763850950773559 389.009816300093973
2.144900729808161 0.032223101409752 2.542387948717812 436.118053044741885 343.888943095975151
1.220298668676579 1.949894996526472 2.297852036002098 300.446203222634438 238.465902930627635
0.881526355925920 -0.954421506133186 1.746665705280744 613.766976438237748 332.245784593477367
1.296143323221548 -0.213775963869605 0.868237605375611 452.161004273279048 453.531700417382694
-0.532727446652133 1.807864180253997 2.451023797656803 323.832603819048074 85.567350386289718
0.886769126975743 -0.126963633753276 2.413053404855960 477.181733476060572 257.933647340357993
0.061537809105531 1.292800038686337 1.692168027219357 314.847430598803101 145.023676685286858
0.386353897180372 0.600404873706901 2.477720398410876 416.719813846394516 191.916215266298252
1.957762347262904 1.957047273602196 1.249578817618344 227.197926547447082 332.454274946676719
1.747875670791832 0.746494880401744 2.711592061931588 392.140623396966532 290.328084232281299
1.406341574035144 2.614631609635819 2.385762442061608 268.396596168456028 237.143924932651828
0.837490171283028 1.485476491060759 2.158973694053571 325.110746301099482 220.335714477962739
1.514152954714303 1.355090422704734 1.785681904146204 310.390987070700248 291.312193236580356
-0.069779878869687 0.333010611880953 2.165252128368183 447.936736448420902 145.631084918002102
-0.825888478669362 1.955149920554193 2.940413836798625 339.616167345878466 69.168101569799973
1.327086720540587 -0.523499556777523 1.344670779553617 516.123897278290997 404.032879344076321
0.076060758835924 1.107030849292172 1.108456836711084 275.334619862476302 143.955602527806036
-1.249017059294648 1.809779148238554 2.982405696357302 354.932219970319068 27.535428402710153
2.946148171883929 2.496889317624800 2.716114530653610 290.794465979400684 315.370843215312846
0.590748596256939 -0.301206405545826 2.897612535064620 504.471466417041256 222.747765788535162
1.782738854381385 2.990235562690588 2.089848358145721 233.553707728049602 260.038801226161013
0.964104265095303 2.688237357101499 1.169057279954943 158.809706154164161 224.643918412234967
-0.873138988358957 -0.781452409495700 2.093701557856058 703.934263893427442 0.822518200225886
-0.270537863900404 1.469760709370638 2.796774196941943 363.992631124549575 120.219658858409502
0.408300883713200 1.889185112811873 1.733641460218463 266.212497930143286 176.671896530614674
0.806310778729913 0.518444657202965 1.043178533836483 346.232352840847796 292.725480199093340
1.448898311056045 0.661748476375488 1.046922016218677 320.596002959279474 366.064330799380286
-0.320008211904443 0.977308006341261 1.139783735220228 297.909137625639119 63.996560832420471
1.106019546979264 2.483062061216136 0.385456719173439 39.327959779055504 276.874335547934834
2.783205628436592 2.731091062502096 0.687561856108538 133.418796023311131 397.655986374356189
0.703433218020132 -0.065462272701852 0.493051350627481 426.992088276111645 427.724432297490068
1.694751596750863 -1.670943292273279 1.944194647767804 677.031051420653284 450.894791023977689
0.587587992034352 -1.941097990729944 2.773384363749689 733.311081237775170 274.032423125271180
1.319246838424638 -0.536685656131526 1.133580889613922 522.665604976346003 439.406617077092733
2.374666037886028 0.524217403115299 1.652361667884851 364.675271014612804 397.810198583339456
-0.145963956970545 2.650155075455251 1.296000655472000 155.187288904800056 96.652888912921753
1.880982371694132 2.084116329559794 0.589315128723995 135.799508638623507 368.166057929007252

gimbalangles:
1.273862707012657 -0.440361978495498 0.139559946625855

end: