T_CW:
0.868258489788197 0.405031268833734 -0.286490603995411 -0.051607397588881
-0.414850722785271 0.276051242224209 -0.867003223449030 -0.030182769407826
-0.272077328558001 0.871633743572039 0.407711349304057 -0.041693510581896
0.000000000000000 0.000000000000000 0.000000000000000 1.000000000000000

T_CW_cov:
0.000000396774995 0.000000003671661 0.000000001595004 -0.000000053437180 0.000000805367713 0.000000050036063
0.000000003671661 0.000000268675665 0.000000000583827 -0.000000667509994 0.000000033641476 -0.000000023026101
0.000000001595004 0.000000000583827 0.000000239679577 -0.000000028694366 0.000000031412051 0.000000002912564
-0.000000053437180 -0.000000667509994 -0.000000028694366 0.000002193450286 -0.000000174108550 -0.000000015762338
0.000000805367713 0.000000033641476 0.000000031412051 -0.000000174108550 0.000002160173748 0.000000078804980
0.000000050036063 -0.000000023026101 0.000000002912564 -0.000000015762338 0.000000078804980 0.000000553330603

target_points_pix:
-2.894844139882586 0.626952975212953 1.276598131992237 18.149297508066809 271.186338071556975
-1.784274999354633 0.358989752143200 1.389678325383619 36.493357078532711 167.235857277125490
0.174291025719860 2.989376865873170 1.872403303874899 432.363709507027693 173.152776037461877
-1.898908933532043 2.702113433106035 -0.405415216554331 330.831817123144674 407.923994876879874
0.376868269491302 1.547742600806341 2.053135656158933 412.509628589122599 57.232612874580582
0.452551189003542 1.477154370083086 -0.370993160474207 635.681029797259498 366.914987442620770
-1.402199466133277 2.710830475051597 0.396148209289668 351.249055819400667 320.328581624573701
0.071358945903664 2.868895960760703 -0.905108649050095 542.519409636264754 416.764024202550161
-2.380374054855652 2.224103700322538 1.199995224442018 250.807170483773518 281.890618782226909
-0.305473239932581 1.155387490003378 0.201703253774236 395.248527613105182 291.034034838297089
-1.679765835343294 0.449720655470374 0.924644277490595 49.989379540206016 237.350296159883072
-0.191032256193631 1.231152443164277 2.297274306901333 330.146687164148716 47.656366929075205
0.817973211799167 2.294819345762404 -0.208289187390903 616.659164832998727 304.689429140736650
-1.413204081926167 1.739064720682327 -0.130330008976248 303.356349007667404 393.507295563099376
-2.963043857422604 1.249868543427633 0.270322065075567 104.925695998886681 400.844076343937502
0.415793910281768 1.183093881075663 0.650316174466143 502.891777707114215 146.361997751642207
-0.019702490878293 1.917960728927152 -0.737518131556238 541.886715272381593 447.390183110673206
-0.845404378483952 2.695515844627400 1.340110028364365 369.181086665705834 231.940991653439426
1.691270036428666 2.915295802974492 2.094300675971820 542.285881731051973 93.867792402418075
-2.114554369033391 2.536828030619504 1.652743675808383 280.932954165315834 247.660748728461073
-2.198719778085213 2.686910366159879 1.224991392497277 288.206684514248593 279.541869979611704
-2.633337585643500 2.526087603565185 -0.471465147788663 268.980470538367683 434.936534391519785
-1.803666274114781 2.921389074211410 0.418560952012865 332.936517396765282 328.306549824724584
1.698565678553845 2.310870581687825 2.057527450817250 557.477133666948703 45.933938609622686
0.860697852236524 2.438120206036826 -0.860519764356981 686.764611118552693 406.123230563101629
-0.843715431402718 1.552617475551560 2.504156727760964 292.897344095699850 105.267914771930521
-1.471500719061330 1.094730027126477 1.722510921937721 209.731239560317192 166.239325852375345
-2.410928658285509 1.524072180481012 0.612262317919119 187.398793351018156 334.431759252714528
0.683770887933879 1.967835955911635 0.575973293792091 540.159789171739703 201.652378193598935
-0.440343914850063 0.783036985018339 1.977536569991633 269.804185505781504 31.819526496363608
0.322391346551007 0.657268709577686 0.341131292632411 540.017830322765008 124.047419495340421
-0.308902894081003 2.662518381846243 2.673541930749186 374.766742610071333 135.553721845100483
1.113529230923907 2.959043605161732 0.604136990276577 564.480081649409044 220.159020558421474
-0.853723967853528 1.528030534754436 1.009861785902686 317.351167312555731 223.341851264494267
-1.840086147600242 0.680228501872818 2.741700205366840 134.582824331857722 77.248575273723247
-2.260080484105838 2.704238611220442 2.995759768399392 271.766821975940957 184.607475985823044
-2.255264626852401 1.604364350462638 1.819463249134218 207.520096136733116 219.129319392560149
1.540400416017462 2.087339101036768 1.908610466144914 554.634632282138682 41.732251516282048
-0.719882733921688 0.779123062806577 0.485874919465445 257.963121019477057 254.172936710733694
1.016838035575660 1.818756586201003 1.268136344806029 538.599108387091405 97.289682501734376
-1.214682755180987 0.431323625025371 0.052831588855792 41.643082839613328 432.338976653589725
-1.417893060359139 0.561668205419461 2.396355813765268 142.625202242435279 57.292373207341797
0.787167461629051 2.042498320760199 0.201299038701095 586.274542256228301 244.470094383350414
-0.212116741562556 1.789778871300426 0.829726849022180 407.048237172075972 218.405610170986336
-2.378714710387544 0.356910764592629 2.568394823819310 41.729061812803593 95.261951940642433
0.011489359382638 1.484965435225342 2.719446545046375 352.793727496093709 36.212538331481539
-1.046365628292480 2.856196618331841 2.451340543139825 342.517533493822555 179.103471203681664
-1.385389251304131 2.806719883853976 2.543983071641538 321.669924302650600 183.434575272859718
-2.405530186309526 0.970826069224190 2.428103425594758 134.042518757833932 153.701391461794060
0.896210459174977 2.888775023719487 0.074297014830876 575.734269559219456 274.954148459754435
-1.330024949823912 2.574190105771045 1.125736268335892 336.373026310485898 260.063330218118665
-1.101270699458112 2.960674199173910 0.319783312406470 383.408572872730986 318.321006504927368
0.361289200112146 1.979437519624452 1.799793479901044 432.453272953973737 115.038028566871873
-1.227605326131707 2.681976980218303 0.813572596313053 353.699762685936946 281.548838560298236
-2.326818397556014 1.793768432294453 2.559134051889133 218.097472545563932 179.937663606814510
-0.612568001743769 0.421948739754678 1.690722919949404 191.759035221014955 9.292576886170025
-0.790934143675526 1.685879459816040 2.406057881537154 306.627608927518509 117.643204028287073
0.858796198767202 2.444877819750769 2.142704117515820 470.141894082456474 100.501147680262932
0.424503391425445 1.019182039581089 1.052562204921530 464.544533229499336 64.987602262369961
-1.819651711045487 0.423861646527818 0.762971275614351 17.270868861424276 278.005734628976313
-0.906495690038693 1.339944712993076 1.305398959885680 290.228882998526785 186.751777871592765
1.220298668676579 1.949894996526472 2.297852036002098 497.070180467611408 26.814042454361527
-1.643571119418271 1.720681526156648 -0.238507495212874 279.850929068731716 417.942024403948267
-1.725010526060548 1.379961557513223 1.728749526176968 221.409063688022258 194.778380016358994
-0.532727446652133 1.807864180253997 2.451023797656803 331.565660830058221 109.967232042429288
-2.764203371167606 2.837739797398335 0.031222772226168 276.070620988701535 381.272261488381957
0.061537809105531 1.292800038686337 1.692168027219357 380.874582232280716 79.186877353895227
-1.847317464594975 1.568052479839529 0.708229112793922 235.479495144901193 302.992141339739305
-0.610004568277795 0.564580902220232 0.034429076172600 236.230016054864620 373.417181926316061
1.957762347262904 1.957047273602196 1.249578817618344 682.289472852336758 35.352369113315518
-1.040702596941218 1.851191598981524 0.761257738306126 327.978072020475963 267.777223369275077
-2.157901261647881 2.615855068441164 1.216030115121428 286.868036909213345 278.369190404656820
1.406341574035144 2.614631609635819 2.385762442061608 507.444290125785074 71.876191053399594
0.837490171283028 1.485476491060759 2.158973694053571 458.890192536101608 6.091653934253713
-1.717883618897727 1.533259218394615 -0.214812038694018 250.979852955203000 426.173467799431705
-2.474755227043269 1.797130439944961 1.532062213070679 211.506878188278876 253.642346763870847
-2.898714295171244 2.409541803822898 2.871769284488597 229.899182341940474 200.300902680867466
-0.825888478669362 1.955149920554193 2.940413836798625 311.078389169854347 106.551649188721171
0.076060758835924 1.107030849292172 1.108456836711084 401.219405923281954 111.502823340700047
1.863817084506842 2.713682461887588 0.066728388683226 722.474838782158145 224.858111796603339
-1.476953341479463 0.801881429363502 2.241642260267484 172.845388475215231 99.867665162375260
-1.249017059294648 1.809779148238554 2.982405696357302 276.903918459109889 114.534757223562792
-2.763583812736974 2.575899630623996 0.177181015127741 258.767104325889989 373.273102049217528
-2.552648262493129 1.689930588152716 2.429763098690281 198.366238603460687 192.123448213213806
-2.915577286459229 1.801525502847701 0.920206044397381 185.429579330030549 318.379734950041097
1.782738854381385 2.990235562690588 2.089848358145721 549.247318160262807 94.681658330229254
0.964104265095303 2.688237357101499 1.169057279954943 523.275459060533876 172.113732753332130
-2.255031087818837 2.746933246465083 2.562123245223610 276.927660659705623 205.932319160314250
-1.920808214580888 1.642330667732721 1.690984194835790 232.254622230227397 216.694144451453269
-1.505721367944419 1.488196072446144 0.193568323827183 262.723166901127627 355.704923481940000
0.766478011014490 2.965391469717980 -0.103314602836315 569.898571613520403 298.653260786200121
-0.270537863900404 1.469760709370638 2.796774196941943 326.731937538502507 48.599032567723810
0.408300883713200 1.889185112811873 1.733641460218463 438.081267949933306 109.758462535875111
-0.320008211904443 0.977308006341261 1.139783735220228 329.081451536100246 130.201235884253293
1.106019546979264 2.483062061216136 0.385456719173439 595.772956673697308 222.729963742070453
-1.423907139449947 1.716354722105354 -0.125139876136535 300.064894179885073 393.921915382268821
-2.845182333049369 1.049399111448471 0.707891814032055 87.936731047674357 342.784549012257287
-1.039066990360902 2.498047758366645 1.622616343361779 343.331688871259530 214.724573326563956
-0.145963956970545 2.650155075455251 1.296000655472000 419.944275555306945 208.725129907487229
1.880982371694132 2.084116329559794 0.589315128723995 738.365157328142686 119.531148883333287

gimbalangles:
0.439568546983483 0.290561886251019 -2.007275912247287

end: