T_CW:
0.120809811507190 -0.979306499966928 -0.162369235282191 -0.051225594458776
-0.880041206268847 -0.181336073644199 0.438913093521005 0.012852932015646
-0.459273845012395 0.089866609582380 -0.883737250414227 -0.032804567283116
0.000000000000000 0.000000000000000 0.000000000000000 1.000000000000000

T_CW_cov:
0.000000592946017 0.000000011338879 -0.000000038839934 -0.000000046813066 0.000001466596765 -0.000000086921701
0.000000011338879 0.000000305573099 -0.000000016558465 -0.000000960874707 0.000000027577810 0.000000027312139
-0.000000038839934 -0.000000016558465 0.000000244783915 0.000000111485437 -0.000000161261553 0.000000007226416
-0.000000046813066 -0.000000960874707 0.000000111485437 0.000003831286671 -0.000000115268401 0.000000041518093
0.000001466596765 0.000000027577810 -0.000000161261553 -0.000000115268401 0.000004433686397 -0.000000116015327
-0.000000086921701 0.000000027312139 0.000000007226416 0.000000041518093 -0.000000116015327 0.000000852870659

target_points_pix:
-2.824357361831075 2.662856976185086 -1.590771835887739 147.348782154113422 349.075606134393979
-2.450959096546251 0.887174984101025 -2.185364504945775 308.166204045551353 321.365904082077293
-1.169860562919528 -0.091558114088769 -1.370089940519724 392.222958069702656 304.406462392540561
-0.433981154400584 0.360482734040993 -1.227556446982552 326.793973384871492 200.117815808841669
-1.283002091526680 -0.747761295642913 -2.974165121150432 453.557852342766637 237.405923143746662
0.013472752120028 1.996653269589261 -2.299907511588580 193.685468961343105 87.018227560205162
-2.509589502277388 1.453728211799895 -1.900572421172508 253.983215790275040 332.315912611723945
-1.932373118625581 -0.301247473780037 -0.748190514007685 396.696926195668027 473.445042418277126
-2.117320053338740 -2.144778239556308 -1.406029482561590 621.064413099545391 439.918521027547513
-1.378362181910605 0.618348902777373 -2.281219500340824 334.283614254801023 249.749404960463892
0.476025598100615 1.665271949399485 -2.007430023494885 187.464179440511401 9.726607527172632
-2.752637489574927 -2.428256160831602 -2.050260806049639 574.515190275581176 408.715444759738034
0.046936176455136 -0.178364119526615 -2.653583288217773 434.823802226121529 116.140389369062660
-2.631875109736306 -0.240675551070411 -1.776525725434079 389.039946555207678 380.986298494724110
-2.257088156451220 2.708234903726857 -2.063391959977727 167.257811960298483 287.017808382106637
-2.434946475471317 0.763369620477728 -1.995048092810875 311.522101206383070 334.218803213384604
-2.989156152482370 1.092838546008974 -1.123445487097596 245.931549253562594 433.785056264375044
-0.334215531377678 -1.479171923349333 -1.828834616538048 624.675584221920872 205.262770071689459
-1.400378524680470 -0.373692266792882 -0.723315108802065 427.593112886680387 437.581764843832616
-2.731298943532138 2.653059403052232 -1.394243326989672 127.956328858397541 358.466254414366517
-2.633337585643500 2.526087603565185 -0.471465147788663 7.676032883230505 460.837826572363838
-0.843157433083838 -1.939594987363949 -1.479914070498307 698.203267398968364 313.854911079219335
-2.643756734310544 -2.799498370532331 -2.309197559134637 598.854511964508902 388.858460772611579
-1.233322978081925 0.802640124894347 -0.683350301899418 200.271613505133303 370.079983391334849
-0.211847087088451 -0.016358100223187 -1.587362582759622 407.777257376800776 157.980422679934918
-1.964605240322167 -2.002986343418303 -1.324291796429495 620.810867426577033 437.727149949501097
-0.182378049409345 -0.863540020795303 -2.584414038416929 503.006390644393093 153.378604417235977
-1.229274616003010 0.885870998101303 -2.973981768562813 331.652223076642485 211.846641883261327
-0.748283663115107 -2.290147788125121 -2.380932903058135 647.641833745332519 244.125506321734207
-0.891179682591027 2.981549720298155 -1.487781790121257 25.039591091743546 190.614801193634605
-1.890594367962302 -2.462704484665416 -2.421444803966614 597.051188619930144 332.693239618766825
-1.574702039722106 0.364789639504317 -2.118673466932528 351.548127619072659 277.082256964361761
-2.993300718625375 -2.993441588152542 -2.436948657120517 593.742171611965659 398.505117796538286
-2.595439083965168 0.961530690973988 -1.999310842272557 296.457153838212150 339.529487955074671
-0.527615348138007 -2.506410404176464 -2.003044375395833 742.648495860005482 246.806827405313129
0.227786255685149 -0.334040330700011 -2.630042452304986 457.194822379122456 95.872884185190003
0.711227918702385 -0.694323109158741 -2.172508374976872 547.613553898401506 6.967573300948743
-1.804895348092697 1.933541740014618 -1.422982174446762 165.524478044416867 307.545794284260467
-0.985676356892964 -0.584818256916840 -0.830581488334668 493.270556500401426 376.114968455964231
0.058839847997918 0.134566375889384 -1.991944323770720 396.117079794628580 107.151946046945113
-2.349568547252482 0.359468555819674 -2.925548872768864 361.281967778444937 287.842199068390300
-1.227204612053876 -1.563639412415003 -2.128238077156917 553.914466824032615 286.667775482220009
-2.776403877360917 2.368040246002781 -0.828985851687926 91.038176421529784 423.412117930140312
-2.167933194451803 -2.249708908730160 -2.488333089730405 562.747833334810480 340.612871849953819
-1.250208973576321 -0.463343223077262 -1.630726133430340 439.617589284245526 299.552309543021750
-1.772576321051908 0.132103252139055 -2.512721845275342 376.345273964394210 275.357767330309684
-1.010319458838606 -0.832182229422446 -2.808380135190275 468.819825812451995 224.249297698273892
-0.363861029231662 -0.954612515616267 -1.779790576450136 543.645111469866492 198.544645585099971
0.330305782107455 0.239441589729663 -2.797858080818814 397.114207036272205 77.324956368163186
-2.807000085204526 2.102898332928304 -1.650994562944460 193.605207392080558 354.249445667277655
-1.005094788592293 1.379687496078377 -1.123734603676930 165.422066903357631 263.656475432542948
-2.946988605128144 -0.055658220898970 -2.329130664628035 377.105286833486559 353.841466743788033
-0.712678656145664 1.983457794499143 -1.061816085565241 48.368855159538327 207.742135413409756
-2.290638715420272 -1.903272513875875 -2.946655864466461 516.408628795710456 315.267613199075470
0.012624368451334 -2.069442595465107 -2.414255140724293 675.417653064920842 153.078268225821148
-0.393610083524171 -1.188134872323905 -1.563137830369397 599.460378995703422 220.630006862280652
-2.078695281559237 -1.243938928372355 -2.857024258985406 475.345970297840381 298.585211374633104
0.074660105972357 0.585206712272522 -2.671997124096434 356.581604739520287 102.318147557542744
-1.929668853918614 -1.892056182417536 -1.490816483216828 594.145143573862697 408.771559305417327
-1.855336498531666 -2.237003695717938 -1.384817593866376 656.287495462929201 429.091876181320913
-1.189518955913883 -0.058473315080941 -0.846586426509932 375.241907918596780 374.069765186131917
-2.161075681935003 -2.546796773237552 -1.581862751178117 652.348041696063774 430.692098132391777
-1.031056898747028 0.168130809075145 -1.923917057900469 372.134963066357557 244.649201162363227
-1.696557365841088 2.250030431273891 -1.430046205317763 131.768009146409980 290.972668801474072
-0.066749120151215 2.889393575750106 -1.813526734269057 37.951710453169881 77.257050492751517
-0.789699459761356 -0.671283229251809 -1.448263468441791 491.717665561288527 269.832279731507072
-1.759318631044138 0.648398231011291 -1.403433141075416 297.036674372956440 336.087111921593362
-0.313930981924064 -0.390284560762582 -2.958886754576828 444.797626703995149 155.194722696744407
-1.228382864302860 -2.682255914716023 -2.280802266560253 668.699335630726409 300.317264103288665
-2.400546200419020 -1.423105247647779 -1.772244626728804 504.524211165386760 394.408513283565640
-1.051903137170449 -0.630922389568663 -1.126008669157361 483.680677107766314 336.883598427048980
-2.522210022458577 -0.763523176943374 -2.421485733435911 434.668707868147351 338.534232659078043
-1.178935935554503 0.589036201832247 -2.686624603397514 347.743530219294996 220.154057279392163
-2.370991121603209 0.787385748788858 -1.787318215078205 302.130441555127845 344.319930923887966
-2.135111532933809 0.371175105044514 -2.854808477241397 360.847056229644465 279.015552267232806
-1.599334292554433 1.437065658575593 -2.349552550339062 269.603962450949325 250.256634597414632
-1.602034344355351 1.010826451189645 -2.146107795380581 295.612412482751552 266.307854048719093
0.134666190547252 -1.403203039679276 -2.786811401574405 568.563696180775992 123.667612984197305
-0.479153692679909 2.389123245166346 -2.638982861176753 196.563459163914303 137.218343030079296
-1.737626814041382 2.443412014771557 -2.625146756572034 212.240500851246111 235.669534513471888
-2.719682312836279 2.126955088651576 -0.883629487670981 118.945407117055197 420.027801282945688
0.677212972875109 -1.387281286843452 -2.082604847656232 679.788263301331767 19.974234098180517
-1.499447550469543 -0.951295388520147 -2.155887297687875 477.796310793964381 294.150086465767004
0.509166238868219 -1.591782566136226 -1.965175608255556 719.435059687221724 55.639463926211675
0.181582782636632 2.007621064638244 -1.833757988421209 131.574489184048304 50.663945563796318
-1.985881528151988 -1.479176692346613 -1.175208923824978 557.976231012196422 444.576012334125039
-2.286262925337196 -0.222683742643781 -1.492925846979627 389.173535790605456 386.777633074805635
-2.792173882683769 1.824353030110190 -1.322370677642771 191.652112419214262 385.581564992052904

gimbalangles:
-2.031764873764452 0.163091278778424 -0.122742477310337

end: