T_CW:
0.457481834754716 -0.763466232338411 0.455883409380568 -0.042142350998740
-0.080708376164269 -0.546212816207343 -0.833749193359592 -0.035246944819409
0.885548716269402 0.344631501012074 -0.311500561193361 -0.058406467336770
0.000000000000000 0.000000000000000 0.000000000000000 1.000000000000000

T_CW_cov:
0.000000357030848 0.000000043706641 -0.000000029663162 -0.000000106984243 0.000000677438891 -0.000000037866209
0.000000043706641 0.000000265240153 -0.000000005328007 -0.000000642167796 0.000000081836528 0.000000021960017
-0.000000029663162 -0.000000005328007 0.000000233199217 0.000000041852373 -0.000000055993471 0.000000003455853
-0.000000106984243 -0.000000642167796 0.000000041852373 0.000002024397364 -0.000000200306455 -0.000000052843161
0.000000677438891 0.000000081836528 -0.000000055993471 -0.000000200306455 0.000001752467167 -0.000000049651720
-0.000000037866209 0.000000021960017 0.000000003455853 -0.000000052843161 -0.000000049651720 0.000000490284390

target_points_pix:
2.846962449674256 -1.270615537643179 -0.426835152527950 603.470399347130524 327.543441467856326
1.630490920782114 -0.468318413325145 -1.911111729057764 400.550509189888885 463.213361742197435
0.452551189003542 1.477154370083086 -0.370993160474207 92.146204875218984 97.173888125800573
2.559122324685278 -0.044395362467658 0.521955253318731 542.144556989259058 161.796167834100174
1.832454985117484 0.513641425586870 0.105088214289554 439.256009893260796 161.524600386633949
2.295902753926267 -0.365161291053127 1.037743256567058 654.313803438008108 99.056690078961424
0.817973211799167 2.294819345762404 -0.208289187390903 134.497347969896481 51.844700005677083
0.476025598100615 1.665271949399485 -2.007430023494885 63.980228218681304 346.451039524951625
1.590547062361791 0.522741208091565 -2.299022569101822 293.274195951351658 397.586387566874293
0.898070854459469 -0.213009031596738 -0.346498830636345 492.347737185045503 332.848326905227111
2.245708819273801 -0.269019817269763 -1.294158407152367 440.114956999812989 348.528608804364467
2.238553756143965 -1.820023448938255 -0.706450453503479 702.083995713622699 457.582310622299701
2.875257448580062 -1.580104716223466 -0.199938545484326 663.328965424491003 331.520821691402375
1.014318963918849 -0.183437836008217 0.234070377196855 605.101335056266294 166.676600146273302
2.124314905889378 2.516536008253327 -1.159942408705877 254.769579009612528 190.886300251611374
2.202767322607175 1.273914592564771 -2.774660020847438 279.013806895240009 345.870111317613123
1.702293184242591 0.603411314944683 -2.438368815603718 291.643221004999191 392.774525128160576
2.638894052185566 0.285906882712748 0.661602872195694 514.372353342640963 133.057021309572775
2.283841378883928 1.271035310454307 -2.066588718161386 303.032980544351176 303.823288345611672
1.843607119811643 -0.361478989869854 -0.532918628339249 500.179668751758186 308.089605695938417
2.635691040770782 1.158181394465124 0.711031662702086 434.785017074808138 94.307258943493395
1.360514298822771 1.327968339682256 -2.816756300763727 207.861257870653844 383.630550320207021
0.860697852236524 2.438120206036826 -0.860519764356981 121.402937170519380 143.601975819727556
2.297416000643904 1.143433707157860 1.111531266204481 452.080385593308051 27.809072307133363
1.863699464516614 0.985157077332460 0.862506798001731 440.958980797948072 29.695653619582487
2.840052798843084 2.329374247149249 -2.575874164725013 274.316785115117625 275.940198308085712
1.959827138418633 2.080762882451776 -1.817207778188205 247.613786709088629 254.693112677561544
1.297774712209653 2.704606822667046 -2.060317409890036 152.673357698162647 248.689713800113964
2.892079814720038 2.137865082943373 -2.531162314746993 284.900852426904180 280.036532129352281
2.180079447915864 -1.043937795950901 -1.902970614474200 476.924003343711661 463.100406045035356
2.726024062390456 2.249586546271820 -1.935271634696742 284.931117200150197 247.956931586924014
1.452166304201032 -0.539996562458149 -1.663088537894960 418.132037901357080 476.715051188550433
0.633624252448053 1.178384204980633 -1.055285210204363 153.844446018520159 268.845815995558269
2.366722528632731 2.870625563219331 -2.137310229465841 236.066160619487903 238.764411463400535
2.691284804056324 -2.110622889317966 -0.699344101124199 705.923962333672989 437.217490177855723
2.917028304662279 -1.152586189496194 -2.533210105366660 459.655124713628993 444.471167623080646
0.258529365432542 0.593447349207453 -0.510877348310836 99.164386589683090 260.250486741938630
2.799155307879877 -1.130392925321729 0.298991441436553 654.600667650195078 252.921542618344290
2.323577638081192 -0.690249941749447 -1.179912750217281 490.020425505080539 368.854720467815696
2.198339080206081 1.367198496929817 -1.080298376555421 323.900501608389447 234.296028061843828
1.607551494345595 0.317572627445490 -1.950594834934516 324.356832297319556 389.160402009344466
2.095012447085760 -0.505548737640729 0.826782077146033 672.801660820354755 130.152786383710264
1.782456108783678 1.236880970419606 -0.103160128504141 348.625903336753765 145.594319704223778
2.658851063604756 -0.146619407348651 -0.303708606220830 493.900093245846961 248.193086604289618
1.238318070079971 1.309983252536109 -2.067854693572801 214.499493556068472 338.561391647103392
1.371663769460994 0.879266964748105 -1.357498840974314 284.714662895818265 304.537913610405042
0.971922361675591 1.968970143655820 -1.562563872244343 152.408815653027716 253.533697426517023
2.836175536677109 1.994944033462968 -2.455637396822729 289.376566638592521 282.517950206213925
2.082169211939505 -1.006513461776345 0.465865074907599 728.922605519892841 231.724746276977669
1.210306297439354 0.118493307029870 0.622275659202526 573.403006548058329 38.156144468298010
0.992340097043075 0.570965699142008 -0.129279550676452 356.293817808700283 166.504944320552056
2.698445811444329 1.349657302205972 0.712486519507039 421.011233089148391 90.725049166965988
0.757591605268053 0.252389160113320 -1.095195087837854 285.210553150117050 397.352800056619117
1.439350206816805 -0.360542236023234 0.529560124387007 670.898483323860091 136.245437440222133
2.481967150920621 -1.000302633967113 -0.646211942643163 564.601012836769769 342.513153299758926
2.400392718106834 0.199954992395837 -0.159738289424310 467.174864227626585 216.882917866575781
1.457004382153908 2.311441296474558 -2.865704388874944 172.696260303015123 320.204768292584390
1.678163884393774 1.763579653176779 -1.081503964129788 261.720594762893768 215.886354923123918
1.469737194049639 1.705064391090432 -2.691049952446784 203.256028320385013 344.546823663461453
1.499736267738784 2.255228431018857 -1.704205875398000 201.256451388525733 242.640524763323498
2.469019821030406 -0.821829290121308 -1.767149752680179 467.090469416180895 409.987209867251238
1.971116129500769 2.532050017386672 -0.864756201505920 249.801810985677662 166.353948344633523
0.632541919085941 2.620853067715426 -2.393082535195631 55.333503225373477 293.260417336076841
2.087030796378828 0.350749088667996 -2.244376936628558 340.220332712129107 376.355363000787520
2.268373919334812 1.515153845840254 1.072050534322178 412.327551457601089 20.190208124033802
2.840746233810969 2.675666402683015 -1.319954729083223 286.775307451684853 199.655685888176379
0.858350921909025 1.981968311704984 -2.417792037315026 119.054551490544213 333.322942980431662
0.790225330020615 -0.049826709174231 -0.249592551683288 459.225906444118664 286.526503747113566
1.919360006235380 2.796073931111244 -1.673944781698095 215.765967605159346 214.674761496656117
2.543222452303324 -0.637392384131150 0.740953454688077 645.238932898097346 168.791552990060552
2.804953402716851 1.754951062803924 -2.726134825525947 291.643278289960449 305.196666683411024
2.969189811888704 0.830630128229349 -1.471853396751549 376.088513772742431 275.935249694790116
2.423982481611550 0.756846151188032 -2.044424622084699 339.392268193780865 325.452161153396503
2.533288634141132 0.362440313726649 -0.888672430890166 415.951425289594908 267.922585687347521
2.723080367051685 2.166895230984133 -1.093289000372446 308.555066081113523 202.512227587000780
2.884949992613337 1.752862813125280 -1.917286249155953 314.147546823507469 263.965633020863265
1.146827098132877 2.456126826250834 -0.971119918071874 164.510535244737326 163.807874183794240
1.863817084506842 2.713682461887588 0.066728388683226 256.511456025768325 73.254924635218885
1.783630166408887 2.301760828481576 -2.596299818856131 207.454402357012697 295.962364090915514
1.679634292697983 -1.376145895919265 -0.523826814346682 708.057765757719380 459.730660910287440
2.033098221115875 1.207102527469390 -0.355179649729624 354.435225922382074 179.593779462109580
1.173056953141853 1.270494847899332 -1.110596024848202 240.685095258933984 253.561127402140414
0.657047212042162 0.494506880683674 -1.471288555299500 209.480551228442124 421.841514081053845
0.727984727606241 1.990146137895145 -1.362760578457041 111.586344176963792 233.174199969081144
1.577300548123927 0.856335040752280 -2.847365858336513 253.180939057117769 406.893782446849741
0.766478011014490 2.965391469717980 -0.103314602836315 86.031460216464950 4.028382718196013
1.766975285516706 0.969062569477666 -0.552937664872517 348.157208869774081 209.983989317345447
2.705973980689863 -0.733127119296918 0.728797185143482 647.027149645809686 179.584435419014255
2.883356044107945 2.677333679565766 -0.246887715954717 314.398723856036725 134.052845529077331
2.783205628436592 2.731091062502096 0.687561856108538 333.558180419960877 60.105757616186821
0.477353811056686 1.309500861198641 -1.568020660815786 89.960539510430408 335.696305796295405
1.963175010556395 0.738401544449355 -1.173053211860219 349.775926453940997 279.634628267101618
2.739076689140502 1.445883240616402 -1.480011115263047 334.008436225875585 253.227768624764394
1.113750469880303 -0.317542586872190 -1.406408964173092 388.496615163165927 474.572074744613360
2.918121566853679 -0.369866249891826 -2.948502755755053 392.130909427170195 413.820771932432990
1.814277977984292 2.308189886267098 -0.802269262856072 250.311570208958500 167.430825768922404
2.785729132151983 0.266710427882586 -2.912655439599869 354.047671594301391 383.126990413500721
1.880982371694132 2.084116329559794 0.589315128723995 318.358554192565293 34.423976639620292
1.056287577067055 0.180198194814150 -0.523910027856285 389.472527561049787 287.375281332866166
0.552200535814588 2.096173843931648 -1.337865529537719 67.157882681942056 222.722103222146643

gimbalangles:
-0.357555193674176 -0.473364512873029 -0.539843459507482

end: