T_CW:
0.801886594203853 0.372338103441373 0.467271042074967 -0.041850713112316
-0.542285714640223 0.125265578846454 0.830803670221434 0.012307956644264
0.250806885338674 -0.919604736548233 0.302362422904647 0.001761803536360
0.000000000000000 0.000000000000000 0.000000000000000 1.000000000000000

T_CW_cov:
0.000000434054367 -0.000000091665894 -0.000000007586286 0.000000220856581 0.000001010223199 0.000000019929864
-0.000000091665894 0.000000378138049 0.000000010637244 -0.000001037637530 -0.000000187060148 0.000000035507205
-0.000000007586286 0.000000010637244 0.000000203575552 -0.000000032332853 -0.000000048323582 0.000000001132824
0.000000220856581 -0.000001037637530 -0.000000032332853 0.000003404710937 0.000000440989454 -0.000000060178669
0.000001010223199 -0.000000187060148 -0.000000048323582 0.000000440989454 0.000002910448803 0.000000035765095
0.000000019929864 0.000000035507205 0.000000001132824 -0.000000060178669 0.000000035765095 0.000000547963822

target_points_pix:
-0.632075857116941 -2.973430765459143 -0.955153810481301 153.143859412405078 153.873069782108956
-0.374508819722617 -2.792472966053825 1.843083658289599 333.761253409172866 350.953659927405511
1.521380111929226 -2.200871022236925 2.504114173268010 492.128500940856100 315.389433910525781
-0.793781681869014 -1.641417650998413 0.707186212655561 223.266707764887485 370.279269742061956
1.295561638623608 -1.416405185858894 0.012519501775890 445.709381232665805 112.595980516963493
1.146321621720232 -1.729544609839301 1.933211205151467 486.848779147931054 316.135732341048254
0.280800500936368 -1.171864569172195 1.125032765287567 419.545273953110382 344.740064581824527
0.046269919670005 -0.857852777220630 1.621705320978712 456.418316335621398 469.171388293423149
-0.255313631190007 -1.971208664170202 0.171534172980832 254.454191353659439 245.786628356697690
0.623470838340239 -1.939885472193345 -0.297269450580715 322.644205958510270 133.041489049036926
-0.155054339981346 -2.413745039848549 0.501455690159033 289.216746485797842 261.393515959571744
2.630597899395866 -2.533602612630514 1.408948156924308 501.441611498382713 199.860383449477325
1.564204261687449 -2.194379915728515 2.096758610292383 484.474848233507657 289.684543227818040
2.304100349350628 -2.299069981759198 1.705250789412906 506.901182154813739 231.395172615308837
1.906356670365998 -1.872075609508802 2.833616551523114 542.458314010256345 326.418552670979409
-0.413245086284756 -1.661924362225200 -0.397513215549922 157.205046036595547 183.642419633389977
-2.800292032162577 -2.717799094036851 0.708725477149321 18.660806271850049 453.341108848073645
-0.461163206633531 -1.237434992763998 0.288399072466669 214.735605689718881 315.088390259240725
2.017628304605564 -1.308391070018593 2.485454371403504 596.300861288576698 320.028174541164788
0.106097197544578 -1.586979738801300 2.101489332490848 424.755667916840480 410.658007985176766
-0.886320980318775 -2.252044528870325 0.313201569361650 195.639281767495760 298.138421365235217
0.580251370663158 -1.412934886423969 1.321127818311631 442.712293052177415 320.566575738457232
2.875257448580062 -1.580104716223466 -0.199938545484326 556.152426578965787 21.091059665665199
1.393939781164910 -1.454825207433154 -0.263951273261676 437.032979173752892 67.476288293361790
0.425639955333826 -1.694721804660521 2.857543598629928 471.196303471074430 425.265649968039497
0.304249663992359 -0.729757268759560 1.238264087314165 484.854512067193809 408.476756486793192
0.968177481878278 -1.826587437244287 -0.050071853227793 379.210811443771206 140.356771627519890
-0.366587018464878 -2.441794519498384 -0.785089722347453 172.017992337506882 145.361704604695262
0.776788298176784 -2.750128971869528 0.175401666096890 343.861658870646124 186.670110375971205
2.525858413531298 -2.859276238490948 -0.611694764193029 425.006658767367242 64.922191714927663
0.380298172856866 -1.298743151086943 2.104596717599694 471.001469489907493 414.193717782426177
1.152378882989988 -2.162866322483199 2.973607017601903 486.851892768021798 360.308980054464996
-0.527804936517645 -2.977235471612039 -1.687446161140310 102.844921211084568 69.290889271207249
-0.382334628612583 -2.600421760824444 2.813822754511428 375.139253531131772 411.024330304844852
2.324139553851023 -2.806924161824119 -0.589595392619374 415.857906998876899 70.413922106805956
-1.587322028688587 -2.644207986075857 1.292672915320934 206.284144532178004 400.649918272975924
-0.208944366737399 -2.221377258297758 2.752022459203438 396.643296895359185 422.296930162597391
-0.404298251230601 -2.750346876508495 -0.951485710931852 168.105633568719696 137.547039491240525
-0.115087828265375 -1.621602364932578 0.699433673458384 315.942719968488120 304.908405170140554
0.079904736471226 -1.404300557266472 2.579670587336606 456.714645994148896 463.297743013690138
2.691284804056324 -2.110622889317966 -0.699344101124199 476.159861411908707 9.131059561896592
1.187100558706069 -0.861906893643477 2.017600602608255 592.956091678210328 372.682814773003543
0.659732524222695 -2.719044585050702 -1.422675884421720 246.648836946265817 37.642781938019880
-0.359916190317959 -1.993605606062929 1.433919339499767 330.567378310526351 367.146113928884915
-0.466355308972108 -0.896711500698693 0.878429674387935 291.132527026518403 458.525195674933343
2.286322568150939 -1.140786610292051 2.454387992603414 632.196440543503513 307.912007086763879
1.588935379757109 -2.370422646866939 0.097837619577064 411.928279696929565 140.864708921536845
2.799155307879877 -1.130392925321729 0.298991441436553 628.732978966192491 55.064879668528988
2.095012447085760 -0.505548737640729 0.826782077146033 732.832313236788195 142.162780036142635
0.497100103581327 -2.928230638126760 1.276408226385758 364.936718865187515 272.495961648323600
2.253849704504971 -0.960836636159451 1.204762064846220 637.904446883581159 195.674569367692072
0.197838782858974 -1.704910246678057 0.934131883775398 364.914298081332106 299.030614053937370
-0.142506199836481 -1.115804967001101 -0.678860039736684 102.085325426429563 50.779348939966042
2.968097909654325 -2.451003639501020 1.536477141181445 524.920545784420938 195.744072933305802
2.082169211939505 -1.006513461776345 0.465865074907599 598.942162312995038 109.412893161583639
0.525895182455370 -1.925036666790089 -0.888484233352592 264.048646170246457 54.366727647705090
-1.060648147433165 -2.188510001145658 0.350403630248076 173.951939631514421 318.410250473253654
1.682011736665465 -2.690865748394387 -0.441007572472939 383.938090153529458 99.312443939994324
-1.209909797484534 -2.563904803847953 2.815581246720556 321.121059967246310 463.049443976954194
0.419579620992609 -1.974883451879913 -0.326438600900679 296.633301760321558 142.284019470265321
1.439350206816805 -0.360542236023234 0.529560124387007 722.196484000156261 133.859544771949686
-1.758650262354513 -2.094758788426888 0.162999915595146 35.878844389047401 371.654725084117558
1.521515629150361 -2.362019130631791 2.099538518302268 472.307386172868860 287.755849281616179
2.859962333739178 -1.439341424311696 0.813081769980665 596.747899398165600 129.295255231615727
2.802873304445588 -1.894093028882541 0.298419609941055 531.637658406222158 96.840455463012404
0.315022632559829 -1.747112529424197 2.074569376130251 430.623492355731003 380.230403405731579
0.612618450857146 -1.965223161977429 -0.712329304173472 290.125963598500448 79.286598813138653
-0.681004562349794 -1.956240429477597 2.261788146036750 348.161110222368791 450.265224348443553
0.517158653962242 -2.883643548161206 -0.840293530507212 270.713981710879011 112.622261134077490
0.881526355925920 -0.954421506133186 1.746665705280744 542.472454983587227 368.148921018599196
-0.746155816902931 -2.734851377467177 1.864129576325877 309.456888333439451 375.250167238647748
2.524523942213301 -1.904669170823968 0.288230403661922 512.955487457170989 106.997492906806798
2.543222452303324 -0.637392384131150 0.740953454688077 726.686898289759711 100.918297856778082
0.183324193769693 -1.989900932840795 0.104475338657137 300.928076500842735 207.951013773837190
-1.416100838720206 -2.167485334628920 0.483216133616751 137.112824280835355 362.831138521805372
-1.556350529336756 -2.325977289144970 0.023755922121903 80.129752306411206 320.024010510770211
2.370328147576886 -2.209422322424412 -0.876808865732352 439.411342663101664 6.365488765899812
1.950787486001605 -0.640764826982241 1.047918531233533 682.307307493974577 195.383465937524193
1.327086720540587 -0.523499556777523 1.344670779553617 663.266596526310309 307.665222122558589
0.729311086125151 -2.466267561761849 -1.296158420739365 260.149224579067436 31.948308491987802
0.299975277917478 -2.060721930650195 2.445293241049091 426.486296824867622 384.347275307885980
-0.478434186750731 -2.093550077009114 0.337280236615828 242.577953972528491 276.273809051103854
1.904166133614853 -2.769480577177859 1.861369076269689 464.484220636939881 251.644617329675441
1.012226148928721 -2.441338738750435 0.622632403358834 388.933657235882094 210.321802205106508
0.176186804999556 -2.021278292489356 -1.205141941973563 184.299158571868844 29.526186471961921
1.679634292697983 -1.376145895919265 -0.523826814346682 461.880537181033617 1.502216742337737
-0.576605559813063 -2.977722037134996 0.726909826088295 265.892484829857494 287.325845663136590
0.925273435265529 -2.119904892941933 -1.173616417561602 290.940541627504444 10.718325719004184
-0.148800400356136 -2.955341477661065 1.934551525973162 348.809138119084423 338.028673687627133
1.164120059996385 -2.756895298247263 2.806885571236954 452.669440664271860 329.510904855071317
-1.118069105508273 -2.377573793499396 1.967446422962650 287.883236950071591 428.538447474275472
1.523576982212340 -1.185164718831194 1.367020401069782 551.815333538876757 261.785878487092873
0.022959853197840 -2.270988525214225 -1.369984646990615 158.231599473841214 34.937195136339056
1.511664049272254 -2.825078037455202 1.532966621449099 433.933023429380512 247.454740140722805
2.838451579039968 -2.784543176193911 0.889956194928174 485.402649092998161 162.001677167282367
0.913573896963790 -2.835395790839471 0.376782895332359 359.803562962743229 196.535478340142959
0.681239877289143 -2.964121807961779 2.861119167591760 422.689646950654378 345.514873836190588
-0.623494181581364 -2.330474922091730 2.540597364417167 355.769267043282753 429.889440127984699
2.560983796689796 -2.927706291115937 -1.044930153789216 409.987063020734354 30.462545210321565
1.843906633874438 -0.947169980806038 1.152224737288016 608.361363441393337 218.163532221665093
-2.579420744306482 -2.558601798734101 0.537724911964138 11.686548186723712 438.370254655084977
-0.182937951695047 -2.576140804135971 2.024268462690140 358.658576237667205 360.671414237056865
-1.187320759216839 -1.952091227898764 0.602317152338420 168.218358177458242 370.775003143708943
2.705973980689863 -0.733127119296918 0.728797185143482 712.452187868527517 94.992340049555509
1.949676902265344 -1.610164162764703 0.373257764765000 502.514027613352141 130.888259749768849
0.863284382710346 -2.195382504927759 0.820935825676513 396.358427902811741 234.817252516651735
1.694751596750863 -1.670943292273279 1.944194647767804 527.291717573708638 286.891825673025608
0.587587992034352 -1.941097990729944 2.773384363749689 462.729711447548823 392.623836777122847
1.319246838424638 -0.536685656131526 1.133580889613922 653.762528548143791 275.042715775219790
-0.726818356871922 -2.503562802336062 0.711441944568031 248.556530509637980 310.350966193017200

gimbalangles:
2.792553782466233 -0.486201593246288 -2.005501025662389

end: