T_CW:
-0.028619125326515 -0.873866618806722 -0.485322653706638 -0.051083280475616
-0.774397512864360 -0.287617477395345 0.563546518724259 0.006257851989266
-0.632051768239785 0.391960864413842 -0.668488775547439 -0.018577777073728
0.000000000000000 0.000000000000000 0.000000000000000 1.000000000000000

T_CW_cov:
0.000000550659941 0.000000067741839 -0.000000017992094 -0.000000190206347 0.000001152998183 0.000000023245937
0.000000067741839 0.000000314845529 -0.000000026676044 -0.000000834383136 0.000000162596500 0.000000090818281
-0.000000017992094 -0.000000026676044 0.000000288563116 0.000000114782310 -0.000000085579107 -0.000000011942115
-0.000000190206347 -0.000000834383136 0.000000114782310 0.000002897819044 -0.000000457827122 -0.000000226464161
0.000001152998183 0.000000162596500 -0.000000085579107 -0.000000457827122 0.000003120964912 0.000000168693689
0.000000023245937 0.000000090818281 -0.000000011942115 -0.000000226464161 0.000000168693689 0.000000719727702

target_points_pix:
-2.824357361831075 2.662856976185086 -1.590771835887739 280.052851402204737 272.725882364191136
-1.898908933532043 2.702113433106035 -0.405415216554331 167.168591021390341 284.932493865495303
-2.450959096546251 0.887174984101025 -2.185364504945775 397.329977369553831 269.811212080279063
-1.169860562919528 -0.091558114088769 -1.370089940519724 485.173208273277169 264.710610864386581
-1.402199466133277 2.710830475051597 0.396148209289668 1.737356217191916 317.363463628258046
-0.433981154400584 0.360482734040993 -1.227556446982552 423.368621645834821 149.558128374711373
-1.283002091526680 -0.747761295642913 -2.974165121150432 577.772128259298256 194.722818799896174
0.013472752120028 1.996653269589261 -2.299907511588580 303.546962486698021 41.838718868012052
0.071358945903664 2.868895960760703 -0.905108649050095 67.354833649836337 38.595415628242563
-2.509589502277388 1.453728211799895 -1.900572421172508 352.057833654508670 272.249068582339078
-1.932373118625581 -0.301247473780037 -0.748190514007685 471.514642018464997 417.766365085277641
-1.378362181910605 0.618348902777373 -2.281219500340824 426.530069593377732 203.585612146349547
-1.413204081926167 1.739064720682327 -0.130330008976248 159.366302881964458 317.127724692499385
-2.752637489574927 -2.428256160831602 -2.050260806049639 730.693888995536554 429.539212389475551
0.046936176455136 -0.178364119526615 -2.653583288217773 578.515914212747930 24.220068903319600
-2.963043857422604 1.249868543427633 0.270322065075567 242.277036965669851 473.635924807549259
-2.631875109736306 -0.240675551070411 -1.776525725434079 472.158588917486782 337.830191612622230
-0.019702490878293 1.917960728927152 -0.737518131556238 108.041024084623984 54.897994026657841
-2.257088156451220 2.708234903726857 -2.063391959977727 290.340582339034540 227.777506362034700
-2.434946475471317 0.763369620477728 -1.995048092810875 399.808210244258362 281.600489086049606
-2.989156152482370 1.092838546008974 -1.123445487097596 345.521827943511653 348.491580109814038
-1.400378524680470 -0.373692266792882 -0.723315108802065 509.235329354427734 398.433082841625492
-2.731298943532138 2.653059403052232 -1.394243326989672 269.149695132358318 277.202625495090615
-2.633337585643500 2.526087603565185 -0.471465147788663 215.108537060111928 325.889252736901653
-1.803666274114781 2.921389074211410 0.418560952012865 39.822337887110962 336.795757421994267
-1.233322978081925 0.802640124894347 -0.683350301899418 314.429099985331106 294.082002281530322
-0.211847087088451 -0.016358100223187 -1.587362582759622 528.179388636866634 90.828970670357648
-0.182378049409345 -0.863540020795303 -2.584414038416929 694.815622731315671 66.930727442552978
-1.229274616003010 0.885870998101303 -2.973981768562813 426.357288773122548 163.532103089707931
-0.891179682591027 2.981549720298155 -1.487781790121257 204.774631686033786 150.285597846075348
-1.574702039722106 0.364789639504317 -2.118673466932528 442.371010845261367 232.586943922910763
-2.595439083965168 0.961530690973988 -1.999310842272557 386.395750553740356 284.012791382566490
-1.214682755180987 0.431323625025371 0.052831588855792 260.534143184926677 473.134113214172828
-1.804895348092697 1.933541740014618 -1.422982174446762 289.987601992098803 243.490299108120922
-0.985676356892964 -0.584818256916840 -0.830581488334668 606.968961312590864 361.663881917842161
0.058839847997918 0.134566375889384 -1.991944323770720 520.260891762640654 21.006119318529926
-2.349568547252482 0.359468555819674 -2.925548872768864 451.435307571673434 244.568841036273739
-1.227204612053876 -1.563639412415003 -2.128238077156917 743.169882841045251 271.514739601424026
-2.776403877360917 2.368040246002781 -0.828985851687926 252.144419274105417 315.316604800283869
-2.167933194451803 -2.249708908730160 -2.488333089730405 736.333294937490791 344.991164451284931
-1.250208973576321 -0.463343223077262 -1.630726133430340 545.297222817940337 266.730297922179432
-1.772576321051908 0.132103252139055 -2.512721845275342 469.498347584947737 233.156564467127794
-1.010319458838606 -0.832182229422446 -2.808380135190275 605.653565748488177 177.779836334567847
-1.643571119418271 1.720681526156648 -0.238507495212874 193.708415487796373 324.321645369591693
-2.807000085204526 2.102898332928304 -1.650994562944460 309.152212849132582 281.901982134539821
-1.005094788592293 1.379687496078377 -1.123734603676930 288.783478042008710 208.457999577860136
-2.946988605128144 -0.055658220898970 -2.329130664628035 462.048385244336373 310.555688095915627
-2.764203371167606 2.837739797398335 0.031222772226168 163.696048702737414 355.205831597260499
-0.712678656145664 1.983457794499143 -1.061816085565241 217.917666047025335 162.600728631281498
-2.290638715420272 -1.903272513875875 -2.946655864466461 658.602163710057312 300.370670905918416
-0.610004568277795 0.564580902220232 0.034429076172600 142.639671341066077 383.192085992155512
-2.078695281559237 -1.243938928372355 -2.857024258985406 596.181552866544166 271.936840677416683
0.074660105972357 0.585206712272522 -2.671997124096434 466.103663833259873 25.506688685335462
-1.189518955913883 -0.058473315080941 -0.846586426509932 459.598827322954207 328.094754367390976
-1.717883618897727 1.533259218394615 -0.214812038694018 210.078630004693025 342.962982540540054
-1.031056898747028 0.168130809075145 -1.923917057900469 468.515341276561401 199.620041227238403
-1.696557365841088 2.250030431273891 -1.430046205317763 268.660626116953267 228.444343082980026
-0.066749120151215 2.889393575750106 -1.813526734269057 202.296014476590102 56.254111422724947
-0.789699459761356 -0.671283229251809 -1.448263468441791 632.531990301356473 238.487431499480095
-1.759318631044138 0.648398231011291 -1.403433141075416 387.320681138383065 280.970153502977212
-0.313930981924064 -0.390284560762582 -2.958886754576828 584.588222746316887 82.029614452656745
-2.400546200419020 -1.423105247647779 -1.772244626728804 616.658670549661338 384.734674544850236
-1.051903137170449 -0.630922389568663 -1.126008669157361 601.423790698073844 316.797347573591537
-2.522210022458577 -0.763523176943374 -2.421485733435911 530.967598975035230 307.607936844183996
-2.763583812736974 2.575899630623996 0.177181015127741 162.077960828501489 378.566323455948464
-1.178935935554503 0.589036201832247 -2.686624603397514 443.077497404451719 172.436055385915068
-2.370991121603209 0.787385748788858 -1.787318215078205 391.181904263829381 288.909143577077657
-2.135111532933809 0.371175105044514 -2.854808477241397 451.822875771137319 235.573283117896011
-1.599334292554433 1.437065658575593 -2.349552550339062 365.934231109734810 201.453973102031341
-2.352497863176354 -0.419090101970517 -0.676335805967986 473.162652546931838 455.434457621589274
-1.505721367944419 1.488196072446144 0.193568323827183 130.734999093328497 388.367998122714084
-1.602034344355351 1.010826451189645 -2.146107795380581 388.381286958605131 217.879921285557714
-0.479153692679909 2.389123245166346 -2.638982861176753 306.860745107690832 93.952474524347508
-1.737626814041382 2.443412014771557 -2.625146756572034 320.271988046922672 186.613076647916330
-2.719682312836279 2.126955088651576 -0.883629487670981 266.681118601514129 317.174564242489680
-1.423907139449947 1.716354722105354 -0.125139876136535 161.231195975715139 320.013731076822069
-1.499447550469543 -0.951295388520147 -2.155887297687875 601.643345714429188 266.943520811863095
0.181582782636632 2.007621064638244 -1.833757988421209 256.794529224043856 14.975184810940902
-1.985881528151988 -1.479176692346613 -1.175208923824978 688.622302691024174 458.766885965051074
-2.286262925337196 -0.222683742643781 -1.492925846979627 471.885032813590897 342.995367768333324
-2.792173882683769 1.824353030110190 -1.322370677642771 308.502979629541755 304.534088076709281

gimbalangles:
-2.271221631792944 0.506732157398716 0.032738291361027

end: