T_CW:
-0.707106781186547 0.707106781186548 0.000000000000000 -0.070710678118654
0.241844762647975 0.241844762647975 -0.939692620785909 0.029721762225995
-0.664463024388675 -0.664463024388675 -0.342020143325668 -0.666420750614941
0.000000000000000 0.000000000000000 0.000000000000000 1.000000000000000

T_CW_cov:
0.000000709855418 -0.000000147081695 0.000000017843731 0.000000474247753 0.000001799916084 0.000000041277967
-0.000000147081695 0.000000738527270 -0.000000023912574 -0.000001986327444 -0.000000481584336 -0.000000294359497
0.000000017843731 -0.000000023912574 0.000000509857503 0.000000104996477 0.000000108165516 0.000000012443589
0.000000474247753 -0.000001986327444 0.000000104996477 0.000006105281944 0.000001487999553 0.000000690230158
0.000001799916084 -0.000000481584336 0.000000108165516 0.000001487999553 0.000005334950089 0.000000231100223
0.000000041277967 -0.000000294359497 0.000000012443589 0.000000690230158 0.000000231100223 0.000001047717832

target_points_pix:
-0.632075857116941 -2.973430765459143 -0.955153810481301 172.202164387840924 246.072413173021090
-1.932373118625581 -0.301247473780037 -0.748190514007685 619.181494560679994 282.955492781211092
-2.117320053338740 -2.144778239556308 -1.406029482561590 367.045248843246384 268.829573795482588
-1.759048822907458 -1.615888020375582 -0.800308399887226 379.272395130097777 235.063301170242426
-2.752637489574927 -2.428256160831602 -2.050260806049639 386.317653082159268 288.489303875492340
-0.413245086284756 -1.661924362225200 -0.397513215549922 103.413391286296928 211.456243658947358
-2.800292032162577 -2.717799094036851 0.708725477149321 374.196287440064339 66.722497127119055
-2.631875109736306 -0.240675551070411 -1.776525725434079 587.105002890111336 370.887121521548920
-0.886320980318775 -2.252044528870325 0.313201569361650 184.188744410093221 50.840113181210597
-2.128984519802631 -2.006397730996573 0.090773271844217 377.166015665484224 115.033953521922058
-1.500622496762984 -2.775612682301848 -1.246983967959819 284.888645962900227 255.122908447588117
-2.592708470432378 -2.649318893019637 -0.851042690634956 366.663617994824790 205.454938945069216
-1.400378524680470 -0.373692266792882 -0.723315108802065 583.877845420308290 328.818006971676596
-0.366587018464878 -2.441794519498384 -0.785089722347453 121.895710335984234 254.108942521685009
-0.843157433083838 -1.939594987363949 -1.479914070498307 254.117810199696038 346.607390814691428
-2.643756734310544 -2.799498370532331 -2.309197559134637 363.588047427856111 296.682123792297773
-2.774150966978171 -2.040244489095533 -0.175702412079464 417.097348940063966 149.123561212611918
-1.964605240322167 -2.002986343418303 -1.324291796429495 365.513906949369300 270.973345874577035
-0.748283663115107 -2.290147788125121 -2.380932903058135 245.692956733335421 410.597012477440273
-0.527804936517645 -2.977235471612039 -1.687446161140310 180.606370642591742 322.473790819241231
-1.890594367962302 -2.462704484665416 -2.421444803966614 337.648443177865829 338.732986667836940
-0.404298251230601 -2.750346876508495 -0.951485710931852 136.936645183279751 261.738220460587343
-2.993300718625375 -2.993441588152542 -2.436948657120517 371.150197749872575 290.439260314607168
-0.950569983694684 -1.106831599491194 -0.218693385412917 318.763670921040159 157.740433364506856
-0.527615348138007 -2.506410404176464 -2.003044375395833 200.548434681188951 379.622559887847331
-0.985676356892964 -0.584818256916840 -0.830581488334668 453.102025641043042 397.006628587925547
-1.060648147433165 -2.188510001145658 0.350403630248076 222.301329141537906 48.331466854476588
-2.879837611066490 -2.479788945339600 0.613971642821233 394.394870808424798 73.503713554151886
-1.227204612053876 -1.563639412415003 -2.128238077156917 336.323292853203725 410.580575174900559
-1.758650262354513 -2.094758788426888 0.162999915595146 334.708762633008973 100.710305065149157
-2.463741830511737 -2.742737599633919 0.021869657707573 352.013418988268825 131.035289218845151
-2.167933194451803 -2.249708908730160 -2.488333089730405 365.317910466504827 340.313182852906095
-2.009814778619000 -2.342507873330543 -0.246987044123800 343.247193898902879 156.771098113412364
-2.946988605128144 -0.055658220898970 -2.329130664628035 599.897512276637713 409.381466207030599
-2.271497481476198 -1.575480529171234 -0.370820220879510 425.829419058345991 173.338330693763396
-2.290638715420272 -1.903272513875875 -2.946655864466461 390.993300900927125 377.536457829859501
-1.416100838720206 -2.167485334628920 0.483216133616751 281.309935322457704 38.044989744938505
-2.078695281559237 -1.243938928372355 -2.857024258985406 425.176936868647942 423.078213511000740
-1.556350529336756 -2.325977289144970 0.023755922121903 297.215024272854066 121.305700968886285
-1.929668853918614 -1.892056182417536 -1.490816483216828 370.804315820236297 290.963945906574622
-1.855336498531666 -2.237003695717938 -1.384817593866376 342.676028023032075 272.242230746984546
-2.161075681935003 -2.546796773237552 -1.581862751178117 347.618025927311351 269.982057715142219
0.492317636367380 -2.948659149863854 -2.458039317552030 40.039507869289082 473.269483597256738
-0.478434186750731 -2.093550077009114 0.337280236615828 58.929623112774323 2.391053593372391
-2.080998288541923 -2.300722040213718 -1.121136592764370 354.479306581695141 241.733906193529918
-1.228382864302860 -2.682255914716023 -2.280802266560253 277.296783959741390 349.007470838043616
-2.400546200419020 -1.423105247647779 -1.772244626728804 435.781645279656232 314.684632759946794
-1.051903137170449 -0.630922389568663 -1.126008669157361 440.877803783545289 436.336570710381693
0.022959853197840 -2.270988525214225 -1.369984646990615 59.339247568485007 383.917957439768998
-2.522210022458577 -0.763523176943374 -2.421485733435911 496.250772571616608 395.362584396346278
-2.352497863176354 -0.419090101970517 -0.676335805967986 598.212852634013188 238.702988704999427
-1.796204727683419 -1.039718736694517 -0.081401968752361 465.405495022616037 127.032705312745037
-2.432360816910140 -2.813992034274774 -0.851971447985204 348.804687349930930 205.476459846136152
-2.579420744306482 -2.558601798734101 0.537724911964138 369.999839639204083 77.470549015566888
-2.258388008239526 -1.957938364818705 0.267446429815599 392.056297570664697 92.664883469167137
-1.499447550469543 -0.951295388520147 -2.155887297687875 420.383944368546167 447.775074107316641
-1.985881528151988 -1.479176692346613 -1.175208923824978 409.412830245162695 274.702703609858986
-0.265597950294425 -2.686827685160679 -2.020846882635039 158.224835496697438 387.455460813798652
-2.286262925337196 -0.222683742643781 -1.492925846979627 597.488212247503725 371.732286681514950

gimbalangles:
-2.271221631792944 0.506732157398716 0.032738291361027

end: