T_CW:
0.829420153479982 0.345467928325815 -0.438992163369133 -0.051344648351847
-0.370394083865904 -0.248167178488915 -0.895109643651541 -0.015789851556084
-0.418175120778819 0.905022078194295 -0.077875582453678 -0.048698688793674
0.000000000000000 0.000000000000000 0.000000000000000 1.000000000000000

T_CW_cov:
0.000000333759940 0.000000050433296 -0.000000047806493 -0.000000042844419 0.000000659207036 0.000000050846745
0.000000050433296 0.000000270945927 -0.000000007329645 -0.000000680136202 0.000000045259800 0.000000030988395
-0.000000047806493 -0.000000007329645 0.000000241461247 -0.000000002044034 -0.000000141576959 -0.000000011675583
-0.000000042844419 -0.000000680136202 -0.000000002044034 0.000002335338917 0.000000063427292 0.000000081210293
0.000000659207036 0.000000045259800 -0.000000141576959 0.000000063427292 0.000001886758620 0.000000121339758
0.000000050846745 0.000000030988395 -0.000000011675583 0.000000081210293 0.000000121339758 0.000000510479436

target_points_pix:
-2.824357361831075 2.662856976185086 -1.590771835887739 324.111048138903357 357.880928231030225
-1.898908933532043 2.702113433106035 -0.405415216554331 336.637588521577129 268.078744632765677
0.452551189003542 1.477154370083086 -0.370993160474207 589.133522088615905 192.834152361230167
-1.402199466133277 2.710830475051597 0.396148209289668 338.370690242132241 196.772816899830616
0.013472752120028 1.996653269589261 -2.299907511588580 583.023642418317422 432.676845732897959
0.071358945903664 2.868895960760703 -0.905108649050095 505.755329369815058 244.798390938852577
-2.509589502277388 1.453728211799895 -1.900572421172508 297.131435203576586 460.800126803966805
-2.380374054855652 2.224103700322538 1.199995224442018 224.726493996758904 175.416793627445259
-0.305473239932581 1.155387490003378 0.201703253774236 376.567202721590320 158.889368702994091
0.817973211799167 2.294819345762404 -0.208289187390903 590.008256158551035 139.853632900704383
-1.413204081926167 1.739064720682327 -0.130330008976248 310.959677396381949 261.490092266723536
0.476025598100615 1.665271949399485 -2.007430023494885 682.810620731401741 443.130595608017359
-2.963043857422604 1.249868543427633 0.270322065075567 144.420197922972278 295.242978944275251
-0.019702490878293 1.917960728927152 -0.737518131556238 502.049073378923026 263.810712217564742
-2.257088156451220 2.708234903726857 -2.063391959977727 369.626704292742090 377.165968880643675
-0.845404378483952 2.695515844627400 1.340110028364365 337.753815066785421 95.624924644161268
-2.114554369033391 2.536828030619504 1.652743675808383 242.027667740361807 131.510632710182449
-2.989156152482370 1.092838546008974 -1.123445487097596 199.031859498757967 433.431632694513041
-2.198719778085213 2.686910366159879 1.224991392497277 263.324974966051968 166.813123161651760
-2.731298943532138 2.653059403052232 -1.394243326989672 322.377722373922722 345.993458708324624
-2.633337585643500 2.526087603565185 -0.471465147788663 292.460124804513100 293.645583526924611
-1.803666274114781 2.921389074211410 0.418560952012865 322.645946022692101 206.944880918030691
0.860697852236524 2.438120206036826 -0.860519764356981 619.434281137791459 217.598990301358384
-1.233322978081925 0.802640124894347 -0.683350301899418 278.856924586533978 405.154886198119470
-1.471500719061330 1.094730027126477 1.722510921937721 94.918494090228080 21.322959292481983
-2.410928658285509 1.524072180481012 0.612262317919119 185.973989732684458 234.387674480195415
0.683770887933879 1.967835955911635 0.575973293792091 537.986050238587609 19.876298131930241
1.297774712209653 2.704606822667046 -2.060317409890036 718.734181602033914 320.701244260148826
-0.891179682591027 2.981549720298155 -1.487781790121257 444.079145887714219 309.401178421282452
1.113529230923907 2.959043605161732 0.604136990276577 561.459871623442950 44.926456621146713
-0.853723967853528 1.528030534754436 1.009861785902686 274.059241591985256 92.171727196860815
-2.260080484105838 2.704238611220442 2.995759768399392 195.912998671991488 42.740159226682806
-2.255264626852401 1.604364350462638 1.819463249134218 137.620772404794792 107.129463560025755
0.258529365432542 0.593447349207453 -0.510877348310836 716.362284569161375 353.843021786791326
-0.719882733921688 0.779123062806577 0.485874919465445 219.436055268533778 140.306041656193372
-1.214682755180987 0.431323625025371 0.052831588855792 108.382797786649007 319.604627030544236
0.787167461629051 2.042498320760199 0.201299038701095 577.888011218306701 74.260520883410692
0.971922361675591 1.968970143655820 -1.562563872244343 729.426218992261511 328.772438094376355
-0.212116741562556 1.789778871300426 0.829726849022180 379.343812463853851 69.131113147753268
-1.804895348092697 1.933541740014618 -1.422982174446762 351.187112487036927 375.879718863671314
-1.046365628292480 2.856196618331841 2.451340543139825 287.621954531014183 19.572617182814525
-1.385389251304131 2.806719883853976 2.543983071641538 261.823281383340372 31.072538713047749
0.896210459174977 2.888775023719487 0.074297014830876 558.726899964861900 114.365840751496435
-1.330024949823912 2.574190105771045 1.125736268335892 308.482060981361485 136.678125933013575
-1.101270699458112 2.960674199173910 0.319783312406470 368.788553145643277 189.964569796359143
-1.227605326131707 2.681976980218303 0.813572596313053 332.514182944144977 157.914549723719915
-2.326818397556014 1.793768432294453 2.559134051889133 119.351621738208280 44.935679477362299
-2.776403877360917 2.368040246002781 -0.828985851687926 289.890463945192323 324.578792955540791
0.632541919085941 2.620853067715426 -2.393082535195631 636.988146518493068 373.323429978811419
-0.906495690038693 1.339944712993076 1.305398959885680 222.021219549916481 41.391232479546744
-1.643571119418271 1.720681526156648 -0.238507495212874 297.143392972040488 281.011507567752801
-1.725010526060548 1.379961557513223 1.728749526176968 136.483440868609534 68.111534200077756
0.858350921909025 1.981968311704984 -2.417792037315026 745.010913843316757 445.212086609504979
-2.807000085204526 2.102898332928304 -1.650994562944460 304.162300213351955 391.254468779780495
-1.005094788592293 1.379687496078377 -1.123734603676930 387.314249809372200 384.020351837005478
-2.764203371167606 2.837739797398335 0.031222772226168 284.582270987760921 257.732970731677426
-0.712678656145664 1.983457794499143 -1.061816085565241 433.146756568094247 319.888752968334359
-1.847317464594975 1.568052479839529 0.708229112793922 218.569651920603803 198.483131855352156
-0.610004568277795 0.564580902220232 0.034429076172600 247.571028377603824 252.841530811631486
-1.040702596941218 1.851191598981524 0.761257738306126 301.707282246036470 146.432523485779427
-2.157901261647881 2.615855068441164 1.216030115121428 261.460320433752656 165.750758626858726
-1.717883618897727 1.533259218394615 -0.214812038694018 275.902834336521778 289.977282175136281
-2.474755227043269 1.797130439944961 1.532062213070679 166.171347291533237 150.661182554030120
-2.898714295171244 2.409541803822898 2.871769284488597 151.760783665170351 75.976273336755213
-1.696557365841088 2.250030431273891 -1.430046205317763 370.682235244967217 354.474323337890041
-0.066749120151215 2.889393575750106 -1.813526734269057 524.499889669239337 320.487491770751319
1.146827098132877 2.456126826250834 -0.971119918071874 672.410616803641460 214.858826966684632
1.863817084506842 2.713682461887588 0.066728388683226 733.423256446101846 25.029705559706827
-2.763583812736974 2.575899630623996 0.177181015127741 267.119684120275565 254.397405859723847
0.727984727606241 1.990146137895145 -1.362760578457041 661.360392879864094 308.120621775004111
-2.552648262493129 1.689930588152716 2.429763098690281 103.434963191997895 68.896366746895382
-2.915577286459229 1.801525502847701 0.920206044397381 175.786777126890854 221.254755091963887
-2.255031087818837 2.746933246465083 2.562123245223610 215.792085421410405 75.656811762526360
-1.920808214580888 1.642330667732721 1.690984194835790 166.642474072132416 99.034774973378688
-1.505721367944419 1.488196072446144 0.193568323827183 265.135510589595981 239.482802537893036
0.766478011014490 2.965391469717980 -0.103314602836315 547.543316322462033 141.353511892508635
1.106019546979264 2.483062061216136 0.385456719173439 595.683942369753140 42.971878987331820
0.477353811056686 1.309500861198641 -1.568020660815786 714.538309414054538 441.929298857285630
-0.479153692679909 2.389123245166346 -2.638982861176753 522.652391954809787 424.941171748274655
-1.737626814041382 2.443412014771557 -2.625146756572034 414.682160887802866 424.948519217888702
-2.719682312836279 2.126955088651576 -0.883629487670981 282.345268912270171 338.017339480652993
-1.423907139449947 1.716354722105354 -0.125139876136535 308.278953697104271 262.229317048093378
-2.845182333049369 1.049399111448471 0.707891814032055 94.954561082831560 256.673738739870146
-1.039066990360902 2.498047758366645 1.622616343361779 302.107027750500151 76.105638819824208
-0.145963956970545 2.650155075455251 1.296000655472000 393.522291303451254 53.239970582176568
0.181582782636632 2.007621064638244 -1.833757988421209 585.873492724258199 379.291338750356203
0.552200535814588 2.096173843931648 -1.337865529537719 616.651424266205368 303.769754723510800
-2.792173882683769 1.824353030110190 -1.322370677642771 277.924161867387909 386.836310261706899

gimbalangles:
-0.086782647456584 0.454476666287565 -1.965460256515100

end: