T_CW:
-0.325790280291257 -0.805204918444418 -0.495485350520742 -0.051013342346224
-0.715131667030032 -0.132929748316211 0.686233473989310 0.003550463979708
-0.618423311396483 0.577905460543078 -0.532520315664953 -0.014812220724349
0.000000000000000 0.000000000000000 0.000000000000000 1.000000000000000

T_CW_cov:
0.000000625262011 -0.000000114977442 -0.000000006062304 0.000000155236216 0.000001263766123 -0.000000095436654
-0.000000114977442 0.000000422478924 -0.000000040307430 -0.000001079192530 -0.000000125142105 0.000000103954919
-0.000000006062304 -0.000000040307430 0.000000336634444 0.000000183084065 -0.000000058350849 -0.000000011565819
0.000000155236216 -0.000001079192530 0.000000183084065 0.000003547197714 0.000000024519570 -0.000000253218667
0.000001263766123 -0.000000125142105 -0.000000058350849 0.000000024519570 0.000003352761612 -0.000000028718535
-0.000000095436654 0.000000103954919 -0.000000011565819 -0.000000253218667 -0.000000028718535 0.000000813501844

target_points_pix:
-2.824357361831075 2.662856976185086 -1.590771835887739 346.689060535002170 273.500045475011291
-1.898908933532043 2.702113433106035 -0.405415216554331 259.393416938386849 299.199258443316467
-2.450959096546251 0.887174984101025 -2.185364504945775 460.228488488758614 250.125460106128031
-1.169860562919528 -0.091558114088769 -1.370089940519724 564.307584635524108 224.224953408564517
-1.402199466133277 2.710830475051597 0.396148209289668 159.131240047932607 340.104113980133775
-0.433981154400584 0.360482734040993 -1.227556446982552 463.812744764035756 114.600887133993638
-1.283002091526680 -0.747761295642913 -2.974165121150432 681.354036414091524 111.698576136418680
0.013472752120028 1.996653269589261 -2.299907511588580 321.523443216776514 49.629778489941657
0.071358945903664 2.868895960760703 -0.905108649050095 150.288609499874298 117.535570949721404
-2.509589502277388 1.453728211799895 -1.900572421172508 413.654930403477749 261.028799427177034
-1.932373118625581 -0.301247473780037 -0.748190514007685 580.514067050885615 396.624972079698466
-1.378362181910605 0.618348902777373 -2.281219500340824 478.708189060440873 173.485367266036548
-0.305473239932581 1.155387490003378 0.201703253774236 51.951294461917428 307.685479356356268
-1.413204081926167 1.739064720682327 -0.130330008976248 259.409799554764220 326.323318744189635
-2.963043857422604 1.249868543427633 0.270322065075567 352.465682025954891 455.782382927120750
-2.631875109736306 -0.240675551070411 -1.776525725434079 563.241973926900869 309.391904906213767
-0.019702490878293 1.917960728927152 -0.737518131556238 177.803524403562733 119.576699867409928
-2.257088156451220 2.708234903726857 -2.063391959977727 346.940666183197436 230.101067917481316
-2.434946475471317 0.763369620477728 -1.995048092810875 465.427842270865483 261.722667343671333
-2.989156152482370 1.092838546008974 -1.123445487097596 422.612930800897516 336.276869515827059
-2.198719778085213 2.686910366159879 1.224991392497277 148.520308761226005 461.396764737481021
-1.400378524680470 -0.373692266792882 -0.723315108802065 627.591857612009335 371.899541553038034
-2.731298943532138 2.653059403052232 -1.394243326989672 338.137991610676011 279.204973921814371
-2.633337585643500 2.526087603565185 -0.471465147788663 303.004433636489694 328.860300486781739
-1.803666274114781 2.921389074211410 0.418560952012865 184.590712638549661 351.949399266746809
-1.233322978081925 0.802640124894347 -0.683350301899418 381.896599059193591 287.137892938619871
-2.410928658285509 1.524072180481012 0.612262317919119 280.470734196797309 471.231012299462805
-0.211847087088451 -0.016358100223187 -1.587362582759622 583.013041076387367 2.776426028790269
-1.229274616003010 0.885870998101303 -2.973981768562813 469.755177529294315 130.942228431562057
-0.891179682591027 2.981549720298155 -1.487781790121257 262.399412670501249 178.028608849982788
-1.574702039722106 0.364789639504317 -2.118673466932528 503.477602674092964 200.338847995019819
-2.595439083965168 0.961530690973988 -1.999310842272557 451.439905330619013 266.673258172788508
-1.214682755180987 0.431323625025371 0.052831588855792 368.016607364433071 454.559981837697705
-1.804895348092697 1.933541740014618 -1.422982174446762 349.700292061242067 244.504558487391250
-2.349568547252482 0.359468555819674 -2.925548872768864 516.795900404345730 211.515040107995901
-1.330024949823912 2.574190105771045 1.125736268335892 54.638726846906195 437.098764708318868
-1.101270699458112 2.960674199173910 0.319783312406470 130.383436731683787 307.184339374093838
-1.227605326131707 2.681976980218303 0.813572596313053 87.584305705991824 380.345291013555993
-2.776403877360917 2.368040246002781 -0.828985851687926 331.036424593475374 315.689507126065337
-1.250208973576321 -0.463343223077262 -1.630726133430340 648.898169261394742 211.117187210139690
-1.772576321051908 0.132103252139055 -2.512721845275342 536.645691047236596 193.952534223839422
-1.010319458838606 -0.832182229422446 -2.808380135190275 723.613529729615607 77.213565912897280
-1.643571119418271 1.720681526156648 -0.238507495212874 286.092656332432398 329.171090218359495
-2.807000085204526 2.102898332928304 -1.650994562944460 374.537786995815452 277.500072552683775
-1.005094788592293 1.379687496078377 -1.123734603676930 341.741105079370072 211.519233863239862
-2.946988605128144 -0.055658220898970 -2.329130664628035 544.336612210371413 281.278744820368502
-2.764203371167606 2.837739797398335 0.031222772226168 269.518235336220982 357.987664008822321
-0.712678656145664 1.983457794499143 -1.061816085565241 274.603491578018804 185.357887418043276
-1.847317464594975 1.568052479839529 0.708229112793922 220.132967763039488 473.480618231507265
-0.610004568277795 0.564580902220232 0.034429076172600 258.406138728348083 379.684608474370862
-2.078695281559237 -1.243938928372355 -2.857024258985406 730.329020479380119 203.969736811593293
-1.040702596941218 1.851191598981524 0.761257738306126 79.829059529667006 431.102491854969571
-2.157901261647881 2.615855068441164 1.216030115121428 147.486326632470394 464.779395315764305
-1.189518955913883 -0.058473315080941 -0.846586426509932 545.985895109128023 299.303573857166214
-1.717883618897727 1.533259218394615 -0.214812038694018 302.122415466156951 343.589807119630052
-1.031056898747028 0.168130809075145 -1.923917057900469 528.176112517454158 156.143414842287086
-1.696557365841088 2.250030431273891 -1.430046205317763 328.298285430126782 234.596535604837158
-0.066749120151215 2.889393575750106 -1.813526734269057 242.879777437379886 96.256458474959999
-1.759318631044138 0.648398231011291 -1.403433141075416 451.902753410668311 262.970560994713196
-2.522210022458577 -0.763523176943374 -2.421485733435911 636.557365444670495 264.534644511819295
-2.763583812736974 2.575899630623996 0.177181015127741 272.493047932288164 377.319106575462229
-1.178935935554503 0.589036201832247 -2.686624603397514 491.083669299360679 134.922899840161335
-2.370991121603209 0.787385748788858 -1.787318215078205 457.617288989590918 270.701315936715218
-2.135111532933809 0.371175105044514 -2.854808477241397 515.311169596161790 201.543762858967625
-1.599334292554433 1.437065658575593 -2.349552550339062 413.040193028246279 187.640538669381755
-2.352497863176354 -0.419090101970517 -0.676335805967986 590.752023192976367 437.883872603974055
-1.505721367944419 1.488196072446144 0.193568323827183 251.745687227244559 386.326799387898177
-1.602034344355351 1.010826451189645 -2.146107795380581 439.741013636188256 198.594576418953920
-0.479153692679909 2.389123245166346 -2.638982861176753 334.985919392892299 99.035031496457350
-1.737626814041382 2.443412014771557 -2.625146756572034 365.804582555674244 184.561194479072469
-2.719682312836279 2.126955088651576 -0.883629487670981 343.689661676197716 315.669211509672436
-1.423907139449947 1.716354722105354 -0.125139876136535 261.265091414932442 328.530350150933089
-1.499447550469543 -0.951295388520147 -2.155887297687875 738.962714580299917 195.199961222309867
0.181582782636632 2.007621064638244 -1.833757988421209 276.819099683021875 40.796302599153478
-2.286262925337196 -0.222683742643781 -1.492925846979627 564.153053612432814 314.938824112575787
-2.792173882683769 1.824353030110190 -1.322370677642771 378.410306972171441 298.830805239175390

gimbalangles:
-2.481655275948651 0.518393505496059 0.384470257527907

end: