sensor_name: static1
sensor_id: S1
model_type: pinhole
distortion_type: radtan
width: 1280
height: 1024
fx: 664.312866
fy: 665.058966
cx: 637.142353
cy: 516.365863
k1: -0.183064
k2: 0.052033
k3: 0
p1: 0.000695
p2: 0.000673