T_CW:
-0.8371426248 0.5469846668 -0.0000000000 -0.0300000000
0.3515949665 0.5381049068 -0.7660444431 -0.0783022222
-0.4190145645 -0.6412884558 -0.6427876097 -0.0321393805
0.0000000000 0.0000000000 0.0000000000 1.0000000000

T_CW_cov:
0.0000007117 -0.0000001534 0.0000001168 0.0000004432 0.0000018822 -0.0000000962
-0.0000001534 0.0000006848 -0.0000000365 -0.0000019264 -0.0000004103 0.0000002284
0.0000001168 -0.0000000365 0.0000000976 0.0000001102 0.0000003078 -0.0000000191
0.0000004432 -0.0000019264 0.0000001102 0.0000054767 0.0000011852 -0.0000006534
0.0000018822 -0.0000004103 0.0000003078 0.0000011852 0.0000050326 -0.0000002577
-0.0000000962 0.0000002284 -0.0000000191 -0.0000006534 -0.0000002577 0.0000005495

target_points_pix:
-1.9221166002 -1.9663354306 -2.1468861812 856.0899756468 289.1138237584
-1.9802765316 -1.8045886900 -1.7091154059 928.0311306793 179.4196414442
-2.0367121883 -2.1929650405 -1.4116115292 861.2314755421 13.5703587013
-1.8813091829 -1.6492230086 -2.0987515410 920.2954914435 339.1967728996
-1.9952865137 -1.5586000442 -1.6116522055 1005.9896499938 188.3182253536
-1.9585876503 -1.7206606709 -1.6496159000 947.1558709959 176.5286325809
-2.0979104363 -1.5458682890 -2.0934762486 1004.8487182690 330.1479540816
-2.0340556057 -1.5717316181 -1.5723282968 1016.3450896630 167.3456968585
-2.1899931001 -1.4689067442 -1.4424310350 1104.6249488064 119.7774766605
-2.0123749693 -1.3051194687 -1.2605724813 1127.3544459319 97.8193047377
-2.1330431348 -1.1238264740 -2.1749385310 1127.0849991972 437.4232294103
-1.8931619140 -1.4242961790 -1.8619772805 997.4613764514 312.1534427437
-1.8156937678 -1.2788976583 -1.4720111433 1051.3304717699 216.4286944561
-2.1048315546 -1.4420218644 -1.3322701860 1099.5367594749 91.3730102692
-2.0275988338 -1.0451784956 -1.8548879915 1157.1407925727 375.4257845717
-2.0740832194 -1.1457875937 -1.8085477659 1141.0905077188 329.6177343029
-1.8048856477 -0.8113928394 -1.5416979154 1220.5692747566 362.4447211216
-2.0263796769 -1.1692429330 -1.4253872039 1162.8015093452 191.7692682663
-1.8072466993 -0.9142648409 -2.0509648423 1116.5026199932 508.2595964852
-1.8873716097 -0.8301472013 -1.9077868950 1187.4572121231 472.4883373229
-2.0424561488 -0.9183195632 -1.6014494401 1241.6389185680 315.4663285636
-1.6528525047 -1.8988645247 -1.9727573103 801.5663834428 283.3727750677
-1.9130254349 -1.8860765796 -1.6464160941 891.0765254852 152.3107819920
-1.6971427193 -1.9147061648 -1.5994332875 821.1231461854 155.3827044842
-1.8882251437 -1.7216178320 -1.9143727145 912.9990501044 270.0900548188
-1.6982756279 -1.3603867850 -1.9128438210 954.3588832887 370.6565689047
-1.8876670961 -1.4066149089 -1.9187156197 997.0012987392 334.5829151658
-1.8462753154 -1.0571684346 -2.1965330153 1067.3809533513 505.4110615678
-1.9317673488 -0.6338474593 -2.1627174347 1240.6148337799 598.5577993899
-1.7579705380 -0.5772389801 -2.1935923520 1207.3792770160 661.5583753988
-1.4411075920 -2.0047310802 -2.1884385161 714.4961863360 351.0178661122
-1.5636460166 -2.1015147070 -1.7670923026 734.3739493125 194.1796519513
-1.4260408633 -1.8229054887 -1.5300131216 756.9952223568 179.5376891226
-1.3399871004 -2.0056671780 -1.2549875334 684.2796561396 49.3544666339
-1.5219180490 -1.8699384584 -1.8978367480 770.5089546484 282.4801416306
-1.4682522470 -1.5686725384 -2.0065486827 822.6504026115 386.3636378175
-1.5548618276 -1.2661538459 -2.0485354989 928.8245560345 458.0359534854
-1.5594104961 -0.9227059103 -1.8929279979 1051.4372043941 503.2444040853
-1.5268858466 -0.9034280657 -1.9429658399 1042.5894263383 531.6198847552
-1.0892432491 -2.1781532013 -2.1928852506 576.3778991176 363.2370487775
-1.1045450740 -2.0836019116 -1.7259294662 588.5642809115 238.7131423204
-1.1903101363 -1.9710198513 -1.5405061849 639.2869337661 184.6406095655
-1.2890348075 -1.9994550703 -1.3783793257 667.3865094958 105.8987813304
-1.2316108156 -1.6002939991 -2.0136714895 737.9000791660 417.2221854892
-1.1236390632 -1.6723554829 -1.9513804356 684.6769139488 397.7486093806
-1.4317858123 -1.0551176296 -1.9035718307 962.1306366610 492.2982686087
-1.1364814913 -1.1054498984 -1.9291642293 838.6025579875 543.8035163106
-1.0697359937 -0.8988463701 -2.1613215268 866.9363198833 697.2211046165
-0.9278648461 -2.1623143671 -1.9122754340 518.0677554628 305.9694862203
-1.1970903097 -2.0119519131 -1.8409716733 636.2757485553 278.4709294809
-1.0262459419 -2.1327927978 -1.4283592435 542.1164506511 132.3586872279
-0.9575045136 -1.9115817110 -1.1792712318 552.8349184955 78.6242935154
-0.8443794031 -1.8071398690 -1.0955409877 522.8482474681 75.0483506254
-1.0920435109 -1.8769257744 -1.8507553072 628.3265049828 323.9331054892
-0.8217986006 -1.4231447447 -2.0815741753 632.5497738851 556.2090046794
-1.0911494608 -1.1818016687 -1.9649873378 797.8211039027 540.6160969198
-1.1280067953 -0.8565214532 -2.0582172524 908.0737900998 669.1691044850
-0.6316084140 -2.0274981562 -1.8786262742 431.1211358513 366.6496547134
-0.9035524778 -1.8286837590 -1.7451155714 567.3309358195 327.3980917442
-0.9479648369 -1.9014220938 -1.5210612308 562.5163225815 223.7539212802
-0.9432146670 -2.0560567738 -1.2161047290 516.4903062774 69.6017546842
-0.7223513166 -2.0494162625 -1.0749999326 411.4665285247 33.2384831205
-0.6319736503 -1.7177400197 -2.0925003425 497.9742322141 510.6821703174
-0.8635723492 -1.6173579517 -1.8943794162 601.2408223018 436.1687480899
-0.7482452858 -1.2476348032 -2.1539879505 646.5938339980 647.2518599926
-0.9203595300 -1.1508216233 -2.0333945953 739.6825644046 607.0255891895
-0.5144810341 -2.0414948860 -1.8602799657 381.3231275902 375.4644472643
-0.6620010583 -2.1660087974 -1.6901725747 408.0975987445 268.5088811219
-0.4142942321 -2.0953978622 -1.3107196396 278.7609360673 172.5674123223
-0.5530260388 -2.0939750219 -1.1044124804 324.4267724069 60.2042684533
-0.3947811777 -1.9984441214 -1.0106780799 247.5391715141 54.2381884998
-0.6599330818 -1.6619423208 -2.0552645162 517.9914452324 510.0332595186
-0.4940653931 -1.4320781224 -1.9938969174 493.7141855887 593.6383713115
-0.6363881488 -1.3993371856 -1.9196929323 559.1686494898 550.9113774611
-0.1465099906 -1.8328272246 -1.8981954512 257.6633188627 508.0197487357
-0.3223157237 -2.0889569064 -1.5800920492 266.2806954098 296.3831010999
-0.3090886800 -1.9464609966 -1.6565812355 289.6250317220 362.9167891743
-0.1811950139 -1.9637254206 -1.1985033871 161.8757658033 188.8624115847
-0.2850391173 -1.8672154483 -0.9145653236 190.8019841690 46.5806153995
-0.3426600909 -1.6986843663 -2.0131679466 378.0913818911 546.3350819718
-0.1400668675 -1.5443412508 -1.8055001948 288.9895030644 572.5313078866
-0.2770033012 -1.3320833847 -1.9451609895 411.3269265923 663.4921909881
0.1335359145 -1.8428479847 -1.9814673882 133.1543837514 588.0080238031
0.1715342562 -1.8377072737 -1.7077555890 68.6204997115 506.3773953334
-0.1848550685 -2.1502072710 -1.5052238707 184.2274551016 274.5383009911
-0.0221415043 -2.1156067050 -1.0512833639 24.5336979429 104.1461568474
-0.0493717641 -1.9211444237 -1.8066152366 188.1977052124 470.0238699482
0.0848713846 -1.9450227874 -1.7652455950 112.6559852236 474.6639039373
0.2918924149 -1.8026157144 -1.9498619558 51.1877312118 626.5924308897

gimbalangles:
2.2797564819

end: