T_CW:
0.7866869391 0.6173521361 0.0000000000 -0.0300000000
0.3968263039 -0.5056726171 -0.7660444431 -0.0783022222
-0.4729191733 0.6026371581 -0.6427876097 -0.0321393805
0.0000000000 0.0000000000 0.0000000000 1.0000000000

T_CW_cov:
0.0000004645 0.0000000909 -0.0000000355 -0.0000002595 0.0000012270 -0.0000000327
0.0000000909 0.0000005240 -0.0000000373 -0.0000014562 0.0000002436 -0.0000001127
-0.0000000355 -0.0000000373 0.0000000787 0.0000001102 -0.0000000925 0.0000000088
-0.0000002595 -0.0000014562 0.0000001102 0.0000041006 -0.0000006948 0.0000003091
0.0000012270 0.0000002436 -0.0000000925 -0.0000006948 0.0000032922 -0.0000000847
-0.0000000327 -0.0000001127 0.0000000088 0.0000003091 -0.0000000847 0.0000004630

target_points_pix:
-2.0752253339 0.4044434237 -2.0040710625 38.8618507049 545.6049755520
-2.0036208889 0.5847712081 -1.8948754516 115.4198503078 477.5798143427
-1.8339332329 0.6816269267 -1.3275965161 114.7440302322 272.0150300564
-2.1835710067 0.7113300082 -1.9318055951 127.5758225139 422.0575936881
-2.0143150859 0.8005527293 -1.8945758840 198.1311819181 420.8676569779
-1.9231742053 0.8110639259 -1.5432094472 181.5537138920 311.8513997682
-1.8807234739 0.5757652317 -1.3228588133 46.5679310392 288.0339320636
-1.8227064158 1.0494738780 -1.8443991983 333.6143461552 381.6710176060
-1.8509328536 1.0386621013 -1.7974766609 317.9360024052 363.4950616173
-1.8015030399 1.1161808712 -1.5534731021 337.8671046481 267.9848860055
-2.1081355453 1.0398044225 -1.3625749935 201.7319870590 159.1613225396
-2.0488126483 1.4380370230 -1.8834289392 399.6903461570 278.4569753984
-2.0567037251 1.1028909532 -1.7309193584 279.2535619216 292.2014799079
-1.9389057584 1.4372610854 -1.5758196013 409.3695959229 191.5251523279
-2.0911182403 1.3804638920 -2.1341007448 388.1172198476 356.8754227339
-2.1122188602 1.5154501049 -1.5816655415 387.3282799646 156.8729257489
-2.0342884793 1.4538768698 -1.5469457062 386.5730831233 165.1129839672
-2.0866935364 1.6184103766 -1.2425579830 404.2054341322 16.3511122440
-2.0014347219 1.7078845289 -2.1012093477 494.7933088188 301.6582215626
-1.8547618140 1.7225401945 -1.8078244384 525.9508957602 231.3882826789
-2.0072416156 1.6140671196 -1.6908236948 450.3930022610 191.4465304636
-1.9639243003 1.5608595716 -1.1649375478 415.6687832195 6.3944828260
-2.0038303013 2.0575135301 -2.1270901508 576.8129691752 252.2875203662
-2.1470381419 2.1145932488 -1.6135478239 542.4417007507 76.1211532827
-1.9564693180 1.9434128026 -1.6015795891 549.4329196915 116.2576719036
-1.9105360566 1.9809712425 -1.4134013561 566.8779853735 50.0660965719
-1.7632616332 0.4374488688 -2.0163576747 133.2440073974 613.3071905513
-1.9167180805 0.6502726713 -2.0705326719 187.1645666579 532.8560552817
-1.6238184307 1.0130904683 -2.1368105390 399.3642846813 518.1747452675
-1.8572581003 1.1555460819 -2.1060237815 378.9076472523 432.1368949631
-1.9452187938 1.6869499342 -1.8862993651 495.4075036766 249.8399031046
-1.6263414072 1.9009207450 -1.9029763512 636.1270432672 261.1483244257
-1.7938627340 1.8660562055 -2.0782733968 585.0351982905 296.0289844159
-1.6184308787 1.8073958723 -1.7668520918 613.6346897199 235.6554469262
-1.7577251011 1.9604673058 -1.4822890344 607.2406093254 95.1772354580
-1.8550348308 1.9371888628 -1.2800201119 567.8403144655 11.7253623732
-1.5791355639 0.5374848681 -1.9457535413 217.7886959673 606.2945106292
-1.6501355010 0.7157043292 -2.1087474774 287.0504078924 584.4601216200
-1.3592904140 1.0909658465 -2.1851856090 503.9249525123 566.0684888792
-1.5590499261 1.1874940771 -2.1526605445 472.5473142201 492.3007721488
-1.5757745729 1.6288697621 -1.9103398014 582.6408914167 320.9782243472
-1.3244016479 1.8144413868 -1.9336562919 705.3043093682 330.5128472113
-1.5376634344 2.0569827124 -1.9344095317 697.3294336568 255.8485665543
-1.5380738672 2.0249670526 -1.9402045005 690.0778658784 262.9657290853
-1.5041704561 2.1644575621 -1.6799082148 732.6095343733 162.4503041777
-1.5671864977 2.1306784232 -1.2809612645 708.0908911325 16.3010413379
-1.3157817243 1.9429941230 -1.1422706580 748.6112313684 15.1183967379
-1.2803984165 0.4564333986 -1.8119563847 258.4120187884 674.8428613136
-1.3917419720 0.5734831894 -1.8785099623 282.5582388820 622.2267416467
-1.3356328486 0.9193998904 -1.8476235929 435.4018538884 516.3613707655
-1.1329537274 1.0838303633 -2.1376926140 572.3167735171 604.6891692102
-1.2190813476 1.3798719968 -1.9537120089 626.5667457423 451.3385680318
-1.3077586703 1.7380747572 -1.8915694221 692.1062322097 335.3755244629
-1.1073062340 1.9143356816 -1.8099389513 801.3482310235 305.2077243971
-1.3141370620 2.1921020916 -1.7686534849 795.7155523687 211.0270733346
-1.2916984902 2.1033183010 -1.5281295457 789.1123940048 146.6680882861
-1.1413049017 1.8521756327 -1.2503095271 788.7144209520 101.0579404264
-1.0720818380 2.0508822425 -1.1769081994 869.8235591267 43.6983108383
-0.9213923119 0.6936566719 -1.8158918035 498.6969794901 694.8513181535
-0.9197688999 1.1763899925 -2.0413765988 673.6078946877 599.0012540148
-0.8764536400 1.4059935960 -1.9572111547 755.0320544720 516.2149045044
-0.9414224818 1.3385083174 -2.0996017911 711.4038875065 563.9847644065
-0.9187346701 1.7351181522 -1.8963780792 823.6938420537 404.3909490275
-1.1529967376 2.0563168113 -2.1661465793 807.9479076539 377.5165569120
-0.8820781729 2.0234199063 -1.6435393472 913.6252438186 261.8945172448
-0.8748797260 2.0718850172 -1.3880594780 942.4797102048 156.5153249675
-0.9465772767 1.9306066900 -1.1333201170 894.7296723695 61.8048657667
-0.7257215869 1.1637273095 -1.9809265724 745.6119898694 633.1905623999
-0.7639138346 1.1025790106 -2.0546763088 711.2936691749 665.8622422891
-0.7660079664 1.5533281780 -2.0204985617 832.7021069198 519.2169496384
-0.8418474935 1.8492723780 -1.8767407226 878.8091706831 385.5912853727
-0.6214503911 2.0011163030 -2.0804553279 980.3423478842 453.2153907303
-0.5780201406 1.9503515961 -1.5578764583 1028.9661998397 297.7288682056
-0.7511423649 2.1572910155 -1.4183356052 1009.4569614786 170.7909293042
-0.6866916911 1.8731422773 -1.2897438849 986.4069542268 185.3816594539
-0.8291176503 1.8463283609 -1.0492262872 931.9767762177 53.9961515933
-0.3940264734 1.1357138824 -1.8565624263 890.8057679574 697.8242453648
-0.3082166681 1.6907242396 -2.0314835105 1050.3052054730 585.6234594331
-0.6448091371 1.8818765999 -1.8338778347 964.3609727249 400.0915109941
-0.4035810572 1.8196444843 -1.9633355322 1041.0717682724 506.3354594248
-0.5617061682 2.0176884646 -1.7492960367 1032.4940877535 354.6916808675
-0.5762992154 2.1179589578 -1.3554400287 1083.9956627543 180.0251923239
-0.6100145261 2.0163725987 -1.3029655622 1053.0683908622 173.2538808546
-0.6297357995 1.8838706853 -0.9646989781 1049.9762217753 32.9713017626
-0.2295808476 1.5833745047 -1.9280668241 1075.0305870521 606.5049471932
-0.2288478029 1.7229587019 -2.1713108242 1077.5572837598 635.4020565224
-0.2971911650 2.0186508778 -2.0714460476 1112.0070554668 508.5592794687
-0.2953695788 2.0744306739 -1.6007389710 1177.7269200261 337.1396646667
-0.3327855196 2.0041277111 -1.3840576797 1176.3449459936 260.1418314888
-0.4466021864 1.8242623228 -1.1806339484 1107.5997759516 189.2879404265
-0.3573603580 1.9284946584 -1.0399192768 1201.3549334938 109.3444019323
0.0580140353 1.6564749291 -2.0056001193 1222.0790840138 682.1552230651
0.1129876959 1.7098210899 -1.9997964193 1260.6563760686 676.6297886215
0.0202068271 2.1113784809 -2.0826427717 1263.5795341936 553.3616352270

gimbalangles:
-2.1990028325

end: