T_CW:
0.4761269963 -0.8793765310 -0.0000000000 -0.0300000000
-0.5652523384 -0.3060485339 -0.7660444431 -0.0783022222
0.6736415050 0.3647344398 -0.6427876097 -0.0321393805
0.0000000000 0.0000000000 0.0000000000 1.0000000000

T_CW_cov:
0.0000005630 0.0000000859 -0.0000000534 -0.0000002345 0.0000014733 -0.0000000528
0.0000000859 0.0000005173 -0.0000000314 -0.0000014564 0.0000002094 -0.0000001950
-0.0000000534 -0.0000000314 0.0000000710 0.0000000936 -0.0000001326 0.0000000143
-0.0000002345 -0.0000014564 0.0000000936 0.0000041547 -0.0000005695 0.0000005346
0.0000014733 0.0000002094 -0.0000001326 -0.0000005695 0.0000039078 -0.0000001296
-0.0000000528 -0.0000001950 0.0000000143 0.0000005346 -0.0000001296 0.0000004690

target_points_pix:
0.6182712278 1.6636683500 -1.8178750298 55.3142308698 589.6879650772
0.6917889005 1.6605628289 -1.9153363064 104.4470754095 595.4422390928
0.6861369922 2.0177549577 -2.1359962891 25.1885653819 597.1353210719
0.8347556225 0.9123398415 -1.9235444340 449.7496173160 702.7382173716
1.1981999858 1.0113993311 -2.1238999532 527.2056645556 606.9364097471
1.1653186556 1.2451867740 -2.0812263958 429.9666908325 563.9567022070
0.8890987780 1.6535147810 -1.8036159092 166.8364211305 492.7419459559
1.0812056918 1.6101957530 -2.0611834659 278.4385107655 522.7955019352
0.8168996091 1.8783696711 -1.9477449235 86.7997519268 523.6681856623
0.8460622909 2.0547894297 -1.8492642470 27.4078429047 453.7571803544
1.0564090808 2.1003346994 -1.5296410924 42.0745136422 275.9046822590
1.1110084514 1.9235336780 -1.2463510526 73.8782915898 168.0615224424
1.2032753547 0.2645148242 -1.8238494440 860.7223826495 663.7413526757
1.4306274339 0.4308040841 -1.9543672687 819.9494793966 584.1712324101
1.2008567245 0.6297796265 -2.0475242118 680.6759493454 656.5145480175
1.3177547534 0.9829887943 -1.9275302017 561.6052444153 513.8132520774
1.2166538022 1.1243311453 -2.0984095424 488.7916621222 573.6215426477
1.2534387693 1.4042816883 -2.1271438066 402.2874244705 524.7091875978
1.3301668377 1.7488035525 -2.0715025133 309.0581441355 437.0898614822
1.2979871322 1.8572265450 -1.8891421815 249.2973617897 374.5302781098
1.0969822034 1.9415982477 -1.5650981868 113.8606163526 301.0413854298
1.1040556031 2.0115566509 -1.5430429039 90.6996934028 281.1797553824
1.2164093231 2.0740255218 -1.1797555361 55.7448391983 95.6400924057
1.3344161846 2.0063298798 -1.0812565365 110.3582519889 33.1443051502
1.5696691048 -0.2374520310 -1.8092501578 1193.2248373624 619.3600178700
1.3618475632 0.0845802788 -1.8129035773 987.0231132541 634.5364495794
1.6255085224 0.2358285422 -1.9199901380 945.4086344082 542.8488520129
1.5302247761 0.5208145433 -2.0427081241 796.9912087084 561.7763708847
1.6891581496 0.8208092222 -1.9402937266 709.1190635296 435.3077646444
1.6550291668 0.9849206446 -2.0816303475 641.7613421460 463.5987762331
1.4599354259 1.1281127119 -1.9168790001 541.8733235638 445.0299088885
1.3608744688 1.3786190287 -1.8404976115 421.4289022293 409.9510665216
1.3328779171 1.9303904193 -2.0943921518 257.9161026323 418.6287520392
1.6905155624 2.1123487386 -1.8272960049 280.4542380809 239.2689535409
1.3670437746 2.1085656360 -1.9470678720 202.0468900159 344.1566833397
1.5911216728 1.9995606427 -1.6491432373 269.5594182366 212.0300254893
1.3882493757 1.8446951888 -1.0503425138 183.7164939507 24.5535459347
1.8496731403 -0.5125324509 -2.1388159692 1308.9147291506 671.0108430283
1.9386255175 -0.3329192843 -1.8096530681 1275.5265909253 503.9742733779
1.8304743292 0.0130800510 -2.1917570920 1051.6054946089 596.8204240099
1.8760928665 0.2945310113 -2.0520699411 947.9240924232 496.9286314519
1.9227470392 0.4291212663 -2.0033337260 902.2980906170 449.0535163675
1.8553778200 0.8419135852 -1.8622262487 734.1154800088 364.4043291523
1.7463991344 0.9501732298 -1.9611408615 672.1692542118 408.3812883056
1.5956944154 1.1845239711 -2.0629449355 558.6347390765 445.2418811991
1.7690751164 1.6723849685 -2.1735322540 448.0465591645 373.9308078967
1.6090419170 1.8701769459 -1.9242906010 336.2351209176 312.5539719571
1.6545523353 2.1920472514 -1.8085601587 246.9484399626 231.9787835735
1.8907629288 2.1738643441 -1.5539227425 293.5752885543 107.6183557193
1.5651760501 1.9011556306 -1.6414494429 291.2830297810 225.5320285842
1.7631702608 2.0808056352 -1.2812136364 260.4096791461 35.9625466629
1.8885494940 -0.3425903546 -1.8054157975 1278.0610677010 521.0694981061
2.0455430596 -0.3773170723 -1.9307038423 1285.5565323997 517.1310944756
2.0480357724 -0.3184675408 -1.8653327192 1266.4317417392 485.2329188199
2.1516010315 0.0514003866 -1.8782818612 1099.8237715973 402.9888682719
1.8457720871 0.0187633843 -1.6776015658 1103.6339800338 426.3587979186
2.0749550863 0.0247220718 -1.3704456468 1164.5064594765 237.9077372110
1.9811569292 -0.1196215702 -1.3969824230 1230.1957157374 296.5088392030
2.1374943649 0.0698232034 -1.1778551054 1173.6453936692 129.7504381708
1.8634769485 0.0715380034 -1.8618622747 1060.1486102143 476.3462499808
1.9109171222 0.2273973581 -1.9251597013 990.1671751515 458.1073113627
2.0922931957 0.1693856270 -1.6973200950 1058.3181845937 340.4336758321
2.0659552518 0.2229873537 -1.4230803426 1056.8185999548 235.0625764661
1.8640985772 0.4482088153 -1.1681110844 936.0630108353 141.7840652825
2.0085784985 0.5661478600 -2.1355031077 856.3204723238 446.5928053312
2.0066888307 0.6813156892 -1.5906695522 831.3269730527 255.1293634263
1.8102394135 0.4653526895 -1.4241076530 900.4910997296 267.7494059067
1.9858728767 0.3186794377 -1.0625362128 1034.1940780550 77.3323717821
1.9992997518 0.4851987211 -1.0367096055 950.8622725176 41.6280138787
2.1082567397 0.7683194024 -2.0883454596 800.2637610034 383.1345980382
1.8003977265 0.8938984855 -1.6869383043 704.6316398417 311.6751156964
1.8199059012 0.9119807045 -1.4911488719 702.3862322135 231.9504822759
2.1263971905 0.8643097482 -1.4336555297 783.4939756216 148.7019170293
2.1466583260 0.9021488065 -1.8376978670 764.5523202577 282.5807977949
1.9478136786 1.1971845413 -1.8090042128 624.4026998992 281.6880837765
1.9294212385 1.0134778323 -1.3523070024 685.3046965682 140.0787665726
2.0193486403 0.9251526220 -1.2053517240 742.1455705343 69.1339416720
2.0568281662 1.1937661553 -2.0815877035 649.4677679119 342.1178117096
2.1086544945 1.2399808035 -1.5814687387 639.6350171114 167.4736121754
1.9038611655 1.1755829434 -1.4194943058 616.7374126623 154.2759082778
1.8729445368 1.0765853595 -1.4097697702 647.8410359075 168.0612746670
2.0464999503 1.3968885242 -2.0319761506 583.2530158514 307.3668663783
1.9900729549 1.3513069061 -1.6751795088 578.3763867545 211.3034755668
2.0997648301 1.3486116044 -1.6412098306 601.6695411519 178.9015544982
2.0506832390 1.3181927661 -1.3523290782 595.9958222721 84.9567650876
1.8781424790 1.8592667745 -1.8796718071 403.1998713659 245.8994896143
2.1241490901 1.8960094983 -1.9460987535 450.9690311845 217.8900131968
1.9097524317 1.6915000826 -1.6713461377 449.6378550754 190.0595746515
2.0565221317 1.8238578311 -1.3085013062 424.1635536667 21.7492814715
2.0850723031 1.9737329797 -2.1219347553 430.0126212157 267.0168185545
2.1947495420 1.8759180499 -1.5502552975 453.7644401186 83.4338939062
1.9938454775 1.9484953059 -1.6158373748 389.0903857436 131.7175633135
2.0985304997 1.9546498073 -1.3409694483 396.0352346325 17.1210352803

gimbalangles:
-0.8351592760

end: