T_CW:
0.9039105433 0.4277215563 -0.0000000000 -0.0300000000
0.2749341168 -0.5810224975 -0.7660444431 -0.0783022222
-0.3276537214 0.6924356488 -0.6427876097 -0.0321393805
0.0000000000 0.0000000000 0.0000000000 1.0000000000

T_CW_cov:
0.0000005676 0.0000001101 -0.0000000714 -0.0000002923 0.0000014753 -0.0000000689
0.0000001101 0.0000004287 -0.0000000152 -0.0000011942 0.0000002756 -0.0000001853
-0.0000000714 -0.0000000152 0.0000000664 0.0000000428 -0.0000001801 0.0000000093
-0.0000002923 -0.0000011942 0.0000000428 0.0000033768 -0.0000007301 0.0000005060
0.0000014753 0.0000002756 -0.0000001801 -0.0000007301 0.0000038826 -0.0000001804
-0.0000000689 -0.0000001853 0.0000000093 0.0000005060 -0.0000001804 0.0000004290

target_points_pix:
-1.8227064158 1.0494738780 -1.8443991983 120.8968948244 450.5875282678
-1.8509328536 1.0386621013 -1.7974766609 100.4978521139 434.0255602310
-1.8015030399 1.1161808712 -1.5534731021 108.1956460870 329.9270055128
-2.0488126483 1.4380370230 -1.8834289392 177.9232801799 332.0275016672
-2.0567037251 1.1028909532 -1.7309193584 45.4000902509 364.8054167923
-1.9389057584 1.4372610854 -1.5758196013 175.5584166476 239.6006525680
-2.0399436914 1.3696646788 -1.0918728226 45.1398988864 42.4927306315
-1.9984313436 1.4414017589 -1.0534970561 81.7030584329 13.7573936787
-2.0911182403 1.3804638920 -2.1341007448 177.0737282847 415.9203191992
-2.1122188602 1.5154501049 -1.5816655415 145.7347862378 206.3330385923
-2.0342884793 1.4538768698 -1.5469457062 146.2668908046 215.0215187717
-2.0866935364 1.6184103766 -1.2425579830 143.2265261678 56.7586499025
-2.0193434510 1.3647482125 -1.0727880773 47.0907410411 36.3642717792
-2.0014347219 1.7078845289 -2.1012093477 284.6138024929 342.0548425947
-1.8547618140 1.7225401945 -1.8078244384 307.5799543248 265.1679988929
-2.0072416156 1.6140671196 -1.6908236948 220.2643648171 234.1122308098
-2.1801184842 1.6380492749 -1.2162635370 115.9481601993 34.3425957616
-1.9639243003 1.5608595716 -1.1649375478 154.5869689530 45.0018099045
-2.0038303013 2.0575135301 -2.1270901508 364.0810497495 279.7821403002
-2.1470381419 2.1145932488 -1.6135478239 301.8322792646 103.7223633953
-1.9564693180 1.9434128026 -1.6015795891 315.3722626478 144.0271383689
-1.9105360566 1.9809712425 -1.4134013561 324.1668655993 74.1557731399
-1.6238184307 1.0130904683 -2.1368105390 214.7392440460 581.8485748530
-1.8572581003 1.1555460819 -2.1060237815 178.7816813993 495.9789143307
-1.9452187938 1.6869499342 -1.8862993651 277.6258313986 288.4479950805
-1.6263414072 1.9009207450 -1.9029763512 427.3270311832 280.4134785535
-1.7938627340 1.8660562055 -2.0782733968 379.3073547462 323.0418814928
-1.6184308787 1.8073958723 -1.7668520918 400.4588725778 257.5833798543
-1.7577251011 1.9604673058 -1.4822890344 373.2439683664 115.7035838942
-1.8550348308 1.9371888628 -1.2800201119 319.6631159711 34.7186907199
-1.6501355010 0.7157043292 -2.1087474774 100.6853335011 672.9424313479
-1.3592904140 1.0909658465 -2.1851856090 334.6950137006 611.6023507288
-1.5590499261 1.1874940771 -2.1526605445 289.9624830711 541.7687300432
-1.5757745729 1.6288697621 -1.9103398014 380.7666478015 348.5577660190
-1.3244016479 1.8144413868 -1.9336562919 507.9996108333 340.2451983620
-1.5376634344 2.0569827124 -1.9344095317 489.0213409831 266.8374066966
-1.5380738672 2.0249670526 -1.9402045005 482.7081374100 274.9334700011
-1.5041704561 2.1644575621 -1.6799082148 511.2953785500 168.9712440693
-1.5671864977 2.1306784232 -1.2809612645 465.7970198864 25.2506268935
-1.3157817243 1.9429941230 -1.1422706580 506.8774162089 19.9289906192
-1.3356328486 0.9193998904 -1.8476235929 254.1840993710 572.8646367612
-1.1329537274 1.0838303633 -2.1376926140 412.3591946429 637.8009885054
-1.2190813476 1.3798719968 -1.9537120089 445.6867176048 473.3862244745
-1.3077586703 1.7380747572 -1.8915694221 495.4408208292 346.9630081295
-1.1073062340 1.9143356816 -1.8099389513 599.9916387897 301.5863978635
-1.3141370620 2.1921020916 -1.7686534849 581.0077579428 209.5404240567
-1.2916984902 2.1033183010 -1.5281295457 565.5688036563 146.5671218253
-1.1413049017 1.8521756327 -1.2503095271 559.1118698837 101.2016696332
-1.0720818380 2.0508822425 -1.1769081994 630.5234426775 36.3575718584
-0.9197688999 1.1763899925 -2.0413765988 515.2621769579 612.9882585425
-0.8764536400 1.4059935960 -1.9572111547 584.5542945150 516.5315251131
-0.9414224818 1.3385083174 -2.0996017911 547.9796271816 571.4634461751
-0.9187346701 1.7351181522 -1.8963780792 635.8607332767 395.7570271519
-1.1529967376 2.0563168113 -2.1661465793 616.4009939973 372.0250925536
-0.8820781729 2.0234199063 -1.6435393472 702.5566574319 244.3838499949
-0.8748797260 2.0718850172 -1.3880594780 715.6112448612 138.7176572378
-0.9465772767 1.9306066900 -1.1333201170 657.2446114111 51.5089754337
-0.7257215869 1.1637273095 -1.9809265724 592.1379386992 633.4391883518
-0.7639138346 1.1025790106 -2.0546763088 562.7811666607 672.2490392056
-0.7660079664 1.5533281780 -2.0204985617 660.7597329708 506.6152584724
-0.8418474935 1.8492723780 -1.8767407226 686.3854207922 369.3098860635
-0.6214503911 2.0011163030 -2.0804553279 791.3299580877 419.7671772417
-0.5780201406 1.9503515961 -1.5578764583 815.5723219912 264.0765941728
-0.7511423649 2.1572910155 -1.4183356052 780.3597040187 145.0490488185
-0.6866916911 1.8731422773 -1.2897438849 761.1058823605 161.4361005550
-0.8291176503 1.8463283609 -1.0492262872 692.0049864457 40.1143091629
-0.3940264734 1.1357138824 -1.8565624263 741.6912724561 669.1986184474
-0.3082166681 1.6907242396 -2.0314835105 873.7077500056 534.6236311553
-0.6448091371 1.8818765999 -1.8338778347 769.3669567759 370.9537459225
-0.4035810572 1.8196444843 -1.9633355322 854.6017539162 460.9939356500
-0.5617061682 2.0176884646 -1.7492960367 826.3468999879 318.0557223669
-0.5762992154 2.1179589578 -1.3554400287 850.2616066920 145.5268482412
-0.6100145261 2.0163725987 -1.3029655622 821.1561008976 142.4262394936
-0.6297357995 1.8838706853 -0.9646989781 799.8989406536 8.5910508794
-0.2295808476 1.5833745047 -1.9280668241 899.0043898008 550.1122933534
-0.2288478029 1.7229587019 -2.1713108242 904.9634769156 577.2111711392
-0.2971911650 2.0186508778 -2.0714460476 918.9088360871 452.4192508095
-0.2953695788 2.0744306739 -1.6007389710 955.0057073454 282.3889194762
-0.3327855196 2.0041277111 -1.3840576797 943.8692083538 210.4050107265
-0.4466021864 1.8242623228 -1.1806339484 873.2247294358 151.4010681045
-0.3573603580 1.9284946584 -1.0399192768 946.6861925854 66.3921587516
0.0580140353 1.6564749291 -2.0056001193 1038.9554171513 596.3091815498
0.1129876959 1.7098210899 -1.9997964193 1071.5008214724 584.8301463602
0.0202068271 2.1113784809 -2.0826427717 1057.8301287884 471.2557351103
0.0496567715 2.1804640802 -1.6243674711 1121.9232850005 305.5094010222
0.0781686940 2.0424144230 -1.4188405458 1150.5972953111 265.4865008073
0.1446138243 1.8968936248 -1.4479249870 1171.6071298032 329.0879414964
0.0202740849 2.0286689315 -1.1369204904 1156.7857423209 134.0956920788
0.0611186388 1.5047945352 -1.9279269025 1031.5468230843 629.1451831732
0.0867318516 1.5644867443 -2.1461084051 1029.9099804772 676.2650499361
0.3565648583 2.1885430665 -2.1504974543 1200.6301783944 513.8118915310
0.2727735389 1.9261418884 -1.5732305862 1225.0935691240 389.4044120099
0.1087447546 2.0311814710 -1.5708012065 1145.9124601973 333.5615807958
0.1825358325 1.8096035881 -0.9249628995 1282.6853330930 99.1959158903
0.3407057507 1.5573456301 -1.8639331961 1195.4226699848 640.0437660058
0.4556518638 1.6963466740 -1.9118353382 1259.3866349895 621.5070229802
0.6412921871 2.0289669724 -2.1399220346 1328.2638573258 601.8481878092
0.5283331526 1.8357102497 -1.7207979409 1339.0353058979 516.6037173920
0.4402235346 2.1324318888 -1.5393273289 1329.7994439454 337.0836734296

gimbalangles:
-2.0972286938

end: