T_CW:
-0.6954271998 -0.7185965557 -0.0000000000 -0.0300000000
-0.4619049624 0.4470119874 -0.7660444431 -0.0783022222
0.5504768983 -0.5327281420 -0.6427876097 -0.0321393805
0.0000000000 0.0000000000 0.0000000000 1.0000000000

T_CW_cov:
0.0000004634 0.0000000185 -0.0000000077 -0.0000000517 0.0000012077 0.0000000140
0.0000000185 0.0000005901 -0.0000000464 -0.0000016298 0.0000000512 0.0000000024
-0.0000000077 -0.0000000464 0.0000000833 0.0000001367 -0.0000000244 -0.0000000005
-0.0000000517 -0.0000016298 0.0000001367 0.0000045567 -0.0000001434 -0.0000000005
0.0000012077 0.0000000512 -0.0000000244 -0.0000001434 0.0000032004 0.0000000442
0.0000000140 0.0000000024 -0.0000000005 -0.0000000005 0.0000000442 0.0000004531

target_points_pix:
0.1335359145 -1.8428479847 -1.9814673882 1287.6629696557 626.7149802685
0.1715342562 -1.8377072737 -1.7077555890 1316.1285444126 525.1031781702
0.4152243284 -1.8347950724 -1.8048647437 1179.3401750044 492.1545252904
0.2918924149 -1.8026157144 -1.9498619558 1208.1278543975 582.2212897310
0.3887196067 -1.5483946661 -1.8073259798 1117.3876019411 579.7428975620
0.6613401754 -1.8611822663 -1.9317589166 1066.6778637358 466.3602609010
0.4035577717 -1.8051025498 -1.6202255344 1204.1781675955 436.2271049548
0.4569104633 -1.8505142371 -1.3525835505 1231.4902590930 300.7274921190
0.6278400558 -2.0763393604 -0.9710114291 1264.2783103380 30.2342158559
0.5109429233 -1.6663972622 -2.1643527627 1055.9178012335 622.2780026750
0.4919235673 -1.5187523918 -1.9572107497 1045.2309290681 606.5390119000
0.6904453826 -1.1610471457 -1.8405569797 859.8367203527 614.0801784165
0.6051791213 -2.1125326224 -1.8346550447 1157.9481928678 392.3605405256
0.8885854279 -2.0502117149 -1.9125103482 1028.3521352555 371.4341164705
0.6754756322 -1.9665131575 -1.5812143502 1124.0075801483 317.9379468339
0.7702598618 -2.1020624400 -1.1419530733 1171.1773682540 86.5269013352
0.8716978941 -1.8258617162 -0.9924107934 1064.8039448689 41.4212201080
0.8306860570 -1.5674480567 -2.0795252806 916.1397128454 539.6425446081
0.8551874529 -1.3042941348 -1.8165584212 842.5860776654 516.3140839023
0.7895796516 -1.2201316833 -2.0024037326 832.7328986448 618.1074407886
0.7746400239 -0.8335446310 -1.8636761699 703.7594155011 700.1625534200
1.0954692453 -1.8581825129 -2.0326651252 904.4573314330 404.2742530456
0.8384879369 -2.0700739021 -1.8890727619 1052.9559965964 370.1284712576
1.0345126857 -1.8546994919 -1.3746466354 965.2957633519 185.2361417271
0.9500477222 -1.9913988195 -1.4115719724 1033.1946703542 191.3844459261
0.8471038268 -1.6157640771 -1.8657793855 936.4005174553 457.4476563489
1.1646618641 -1.3994225008 -1.8999604189 760.3315633137 443.2053074938
0.8616797140 -1.4018883489 -2.1571992865 855.2467529304 595.0917069067
1.0168398722 -0.9545678627 -1.8721677156 660.2964420996 585.4048521145
1.1335969285 -0.5690045652 -1.8004655743 458.2229631127 642.5474871620
1.1208194171 -0.5124663437 -1.8037057435 436.3966157515 666.9253342105
1.3633144213 -1.9058175939 -1.8359840971 840.9563249054 284.9262550487
1.1850730598 -1.9429122452 -1.5874276585 919.6376794462 224.9459666799
1.1108721872 -1.8917124848 -1.6494058011 928.5352335451 269.8251019135
1.2995741576 -2.1101608759 -1.3471534802 937.4798372900 88.5305126193
1.1428546488 -1.8734027375 -1.9583861169 896.6288971724 369.5523522247
1.3366147058 -1.5107727898 -2.0124757643 738.1180804456 417.4992670792
1.2127418960 -1.4389323406 -2.1131114121 753.2993784426 488.8408494077
1.0745265784 -1.0422826553 -1.8230717188 672.2654520765 527.8981823643
1.1600619218 -0.8068272071 -1.9987279613 559.6901419103 625.2980366926
1.3600971057 -2.1394947090 -1.9308683015 895.0674897957 277.1113292233
1.5999598486 -1.9341720935 -1.5824400126 784.6787270290 157.0485903481
1.4599674712 -1.8730458234 -1.4548000087 814.4095817931 141.0812439922
1.5798023544 -1.8746761661 -1.3568949353 779.3649173032 84.8665069604
1.3351159698 -1.8509936034 -1.1426382576 863.1392118289 34.4272304359
1.4024912873 -1.7454236654 -1.8753919523 785.9492075940 318.1633066229
1.4528564790 -1.6598804076 -1.8320190018 748.3218689773 310.1920316858
1.6979698655 -1.3455571882 -1.9570761194 589.0559743158 360.6952493921
1.6315111392 -1.0550464774 -2.1687695799 521.2857582221 494.0671604560
1.6338089804 -0.6764502541 -1.8334104163 362.8780381352 476.3555034566
1.3752629996 -0.5013956868 -1.8451442328 357.7961628944 600.0235916668
1.5696691048 -0.2374520310 -1.8092501578 175.4523190482 606.2459874568
1.6696960735 -2.1335143978 -1.8174720010 809.7133544549 196.0740722646
1.7663122043 -1.8342091207 -1.7349238641 709.0741938784 198.2516712627
1.7984505393 -2.0074320268 -1.3755868466 750.5489985248 44.5670670248
1.6677061205 -2.0403325325 -1.2331624542 801.6761016344 1.7563550967
1.6699498579 -1.6756908929 -1.8676287179 691.3306197811 280.6910706475
1.7503482467 -1.4139824944 -1.9330663828 595.6978444923 331.3107892060
1.6086240389 -1.3759422775 -2.1769863102 624.8959300830 436.7560955795
1.8099044246 -1.1685900485 -2.1964658196 514.7005286254 441.9387768110
1.8744068534 -0.7564096408 -2.0234271969 351.9418355186 461.4785830265
1.8496731403 -0.5125324509 -2.1388159692 275.2341637143 556.2552677953
1.9386255175 -0.3329192843 -1.8096530681 139.6386294604 474.6380815870
1.8517101813 -1.8158071205 -1.9202430645 681.7538470663 246.0909817989
2.0612107624 -2.0207807403 -1.5899707244 682.4976732037 85.4425578239
2.1079238686 -1.9359357685 -1.5871010164 648.6888999744 88.9359178133
1.8652701462 -1.8208169787 -2.1046506354 679.8952525188 296.6974015030
1.8596756203 -1.9310635161 -1.8207909020 709.6354648354 198.0475790530
2.0422816431 -1.6552998450 -1.4431634057 583.3345484736 82.6455519597
1.8838081623 -1.6556635258 -2.1633819886 633.7009255857 335.3393773174
1.9935738669 -1.4877829304 -1.5690665399 547.3692159715 158.3712609427
2.0514362961 -1.6443114163 -1.6249753399 581.8001612597 146.9331897718
2.1646167347 -1.1212737102 -1.9130174607 406.3930662539 301.9315474042
2.1417190529 -1.3373523818 -1.7110508861 469.9564678552 206.7218530965
1.8336712306 -1.1288074433 -1.3115825326 452.4967601994 141.7775820409
2.1857920555 -0.8874492296 -2.0660135117 334.9654756319 384.6324651508
1.8330203597 -0.9506125522 -1.6966504631 409.5938298972 323.6374549183
2.0685977208 -1.1828960926 -1.6875075128 435.0352559077 234.9446409413
1.9582976991 -0.9784727864 -1.1980075723 348.9931036624 95.9419970555
1.9675984183 -0.6681374839 -1.8991578230 286.7322030940 420.9632869006
1.9263270606 -0.9148012062 -1.9037353806 388.5299987541 380.8829469485
1.9567773808 -0.6855267087 -1.3530006329 235.9415167312 217.5794024706
2.1601176345 -0.5862448586 -1.2289727654 125.3601660737 142.1608959463
1.8885494940 -0.3425903546 -1.8054157975 153.9455259484 483.7395720972
1.8908101503 -0.5555868176 -1.5651401600 218.6690823150 345.5692928794
1.9001765489 -0.4824218917 -1.3558220626 150.9602758117 273.9081375117
2.0068793587 -0.6261871060 -1.2771031287 185.9262316467 185.9726000507
2.0455430596 -0.3773170723 -1.9307038423 154.9639619779 477.3053537625
2.0480357724 -0.3184675408 -1.8653327192 119.4254124189 469.2774678258
2.0443564240 -0.3482602204 -1.3012287353 39.4828637520 246.3661578566

gimbalangles:
0.7851066340

end: