T_CW:
0.9822791471 -0.1874237902 0.0000000000 -0.0300000000
-0.1204736901 -0.6313968650 -0.7660444431 -0.0783022222
0.1435749530 0.7524694822 -0.6427876097 -0.0321393805
0.0000000000 0.0000000000 0.0000000000 1.0000000000

T_CW_cov:
0.0000008109 -0.0000001521 0.0000000898 0.0000004355 0.0000020704 -0.0000001702
-0.0000001521 0.0000003980 -0.0000000107 -0.0000011072 -0.0000003907 0.0000001432
0.0000000898 -0.0000000107 0.0000000682 0.0000000364 0.0000002265 -0.0000000169
0.0000004355 -0.0000011072 0.0000000364 0.0000031324 0.0000011183 -0.0000004024
0.0000020704 -0.0000003907 0.0000002265 0.0000011183 0.0000053362 -0.0000004355
-0.0000001702 0.0000001432 -0.0000000169 -0.0000004024 -0.0000004355 0.0000004183

target_points_pix:
-0.8764536400 1.4059935960 -1.9572111547 78.5852591620 687.8258217382
-0.9187346701 1.7351181522 -1.8963780792 79.8886973038 536.8242863653
-1.1529967376 2.0563168113 -2.1661465793 44.2022147378 523.6025117899
-0.8820781729 2.0234199063 -1.6435393472 85.5598272232 350.3613877246
-0.8748797260 2.0718850172 -1.3880594780 51.7301394368 235.7604692151
-0.7660079664 1.5533281780 -2.0204985617 160.5346255982 635.2897160343
-0.8418474935 1.8492723780 -1.8767407226 125.2055634987 484.8906503672
-0.6214503911 2.0011163030 -2.0804553279 260.0118205257 485.5956976516
-0.5780201406 1.9503515961 -1.5578764583 218.6358895181 323.0508165423
-0.7511423649 2.1572910155 -1.4183356052 127.8920981579 218.3082412152
-0.6866916911 1.8731422773 -1.2897438849 115.0451617500 241.1896435555
-0.3082166681 1.6907242396 -2.0314835105 389.2787408020 554.2651525631
-0.6448091371 1.8818765999 -1.8338778347 216.5225287510 447.6123673508
-0.4035810572 1.8196444843 -1.9633355322 340.8702196253 495.1126382121
-0.5617061682 2.0176884646 -1.7492960367 252.5533125834 371.6230231482
-0.5762992154 2.1179589578 -1.3554400287 203.5111298696 193.8797858714
-0.6100145261 2.0163725987 -1.3029655622 171.7574043145 200.6261907001
-0.6297357995 1.8838706853 -0.9646989781 90.2776447423 71.5937429490
-0.6869895166 1.9199697802 -0.9263750375 51.5867945479 43.4736546274
-0.2295808476 1.5833745047 -1.9280668241 419.2044020098 556.0277299363
-0.2288478029 1.7229587019 -2.1713108242 434.7375930970 578.5850009895
-0.2971911650 2.0186508778 -2.0714460476 397.4745919146 459.3906791303
-0.2953695788 2.0744306739 -1.6007389710 363.5340132768 287.8712707709
-0.3327855196 2.0041277111 -1.3840576797 324.5423009422 224.0673194592
-0.4466021864 1.8242623228 -1.1806339484 231.0621793584 190.8240288015
-0.3573603580 1.9284946584 -1.0399192768 269.3687747180 85.5205948048
0.0580140353 1.6564749291 -2.0056001193 557.0397852237 534.2617462642
0.1129876959 1.7098210899 -1.9997964193 578.9656166788 510.6861741595
0.0202068271 2.1113784809 -2.0826427717 525.7413924481 419.4032822171
0.0496567715 2.1804640802 -1.6243674711 518.1697722458 251.4650339589
0.0781686940 2.0424144230 -1.4188405458 527.5699530492 206.9762244962
0.1446138243 1.8968936248 -1.4479249870 567.2690775783 254.9006750756
0.0202740849 2.0286689315 -1.1369204904 485.5488324036 89.6333626350
0.2951990550 1.4166859272 -1.9840087220 683.8347889455 599.7835511206
0.0611186388 1.5047945352 -1.9279269025 563.4434083271 565.1054107512
0.0867318516 1.5644867443 -2.1461084051 578.9839386727 606.7509738574
0.3565648583 2.1885430665 -2.1504974543 652.4942254411 401.6672213191
0.2727735389 1.9261418884 -1.5732305862 629.0934162985 288.7302103813
0.1087447546 2.0311814710 -1.5708012065 548.0508330060 267.5744032331
0.4034252920 1.8647997388 -1.1615968393 695.3667473510 124.0500770619
0.1825358325 1.8096035881 -0.9249628995 574.8439150938 26.8059680218
0.4395085623 1.3030301233 -2.0955778568 763.2990157021 668.0088310946
0.3407057507 1.5573456301 -1.8639331961 692.5937867398 505.2808090896
0.4556518638 1.6963466740 -1.9118353382 731.5116390952 466.0281840656
0.6412921871 2.0289669724 -2.1399220346 771.6328190924 426.2644474047
0.5283331526 1.8357102497 -1.7207979409 752.1993900407 354.3997364084
0.4402235346 2.1324318888 -1.5393273289 687.6281926115 213.7370258573
0.5082307072 1.8258267294 -1.3142278063 751.0893083149 198.8901276702
0.7704231043 1.1919401564 -2.1147852834 934.3376027993 693.6932410712
0.5889345469 1.1772651812 -2.0652336531 852.8338084791 700.7272402297
0.6182712278 1.6636683500 -1.8178750298 809.6397169629 435.6357389598
0.6917889005 1.6605628289 -1.9153363064 839.0868150031 464.1606116810
0.6861369922 2.0177549577 -2.1359962891 789.7134020648 425.8620302020
0.9073355203 2.1983192295 -1.6524884766 870.1321051727 217.8755339609
0.5964458937 2.0839945609 -1.3115970185 763.6410644332 127.9143431947
0.8853459750 2.1074644930 -1.3019009516 889.8517541214 105.8698400826
1.1653186556 1.2451867740 -2.0812263958 1107.0132768250 631.1587609573
0.8890987780 1.6535147810 -1.8036159092 932.0017186211 417.4666293051
1.0812056918 1.6101957530 -2.0611834659 1002.3352522563 501.4705904449
0.8168996091 1.8783696711 -1.9477449235 862.1898424291 401.3099750906
0.8460622909 2.0547894297 -1.8492642470 855.8408096748 321.2146666915
1.0564090808 2.1003346994 -1.5296410924 949.9451977080 189.6315310943
1.1110084514 1.9235336780 -1.2463510526 1026.2493397264 114.1801003763
0.8192282989 1.9702689997 -1.0886141990 892.4165034890 43.9045301468
1.3177547534 0.9829887943 -1.9275302017 1267.5771065199 683.0386786328
1.2166538022 1.1243311453 -2.0984095424 1155.8436884634 681.2010643416
1.2534387693 1.4042816883 -2.1271438066 1106.0189512207 578.9565055505
1.3301668377 1.7488035525 -2.0715025133 1075.5764605275 447.7448951008
1.2979871322 1.8572265450 -1.8891421815 1059.7263961791 363.0638590598
1.0969822034 1.9415982477 -1.5650981868 990.0858881445 239.3219536779
1.1040556031 2.0115566509 -1.5430429039 982.8538863261 213.4395436827
1.2164093231 2.0740255218 -1.1797555361 1049.7686430149 46.8570356377
1.3344161846 2.0063298798 -1.0812565365 1127.4001738979 11.3014644000
1.4599354259 1.1281127119 -1.9168790001 1293.4641640341 604.6140205067
1.3608744688 1.3786190287 -1.8404976115 1192.5546130752 491.4605729976
1.3328779171 1.9303904193 -2.0943921518 1043.4344792928 404.1494259126
1.6905155624 2.1123487386 -1.8272960049 1164.4756342647 261.3228796728
1.3670437746 2.1085656360 -1.9470678720 1038.3323336980 314.0625216844
1.5911216728 1.9995606427 -1.6491432373 1169.5939390748 232.2063519719
1.3882493757 1.8446951888 -1.0503425138 1196.7137769939 28.8558121668
1.5956944154 1.1845239711 -2.0629449355 1312.6023800987 616.6814383646
1.7690751164 1.6723849685 -2.1735322540 1244.0170156792 474.6896358289
1.6090419170 1.8701769459 -1.9242906010 1172.4265347554 354.7519825783
1.6545523353 2.1920472514 -1.8085601587 1138.5443887394 239.1931565118
1.8907629288 2.1738643441 -1.5539227425 1255.4301854209 147.5437015756
1.5651760501 1.9011556306 -1.6414494429 1181.4539332675 254.5692858530
1.7631702608 2.0808056352 -1.2812136364 1265.2786441090 67.2228461904
1.8781424790 1.8592667745 -1.8796718071 1279.8299203497 330.0533951237
2.0850723031 1.9737329797 -2.1219347553 1295.1655827514 364.4891370999
1.9938454775 1.9484953059 -1.6158373748 1338.6801820307 214.2490759053

gimbalangles:
-1.2988993611

end: