T_CW:
-0.7903762540 -0.6126217243 0.0000000000 -0.0300000000
-0.3937856538 0.5080440631 -0.7660444431 -0.0783022222
0.4692954677 -0.6054633373 -0.6427876097 -0.0321393805
0.0000000000 0.0000000000 0.0000000000 1.0000000000

T_CW_cov:
0.0000004298 0.0000000976 -0.0000000412 -0.0000002713 0.0000011065 -0.0000000156
0.0000000976 0.0000005451 -0.0000000435 -0.0000014946 0.0000002503 -0.0000000947
-0.0000000412 -0.0000000435 0.0000000771 0.0000001263 -0.0000001055 0.0000000076
-0.0000002713 -0.0000014946 0.0000001263 0.0000041501 -0.0000006958 0.0000002587
0.0000011065 0.0000002503 -0.0000001055 -0.0000006958 0.0000028979 -0.0000000355
-0.0000000156 -0.0000000947 0.0000000076 0.0000002587 -0.0000000355 0.0000004031

target_points_pix:
-0.1465099906 -1.8328272246 -1.8981954512 1309.6718010177 608.1642325810
-0.1400668675 -1.5443412508 -1.8055001948 1276.9980292045 680.9506093657
0.1335359145 -1.8428479847 -1.9814673882 1158.6957519475 563.2436877197
0.1715342562 -1.8377072737 -1.7077555890 1175.7159607796 464.2115307391
0.1240992140 -1.9843450146 -1.0759655747 1338.7717179045 156.6360720996
-0.0493717641 -1.9211444237 -1.8066152366 1287.5606186751 525.1204884528
0.4152243284 -1.8347950724 -1.8048647437 1048.5907562932 446.3067353372
0.0848713846 -1.9450227874 -1.7652455950 1229.3122096026 472.8477254132
0.2709930666 -2.0229951985 -1.3936351784 1203.6809406678 269.5050822839
0.3935839552 -2.0181614624 -1.1510837010 1174.2340119894 137.8831513821
0.2146649190 -1.8495797719 -1.0119872249 1271.0006307953 138.1162424382
0.2918924149 -1.8026157144 -1.9498619558 1082.6893845107 529.3463166465
0.3887196067 -1.5483946661 -1.8073259798 999.0738465612 536.3171743955
0.6613401754 -1.8611822663 -1.9317589166 941.7938264124 432.5830649312
0.4035577717 -1.8051025498 -1.6202255344 1066.6375922438 390.4935424724
0.4569104633 -1.8505142371 -1.3525835505 1080.1298461764 258.9721296372
0.3786794710 -2.0383437217 -1.1978401556 1179.1468189633 158.3819792781
0.5109429233 -1.6663972622 -2.1643527627 945.3227822184 584.1400321509
0.4919235673 -1.5187523918 -1.9572107497 934.0386949433 569.9601110596
0.6904453826 -1.1610471457 -1.8405569797 758.0235741236 597.8260927790
0.6051791213 -2.1125326224 -1.8346550447 1020.2215414939 352.9933763737
0.8885854279 -2.0502117149 -1.9125103482 897.4221501960 344.4653372784
0.6754756322 -1.9665131575 -1.5812143502 982.5005603074 284.4173059603
0.7702598618 -2.1020624400 -1.1419530733 1006.5280031716 58.7746711229
0.8716978941 -1.8258617162 -0.9924107934 903.5962963611 21.8275831379
0.8306860570 -1.5674480567 -2.0795252806 805.4492354975 519.0338454301
0.8551874529 -1.3042941348 -1.8165584212 732.4202473187 503.7373694068
0.7895796516 -1.2201316833 -2.0024037326 731.9129744982 605.0405568549
0.7746400239 -0.8335446310 -1.8636761699 612.5535771184 701.4345222026
1.0954692453 -1.8581825129 -2.0326651252 782.0907269415 387.8704925267
0.8384879369 -2.0700739021 -1.8890727619 920.4894172674 340.9966911503
1.0345126857 -1.8546994919 -1.3746466354 821.4497384731 168.4328063787
0.9500477222 -1.9913988195 -1.4115719724 886.4917923163 169.4189436280
0.8471038268 -1.6157640771 -1.8657793855 817.6691183283 436.6051345725
1.1646618641 -1.3994225008 -1.8999604189 644.9632299798 440.1436224789
0.8616797140 -1.4018883489 -2.1571992865 751.6009276124 580.0127873708
1.0168398722 -0.9545678627 -1.8721677156 558.3729864847 592.3649726607
1.1335969285 -0.5690045652 -1.8004655743 356.9836256771 674.1644201945
1.1208194171 -0.5124663437 -1.8037057435 336.5450934638 701.7316770086
1.3633144213 -1.9058175939 -1.8359840971 709.8418155947 276.2796986750
1.1850730598 -1.9429122452 -1.5874276585 780.9698927090 210.8373425871
1.1108721872 -1.8917124848 -1.6494058011 793.5016799236 254.0410491520
1.2995741576 -2.1101608759 -1.3471534802 786.1614542749 75.9870191979
1.1428546488 -1.8734027375 -1.9583861169 771.4658964879 354.5633765266
1.3366147058 -1.5107727898 -2.0124757643 620.4915257528 416.9350620248
1.2127418960 -1.4389323406 -2.1131114121 642.0239798743 486.2503591419
1.0745265784 -1.0422826553 -1.8230717188 565.0946355635 533.5570718572
1.1600619218 -0.8068272071 -1.9987279613 459.9133067543 644.4281147768
1.3600971057 -2.1394947090 -1.9308683015 761.6746985038 264.1116748764
1.5999598486 -1.9341720935 -1.5824400126 643.1238473795 154.2612774473
1.4599674712 -1.8730458234 -1.4548000087 671.0983412176 136.2040780486
1.5798023544 -1.8746761661 -1.3568949353 631.4949192097 82.9314436189
1.3351159698 -1.8509936034 -1.1426382576 709.5078565376 27.5065632715
1.4024912873 -1.7454236654 -1.8753919523 658.8460390949 313.8856777713
1.4528564790 -1.6598804076 -1.8320190018 620.9138968033 309.2889230923
1.6979698655 -1.3455571882 -1.9570761194 465.0435096621 374.5809096334
1.6315111392 -1.0550464774 -2.1687695799 407.8181040802 516.4320742636
1.6338089804 -0.6764502541 -1.8334104163 240.4271693184 515.6080846626
1.3752629996 -0.5013956868 -1.8451442328 247.1078940298 643.2399338280
1.5696691048 -0.2374520310 -1.8092501578 51.0345510629 672.4249754476
1.6696960735 -2.1335143978 -1.8174720010 671.1740648037 191.1261919190
1.7663122043 -1.8342091207 -1.7349238641 571.5471509431 201.0962878146
1.7984505393 -2.0074320268 -1.3755868466 599.1606884744 44.8130834415
1.6699498579 -1.6756908929 -1.8676287179 561.2610088511 284.9288738102
1.7503482467 -1.4139824944 -1.9330663828 469.0913756431 344.3370422332
1.6086240389 -1.3759422775 -2.1769863102 508.4843257774 447.6485718649
1.8099044246 -1.1685900485 -2.1964658196 396.0386544406 464.3284743072
1.8744068534 -0.7564096408 -2.0234271969 227.1112186526 501.6825498800
1.8496731403 -0.5125324509 -2.1388159692 154.0555932895 608.4561064102
1.8517101813 -1.8158071205 -1.9202430645 548.3934928434 251.1997400214
2.0612107624 -2.0207807403 -1.5899707244 534.5375407870 90.2498877048
2.1079238686 -1.9359357685 -1.5871010164 500.6805211651 96.0909400740
1.8652701462 -1.8208169787 -2.1046506354 551.0786200415 302.0525232098
1.8596756203 -1.9310635161 -1.8207909020 572.0213892594 200.8955540179
2.0422816431 -1.6552998450 -1.4431634057 433.5637404244 94.2322919134
1.8838081623 -1.6556635258 -2.1633819886 507.9682345892 344.9821812032
1.9935738669 -1.4877829304 -1.5690665399 403.5399906870 173.5578273404
2.0514362961 -1.6443114163 -1.6249753399 437.8364103358 159.3807947623
1.8687685884 -1.3169604258 -1.0557104289 341.1666369218 7.8934585432
2.1646167347 -1.1212737102 -1.9130174607 269.5662782960 332.1559936034
2.1417190529 -1.3373523818 -1.7110508861 327.5123867856 229.0278455583
1.8336712306 -1.1288074433 -1.3115825326 303.5306355131 163.8332753770
2.1758911287 -1.3998298589 -1.1849767330 293.7065870135 15.4681562058
2.1829607998 -1.2976571895 -1.1393445659 249.2100170785 10.6025241549
2.1857920555 -0.8874492296 -2.0660135117 201.4440810208 424.3387518144
1.8330203597 -0.9506125522 -1.6966504631 275.2891441880 353.9440562594
2.0685977208 -1.1828960926 -1.6875075128 293.5858860689 260.8134749182
1.9582976991 -0.9784727864 -1.1980075723 189.5561251456 124.5552301693
1.9675984183 -0.6681374839 -1.8991578230 153.3656356031 466.8436651007
1.9263270606 -0.9148012062 -1.9037353806 258.2924370361 414.8887788068
1.9567773808 -0.6855267087 -1.3530006329 79.0494586875 260.0410078748
1.8908101503 -0.5555868176 -1.5651401600 72.5155964812 395.2865657106
2.0068793587 -0.6261871060 -1.2771031287 21.3069098546 231.3291821112

gimbalangles:
0.8211869368

end: