T_CW:
0.4007950228 -0.9161677520 0.0000000000 -0.0300000000
-0.5889012793 -0.2576260747 -0.7660444431 -0.0783022222
0.7018252153 0.3070268000 -0.6427876097 -0.0321393805
0.0000000000 0.0000000000 0.0000000000 1.0000000000

T_CW_cov:
0.0000007389 0.0000001967 -0.0000001363 -0.0000005560 0.0000019301 -0.0000001152
0.0000001967 0.0000005704 -0.0000000356 -0.0000015962 0.0000005160 -0.0000002759
-0.0000001363 -0.0000000356 0.0000000994 0.0000001047 -0.0000003541 0.0000000206
-0.0000005560 -0.0000015962 0.0000001047 0.0000045245 -0.0000014583 0.0000007739
0.0000019301 0.0000005160 -0.0000003541 -0.0000014583 0.0000050974 -0.0000003072
-0.0000001152 -0.0000002759 0.0000000206 0.0000007739 -0.0000003072 0.0000005857

target_points_pix:
0.6917889005 1.6605628289 -1.9153363064 27.0561064616 637.0927901643
1.1981999858 1.0113993311 -2.1238999532 467.0163889022 618.9723010035
1.1653186556 1.2451867740 -2.0812263958 365.2563858440 582.2780130348
0.8890987780 1.6535147810 -1.8036159092 87.2601654265 527.1509074962
1.0812056918 1.6101957530 -2.0611834659 205.9761242703 550.6579821392
1.2032753547 0.2645148242 -1.8238494440 803.2999249394 652.0623841841
1.4306274339 0.4308040841 -1.9543672687 758.8678282356 576.1901314865
1.2008567245 0.6297796265 -2.0475242118 624.5174188311 657.7857626099
1.3177547534 0.9829887943 -1.9275302017 496.9085158457 522.8910480597
1.2166538022 1.1243311453 -2.0984095424 426.0433716582 588.0385230141
1.2534387693 1.4042816883 -2.1271438066 334.5490648546 544.3977571123
1.3301668377 1.7488035525 -2.0715025133 233.0626694579 461.2649503176
1.2979871322 1.8572265450 -1.8891421815 167.2102526613 400.9138282708
1.5696691048 -0.2374520310 -1.8092501578 1121.4468829182 586.0635296624
1.3618475632 0.0845802788 -1.8129035773 924.7697022622 614.5726985031
1.6255085224 0.2358285422 -1.9199901380 879.4623405473 527.2287010904
1.5302247761 0.5208145433 -2.0427081241 734.9702100703 555.5439985451
1.6891581496 0.8208092222 -1.9402937266 640.9447467059 435.1751286285
1.6550291668 0.9849206446 -2.0816303475 574.9673042559 467.5554539678
1.4599354259 1.1281127119 -1.9168790001 473.1038522004 454.9472766226
1.3608744688 1.3786190287 -1.8404976115 348.0384200206 426.7528796459
1.3328779171 1.9303904193 -2.0943921518 178.6019137193 445.5738002518
1.6905155624 2.1123487386 -1.8272960049 192.2486587597 260.9128270768
1.3670437746 2.1085656360 -1.9470678720 115.8060437012 372.5705939457
1.5911216728 1.9995606427 -1.6491432373 179.4473796798 233.5625266133
1.3882493757 1.8446951888 -1.0503425138 79.3042911947 45.0700929529
1.8496731403 -0.5125324509 -2.1388159692 1233.1436606230 628.6806773472
1.9386255175 -0.3329192843 -1.8096530681 1193.1282975730 469.1082477276
1.8304743292 0.0130800510 -2.1917570920 984.9140660208 573.5108562402
1.8760928665 0.2945310113 -2.0520699411 879.4092835310 481.9336703799
1.9227470392 0.4291212663 -2.0033337260 832.4029402912 437.4527054027
1.8553778200 0.8419135852 -1.8622262487 662.0521395054 363.0452836380
1.7463991344 0.9501732298 -1.9611408615 602.5288725952 410.4683369111
1.5956944154 1.1845239711 -2.0629449355 490.0503346492 454.2028121054
1.7690751164 1.6723849685 -2.1735322540 373.2164191735 388.8471011117
1.6090419170 1.8701769459 -1.9242906010 254.4348815042 332.7386835074
1.6545523353 2.1920472514 -1.8085601587 156.7636645888 255.1604684334
1.8907629288 2.1738643441 -1.5539227425 198.7760663680 125.7471597877
1.5651760501 1.9011556306 -1.6414494429 202.9223019657 246.2664198092
1.7631702608 2.0808056352 -1.2812136364 160.3091493511 53.8128113306
1.8885494940 -0.3425903546 -1.8054157975 1196.4054508912 485.4954014660
1.8714258920 -0.3141366888 -1.0082598803 1319.5013512389 137.5412476912
2.0455430596 -0.3773170723 -1.9307038423 1203.2103308054 481.3047836550
2.0480357724 -0.3184675408 -1.8653327192 1183.5727500442 451.5283817135
2.0443564240 -0.3482602204 -1.3012287353 1285.0258193120 238.7341856283
2.0798042420 -0.2424843764 -1.1012332417 1259.6556626606 120.9775988359
2.0456334554 -0.2221397445 -0.8773607603 1288.6806346470 5.6342522747
2.1516010315 0.0514003866 -1.8782818612 1021.0707569404 380.9671177648
1.8457720871 0.0187633843 -1.6776015658 1026.0249686182 403.4778854778
2.0749550863 0.0247220718 -1.3704456468 1074.4107205962 216.4960330499
1.9811569292 -0.1196215702 -1.3969824230 1139.7605194544 270.3349692497
2.1374943649 0.0698232034 -1.1778551054 1077.5979335857 110.7115531893
1.8634769485 0.0715380034 -1.8618622747 986.8765935687 454.9271902634
1.9109171222 0.2273973581 -1.9251597013 918.3824297006 441.1865279529
2.0922931957 0.1693856270 -1.6973200950 978.0233030444 321.9448189127
2.0659552518 0.2229873537 -1.4230803426 971.1710560334 218.7359496412
1.8640985772 0.4482088153 -1.1681110844 849.4571798348 132.3245424083
2.0085784985 0.5661478600 -2.1355031077 787.1803609079 437.7718826642
2.0066888307 0.6813156892 -1.5906695522 752.5803811668 249.3126948394
1.8102394135 0.4653526895 -1.4241076530 821.2558003557 258.3303645188
1.9858728767 0.3186794377 -1.0625362128 941.3101297746 64.9528015375
1.9992997518 0.4851987211 -1.0367096055 858.6563534403 32.9877098320
2.1082567397 0.7683194024 -2.0883454596 728.5708012517 378.0813963675
1.8003977265 0.8938984855 -1.6869383043 629.8927486512 311.9921077986
1.8199059012 0.9119807045 -1.4911488719 623.4447162648 232.4610695696
2.1263971905 0.8643097482 -1.4336555297 699.6837951663 145.8238394912
2.1466583260 0.9021488065 -1.8376978670 687.8967357574 279.9804026084
1.9478136786 1.1971845413 -1.8090042128 547.7080095418 286.2203482118
1.9294212385 1.0134778323 -1.3523070024 601.4604286685 141.4388828722
2.0193486403 0.9251526220 -1.2053517240 654.4823492400 68.2513425199
2.0568281662 1.1937661553 -2.0815877035 576.0937855446 345.5144265068
2.1086544945 1.2399808035 -1.5814687387 556.9444695561 170.9569079124
1.9038611655 1.1755829434 -1.4194943058 533.2608629415 158.6849676082
1.8729445368 1.0765853595 -1.4097697702 565.3493519304 171.1034651139
2.0464999503 1.3968885242 -2.0319761506 507.4471982972 314.2111549412
1.9900729549 1.3513069061 -1.6751795088 497.4320729861 217.8083582135
2.0997648301 1.3486116044 -1.6412098306 519.2449839673 184.1618863463
2.0506832390 1.3181927661 -1.3523290782 508.5604214121 89.9749707841
1.8781424790 1.8592667745 -1.8796718071 320.0963906387 261.4357093144
2.1241490901 1.8960094983 -1.9460987535 367.6929216908 230.6909882168
1.9097524317 1.6915000826 -1.6713461377 364.9396043122 202.4974508447
2.0565221317 1.8238578311 -1.3085013062 329.6705275053 32.9548501065
2.0850723031 1.9737329797 -2.1219347553 348.7830347406 281.5473527426
2.1947495420 1.8759180499 -1.5502552975 363.3572206765 94.3475073752
1.9938454775 1.9484953059 -1.6158373748 299.3374148925 146.1000887942
2.0985304997 1.9546498073 -1.3409694483 300.3566695832 29.3435607800

gimbalangles:
-0.5378783209

end: