T_CW:
-0.9819000368 0.1893998885 -0.0000000000 -0.0300000000
0.1217439016 0.6311531776 -0.7660444431 -0.0783022222
-0.1450887321 -0.7521790669 -0.6427876097 -0.0321393805
0.0000000000 0.0000000000 0.0000000000 1.0000000000

T_CW_cov:
0.0000009713 -0.0000001505 0.0000001066 0.0000004145 0.0000024728 -0.0000001969
-0.0000001505 0.0000003930 -0.0000000114 -0.0000010796 -0.0000003819 0.0000001616
0.0000001066 -0.0000000114 0.0000000727 0.0000000361 0.0000002655 -0.0000000198
0.0000004145 -0.0000010796 0.0000000361 0.0000030190 0.0000010513 -0.0000004386
0.0000024728 -0.0000003819 0.0000002655 0.0000010513 0.0000063467 -0.0000005027
-0.0000001969 0.0000001616 -0.0000000198 -0.0000004386 -0.0000005027 0.0000004558

target_points_pix:
-1.9221166002 -1.9663354306 -2.1468861812 1236.8217281205 380.2488914114
-2.0367121883 -2.1929650405 -1.4116115292 1321.0169797050 85.5220105421
-1.8813091829 -1.6492230086 -2.0987515410 1298.1626861121 452.7292011574
-1.6528525047 -1.8988645247 -1.9727573103 1175.4069736058 359.4285393177
-1.9130254349 -1.8860765796 -1.6464160941 1317.0041045636 242.7729269247
-1.6971427193 -1.9147061648 -1.5994332875 1233.3295896001 229.2439956705
-1.7576145065 -2.1605108836 -1.2885426793 1240.1894952652 54.1277887648
-1.7565167600 -2.0307767892 -1.1690698993 1289.4497309326 29.3758142722
-1.8882251437 -1.7216178320 -1.9143727145 1309.3872999328 376.0441654302
-1.6982756279 -1.3603867850 -1.9128438210 1329.6682476669 497.6831037210
-1.4411075920 -2.0047310802 -2.1884385161 1060.7456699412 405.6763934500
-1.5636460166 -2.1015147070 -1.7670923026 1124.5101117893 249.3098557345
-1.4260408633 -1.8229054887 -1.5300131216 1153.1739691197 239.7206249652
-1.3399871004 -2.0056671780 -1.2549875334 1107.7039693832 88.6997444788
-1.5219180490 -1.8699384584 -1.8978367480 1140.5255697820 350.2881076158
-1.4682522470 -1.5686725384 -2.0065486827 1170.3782412752 473.7076679134
-1.5548618276 -1.2661538459 -2.0485354989 1273.3127394707 583.5829108248
-1.0892432491 -2.1781532013 -2.1928852506 913.7050766072 381.0363832218
-1.1045450740 -2.0836019116 -1.7259294662 957.2944385946 260.6852610758
-1.1903101363 -1.9710198513 -1.5405061849 1023.7613009560 217.9197417839
-1.2890348075 -1.9994550703 -1.3783793257 1074.4000010822 143.5975120255
-1.2316108156 -1.6002939991 -2.0136714895 1067.7177065381 480.4828055893
-1.1236390632 -1.6723554829 -1.9513804356 1015.8279831832 445.3073779826
-1.4317858123 -1.0551176296 -1.9035718307 1302.7726948007 632.2564831382
-1.1364814913 -1.1054498984 -1.9291642293 1143.7146928193 643.8926165650
-0.9278648461 -2.1623143671 -1.9122754340 869.8071287787 310.4535790536
-1.1970903097 -2.0119519131 -1.8409716733 996.4579830680 311.9070707831
-1.0262459419 -2.1327927978 -1.4283592435 936.7919598168 144.8493185924
-0.9575045136 -1.9115817110 -1.1792712318 960.6529714480 93.6208380073
-0.8443794031 -1.8071398690 -1.0955409877 930.7600597184 84.6324630573
-1.0920435109 -1.8769257744 -1.8507553072 976.2135571054 355.7048167211
-0.8217986006 -1.4231447447 -2.0815741753 920.2406971280 588.3535784110
-1.0911494608 -1.1818016687 -1.9649873378 1099.1781834048 626.6047689180
-0.6316084140 -2.0274981562 -1.8786262742 771.2826385896 348.2459939771
-0.9035524778 -1.8286837590 -1.7451155714 912.8304607502 343.8537889462
-0.9479648369 -1.9014220938 -1.5210612308 934.0771649149 240.1284211790
-0.9432146670 -2.0560567738 -1.2161047290 926.3686343677 77.7816891197
-0.7223513166 -2.0494162625 -1.0749999326 831.9725123953 23.9840012211
-0.6319736503 -1.7177400197 -2.0925003425 799.4690399051 503.6626079401
-0.8635723492 -1.6173579517 -1.8943794162 919.2774525732 460.3947222439
-0.7482452858 -1.2476348032 -2.1539879505 910.8995066259 682.8660788645
-0.9203595300 -1.1508216233 -2.0333945953 1018.0099632826 674.6143834417
-0.5144810341 -2.0414948860 -1.8602799657 723.0546971696 344.6378354622
-0.6620010583 -2.1660087974 -1.6901725747 773.2077285682 249.3417214905
-0.4142942321 -2.0953978622 -1.3107196396 677.0641395131 133.1092883756
-0.5530260388 -2.0939750219 -1.1044124804 744.0181758513 35.4932645852
-0.3947811777 -1.9984441214 -1.0106780799 675.6448675296 17.6277706297
-0.6599330818 -1.6619423208 -2.0552645162 818.7247127950 508.8060426474
-0.4940653931 -1.4320781224 -1.9938969174 774.5869586215 582.1534441773
-0.6363881488 -1.3993371856 -1.9196929323 848.0327598587 560.8381775804
-0.1465099906 -1.8328272246 -1.8981954512 582.9404380510 437.0408281820
-0.3223157237 -2.0889569064 -1.5800920492 638.1891829054 245.3138671664
-0.3090886800 -1.9464609966 -1.6565812355 643.3631767142 311.8592911250
-0.1811950139 -1.9637254206 -1.1985033871 571.7320172638 127.0069578853
-0.2850391173 -1.8672154483 -0.9145653236 627.1201638337 1.8965596376
-0.3426600909 -1.6986843663 -2.0131679466 679.6682442181 504.0197466318
-0.1400668675 -1.5443412508 -1.8055001948 594.5775758576 504.2805869512
-0.2770033012 -1.3320833847 -1.9451609895 681.3452999461 623.2497959090
0.1335359145 -1.8428479847 -1.9814673882 462.2681869726 477.0117131360
0.1715342562 -1.8377072737 -1.7077555890 427.8984013414 390.0499384617
-0.1848550685 -2.1502072710 -1.5052238707 572.5751776072 208.6179031875
-0.0221415043 -2.1156067050 -1.0512833639 477.0182738242 28.1609128053
0.1240992140 -1.9843450146 -1.0759655747 403.1253325416 78.0850194464
-0.0493717641 -1.9211444237 -1.8066152366 532.8596438014 385.7543976996
-0.0107507729 -1.4624962367 -2.1410767009 547.7361643140 649.5925873327
0.4152243284 -1.8347950724 -1.8048647437 319.3733652981 439.7170516435
0.0848713846 -1.9450227874 -1.7652455950 470.0337502643 372.2551283035
0.2709930666 -2.0229951985 -1.3936351784 354.7569118916 219.9824481729
0.3935839552 -2.0181614624 -1.1510837010 265.1727777640 119.6439629155
0.2146649190 -1.8495797719 -1.0119872249 344.3540185835 84.8055632042
0.2918924149 -1.8026157144 -1.9498619558 389.1988138370 490.0199163867
0.3887196067 -1.5483946661 -1.8073259798 326.2243794044 541.5663303533
0.6613401754 -1.8611822663 -1.9317589166 217.5911319707 488.0015340641
0.4035577717 -1.8051025498 -1.6202255344 305.6479150898 382.8453585117
0.4569104633 -1.8505142371 -1.3525835505 247.9964078909 263.1149174938
0.3786794710 -2.0383437217 -1.1978401556 279.6505073696 135.6346008388
0.6278400558 -2.0763393604 -0.9710114291 111.7893861522 26.1523814328
0.5109429233 -1.6663972622 -2.1643527627 305.1584102498 616.0568509299
0.4919235673 -1.5187523918 -1.9572107497 288.3434205292 610.0930537551
0.6051791213 -2.1125326224 -1.8346550447 244.2122980193 375.7434830091
0.8885854279 -2.0502117149 -1.9125103482 122.5129185980 435.1667313717
0.6754756322 -1.9665131575 -1.5812143502 171.8958082681 333.2850932633
0.7702598618 -2.1020624400 -1.1419530733 64.8965339051 112.7915336772
0.8306860570 -1.5674480567 -2.0795252806 136.0518187671 652.7540736358
0.8551874529 -1.3042941348 -1.8165584212 50.0502443893 690.0334812762
1.0954692453 -1.8581825129 -2.0326651252 27.0817652065 547.8034751530
0.8384879369 -2.0700739021 -1.8890727619 143.5602664121 418.7946261779
0.8471038268 -1.6157640771 -1.8657793855 98.0115299625 568.3298688353

gimbalangles:
1.5779180432

end: