T_CW:
0.2421069411 0.9702495705 0.0000000000 -0.0300000000
0.6236644022 -0.1556233420 -0.7660444431 -0.0783022222
-0.7432542919 0.1854646769 -0.6427876097 -0.0321393805
0.0000000000 0.0000000000 0.0000000000 1.0000000000

T_CW_cov:
0.0000009001 -0.0000002194 0.0000001206 0.0000006157 0.0000023272 -0.0000002108
-0.0000002194 0.0000004457 -0.0000000291 -0.0000012546 -0.0000005612 0.0000002371
0.0000001206 -0.0000000291 0.0000000776 0.0000000875 0.0000003038 -0.0000000283
0.0000006157 -0.0000012546 0.0000000875 0.0000035883 0.0000015742 -0.0000006582
0.0000023272 -0.0000005612 0.0000003038 0.0000015742 0.0000060722 -0.0000005412
-0.0000002108 0.0000002371 -0.0000000283 -0.0000006582 -0.0000005412 0.0000005203

target_points_pix:
-1.8048856477 -0.8113928394 -1.5416979154 22.5118289327 401.3355996152
-1.8072466993 -0.9142648409 -2.0509648423 60.1154943341 584.5805606332
-1.8873716097 -0.8301472013 -1.9077868950 83.9405936309 504.7277921636
-1.9792499143 -0.6263073313 -0.9225304137 23.1837191153 38.3522350817
-2.0752258472 -0.3109300675 -2.1110600714 346.6516282139 467.5292703023
-2.1493942445 -0.4797543549 -1.7357695462 238.3474202553 339.6511751652
-1.8641180002 -0.5218672308 -1.4602447271 172.5881005996 324.3116491056
-2.0215212723 -0.3406231631 -1.0954173160 226.3083127430 100.0458962178
-2.1605347700 -0.4990530025 -1.1397686372 151.5984236404 96.8630832485
-1.9147247312 -0.2548115522 -2.0326057316 366.4853528793 488.5650692042
-2.0556831739 -0.2172783453 -1.6982966545 354.3350414540 334.6084704912
-2.1323124597 -0.0853491397 -1.4956774616 397.8201742569 230.2110039051
-1.9399115812 -0.1485383567 -1.0760889372 331.0416814357 98.8839691655
-2.0648976669 -0.0956304944 -0.9549973675 346.8865062256 2.5214598901
-1.9180268305 -0.1096057180 -2.0836827944 432.7333746541 491.6616945936
-2.0489798470 0.0967352262 -1.5659864992 489.2532089758 266.8999223786
-1.8167122418 0.1568885131 -1.5440816022 530.5922126655 320.0872821529
-1.9581490399 0.0886200913 -1.2052964765 469.8864765110 141.1035150079
-2.0752253339 0.4044434237 -2.0040710625 630.4210921156 386.9367485550
-2.1825678826 0.3116185314 -1.5813675429 576.0449067044 225.3804718847
-2.0098296911 0.1005257098 -1.4875995864 489.0751186355 246.9966541270
-1.9188018807 0.0506425308 -1.1352139082 447.0192409472 120.5967793755
-1.9169883940 0.1195774110 -1.1625619137 485.8457918684 129.7059187259
-2.0916418165 0.3164314712 -1.8431441868 591.1519947217 337.9932453277
-2.0036208889 0.5847712081 -1.8948754516 707.9639232368 360.1702523438
-2.0180561632 0.5574448090 -1.3903307919 696.8413344087 176.6516721920
-1.8339332329 0.6816269267 -1.3275965161 779.7060322347 189.2230647969
-1.8840413096 0.5647228005 -1.1197764381 718.9503350029 89.0458167967
-2.1835710067 0.7113300082 -1.9318055951 737.3809902054 318.5391496550
-2.0143150859 0.8005527293 -1.8945758840 791.6031035958 343.2407657130
-1.9231742053 0.8110639259 -1.5432094472 818.3823949807 244.4794231595
-1.8807234739 0.5757652317 -1.3228588133 722.7337787079 181.8807488333
-1.8227064158 1.0494738780 -1.8443991983 919.2717156800 361.2955282792
-1.8509328536 1.0386621013 -1.7974766609 912.8418997016 338.8646423167
-1.8015030399 1.1161808712 -1.5534731021 969.0805950731 260.0935958197
-2.1081355453 1.0398044225 -1.3625749935 893.6676492413 117.0287671657
-2.0488126483 1.4380370230 -1.8834289392 1023.6338603363 292.3432358542
-2.0567037251 1.1028909532 -1.7309193584 908.1898240303 260.6060737218
-1.9389057584 1.4372610854 -1.5758196013 1069.9133658212 214.0982535015
-2.0911182403 1.3804638920 -2.1341007448 979.8825361500 360.2447185678
-2.1122188602 1.5154501049 -1.5816655415 1063.8353894331 173.2364236361
-2.0342884793 1.4538768698 -1.5469457062 1059.2715171829 180.9165508022
-2.0866935364 1.6184103766 -1.2425579830 1142.0409896458 42.7535491102
-2.0014347219 1.7078845289 -2.1012093477 1107.6788366247 352.6509723035
-1.8547618140 1.7225401945 -1.8078244384 1171.9466944747 297.2546765332
-2.0072416156 1.6140671196 -1.6908236948 1111.4279611735 228.7410386072
-2.1801184842 1.6380492749 -1.2162635370 1130.9524506377 13.5469120766
-1.9639243003 1.5608595716 -1.1649375478 1157.8743443360 36.4210310300
-2.0038303013 2.0575135301 -2.1270901508 1218.3572414196 339.1664248326
-2.1470381419 2.1145932488 -1.6135478239 1264.3428598139 146.8183135211
-1.9564693180 1.9434128026 -1.6015795891 1252.4307069836 190.6203430880
-1.9105360566 1.9809712425 -1.4134013561 1304.3345983503 128.7632911793
-1.9317673488 -0.6338474593 -2.1627174347 211.9161043333 550.7776239713
-1.7579705380 -0.5772389801 -2.1935923520 236.7880178338 614.0549274676
-1.6050720677 -0.1570880062 -2.1723311699 428.0782039951 626.4077110335
-1.9483527284 -0.0672251213 -2.1691429618 454.2679220205 503.8807445919
-1.7025217749 0.2005152844 -2.1416149571 579.1859376183 552.8567033313
-1.7632616332 0.4374488688 -2.0163576747 672.3829140289 477.5172212908
-1.9167180805 0.6502726713 -2.0705326719 741.7073144304 433.1004219624
-1.6238184307 1.0130904683 -2.1368105390 921.7485165555 511.8785872128
-1.8572581003 1.1555460819 -2.1060237815 939.5081980364 425.1605555174
-1.9452187938 1.6869499342 -1.8862993651 1131.4791441965 302.8305052978
-1.6263414072 1.9009207450 -1.9029763512 1280.5093911815 375.2727586259
-1.7938627340 1.8660562055 -2.0782733968 1205.9608913376 386.9352401432
-1.6184308787 1.8073958723 -1.7668520918 1266.8131436468 339.0861456619
-1.7577251011 1.9604673058 -1.4822890344 1329.2372259992 190.7791199150
-1.8550348308 1.9371888628 -1.2800201119 1324.0267207696 89.1376248845
-1.5268858466 -0.9034280657 -1.9429658399 23.1475735796 661.9482968835
-1.4357686636 -0.5273511537 -2.0349748541 234.9757696999 690.4003309950
-1.3346818081 -0.4072892248 -1.9128016578 282.5879363513 685.1455357938
-1.5322625065 0.0726475877 -2.0453616294 530.9853957937 595.6718664166
-1.5002121632 0.1470386231 -2.1716073200 572.0039343823 637.4009710774
-1.5791355639 0.5374848681 -1.9457535413 736.7738769419 507.2729550470
-1.6501355010 0.7157043292 -2.1087474774 799.9413855999 518.8278057612
-1.3592904140 1.0909658465 -2.1851856090 997.6105096624 606.9897113722
-1.5590499261 1.1874940771 -2.1526605445 1000.1934631350 522.9955442500
-1.5757745729 1.6288697621 -1.9103398014 1190.5667678459 411.1322013613
-1.3244016479 1.8144413868 -1.9336562919 1326.9213578572 481.3902028183
-1.5380738672 2.0249670526 -1.9402045005 1343.9186148609 402.7207558089
-1.3390051896 0.2640417268 -2.1356634694 639.5533917925 678.9560715803
-1.2803984165 0.4564333986 -1.8119563847 740.9830100776 582.9221314554
-1.3917419720 0.5734831894 -1.8785099623 780.4689594377 549.5214459009
-1.3356328486 0.9193998904 -1.8476235929 953.6575436079 527.9421055113
-1.1329537274 1.0838303633 -2.1376926140 1046.7134044265 680.2940351090
-1.2190813476 1.3798719968 -1.9537120089 1175.2337218770 562.6746089821
-1.3077586703 1.7380747572 -1.8915694221 1308.3336100302 479.6964436946
-0.8764536400 1.4059935960 -1.9572111547 1289.1915443932 702.4367675313

gimbalangles:
-2.9762070097

end: