T_CW:
0.9034680110 -0.4286555180 -0.0000000000 -0.0300000000
-0.2755344558 -0.5807380432 -0.7660444431 -0.0783022222
0.3283691776 0.6920966494 -0.6427876097 -0.0321393805
0.0000000000 0.0000000000 0.0000000000 1.0000000000

T_CW_cov:
0.0000006219 -0.0000001651 0.0000000615 0.0000004597 0.0000016212 -0.0000001136
-0.0000001651 0.0000005232 -0.0000000347 -0.0000014667 -0.0000004185 0.0000002216
0.0000000615 -0.0000000347 0.0000000707 0.0000001036 0.0000001505 -0.0000000191
0.0000004597 -0.0000014667 0.0000001036 0.0000041658 0.0000011644 -0.0000006068
0.0000016212 -0.0000004185 0.0000001505 0.0000011644 0.0000042784 -0.0000002869
-0.0000001136 0.0000002216 -0.0000000191 -0.0000006068 -0.0000002869 0.0000004898

target_points_pix:
-0.6214503911 2.0011163030 -2.0804553279 24.0542733777 589.4608904343
-0.3082166681 1.6907242396 -2.0314835105 183.7727773868 633.3123475986
-0.4035810572 1.8196444843 -1.9633355322 118.7865977032 581.7886770956
-0.2295808476 1.5833745047 -1.9280668241 217.4095971369 628.3165553552
-0.2288478029 1.7229587019 -2.1713108242 238.0355881574 648.6615877768
-0.2971911650 2.0186508778 -2.0714460476 175.5841798443 532.5441423898
-0.2953695788 2.0744306739 -1.6007389710 107.2478956008 358.1224142017
-0.3327855196 2.0041277111 -1.3840576797 51.6648292891 296.8268607058
0.0580140353 1.6564749291 -2.0056001193 361.8112028906 576.5551924899
0.1129876959 1.7098210899 -1.9997964193 380.7604121016 548.1440494264
0.0202068271 2.1113784809 -2.0826427717 308.4422194625 465.7650443462
0.0496567715 2.1804640802 -1.6243674711 271.6888858600 293.9813190337
0.0781686940 2.0424144230 -1.4188405458 274.5127431132 246.3702363770
0.1446138243 1.8968936248 -1.4479249870 325.2817320087 289.3055873679
0.0202740849 2.0286689315 -1.1369204904 208.9707170223 130.6138197919
0.2951990550 1.4166859272 -1.9840087220 503.6317064155 615.7842299182
0.0611186388 1.5047945352 -1.9279269025 374.0400669127 606.3525791876
0.0867318516 1.5644867443 -2.1461084051 397.1080346896 645.5000924346
0.3565648583 2.1885430665 -2.1504974543 438.1287043531 424.3889698249
0.2727735389 1.9261418884 -1.5732305862 395.7235700837 313.9172681836
0.1087447546 2.0311814710 -1.5708012065 306.7182123393 305.5811136864
0.4034252920 1.8647997388 -1.1615968393 437.0952598663 137.8070396956
0.1825358325 1.8096035881 -0.9249628995 295.4253030878 53.9213888766
0.4395085623 1.3030301233 -2.0955778568 593.6935796156 666.3042777306
0.3407057507 1.5573456301 -1.8639331961 496.8142913428 519.9624444271
0.4556518638 1.6963466740 -1.9118353382 529.2112560115 473.7575127219
0.6412921871 2.0289669724 -2.1399220346 562.1298915139 427.5804312081
0.5283331526 1.8357102497 -1.7207979409 531.6351750635 359.5207570905
0.4402235346 2.1324318888 -1.5393273289 443.3545443985 229.4087239508
0.5082307072 1.8258267294 -1.3142278063 505.5881070795 205.1100109530
0.4263787641 2.0360262969 -0.9802595292 410.3905978569 5.9680948565
0.7704231043 1.1919401564 -2.1147852834 760.6602227664 654.9836083008
0.5889345469 1.1772651812 -2.0652336531 685.3933440806 678.7995172479
0.6182712278 1.6636683500 -1.8178750298 601.3402072443 429.6397386398
0.6917889005 1.6605628289 -1.9153363064 634.3350443381 452.3552544991
0.6861369922 2.0177549577 -2.1359962891 579.8493898681 423.9955790122
0.9073355203 2.1983192295 -1.6524884766 624.9073444613 207.6324789193
0.5964458937 2.0839945609 -1.3115970185 506.3398171376 133.0566712153
0.8853459750 2.1074644930 -1.3019009516 626.4814676415 95.6806442176
0.8347556225 0.9123398415 -1.9235444340 867.9812481350 697.0786967974
1.1981999858 1.0113993311 -2.1238999532 979.7844975407 649.4124150919
1.1653186556 1.2451867740 -2.0812263958 906.9835678901 562.1087265475
0.8890987780 1.6535147810 -1.8036159092 715.2891155300 391.1208628374
1.0812056918 1.6101957530 -2.0611834659 793.2037616350 459.4773100758
0.8168996091 1.8783696711 -1.9477449235 646.3664241200 387.3926632038
0.8460622909 2.0547894297 -1.8492642470 627.5040142412 310.5037374144
1.0564090808 2.1003346994 -1.5296410924 696.5325461472 169.4172939883
1.1110084514 1.9235336780 -1.2463510526 756.1827145969 87.4383858446
0.8192282989 1.9702689997 -1.0886141990 619.4899483333 34.7751833315
1.3177547534 0.9829887943 -1.9275302017 1052.9673441685 579.6025156323
1.2166538022 1.1243311453 -2.0984095424 957.2003497430 599.1764537542
1.2534387693 1.4042816883 -2.1271438066 898.1445583842 513.8480940642
1.3301668377 1.7488035525 -2.0715025133 851.1739016483 396.5218217415
1.2979871322 1.8572265450 -1.8891421815 824.1561689520 319.2831290075
1.0969822034 1.9415982477 -1.5650981868 741.7419710357 211.6769465199
1.1040556031 2.0115566509 -1.5430429039 731.0155891727 187.9114902214
1.2164093231 2.0740255218 -1.1797555361 767.4733139069 20.7438731530
1.6891581496 0.8208092222 -1.9402937266 1249.3214387010 578.1469392539
1.6550291668 0.9849206446 -2.0816303475 1160.5203863970 570.9963767067
1.4599354259 1.1281127119 -1.9168790001 1063.1565211598 504.0083210115
1.3608744688 1.3786190287 -1.8404976115 960.8214622096 417.7132019247
1.3328779171 1.9303904193 -2.0943921518 815.5328309937 360.7365442655
1.6905155624 2.1123487386 -1.8272960049 902.0716835918 209.2182928209
1.3670437746 2.1085656360 -1.9470678720 797.1792081855 276.2991663542
1.5911216728 1.9995606427 -1.6491432373 902.3903499574 181.3231628015
1.8553778200 0.8419135852 -1.8622262487 1313.6473913857 517.8913725404
1.7463991344 0.9501732298 -1.9611408615 1219.9165388453 531.3331828757
1.5956944154 1.1845239711 -2.0629449355 1080.7615473101 511.8093829556
1.7690751164 1.6723849685 -2.1735322540 1002.1940755127 394.4861850452
1.6090419170 1.8701769459 -1.9242906010 922.8992321767 294.8334128730
1.6545523353 2.1920472514 -1.8085601587 875.8994506969 192.0129193366
1.8907629288 2.1738643441 -1.5539227425 964.5191906421 92.6288744292
1.5651760501 1.9011556306 -1.6414494429 916.1228205199 200.5137219680
1.7631702608 2.0808056352 -1.2812136364 961.5662777553 17.4295263118
1.8003977265 0.8938984855 -1.6869383043 1303.6002471682 448.2803519929
1.8199059012 0.9119807045 -1.4911488719 1339.5721842884 363.5657393634
1.9478136786 1.1971845413 -1.8090042128 1225.3550119330 379.9063042735
2.0568281662 1.1937661553 -2.0815877035 1226.1334168653 452.4705942288
2.1086544945 1.2399808035 -1.5814687387 1296.6226047345 268.5373365031
1.9038611655 1.1755829434 -1.4194943058 1275.3796281247 246.1344637733
1.8729445368 1.0765853595 -1.4097697702 1305.1092841083 272.9012769646
2.0464999503 1.3968885242 -2.0319761506 1168.7023725084 387.4308099125
1.9900729549 1.3513069061 -1.6751795088 1206.2711487722 289.2114507472
2.0997648301 1.3486116044 -1.6412098306 1247.4655401301 265.2795574960
2.0506832390 1.3181927661 -1.3523290782 1284.1996716542 166.1915159752
1.9202230750 1.6161276385 -1.1194604044 1165.0399515681 16.0438440837
1.8781424790 1.8592667745 -1.8796718071 1011.6758081860 256.9203147760
2.1241490901 1.8960094983 -1.9460987535 1070.4017286315 247.1354343458
1.9097524317 1.6915000826 -1.6713461377 1079.9716939253 220.1324709114
2.0565221317 1.8238578311 -1.3085013062 1125.3453310282 47.6144148349
2.0850723031 1.9737329797 -2.1219347553 1029.4776236961 286.3549013112
2.1947495420 1.8759180499 -1.5502552975 1130.0706155341 117.0828647642
1.9938454775 1.9484953059 -1.6158373748 1044.7454123264 143.8165215718
2.0985304997 1.9546498073 -1.3409694483 1098.9646530845 35.1521920824

gimbalangles:
-1.1503348996

end: