T_CW:
-0.9723668676 -0.2334580795 -0.0000000000 -0.0300000000
-0.1500639609 0.6250253745 -0.7660444431 -0.0783022222
0.1788392645 -0.7448762356 -0.6427876097 -0.0321393805
0.0000000000 0.0000000000 0.0000000000 1.0000000000

T_CW_cov:
0.0000008991 0.0000001562 -0.0000000995 -0.0000004316 0.0000022881 -0.0000001652
0.0000001562 0.0000003465 -0.0000000169 -0.0000009538 0.0000003947 -0.0000001440
-0.0000000995 -0.0000000169 0.0000000680 0.0000000523 -0.0000002479 0.0000000183
-0.0000004316 -0.0000009538 0.0000000523 0.0000026765 -0.0000010899 0.0000003858
0.0000022881 0.0000003947 -0.0000002479 -0.0000010899 0.0000058724 -0.0000004180
-0.0000001652 -0.0000001440 0.0000000183 0.0000003858 -0.0000004180 0.0000004216

target_points_pix:
-1.0892432491 -2.1781532013 -2.1928852506 1316.8432702635 513.4415209943
-0.9278648461 -2.1623143671 -1.9122754340 1286.2716164112 422.8254017808
-0.6316084140 -2.0274981562 -1.8786262742 1159.5817162946 431.5358534863
-0.9035524778 -1.8286837590 -1.7451155714 1327.0413068429 473.5842343826
-0.7223513166 -2.0494162625 -1.0749999326 1330.7483075844 103.2625387663
-0.6319736503 -1.7177400197 -2.0925003425 1143.6339560585 602.6943380292
-0.8635723492 -1.6173579517 -1.8943794162 1296.8695413810 601.8315916804
-0.5144810341 -2.0414948860 -1.8602799657 1106.9067015420 412.8099392711
-0.6620010583 -2.1660087974 -1.6901725747 1192.0401208722 328.6341771679
-0.4142942321 -2.0953978622 -1.3107196396 1118.7346122357 182.5244964068
-0.5530260388 -2.0939750219 -1.1044124804 1223.2360427974 95.8334166968
-0.3947811777 -1.9984441214 -1.0106780799 1150.8325507350 62.6211325587
-0.6599330818 -1.6619423208 -2.0552645162 1163.7263719818 615.2181514867
-0.4940653931 -1.4320781224 -1.9938969174 1091.4550632451 674.5957639051
-0.6363881488 -1.3993371856 -1.9196929323 1180.4487085326 681.1413050771
-0.1465099906 -1.8328272246 -1.8981954512 932.4051774597 462.8397293240
-0.3223157237 -2.0889569064 -1.5800920492 1044.1825484685 287.3577938249
-0.3090886800 -1.9464609966 -1.6565812355 1030.2561654733 356.1459354422
-0.1811950139 -1.9637254206 -1.1985033871 1007.5967199569 152.1158101358
-0.2850391173 -1.8672154483 -0.9145653236 1101.6668695067 36.7519149412
-0.3426600909 -1.6986843663 -2.0131679466 1012.8692915853 560.7848838971
-0.1400668675 -1.5443412508 -1.8055001948 924.6172846290 532.9640194061
-0.2770033012 -1.3320833847 -1.9451609895 979.2796139052 680.9330140371
0.1335359145 -1.8428479847 -1.9814673882 804.2354335280 464.8262807387
0.1715342562 -1.8377072737 -1.7077555890 794.7127793987 372.7623280356
-0.1848550685 -2.1502072710 -1.5052238707 986.1333091844 233.6879829082
-0.0221415043 -2.1156067050 -1.0512833639 938.9025719601 34.1391806274
0.1240992140 -1.9843450146 -1.0759655747 853.1575137225 68.9412496654
-0.0493717641 -1.9211444237 -1.8066152366 896.7647237555 397.7774276474
-0.0107507729 -1.4624962367 -2.1410767009 838.6577253879 657.4952022306
0.4152243284 -1.8347950724 -1.8048647437 683.9647469671 389.6998621817
0.0848713846 -1.9450227874 -1.7652455950 839.4622251022 367.1468940637
0.2709930666 -2.0229951985 -1.3936351784 771.4504543824 194.0205962916
0.3935839552 -2.0181614624 -1.1510837010 716.0185091957 81.8681547504
0.2146649190 -1.8495797719 -1.0119872249 795.7682652685 64.3513884627
0.2918924149 -1.8026157144 -1.9498619558 733.4079640238 455.6347809118
0.3887196067 -1.5483946661 -1.8073259798 663.7330664699 485.2307309484
0.2030463646 -1.2799541855 -2.0787731241 722.3926499794 693.3407999540
0.6613401754 -1.8611822663 -1.9317589166 585.4959061998 406.1407274618
0.4035577717 -1.8051025498 -1.6202255344 685.9073881923 334.0112516461
0.4569104633 -1.8505142371 -1.3525835505 665.2793470557 210.6713787663
0.3786794710 -2.0383437217 -1.1978401556 724.9626555878 99.4764073133
0.5109429233 -1.6663972622 -2.1643527627 627.7388719895 546.1510752641
0.4919235673 -1.5187523918 -1.9572107497 614.3134223413 536.0109488545
0.6904453826 -1.1610471457 -1.8405569797 456.2704878886 619.3639396198
0.6051791213 -2.1125326224 -1.8346550447 635.5108407198 311.8113554979
0.8885854279 -2.0502117149 -1.9125103482 521.0643564571 335.1118007561
0.6754756322 -1.9665131575 -1.5812143502 584.6386918707 256.8288358992
0.7702598618 -2.1020624400 -1.1419530733 549.0448585470 39.4903027841
0.8716978941 -1.8258617162 -0.9924107934 442.7043635763 22.2277173742
0.8306860570 -1.5674480567 -2.0795252806 480.1591224104 528.6075070803
0.8551874529 -1.3042941348 -1.8165584212 404.2798509565 536.5512630138
0.7895796516 -1.2201316833 -2.0024037326 431.9376043626 635.9993702037
1.0954692453 -1.8581825129 -2.0326651252 420.8873951559 408.7493199582
0.8384879369 -2.0700739021 -1.8890727619 541.7993335613 325.8169227664
1.0345126857 -1.8546994919 -1.3746466354 400.6296358679 182.6807665439
0.9500477222 -1.9913988195 -1.4115719724 464.6557147971 169.2848845284
0.8471038268 -1.6157640771 -1.8657793855 469.8444538239 445.1543694757
1.1646618641 -1.3994225008 -1.8999604189 294.7715262082 502.2389426525
0.8616797140 -1.4018883489 -2.1571992865 444.1107225944 605.3427223661
1.0168398722 -0.9545678627 -1.8721677156 246.8230107148 686.7058159532
1.3633144213 -1.9058175939 -1.8359840971 315.5880594708 318.2654043069
1.1850730598 -1.9429122452 -1.5874276585 371.0295286790 234.3996773384
1.1108721872 -1.8917124848 -1.6494058011 395.7234758138 273.9520492627
1.2995741576 -2.1101608759 -1.3471534802 338.7685066695 99.0256566497
1.1428546488 -1.8734027375 -1.9583861169 401.0527457874 379.0703212784
1.3366147058 -1.5107727898 -2.0124757643 261.2034012824 487.0208282337
1.2127418960 -1.4389323406 -2.1131114121 304.6869852359 550.1145324316
1.0745265784 -1.0422826553 -1.8230717188 236.4587565468 624.1576465279
1.3600971057 -2.1394947090 -1.9308683015 365.5729807085 292.6092034720
1.5999598486 -1.9341720935 -1.5824400126 208.4047299398 211.0755886486
1.4599674712 -1.8730458234 -1.4548000087 234.1320193356 185.4873912785
1.5798023544 -1.8746761661 -1.3568949353 174.7679542612 139.6076668467
1.3351159698 -1.8509936034 -1.1426382576 244.8581821565 65.3181966152
1.4024912873 -1.7454236654 -1.8753919523 272.3257555904 370.4763096086
1.4528564790 -1.6598804076 -1.8320190018 229.8533562077 376.7336846041
1.6979698655 -1.3455571882 -1.9570761194 71.6665162575 494.4616934027
1.6315111392 -1.0550464774 -2.1687695799 48.5454801764 667.0898789090
1.6696960735 -2.1335143978 -1.8174720010 249.3864023188 242.3088389032
1.7663122043 -1.8342091207 -1.7349238641 141.8040921032 278.4971066365
1.7984505393 -2.0074320268 -1.3755868466 126.4099436880 107.1563054154
1.6677061205 -2.0403325325 -1.2331624542 166.1592976803 49.1307634576
1.6699498579 -1.6756908929 -1.8676287179 155.5948397804 369.2577597845
1.7503482467 -1.4139824944 -1.9330663828 66.8427515444 460.8746308123
1.6086240389 -1.3759422775 -2.1769863102 144.9992659354 556.9292716189
1.8517101813 -1.8158071205 -1.9202430645 130.2382082987 337.8623655971
2.0612107624 -2.0207807403 -1.5899707244 64.6678529370 170.6766499272
2.1079238686 -1.9359357685 -1.5871010164 26.2302660920 185.2853987801
1.8652701462 -1.8208169787 -2.1046506354 148.6343352335 390.6748454819
1.8596756203 -1.9310635161 -1.8207909020 142.0168701103 278.3395993627
1.9530555861 -1.9476085270 -1.1788937501 22.3351071956 31.3952796643
1.8838081623 -1.6556635258 -2.1633819886 112.1531945099 449.3566088546

gimbalangles:
1.3331479330

end: