T_CW:
-0.8282787541 0.5603162548 -0.0000000000 -0.0300000000
0.3601643461 0.5324073205 -0.7660444431 -0.0783022222
-0.4292271534 -0.6344983370 -0.6427876097 -0.0321393805
0.0000000000 0.0000000000 0.0000000000 1.0000000000

T_CW_cov:
0.0000005950 -0.0000001254 0.0000000831 0.0000003597 0.0000015654 -0.0000000753
-0.0000001254 0.0000006220 -0.0000000266 -0.0000017390 -0.0000003335 0.0000001788
0.0000000831 -0.0000000266 0.0000000845 0.0000000813 0.0000002175 -0.0000000128
0.0000003597 -0.0000017390 0.0000000813 0.0000049162 0.0000009565 -0.0000005077
0.0000015654 -0.0000003335 0.0000002175 0.0000009565 0.0000041710 -0.0000001999
-0.0000000753 0.0000001788 -0.0000000128 -0.0000005077 -0.0000001999 0.0000004762

target_points_pix:
-1.9221166002 -1.9663354306 -2.1468861812 841.2155341245 287.4312894633
-1.9802765316 -1.8045886900 -1.7091154059 911.7380393818 177.3195265031
-2.0367121883 -2.1929650405 -1.4116115292 843.5616356546 12.3782749159
-1.8813091829 -1.6492230086 -2.0987515410 905.6566233146 336.7499885370
-1.9952865137 -1.5586000442 -1.6116522055 989.3296191682 185.5090844876
-1.9585876503 -1.7206606709 -1.6496159000 930.7348691938 174.2689528318
-2.0979104363 -1.5458682890 -2.0934762486 989.6180586733 326.8672663547
-2.0340556057 -1.5717316181 -1.5723282968 999.4024155311 164.5221518271
-2.1899931001 -1.4689067442 -1.4424310350 1086.5169393975 116.4168692379
-2.0123749693 -1.3051194687 -1.2605724813 1108.8380392867 94.3687871086
-2.1330431348 -1.1238264740 -2.1749385310 1111.9787837455 432.3914819902
-1.8931619140 -1.4242961790 -1.8619772805 982.1098338247 308.9969317180
-1.8156937678 -1.2788976583 -1.4720111433 1034.6437888245 213.0991998921
-2.1048315546 -1.4420218644 -1.3322701860 1081.1931262563 88.1744747240
-2.0275988338 -1.0451784956 -1.8548879915 1141.1323940061 370.3553041466
-2.0740832194 -1.1457875937 -1.8085477659 1124.7691085980 324.9426777683
-1.8048856477 -0.8113928394 -1.5416979154 1203.7954766212 356.7523839369
-2.0263796769 -1.1692429330 -1.4253872039 1144.8913986014 187.5660052565
-2.0394518501 -0.8909256961 -0.9693699009 1343.6208961486 33.0397187370
-1.8072466993 -0.9142648409 -2.0509648423 1102.2282835188 503.0019413422
-1.8873716097 -0.8301472013 -1.9077868950 1172.1397645834 466.5711225744
-2.0424561488 -0.9183195632 -1.6014494401 1224.1452347983 309.8456323720
-1.6528525047 -1.8988645247 -1.9727573103 786.8175315765 282.2218264491
-1.9130254349 -1.8860765796 -1.6464160941 874.6879837298 150.5908445565
-1.6971427193 -1.9147061648 -1.5994332875 805.0312123018 154.2376915849
-1.8882251437 -1.7216178320 -1.9143727145 897.6980900315 267.8907288344
-1.6982756279 -1.3603867850 -1.9128438210 939.8719010921 367.7515772509
-1.8876670961 -1.4066149089 -1.9187156197 981.8792775457 331.3555261676
-1.8462753154 -1.0571684346 -2.1965330153 1053.4851436719 500.7616219414
-1.9317673488 -0.6338474593 -2.1627174347 1226.0142001782 591.2998492120
-1.7579705380 -0.5772389801 -2.1935923520 1193.7951132738 654.3733650926
-1.4411075920 -2.0047310802 -2.1884385161 700.5804341650 350.6857122706
-1.5636460166 -2.1015147070 -1.7670923026 718.8511385941 193.7407785684
-1.4260408633 -1.8229054887 -1.5300131216 741.3115135002 178.8995000272
-1.3399871004 -2.0056671780 -1.2549875334 667.3535469032 49.3645788480
-1.5219180490 -1.8699384584 -1.8978367480 755.8282660272 281.6274203594
-1.4682522470 -1.5686725384 -2.0065486827 808.9009579364 384.8327936277
-1.5548618276 -1.2661538459 -2.0485354989 915.3687539499 455.1630692565
-1.5594104961 -0.9227059103 -1.8929279979 1037.6640723452 498.7688993681
-1.5268858466 -0.9034280657 -1.9429658399 1029.1730167535 527.1403224529
-1.4357686636 -0.5273511537 -2.0349748541 1132.3327116742 703.0528238300
-1.0892432491 -2.1781532013 -2.1928852506 562.5054266164 364.3598802786
-1.1045450740 -2.0836019116 -1.7259294662 573.4666536907 239.5881870962
-1.1903101363 -1.9710198513 -1.5405061849 623.7132063389 185.0221169023
-1.2890348075 -1.9994550703 -1.3783793257 651.0294697642 106.0338396576
-1.2316108156 -1.6002939991 -2.0136714895 724.6561986742 416.5798284376
-1.1236390632 -1.6723554829 -1.9513804356 671.2789147880 397.6998585463
-1.4317858123 -1.0551176296 -1.9035718307 948.8532278969 488.9221457434
-1.1364814913 -1.1054498984 -1.9291642293 826.4354665125 541.7935736720
-1.0697359937 -0.8988463701 -2.1613215268 856.2346188754 694.5452971497
-0.9278648461 -2.1623143671 -1.9122754340 503.4723863681 307.6103256215
-1.1970903097 -2.0119519131 -1.8409716733 621.6395383078 278.9188913329
-1.0262459419 -2.1327927978 -1.4283592435 525.8470925553 133.5186129830
-0.9575045136 -1.9115817110 -1.1792712318 536.0765151765 79.6187020914
-0.8443794031 -1.8071398690 -1.0955409877 505.9872577323 76.2579254734
-1.0920435109 -1.8769257744 -1.8507553072 614.1534957069 324.4722236637
-0.8217986006 -1.4231447447 -2.0815741753 620.7686011176 556.7789621561
-1.0911494608 -1.1818016687 -1.9649873378 785.7408774219 539.1204271449
-1.0321968910 -0.8729605601 -2.1287663411 851.9556560284 703.6654044694
-1.1280067953 -0.8565214532 -2.0582172524 896.9068703427 665.9821164282
-0.6316084140 -2.0274981562 -1.8786262742 416.8027166169 369.3031700717
-0.9035524778 -1.8286837590 -1.7451155714 553.1097136401 328.5535908426
-0.9479648369 -1.9014220938 -1.5210612308 547.2355406418 224.8410341993
-0.9432146670 -2.0560567738 -1.2161047290 499.5262781671 70.8649191283
-0.7223513166 -2.0494162625 -1.0749999326 393.7011255440 35.1928930955
-0.6319736503 -1.7177400197 -2.0925003425 485.4211161738 512.8766560271
-0.8635723492 -1.6173579517 -1.8943794162 588.1953642552 437.0504426109
-0.7482452858 -1.2476348032 -2.1539879505 635.7619879186 647.6591690934
-0.9203595300 -1.1508216233 -2.0333945953 728.4016071588 606.1978090192
-0.5144810341 -2.0414948860 -1.8602799657 366.8249244807 378.6736006456
-0.6620010583 -2.1660087974 -1.6901725747 392.6591948339 271.1402448200
-0.4142942321 -2.0953978622 -1.3107196396 261.5101518021 176.0430292372
-0.5530260388 -2.0939750219 -1.1044124804 306.3935248066 62.8820692862
-0.3947811777 -1.9984441214 -1.0106780799 228.8674581893 57.4611028304
-0.6599330818 -1.6619423208 -2.0552645162 505.5032876167 511.9804446873
-0.4940653931 -1.4320781224 -1.9938969174 482.0222338622 596.0147982760
-0.6363881488 -1.3993371856 -1.9196929323 547.2348466963 552.3866378117
-0.1465099906 -1.8328272246 -1.8981954512 243.6568274230 513.1130070824
-0.3223157237 -2.0889569064 -1.5800920492 250.1732292853 300.4899689403
-0.3090886800 -1.9464609966 -1.6565812355 274.3901953227 367.0495634628
-0.1811950139 -1.9637254206 -1.1985033871 143.7554276576 193.4277798986
-0.2098812585 -2.0260061083 -0.8694235679 92.6966353351 0.5194971132
-0.2850391173 -1.8672154483 -0.9145653236 171.5682755227 50.1816047697
-0.3426600909 -1.6986843663 -2.0131679466 365.3422518801 550.0847965007
-0.1400668675 -1.5443412508 -1.8055001948 275.9307969774 577.4764015688
-0.2770033012 -1.3320833847 -1.9451609895 400.0050058026 667.1107131396
0.1335359145 -1.8428479847 -1.9814673882 118.7904554550 595.0504851080
0.1715342562 -1.8377072737 -1.7077555890 52.7045882351 513.7375353661
-0.1848550685 -2.1502072710 -1.5052238707 167.1599284080 279.3521296991
-0.0493717641 -1.9211444237 -1.8066152366 173.1734111471 475.7700227002
0.0848713846 -1.9450227874 -1.7652455950 96.8987816501 481.3207456066
0.2918924149 -1.8026157144 -1.9498619558 36.3070740720 634.9266523199

gimbalangles:
2.2517069069

end: