T_CW:
-0.8144963856 0.5801686288 0.0000000000 -0.0300000000
0.3729252061 0.5235481848 -0.7660444431 -0.0783022222
-0.4444349542 -0.6239404301 -0.6427876097 -0.0321393805
0.0000000000 0.0000000000 0.0000000000 1.0000000000

T_CW_cov:
0.0000005216 -0.0000001132 0.0000000763 0.0000003242 0.0000013666 -0.0000000538
-0.0000001132 0.0000006170 -0.0000000112 -0.0000017197 -0.0000003048 0.0000001564
0.0000000763 -0.0000000112 0.0000000818 0.0000000362 0.0000002012 -0.0000000061
0.0000003242 -0.0000017197 0.0000000362 0.0000048466 0.0000008723 -0.0000004496
0.0000013666 -0.0000003048 0.0000002012 0.0000008723 0.0000036315 -0.0000001485
-0.0000000538 0.0000001564 -0.0000000061 -0.0000004496 -0.0000001485 0.0000004353

target_points_pix:
-1.9221166002 -1.9663354306 -2.1468861812 818.8280566757 285.1718713478
-1.9802765316 -1.8045886900 -1.7091154059 887.2547358429 174.4248173694
-2.0367121883 -2.1929650405 -1.4116115292 816.9832694051 10.8139496007
-1.8813091829 -1.6492230086 -2.0987515410 883.6450601931 333.3521599301
-1.9952865137 -1.5586000442 -1.6116522055 964.3315988164 181.5602657367
-1.9585876503 -1.7206606709 -1.6496159000 906.0686223491 171.1360668643
-2.0979104363 -1.5458682890 -2.0934762486 966.7511662441 322.2279130013
-2.0340556057 -1.5717316181 -1.5723282968 973.9872692369 160.5499513949
-2.1899931001 -1.4689067442 -1.4424310350 1059.4054900011 111.6450754669
-2.0123749693 -1.3051194687 -1.2605724813 1081.1301579287 89.4621337313
-2.1330431348 -1.1238264740 -2.1749385310 1089.3328422273 425.1591996257
-1.8931619140 -1.4242961790 -1.8619772805 959.0602704915 304.5409489078
-1.8156937678 -1.2788976583 -1.4720111433 1009.6247658210 208.3806024234
-2.1048315546 -1.4420218644 -1.3322701860 1053.7291819528 83.6393707537
-2.0275988338 -1.0451784956 -1.8548879915 1117.1565038638 363.0678288597
-2.0740832194 -1.1457875937 -1.8085477659 1100.3244068471 318.2391635873
-1.8048856477 -0.8113928394 -1.5416979154 1178.7038065067 348.5496384684
-2.0263796769 -1.1692429330 -1.4253872039 1118.0981613480 181.5554999876
-2.0394518501 -0.8909256961 -0.9693699009 1311.2040278582 25.9912918885
-1.8072466993 -0.9142648409 -2.0509648423 1080.8144518300 495.4315947146
-1.8873716097 -0.8301472013 -1.9077868950 1149.1945352234 458.0306908170
-2.0424561488 -0.9183195632 -1.6014494401 1197.9949525546 301.7506919260
-2.0168946479 -0.8103344008 -1.0952591686 1320.7609871158 111.8793314413
-1.6528525047 -1.8988645247 -1.9727573103 764.5981359425 280.7583026815
-1.9130254349 -1.8860765796 -1.6464160941 850.0454173740 148.2600347505
-1.6971427193 -1.9147061648 -1.5994332875 780.8019274427 152.7675485227
-1.8882251437 -1.7216178320 -1.9143727145 874.6932057907 264.8571831660
-1.6982756279 -1.3603867850 -1.9128438210 918.0986930515 363.6719561963
-1.8876670961 -1.4066149089 -1.9187156197 959.1719017354 326.7952319140
-1.8462753154 -1.0571684346 -2.1965330153 1032.6232870251 494.0912169358
-1.9317673488 -0.6338474593 -2.1627174347 1204.1364174382 580.7727719827
-1.7579705380 -0.5772389801 -2.1935923520 1173.4158867427 643.9431165845
-1.4411075920 -2.0047310802 -2.1884385161 679.5838611645 350.4596749574
-1.5636460166 -2.1015147070 -1.7670923026 695.4394582803 193.3373209800
-1.4260408633 -1.8229054887 -1.5300131216 717.6675783066 178.1936688188
-1.3399871004 -2.0056671780 -1.2549875334 641.8013183162 49.6139241154
-1.5219180490 -1.8699384584 -1.8978367480 733.6996164600 280.6116057975
-1.4682522470 -1.5686725384 -2.0065486827 788.1904710075 382.8067940775
-1.5548618276 -1.2661538459 -2.0485354989 895.1293067445 451.1329207097
-1.5594104961 -0.9227059103 -1.8929279979 1016.9813190312 492.3556351176
-1.5268858466 -0.9034280657 -1.9429658399 1009.0192010414 520.7195870809
-1.4357686636 -0.5273511537 -2.0349748541 1113.6353616496 693.4717008017
-1.0892432491 -2.1781532013 -2.1928852506 541.5275693092 366.3359589493
-1.1045450740 -2.0836019116 -1.7259294662 550.6360713467 241.1766812696
-1.1903101363 -1.9710198513 -1.5405061849 600.1832636536 185.8555747492
-1.2890348075 -1.9994550703 -1.3783793257 626.3283212833 106.4822736185
-1.2316108156 -1.6002939991 -2.0136714895 704.6800047008 415.8899411729
-1.1236390632 -1.6723554829 -1.9513804356 651.0540165810 397.9038205768
-1.4317858123 -1.0551176296 -1.9035718307 928.8887767294 484.1417720021
-1.1364814913 -1.1054498984 -1.9291642293 808.1044225136 539.0517523808
-1.0697359937 -0.8988463701 -2.1613215268 840.1055326947 690.7991065665
-0.9278648461 -2.1623143671 -1.9122754340 481.3769775823 310.3697277372
-1.1970903097 -2.0119519131 -1.8409716733 599.5264301365 279.8645011952
-1.0262459419 -2.1327927978 -1.4283592435 501.2189716537 135.5255700895
-0.9575045136 -1.9115817110 -1.1792712318 510.7115741867 81.3648170192
-0.8443794031 -1.8071398690 -1.0955409877 480.4519182271 78.3306537282
-1.0920435109 -1.8769257744 -1.8507553072 592.7383311323 325.5599156214
-0.8217986006 -1.4231447447 -2.0815741753 602.9735939852 557.9211488378
-1.0911494608 -1.1818016687 -1.9649873378 767.5313292880 537.1496565163
-1.0321968910 -0.8729605601 -2.1287663411 835.9977058273 699.9761250646
-1.1280067953 -0.8565214532 -2.0582172524 880.0864635740 661.4745346608
-0.6316084140 -2.0274981562 -1.8786262742 395.0995544002 373.6115916604
-0.9035524778 -1.8286837590 -1.7451155714 531.6000378383 330.5761143049
-0.9479648369 -1.9014220938 -1.5210612308 524.1167709365 226.7494606929
-0.9432146670 -2.0560567738 -1.2161047290 473.8308795985 73.0187078670
-0.7223513166 -2.0494162625 -1.0749999326 366.7328312243 38.3966234758
-0.6319736503 -1.7177400197 -2.0925003425 466.4249142533 516.4864597528
-0.8635723492 -1.6173579517 -1.8943794162 568.4787041494 438.6635177727
-0.7482452858 -1.2476348032 -2.1539879505 619.4052528541 648.5521729395
-0.9203595300 -1.1508216233 -2.0333945953 711.3828677743 605.2291523826
-0.5144810341 -2.0414948860 -1.8602799657 344.8319927282 383.8331627364
-0.6620010583 -2.1660087974 -1.6901725747 369.2394666344 275.4093026195
-0.4142942321 -2.0953978622 -1.3107196396 235.2677733997 181.6020412281
-0.5530260388 -2.0939750219 -1.1044124804 278.9729594329 67.2007929299
-0.3947811777 -1.9984441214 -1.0106780799 200.4327117561 62.6197900001
-0.6599330818 -1.6619423208 -2.0552645162 486.6105172739 515.2135008576
-0.4940653931 -1.4320781224 -1.9938969174 464.3350885253 599.8991048159
-0.6363881488 -1.3993371856 -1.9196929323 529.1930331329 554.9011295340
-0.1465099906 -1.8328272246 -1.8981954512 222.3866815762 521.1663959490
-0.3223157237 -2.0889569064 -1.5800920492 225.6799229704 307.0280522050
-0.3090886800 -1.9464609966 -1.6565812355 251.2426497510 373.6280210853
-0.1811950139 -1.9637254206 -1.1985033871 116.1329081573 200.6725527202
-0.2098812585 -2.0260061083 -0.8694235679 61.3259363042 6.7375519976
-0.2850391173 -1.8672154483 -0.9145653236 142.2451619250 55.9246049498
-0.3426600909 -1.6986843663 -2.0131679466 346.0214876985 556.0704276345
-0.1400668675 -1.5443412508 -1.8055001948 256.1205739350 585.2957675836
-0.2770033012 -1.3320833847 -1.9451609895 382.8692206137 672.8864410123
0.1335359145 -1.8428479847 -1.9814673882 96.9534519057 606.1081991222
0.1715342562 -1.8377072737 -1.7077555890 28.4637361357 525.3006587453
-0.1848550685 -2.1502072710 -1.5052238707 141.1651390185 286.9826899756
-0.1709999155 -1.9968155702 -0.8413978501 34.3628725624 2.2493767833
-0.0493717641 -1.9211444237 -1.8066152366 150.3252425351 484.8347037096
0.0848713846 -1.9450227874 -1.7652455950 72.9081314800 491.7960683296

gimbalangles:
2.1137443172

end: