T_CW:
0.8533441077 0.5213480929 -0.0000000000 -0.0300000000
0.3351160944 -0.5485190192 -0.7660444431 -0.0783022222
-0.3993758095 0.6536995117 -0.6427876097 -0.0321393805
0.0000000000 0.0000000000 0.0000000000 1.0000000000

T_CW_cov:
0.0000005063 0.0000001035 -0.0000000597 -0.0000002871 0.0000013272 -0.0000000567
0.0000001035 0.0000005056 -0.0000000289 -0.0000014137 0.0000002658 -0.0000001700
-0.0000000597 -0.0000000289 0.0000000683 0.0000000842 -0.0000001534 0.0000000122
-0.0000002871 -0.0000014137 0.0000000842 0.0000040028 -0.0000007369 0.0000004706
0.0000013272 0.0000002658 -0.0000001534 -0.0000007369 0.0000035278 -0.0000001488
-0.0000000567 -0.0000001700 0.0000000122 0.0000004706 -0.0000001488 0.0000004190

target_points_pix:
-2.0143150859 0.8005527293 -1.8945758840 82.9225486845 465.1304042011
-1.9231742053 0.8110639259 -1.5432094472 56.6693861483 353.2285754761
-1.8227064158 1.0494738780 -1.8443991983 224.3091662286 413.1065318904
-1.8509328536 1.0386621013 -1.7974766609 206.3317432426 395.7173394465
-1.8015030399 1.1161808712 -1.5534731021 220.1039194753 295.9701810752
-2.1081355453 1.0398044225 -1.3625749935 66.4020107535 193.2413292645
-2.0488126483 1.4380370230 -1.8834289392 285.6213029339 302.2953524504
-2.0567037251 1.1028909532 -1.7309193584 159.6395247643 325.4101959154
-1.9389057584 1.4372610854 -1.5758196013 289.2171455540 212.6948891767
-2.0399436914 1.3696646788 -1.0918728226 179.5600263470 15.6989957019
-2.0911182403 1.3804638920 -2.1341007448 279.4658387975 383.4149166567
-2.1122188602 1.5154501049 -1.5816655415 263.3912263983 178.7562533840
-2.0342884793 1.4538768698 -1.5469457062 263.2828397364 187.2118637953
-2.0866935364 1.6184103766 -1.2425579830 270.4666347089 33.9416224046
-2.0193434510 1.3647482125 -1.0727880773 181.7357756903 9.8960046913
-2.0014347219 1.7078845289 -2.1012093477 386.1488351190 318.8995981855
-1.8547618140 1.7225401945 -1.8078244384 413.0066002164 245.3625237852
-2.0072416156 1.6140671196 -1.6908236948 331.8861394102 209.9231399026
-2.1801184842 1.6380492749 -1.2162635370 246.3213229785 10.9935102612
-1.9639243003 1.5608595716 -1.1649375478 281.8039172780 23.1143283987
-2.0038303013 2.0575135301 -2.1270901508 466.4887685462 263.0495981031
-2.1470381419 2.1145932488 -1.6135478239 418.1162699636 87.2138664889
-1.9564693180 1.9434128026 -1.6015795891 428.3908493181 127.3634472340
-1.9105360566 1.9809712425 -1.4134013561 441.3269086356 59.4414256006
-1.7632616332 0.4374488688 -2.0163576747 28.4490404062 671.1044986732
-1.9167180805 0.6502726713 -2.0705326719 80.0261222913 582.2805154605
-1.6238184307 1.0130904683 -2.1368105390 303.9263516470 547.0948243924
-1.8572581003 1.1555460819 -2.1060237815 275.7517209444 461.0811499049
-1.9452187938 1.6869499342 -1.8862993651 382.9114372148 266.2256362820
-1.6263414072 1.9009207450 -1.9029763512 527.5206870067 267.7023764141
-1.7938627340 1.8660562055 -2.0782733968 478.2480681534 306.5012203954
-1.6184308787 1.8073958723 -1.7668520918 502.8956733033 243.6076345351
-1.7577251011 1.9604673058 -1.4822890344 485.8810868599 102.6516380300
-1.8550348308 1.9371888628 -1.2800201119 439.4991208591 20.6321173511
-1.5791355639 0.5374848681 -1.9457535413 119.0272113009 655.1083023466
-1.6501355010 0.7157043292 -2.1087474774 190.9441551672 625.7606791674
-1.3592904140 1.0909658465 -2.1851856090 416.0223832469 585.9088502561
-1.5590499261 1.1874940771 -2.1526605445 377.9497853627 514.0859529636
-1.5757745729 1.6288697621 -1.9103398014 477.8328385056 331.7207812954
-1.3244016479 1.8144413868 -1.9336562919 602.2992557948 332.0740266598
-1.5376634344 2.0569827124 -1.9344095317 588.6704466331 258.1471963655
-1.5380738672 2.0249670526 -1.9402045005 581.9401453881 265.7607577608
-1.5041704561 2.1644575621 -1.6799082148 617.0271516317 162.5895757903
-1.5671864977 2.1306784232 -1.2809612645 581.8118282899 18.0267637726
-1.3157817243 1.9429941230 -1.1422706580 622.3402373499 14.7092375782
-1.3917419720 0.5734831894 -1.8785099623 189.4578534699 664.8399368660
-1.3356328486 0.9193998904 -1.8476235929 341.5927082350 541.7036879140
-1.1329537274 1.0838303633 -2.1376926140 488.9965075844 618.2370071684
-1.2190813476 1.3798719968 -1.9537120089 532.3516105944 459.1817203156
-1.3077586703 1.7380747572 -1.8915694221 589.4905393103 337.8938585932
-1.1073062340 1.9143356816 -1.8099389513 695.7896700121 299.8324115780
-1.3141370620 2.1921020916 -1.7686534849 683.2131038649 206.9039668794
-1.2916984902 2.1033183010 -1.5281295457 672.0384240396 143.3913160590
-1.1413049017 1.8521756327 -1.2503095271 668.4820966695 98.0107328973
-1.0720818380 2.0508822425 -1.1769081994 743.9976925681 36.8531927675
-0.9197688999 1.1763899925 -2.0413765988 590.8914719314 602.7003225400
-0.8764536400 1.4059935960 -1.9572111547 665.7857228947 512.7754839092
-0.9414224818 1.3385083174 -2.0996017911 625.9570216670 564.2866949127
-0.9187346701 1.7351181522 -1.8963780792 725.1213288518 396.2869608218
-1.1529967376 2.0563168113 -2.1661465793 707.4943461556 371.0808668909
-0.8820781729 2.0234199063 -1.6435393472 802.4066314223 249.2313184656
-0.8748797260 2.0718850172 -1.3880594780 822.7469388661 143.8691765726
-0.9465772767 1.9306066900 -1.1333201170 769.6899103076 53.3543374640
-0.7257215869 1.1637273095 -1.9809265724 665.2698050356 629.7501539416
-0.7639138346 1.1025790106 -2.0546763088 633.6070885786 665.6519224672
-0.7660079664 1.5533281780 -2.0204985617 742.4483869255 508.9772602984
-0.8418474935 1.8492723780 -1.8767407226 777.5967912400 373.4522528318
-0.6214503911 2.0011163030 -2.0804553279 880.5444153804 431.8561544046
-0.5780201406 1.9503515961 -1.5578764583 915.9388161469 276.3590510446
-0.7511423649 2.1572910155 -1.4183356052 888.1523847022 153.8563292549
-0.6866916911 1.8731422773 -1.2897438849 867.2498626619 169.3952958912
-0.8291176503 1.8463283609 -1.0492262872 805.3791902791 43.6603090217
-0.3940264734 1.1357138824 -1.8565624263 812.4801156384 679.1592447362
-0.3082166681 1.6907242396 -2.0314835105 956.9452349478 554.7918070393
-0.6448091371 1.8818765999 -1.8338778347 861.4357280776 381.0759531581
-0.4035810572 1.8196444843 -1.9633355322 942.4282903337 478.5457104068
-0.5617061682 2.0176884646 -1.7492960367 923.3295400982 331.6582570112
-0.5762992154 2.1179589578 -1.3554400287 959.7879044608 158.3348589055
-0.6100145261 2.0163725987 -1.3029655622 930.0097396784 153.5692894907
-0.6297357995 1.8838706853 -0.9646989781 917.2283448504 17.0453968032
-0.2295808476 1.5833745047 -1.9280668241 981.9189735149 572.7525446768
-0.2288478029 1.7229587019 -2.1713108242 986.2941708026 600.6880840591
-0.2971911650 2.0186508778 -2.0714460476 1009.5701992639 474.8759152853
-0.2953695788 2.0744306739 -1.6007389710 1058.9961626014 304.2160365506
-0.3327855196 2.0041277111 -1.3840576797 1052.3289455820 230.0221684321
-0.4466021864 1.8242623228 -1.1806339484 982.9116854887 165.7441809523
-0.3573603580 1.9284946584 -1.0399192768 1065.1781770797 83.1216134610
0.0580140353 1.6564749291 -2.0056001193 1124.8272433156 632.2699648521
0.1129876959 1.7098210899 -1.9997964193 1160.0385664538 623.4184312576
0.0202068271 2.1113784809 -2.0826427717 1153.8307326852 505.3578749244
0.0496567715 2.1804640802 -1.6243674711 1233.7179459196 339.5273180539
0.0781686940 2.0424144230 -1.4188405458 1267.1817124666 300.2044558477
0.1446138243 1.8968936248 -1.4479249870 1285.1395652511 367.6552558438
0.0202740849 2.0286689315 -1.1369204904 1283.1084700313 164.4944869782
0.0611186388 1.5047945352 -1.9279269025 1114.6018726453 665.3390248828
0.3565648583 2.1885430665 -2.1504974543 1303.1934369170 561.3066294091
0.2727735389 1.9261418884 -1.5732305862 1338.4828559334 434.2993641488
0.1087447546 2.0311814710 -1.5708012065 1257.3176669547 370.3287392855
0.3407057507 1.5573456301 -1.8639331961 1288.1372518159 692.0193483308

gimbalangles:
-2.0909411581

end: