T_CW:
-0.9399697725 -0.3412577131 0.0000000000 -0.0300000000
-0.2193562297 0.6042009233 -0.7660444431 -0.0783022222
0.2614185748 -0.7200586209 -0.6427876097 -0.0321393805
0.0000000000 0.0000000000 0.0000000000 1.0000000000

T_CW_cov:
0.0000009485 0.0000002446 -0.0000001581 -0.0000006720 0.0000024460 -0.0000001524
0.0000002446 0.0000004838 -0.0000000360 -0.0000013341 0.0000006291 -0.0000002212
-0.0000001581 -0.0000000360 0.0000000951 0.0000001021 -0.0000004032 0.0000000230
-0.0000006720 -0.0000013341 0.0000001021 0.0000037336 -0.0000017280 0.0000006038
0.0000024460 0.0000006291 -0.0000004032 -0.0000017280 0.0000063611 -0.0000003985
-0.0000001524 -0.0000002212 0.0000000230 0.0000006038 -0.0000003985 0.0000005294

target_points_pix:
-0.6316084140 -2.0274981562 -1.8786262742 1271.2536311882 475.3842319802
-0.6319736503 -1.7177400197 -2.0925003425 1240.9167897401 651.2924990675
-0.5144810341 -2.0414948860 -1.8602799657 1216.1607407776 451.5577957470
-0.6620010583 -2.1660087974 -1.6901725747 1314.1717595429 371.1146652826
-0.4142942321 -2.0953978622 -1.3107196396 1246.1484699917 214.2377519142
-0.3947811777 -1.9984441214 -1.0106780799 1289.5691725672 91.9067598419
-0.6599330818 -1.6619423208 -2.0552645162 1261.5023828615 666.2684024360
-0.1465099906 -1.8328272246 -1.8981954512 1028.0666988304 488.2799866105
-0.3223157237 -2.0889569064 -1.5800920492 1158.7748883060 317.2779632467
-0.3090886800 -1.9464609966 -1.6565812355 1138.8233512742 387.0343260549
-0.1811950139 -1.9637254206 -1.1985033871 1129.9923165276 175.7839962875
-0.2850391173 -1.8672154483 -0.9145653236 1238.5599385617 62.3837342980
-0.3426600909 -1.6986843663 -2.0131679466 1105.0561036509 595.6514437626
-0.1400668675 -1.5443412508 -1.8055001948 1014.5921168670 559.2310574836
0.1335359145 -1.8428479847 -1.9814673882 895.5456117867 479.4275306144
0.1715342562 -1.8377072737 -1.7077555890 892.4599227820 385.7110110802
-0.1848550685 -2.1502072710 -1.5052238707 1101.4334741256 258.0089525532
-0.0221415043 -2.1156067050 -1.0512833639 1066.4724793748 50.8071604851
0.1240992140 -1.9843450146 -1.0759655747 974.6357556081 81.7166087532
-0.0493717641 -1.9211444237 -1.8066152366 995.8265548240 419.0361955423
-0.0107507729 -1.4624962367 -2.1410767009 916.5555209452 677.4469855746
0.4152243284 -1.8347950724 -1.8048647437 778.9111644966 394.1989973997
0.0848713846 -1.9450227874 -1.7652455950 938.8485042787 383.4265420412
0.2709930666 -2.0229951985 -1.3936351784 881.6939641713 203.5458920730
0.3935839552 -2.0181614624 -1.1510837010 833.3399084371 87.2648627474
0.2146649190 -1.8495797719 -1.0119872249 915.7697133893 73.9958179877
0.2918924149 -1.8026157144 -1.9498619558 824.0824278456 464.2905583826
0.3887196067 -1.5483946661 -1.8073259798 751.5746862956 488.2969698640
0.2030463646 -1.2799541855 -2.0787731241 795.4648371865 702.1119195988
0.6613401754 -1.8611822663 -1.9317589166 679.4234211122 402.9813300959
0.4035577717 -1.8051025498 -1.6202255344 784.8098217322 338.5831168538
0.4569104633 -1.8505142371 -1.3525835505 772.8582098572 213.6087761597
0.3786794710 -2.0383437217 -1.1978401556 841.1674788256 105.4704855192
0.5109429233 -1.6663972622 -2.1643527627 711.3870924469 545.8845462197
0.4919235673 -1.5187523918 -1.9572107497 698.6140749336 534.7168946965
0.6904453826 -1.1610471457 -1.8405569797 537.0231629404 603.3836488347
0.6051791213 -2.1125326224 -1.8346550447 736.0313309405 312.6125067433
0.8885854279 -2.0502117149 -1.9125103482 620.9226839843 327.6544235452
0.6754756322 -1.9665131575 -1.5812143502 689.1466458580 254.3808883606
0.7702598618 -2.1020624400 -1.1419530733 669.1855662593 36.0966077215
0.8716978941 -1.8258617162 -0.9924107934 565.7196696045 13.8460715072
0.8306860570 -1.5674480567 -2.0795252806 567.0358775015 515.8039967098
0.8551874529 -1.3042941348 -1.8165584212 492.5767565721 517.3807090492
0.7895796516 -1.2201316833 -2.0024037326 512.3638030609 617.4246799879
1.0954692453 -1.8581825129 -2.0326651252 517.9599927842 392.9683421049
0.8384879369 -2.0700739021 -1.8890727619 641.9953459940 319.9156367092
1.0345126857 -1.8546994919 -1.3746466354 513.8891275294 169.5412064827
0.9500477222 -1.9913988195 -1.4115719724 577.1472224477 160.0904886327
0.8471038268 -1.6157640771 -1.8657793855 562.8085031803 432.6947987272
1.1646618641 -1.3994225008 -1.8999604189 390.1433274582 474.7360340159
0.8616797140 -1.4018883489 -2.1571992865 526.4929871977 588.2684513268
1.0168398722 -0.9545678627 -1.8721677156 331.5751081818 650.0412356775
1.3633144213 -1.9058175939 -1.8359840971 422.9449612390 296.8079512021
1.1850730598 -1.9429122452 -1.5874276585 481.8518523904 218.4381150181
1.1108721872 -1.8917124848 -1.6494058011 502.9206482827 258.8366215867
1.2995741576 -2.1101608759 -1.3471534802 460.1821688613 83.9302579295
1.1428546488 -1.8734027375 -1.9583861169 500.8343260834 362.3522572006
1.3366147058 -1.5107727898 -2.0124757643 359.4542670819 457.1818578073
1.2127418960 -1.4389323406 -2.1131114121 396.3698644340 522.1003610380
1.0745265784 -1.0422826553 -1.8230717188 326.1817691299 588.4354804686
1.3600971057 -2.1394947090 -1.9308683015 472.7518446202 275.0285701871
1.5999598486 -1.9341720935 -1.5824400126 328.5434119540 185.7152949922
1.4599674712 -1.8730458234 -1.4548000087 354.4851850045 162.4466264448
1.5798023544 -1.8746761661 -1.3568949353 301.6211424293 114.6101188429
1.3351159698 -1.8509936034 -1.1426382576 372.6555274935 46.2608389799
1.4024912873 -1.7454236654 -1.8753919523 378.0974812811 344.6948151715
1.4528564790 -1.6598804076 -1.8320190018 337.4156629028 347.7733670764
1.6979698655 -1.3455571882 -1.9570761194 181.5754600673 449.5758104905
1.6315111392 -1.0550464774 -2.1687695799 148.3694238788 613.0530790756
1.6696960735 -2.1335143978 -1.8174720010 365.2964428742 218.4612503586
1.7663122043 -1.8342091207 -1.7349238641 261.5208988004 246.7739342192
1.7984505393 -2.0074320268 -1.3755868466 258.6224311398 80.6125427720
1.6677061205 -2.0403325325 -1.2331624542 299.6679266528 26.5756552070
1.6699498579 -1.6756908929 -1.8676287179 268.2186117996 335.2717061024
1.7503482467 -1.4139824944 -1.9330663828 179.4292567416 416.9888424215
1.6086240389 -1.3759422775 -2.1769863102 245.4839420332 515.4060299053
1.8099044246 -1.1685900485 -2.1964658196 123.0202502514 561.3479681560
1.8517101813 -1.8158071205 -1.9202430645 246.7781404872 303.2063278330
2.0612107624 -2.0207807403 -1.5899707244 197.0951992728 138.3435071609
2.1079238686 -1.9359357685 -1.5871010164 160.5888818124 150.1819383857
1.8652701462 -1.8208169787 -2.1046506354 260.4159744443 355.3547863296
1.8596756203 -1.9310635161 -1.8207909020 261.8086259507 246.5984028764
2.0422816431 -1.6552998450 -1.4431634057 84.1586522376 159.6518648344
2.1282697156 -1.9395770402 -1.2939864247 119.4573063392 39.9659534965
1.9530555861 -1.9476085270 -1.1788937501 166.9580117278 2.5633662267
1.8838081623 -1.6556635258 -2.1633819886 222.4026850613 409.2141207928
1.9935738669 -1.4877829304 -1.5690665399 66.9983216003 249.9155053650
2.0514362961 -1.6443114163 -1.6249753399 103.2439245291 228.3181572842

gimbalangles:
1.0942428652

end: