T_CW:
-0.8616038966 0.5075812501 -0.0000000000 -0.0300000000
0.3262669385 0.5538283092 -0.7660444431 -0.0783022222
-0.3888297960 -0.6600268771 -0.6427876097 -0.0321393805
0.0000000000 0.0000000000 0.0000000000 1.0000000000

T_CW_cov:
0.0000006431 -0.0000001055 0.0000000857 0.0000002993 0.0000016902 -0.0000000792
-0.0000001055 0.0000006402 -0.0000000239 -0.0000017965 -0.0000002764 0.0000002697
0.0000000857 -0.0000000239 0.0000000834 0.0000000717 0.0000002175 -0.0000000145
0.0000002993 -0.0000017965 0.0000000717 0.0000050962 0.0000007840 -0.0000007494
0.0000016902 -0.0000002764 0.0000002175 0.0000007840 0.0000044957 -0.0000002113
-0.0000000792 0.0000002697 -0.0000000145 -0.0000007494 -0.0000002113 0.0000005458

target_points_pix:
-1.9221166002 -1.9663354306 -2.1468861812 899.4165138370 294.8369371008
-1.9802765316 -1.8045886900 -1.7091154059 975.6151647990 186.3429834511
-2.0367121883 -2.1929650405 -1.4116115292 912.7654222119 17.7368165976
-1.8813091829 -1.6492230086 -2.0987515410 962.9983438982 347.1844821526
-1.9952865137 -1.5586000442 -1.6116522055 1054.7569405890 197.3503785233
-1.9585876503 -1.7206606709 -1.6496159000 995.1418567499 183.9237774742
-2.0979104363 -1.5458682890 -2.0934762486 1049.3836850321 340.6101171322
-2.0340556057 -1.5717316181 -1.5723282968 1065.9621783386 176.4154074116
-2.1899931001 -1.4689067442 -1.4424310350 1157.8163899144 130.4436264702
-2.0123749693 -1.3051194687 -1.2605724813 1181.7929193480 108.7504195976
-2.1330431348 -1.1238264740 -2.1749385310 1171.3555507408 453.1200479335
-1.8931619140 -1.4242961790 -1.8619772805 1042.3470050385 322.2430973499
-1.8156937678 -1.2788976583 -1.4720111433 1100.2325571240 227.0194995524
-2.1048315546 -1.4420218644 -1.3322701860 1153.4226705662 101.5450347851
-2.1794605583 -1.2973912472 -1.0600853036 1268.4931965390 0.6908413127
-2.0275988338 -1.0451784956 -1.8548879915 1204.1277179046 391.2479707458
-2.0740832194 -1.1457875937 -1.8085477659 1188.9984280738 344.2539553829
-1.8048856477 -0.8113928394 -1.5416979154 1269.8974430649 380.1456353961
-2.0263796769 -1.1692429330 -1.4253872039 1215.4753939953 204.9827484753
-1.8072466993 -0.9142648409 -2.0509648423 1158.2858996790 524.6182236553
-1.8873716097 -0.8301472013 -1.9077868950 1232.3982440572 490.8418177367
-2.0424561488 -0.9183195632 -1.6014494401 1293.1430409869 332.9608484396
-1.6528525047 -1.8988645247 -1.9727573103 844.4639965325 287.5323701792
-1.9130254349 -1.8860765796 -1.6464160941 938.8924941107 158.0999731822
-1.6971427193 -1.9147061648 -1.5994332875 867.9743778472 159.4798049269
-1.7576145065 -2.1605108836 -1.2885426793 840.2526331374 0.1328361152
-1.8882251437 -1.7216178320 -1.9143727145 957.6433782232 277.3325815816
-1.6982756279 -1.3603867850 -1.9128438210 996.6475578863 380.0040654743
-1.8876670961 -1.4066149089 -1.9187156197 1041.2073597287 344.8858900411
-1.8462753154 -1.0571684346 -2.1965330153 1108.0077792874 519.9485770040
-1.9317673488 -0.6338474593 -2.1627174347 1283.4263367856 620.9108471917
-1.7579705380 -0.5772389801 -2.1935923520 1247.1319957763 683.6553768958
-1.4411075920 -2.0047310802 -2.1884385161 754.8707086937 352.8036557555
-1.5636460166 -2.1015147070 -1.7670923026 779.4479393090 196.2272701111
-1.4260408633 -1.8229054887 -1.5300131216 802.5683189890 182.1598966059
-1.3399871004 -2.0056671780 -1.2549875334 733.3639080033 50.0235546821
-1.5219180490 -1.8699384584 -1.8978367480 813.1723416014 285.7661895352
-1.4682522470 -1.5686725384 -2.0065486827 862.6464981642 391.6581713151
-1.5548618276 -1.2661538459 -2.0485354989 968.0504579156 467.2911285987
-1.5594104961 -0.9227059103 -1.8929279979 1091.6898607446 517.2605042915
-1.5268858466 -0.9034280657 -1.9429658399 1081.7776674712 545.6426541094
-1.0892432491 -2.1781532013 -2.1928852506 616.4876217191 360.8152459785
-1.1045450740 -2.0836019116 -1.7259294662 632.2220854742 236.9697991945
-1.1903101363 -1.9710198513 -1.5405061849 684.3852456962 184.3007605061
-1.2890348075 -1.9994550703 -1.3783793257 714.7937554432 106.2360499027
-1.2316108156 -1.6002939991 -2.0136714895 776.3421891690 419.9215215342
-1.1236390632 -1.6723554829 -1.9513804356 723.5185974414 398.7179663369
-1.4317858123 -1.0551176296 -1.9035718307 1000.8552620769 503.0420989498
-1.1364814913 -1.1054498984 -1.9291642293 873.9771830464 550.5088884779
-0.9278648461 -2.1623143671 -1.9122754340 560.1982051853 302.0469411118
-1.1970903097 -2.0119519131 -1.8409716733 678.6559638759 277.9735547354
-1.0262459419 -2.1327927978 -1.4283592435 589.0920670035 129.7525296957
-0.9575045136 -1.9115817110 -1.1792712318 601.2354876205 76.4659180742
-0.8443794031 -1.8071398690 -1.0955409877 571.5005579279 72.2700981172
-1.0920435109 -1.8769257744 -1.8507553072 669.3577766309 323.1844859370
-0.8217986006 -1.4231447447 -2.0815741753 666.6658019057 555.3952618484
-1.0911494608 -1.1818016687 -1.9649873378 832.9150299246 545.8130456565
-1.1280067953 -0.8565214532 -2.0582172524 940.5472117082 679.3212919717
-0.6316084140 -2.0274981562 -1.8786262742 472.3700110984 359.8474851928
-0.9035524778 -1.8286837590 -1.7451155714 608.4373490315 324.8726368002
-0.9479648369 -1.9014220938 -1.5210612308 606.6711716153 221.3939369219
-0.9432146670 -2.0560567738 -1.2161047290 565.4285395020 66.6681911275
-0.7223513166 -2.0494162625 -1.0749999326 462.5451123379 28.3145634817
-0.6319736503 -1.7177400197 -2.0925003425 534.2233783041 505.1983987030
-0.8635723492 -1.6173579517 -1.8943794162 638.9875106667 434.4505366112
-0.7482452858 -1.2476348032 -2.1539879505 677.9704248707 646.8994486960
-0.9203595300 -1.1508216233 -2.0333945953 772.4099728393 610.2653886777
-0.5144810341 -2.0414948860 -1.8602799657 423.0390393231 367.0854657437
-0.6620010583 -2.1660087974 -1.6901725747 452.5222222261 261.7514502621
-0.4142942321 -2.0953978622 -1.3107196396 328.1920307846 163.4000996918
-0.5530260388 -2.0939750219 -1.1044124804 376.1408618391 53.2462281035
-0.3947811777 -1.9984441214 -1.0106780799 300.9583623882 45.7455013531
-0.6599330818 -1.6619423208 -2.0552645162 554.0681547055 505.2571363036
-0.4940653931 -1.4320781224 -1.9938969174 527.4906411303 587.6273903613
-0.6363881488 -1.3993371856 -1.9196929323 593.6785482069 547.4871705287
-0.1465099906 -1.8328272246 -1.8981954512 297.8909114118 494.3202724688
-0.3223157237 -2.0889569064 -1.5800920492 312.4583927500 285.4630288754
-0.3090886800 -1.9464609966 -1.6565812355 333.3526067928 351.9275951199
-0.1811950139 -1.9637254206 -1.1985033871 213.6310840448 176.6481064026
-0.2850391173 -1.8672154483 -0.9145653236 245.7348382188 37.0281792424
-0.3426600909 -1.6986843663 -2.0131679466 414.8229392191 536.4207896243
-0.1400668675 -1.5443412508 -1.8055001948 326.5522259949 559.2340471842
-0.2770033012 -1.3320833847 -1.9451609895 444.0068610843 653.9266677816
0.1335359145 -1.8428479847 -1.9814673882 174.3336686135 568.8345604657
0.1715342562 -1.8377072737 -1.7077555890 114.1239676764 486.3522733455
-0.1848550685 -2.1502072710 -1.5052238707 233.0378516476 261.6374612706
-0.0221415043 -2.1156067050 -1.0512833639 82.9244797521 90.0613147599
-0.0493717641 -1.9211444237 -1.8066152366 231.2559723004 454.5023108222
0.0848713846 -1.9450227874 -1.7652455950 157.7328501257 456.6029167188
0.2918924149 -1.8026157144 -1.9498619558 93.7986581566 603.8105266166
0.3887196067 -1.5483946661 -1.8073259798 33.3637159071 677.7705311884

gimbalangles:
2.1164807965

end: