T_CW:
0.0850181021 0.9963794068 0.0000000000 -0.0300000000
0.6404603372 -0.0546485826 -0.7660444431 -0.0783022222
-0.7632709078 0.0651276447 -0.6427876097 -0.0321393805
0.0000000000 0.0000000000 0.0000000000 1.0000000000

T_CW_cov:
0.0000009643 -0.0000001140 0.0000000343 0.0000002992 0.0000024787 -0.0000001493
-0.0000001140 0.0000004252 0.0000000044 -0.0000011812 -0.0000002848 0.0000001074
0.0000000343 0.0000000044 0.0000000664 -0.0000000062 0.0000000821 -0.0000000037
0.0000002992 -0.0000011812 -0.0000000062 0.0000033398 0.0000007453 -0.0000002862
0.0000024787 -0.0000002848 0.0000000821 0.0000007453 0.0000064282 -0.0000003803
-0.0000001493 0.0000001074 -0.0000000037 -0.0000002862 -0.0000003803 0.0000004444

target_points_pix:
-2.1330431348 -1.1238264740 -2.1749385310 166.3311300975 458.4301968517
-2.0275988338 -1.0451784956 -1.8548879915 148.6774174022 390.4318909255
-2.0740832194 -1.1457875937 -1.8085477659 103.9063065280 364.0706656389
-1.8048856477 -0.8113928394 -1.5416979154 190.2209766574 341.5263756664
-2.0263796769 -1.1692429330 -1.4253872039 25.2804564856 237.3668855365
-2.0394518501 -0.8909256961 -0.9693699009 91.4791446087 16.6531041772
-1.8072466993 -0.9142648409 -2.0509648423 206.9502333433 517.6085487166
-1.8873716097 -0.8301472013 -1.9077868950 235.8263470590 444.9996947668
-2.0424561488 -0.9183195632 -1.6014494401 174.6029834599 295.1233171207
-2.0168946479 -0.8103344008 -1.0952591686 152.9590153288 84.1571101725
-2.0752258472 -0.3109300675 -2.1110600714 481.4955996525 437.8108946283
-2.1493942445 -0.4797543549 -1.7357695462 392.4553680093 303.5282178059
-1.8641180002 -0.5218672308 -1.4602447271 332.9672309387 282.8659796335
-2.0215212723 -0.3406231631 -1.0954173160 403.6291427495 72.5825528074
-2.1605347700 -0.4990530025 -1.1397686372 335.2119802662 64.0729241555
-1.9147247312 -0.2548115522 -2.0326057316 498.0669281809 460.4789914051
-2.0556831739 -0.2172783453 -1.6982966545 501.5142134532 309.8543876919
-2.1323124597 -0.0853491397 -1.4956774616 553.0662414127 212.2677050352
-1.9399115812 -0.1485383567 -1.0760889372 501.8462110431 79.1751788538
-1.9180268305 -0.1096057180 -2.0836827944 560.9520609596 470.9625606147
-2.0489798470 0.0967352262 -1.5659864992 637.7173698823 256.4950845189
-1.8167122418 0.1568885131 -1.5440816022 672.6645208258 313.0377434730
-1.9581490399 0.0886200913 -1.2052964765 631.0772283461 131.0891130553
-2.0752253339 0.4044434237 -2.0040710625 765.2133783755 389.4957831404
-2.1825678826 0.3116185314 -1.5813675429 727.2916586950 223.3013577365
-2.0098296911 0.1005257098 -1.4875995864 639.4567211246 236.9115565570
-1.9188018807 0.0506425308 -1.1352139082 610.8270110914 109.1566956756
-1.9169883940 0.1195774110 -1.1625619137 647.6937310851 121.1551322968
-2.0916418165 0.3164314712 -1.8431441868 730.9773967276 336.6706064318
-2.0036208889 0.5847712081 -1.8948754516 846.1115364155 371.0511013563
-2.0180561632 0.5574448090 -1.3903307919 853.4765574346 185.3649792371
-1.8339332329 0.6816269267 -1.3275965161 937.1143152902 205.5268944317
-1.8840413096 0.5647228005 -1.1197764381 884.8317703861 98.9354404834
-2.1835710067 0.7113300082 -1.9318055951 880.5315702698 332.1081037411
-2.0143150859 0.8005527293 -1.8945758840 933.7060755283 362.8632789255
-1.9231742053 0.8110639259 -1.5432094472 971.6899973521 265.2639943126
-1.8807234739 0.5757652317 -1.3228588133 879.2473521064 192.9880116465
-1.8227064158 1.0494738780 -1.8443991983 1065.6135696481 395.3224269244
-1.8509328536 1.0386621013 -1.7974766609 1061.1731365552 371.5496951524
-1.8015030399 1.1161808712 -1.5534731021 1129.5836865360 296.2899649874
-2.1081355453 1.0398044225 -1.3625749935 1064.3410746147 141.5524275040
-2.0488126483 1.4380370230 -1.8834289392 1185.2907504807 335.2392332630
-2.0567037251 1.1028909532 -1.7309193584 1064.6348612943 290.5216691592
-1.9389057584 1.4372610854 -1.5758196013 1244.2155220864 258.4285164023
-2.0399436914 1.3696646788 -1.0918728226 1263.9194137616 31.7350926752
-1.9984313436 1.4414017589 -1.0534970561 1315.0088725024 21.1531207415
-2.0911182403 1.3804638920 -2.1341007448 1130.7240087982 400.8494178550
-2.1122188602 1.5154501049 -1.5816655415 1242.0536965453 215.0088212623
-2.0342884793 1.4538768698 -1.5469457062 1236.1747719269 222.6492105266
-2.0866935364 1.6184103766 -1.2425579830 1342.6771185479 84.7604694555
-2.0193434510 1.3647482125 -1.0727880773 1269.4587075518 27.2632610760
-2.0014347219 1.7078845289 -2.1012093477 1270.7869682131 407.4888019649
-2.0072416156 1.6140671196 -1.6908236948 1288.4434536577 277.8768579899
-2.1801184842 1.6380492749 -1.2162635370 1333.5124980385 53.0148338561
-1.8462753154 -1.0571684346 -2.1965330153 166.4508979614 550.3836437622
-1.9317673488 -0.6338474593 -2.1627174347 347.9126279244 502.7987302962
-1.7579705380 -0.5772389801 -2.1935923520 364.6262186472 566.2606695096
-1.6050720677 -0.1570880062 -2.1723311699 543.0119533940 601.9609291927
-1.9483527284 -0.0672251213 -2.1691429618 580.5041133588 485.3413080491
-1.7025217749 0.2005152844 -2.1416149571 697.3058080443 548.5970497151
-1.7632616332 0.4374488688 -2.0163576747 797.9389957658 484.8646354083
-1.9167180805 0.6502726713 -2.0705326719 873.0152867855 448.2404381958
-1.6238184307 1.0130904683 -2.1368105390 1052.1505254203 550.3550185063
-1.8572581003 1.1555460819 -2.1060237815 1080.4168854445 463.2864888981
-1.9452187938 1.6869499342 -1.8862993651 1302.5509086492 357.8850266724
-1.5594104961 -0.9227059103 -1.8929279979 153.5861087732 557.9488586527
-1.5268858466 -0.9034280657 -1.9429658399 166.3625271093 586.1525250290
-1.4357686636 -0.5273511537 -2.0349748541 355.2323747348 639.2736966395
-1.3346818081 -0.4072892248 -1.9128016578 399.6333074358 640.4699663858
-1.5322625065 0.0726475877 -2.0453616294 645.4806958235 584.9809417975
-1.5002121632 0.1470386231 -2.1716073200 681.5602923289 631.4300773725
-1.5791355639 0.5374848681 -1.9457535413 860.0487246993 522.6092370266
-1.6501355010 0.7157043292 -2.1087474774 923.8565367586 542.0265869619
-1.3592904140 1.0909658465 -2.1851856090 1122.7753487926 658.5750224278
-1.5590499261 1.1874940771 -2.1526605445 1134.7762026807 571.9703181848
-1.4317858123 -1.0551176296 -1.9035718307 68.9822867765 617.4453856974
-1.3989814388 -0.5673341385 -2.1783087477 346.5475123765 697.1051913777
-1.3390051896 0.2640417268 -2.1356634694 744.1694179089 681.8664875813
-1.2803984165 0.4564333986 -1.8119563847 856.2095380879 599.5775049807
-1.3917419720 0.5734831894 -1.8785099623 900.2920260923 570.8726396821
-1.3356328486 0.9193998904 -1.8476235929 1084.1008546450 571.2730105827
-1.2190813476 1.3798719968 -1.9537120089 1321.9753595900 637.2623397051

gimbalangles:
-3.0255474518

end: