T_CW:
0.9932160051 0.1162839942 -0.0000000000 -0.0300000000
0.0747459107 -0.6384269418 -0.7660444431 -0.0783022222
-0.0890787076 0.7608476015 -0.6427876097 -0.0321393805
0.0000000000 0.0000000000 0.0000000000 1.0000000000

T_CW_cov:
0.0000009304 0.0000000668 -0.0000000529 -0.0000001737 0.0000023663 -0.0000001369
0.0000000668 0.0000003456 0.0000000102 -0.0000009453 0.0000001680 -0.0000000833
-0.0000000529 0.0000000102 0.0000000681 -0.0000000250 -0.0000001310 0.0000000046
-0.0000001737 -0.0000009453 -0.0000000250 0.0000026394 -0.0000004363 0.0000002170
0.0000023663 0.0000001680 -0.0000001310 -0.0000004363 0.0000060699 -0.0000003544
-0.0000001369 -0.0000000833 0.0000000046 0.0000002170 -0.0000003544 0.0000004367

target_points_pix:
-2.0038303013 2.0575135301 -2.1270901508 28.0266217892 378.7306818802
-1.6263414072 1.9009207450 -1.9029763512 102.6812123726 364.3506092320
-1.7938627340 1.8660562055 -2.0782733968 56.5680839652 421.4172642638
-1.6184308787 1.8073958723 -1.7668520918 66.3613942268 345.9577781295
-1.6410654609 2.1004963161 -1.1101007541 22.6069922967 15.6120727524
-1.5757745729 1.6288697621 -1.9103398014 64.8506842089 448.0425364599
-1.3244016479 1.8144413868 -1.9336562919 208.0680216103 408.4735986706
-1.5376634344 2.0569827124 -1.9344095317 169.7699822589 336.2082610889
-1.5380738672 2.0249670526 -1.9402045005 164.5288829536 346.1001560479
-1.5041704561 2.1644575621 -1.6799082148 172.6472905361 228.7235713700
-1.5671864977 2.1306784232 -1.2809612645 88.4610889780 84.8041728649
-1.3157817243 1.9429941230 -1.1422706580 134.7975653646 72.0980897397
-1.2190813476 1.3798719968 -1.9537120089 169.2869627537 563.1242650907
-1.3077586703 1.7380747572 -1.8915694221 195.7313320809 418.3573603135
-1.1073062340 1.9143356816 -1.8099389513 299.9581923737 347.6360031216
-1.3141370620 2.1921020916 -1.7686534849 258.7642100954 257.1814144991
-1.2916984902 2.1033183010 -1.5281295457 228.1699519597 194.7731746706
-1.1413049017 1.8521756327 -1.2503095271 211.6339011905 148.3723713068
-1.0720818380 2.0508822425 -1.1769081994 274.9593544825 69.4675299117
-0.9197688999 1.1763899925 -2.0413765988 278.7139712552 688.1215539784
-0.8764536400 1.4059935960 -1.9572111547 331.4758893026 570.3007460334
-0.9414224818 1.3385083174 -2.0996017911 304.4626638006 636.4379719014
-0.9187346701 1.7351181522 -1.8963780792 358.8324369573 435.2417832701
-1.1529967376 2.0563168113 -2.1661465793 332.5217476692 416.1972210242
-0.8820781729 2.0234199063 -1.6435393472 395.4629238083 268.3302473041
-0.8748797260 2.0718850172 -1.3880594780 386.5469951202 159.5930413582
-0.9465772767 1.9306066900 -1.1333201170 307.1156054788 80.6157710169
-0.7257215869 1.1637273095 -1.9809265724 365.6534663686 686.3266758191
-0.7660079664 1.5533281780 -2.0204985617 408.8899619874 540.6433131110
-0.8418474935 1.8492723780 -1.8767407226 405.5478466705 397.0899753752
-0.6214503911 2.0011163030 -2.0804553279 521.4622837270 423.7632923735
-0.5780201406 1.9503515961 -1.5578764583 513.5219555977 265.7960553239
-0.7511423649 2.1572910155 -1.4183356052 453.6941175663 154.8888942243
-0.6866916911 1.8731422773 -1.2897438849 438.2293630115 174.1365314559
-0.8291176503 1.8463283609 -1.0492262872 341.6369039309 63.4237326737
-0.3940264734 1.1357138824 -1.8565624263 525.8684739895 678.9622688810
-0.3082166681 1.6907242396 -2.0314835105 624.5665048844 515.5115907971
-0.6448091371 1.8818765999 -1.8338778347 489.8871990286 380.3929501071
-0.4035810572 1.8196444843 -1.9633355322 591.4573048558 449.2655988495
-0.5617061682 2.0176884646 -1.7492960367 534.9530177879 316.6673331907
-0.5762992154 2.1179589578 -1.3554400287 523.1015095189 143.5782080480
-0.6100145261 2.0163725987 -1.3029655622 494.0659461505 145.2384506340
-0.6297357995 1.8838706853 -0.9646989781 445.7573931498 15.8723500691
-0.2295808476 1.5833745047 -1.9280668241 651.5820669066 524.0136877650
-0.2288478029 1.7229587019 -2.1713108242 662.2293483425 548.7520484752
-0.2971911650 2.0186508778 -2.0714460476 650.0991695672 426.9516185622
-0.2953695788 2.0744306739 -1.6007389710 650.1137015383 257.4438530897
-0.3327855196 2.0041277111 -1.3840576797 625.7139919333 190.4997429260
-0.4466021864 1.8242623228 -1.1806339484 547.1587878735 145.1039645044
-0.3573603580 1.9284946584 -1.0399192768 600.1653972303 51.5928556849
0.0580140353 1.6564749291 -2.0056001193 787.2037583024 534.3392065965
0.1129876959 1.7098210899 -1.9997964193 813.4174864662 516.2488516220
0.0202068271 2.1113784809 -2.0826427717 779.4243013309 414.8495808289
0.0496567715 2.1804640802 -1.6243674711 804.1268627666 249.1052578954
0.0781686940 2.0424144230 -1.4188405458 821.6194602891 207.1323428678
0.1446138243 1.8968936248 -1.4479249870 851.5317573187 261.5187068275
0.0202740849 2.0286689315 -1.1369204904 802.6428214073 85.2243503782
0.2951990550 1.4166859272 -1.9840087220 900.8697295261 630.3282977385
0.0611186388 1.5047945352 -1.9279269025 787.2011340344 566.2076991816
0.0867318516 1.5644867443 -2.1461084051 794.6356391699 610.5078566783
0.3565648583 2.1885430665 -2.1504974543 909.5234617608 424.0429211774
0.2727735389 1.9261418884 -1.5732305862 907.4628649438 306.6168576326
0.1087447546 2.0311814710 -1.5708012065 830.2316745199 270.4219102402
0.4034252920 1.8647997388 -1.1615968393 1009.1026800752 151.9501344032
0.1825358325 1.8096035881 -0.9249628995 903.1742510731 35.6449712946
0.3407057507 1.5573456301 -1.8639331961 929.0379729002 537.7397936739
0.4556518638 1.6963466740 -1.9118353382 977.8493170848 507.1537568518
0.6412921871 2.0289669724 -2.1399220346 1029.1596366543 475.5666567620
0.5283331526 1.8357102497 -1.7207979409 1022.7674952147 398.0360226518
0.4402235346 2.1324318888 -1.5393273289 983.3806852851 241.6716378852
0.5082307072 1.8258267294 -1.3142278063 1053.3743228937 238.3326499573
0.4263787641 2.0360262969 -0.9802595292 1030.7947699137 16.3975863421
0.6182712278 1.6636683500 -1.8178750298 1067.6446877395 494.5359072825
0.6917889005 1.6605628289 -1.9153363064 1093.8938410575 531.0366724969
0.6861369922 2.0177549577 -2.1359962891 1048.6799102061 479.3403190695
0.9073355203 2.1983192295 -1.6524884766 1181.3948599814 280.1149101786
0.5964458937 2.0839945609 -1.3115970185 1082.0289349051 166.9877342471
0.8853459750 2.1074644930 -1.3019009516 1227.6138435970 165.3520721021
0.8890987780 1.6535147810 -1.8036159092 1208.0226033211 504.8751816333
1.0812056918 1.6101957530 -2.0611834659 1270.9040917897 612.0434794075
0.8168996091 1.8783696711 -1.9477449235 1133.0794228733 470.9631203531
0.8460622909 2.0547894297 -1.8492642470 1143.2205299990 385.7313298442
1.0564090808 2.1003346994 -1.5296410924 1278.9963058038 265.7864393835
0.8192282989 1.9702689997 -1.0886141990 1243.6046834173 99.9772404442
1.0969822034 1.9415982477 -1.5650981868 1315.0376736626 327.4987195448
1.1040556031 2.0115566509 -1.5430429039 1312.2986515836 298.0259391694
1.3328779171 1.9303904193 -2.0943921518 1341.7129312827 517.7063897801

gimbalangles:
-1.9600141521

end: