T_CW:
-0.6054060092 0.7959168073 0.0000000000 -0.0300000000
0.5116054620 0.3891474815 -0.7660444431 -0.0783022222
-0.6097076474 -0.4637679091 -0.6427876097 -0.0321393805
0.0000000000 0.0000000000 0.0000000000 1.0000000000

T_CW_cov:
0.0000005675 0.0000001022 -0.0000000145 -0.0000002925 0.0000015196 -0.0000000427
0.0000001022 0.0000007298 -0.0000000384 -0.0000020614 0.0000002691 -0.0000001402
-0.0000000145 -0.0000000384 0.0000000835 0.0000001176 -0.0000000282 0.0000000082
-0.0000002925 -0.0000020614 0.0000001176 0.0000058828 -0.0000007698 0.0000003690
0.0000015196 0.0000002691 -0.0000000282 -0.0000007698 0.0000041265 -0.0000001065
-0.0000000427 -0.0000001402 0.0000000082 0.0000003690 -0.0000001065 0.0000005186

target_points_pix:
-1.9221166002 -1.9663354306 -2.1468861812 542.0966847544 284.5318115331
-1.9802765316 -1.8045886900 -1.7091154059 587.7175480675 164.7912133312
-2.0367121883 -2.1929650405 -1.4116115292 488.1043597066 14.4364672917
-1.8813091829 -1.6492230086 -2.0987515410 613.9238157819 319.4395296234
-1.9952865137 -1.5586000442 -1.6116522055 662.0375160272 159.6798550396
-1.9585876503 -1.7206606709 -1.6496159000 605.1642230958 158.6308541638
-2.0979104363 -1.5458682890 -2.0934762486 689.7537958785 293.7794001434
-2.0340556057 -1.5717316181 -1.5723282968 667.1721790985 138.1395193346
-2.1899931001 -1.4689067442 -1.4424310350 736.6127638350 79.5916382271
-2.0123749693 -1.3051194687 -1.2605724813 752.4868819309 55.6136080095
-2.1330431348 -1.1238264740 -2.1749385310 818.7574399865 368.1214954638
-1.8931619140 -1.4242961790 -1.8619772805 679.6420518566 278.0416541034
-1.8156937678 -1.2788976583 -1.4720111433 709.0290253170 177.9983306993
-2.1048315546 -1.4420218644 -1.3322701860 726.5909660167 53.8330170086
-2.0275988338 -1.0451784956 -1.8548879915 832.3898830625 305.3401225574
-2.0740832194 -1.1457875937 -1.8085477659 809.7224513692 266.7079022881
-1.8048856477 -0.8113928394 -1.5416979154 883.3810436623 280.9972034331
-2.0263796769 -1.1692429330 -1.4253872039 801.5406689912 136.6600877052
-1.8072466993 -0.9142648409 -2.0509648423 823.9698622919 434.5893094521
-1.8873716097 -0.8301472013 -1.9077868950 876.8266230248 386.8275629580
-2.0424561488 -0.9183195632 -1.6014494401 891.5684473674 235.3075720880
-2.0168946479 -0.8103344008 -1.0952591686 962.7191827506 45.4063447479
-2.0752258472 -0.3109300675 -2.1110600714 1098.4077533547 498.1511785722
-2.1493942445 -0.4797543549 -1.7357695462 1077.8127397489 330.6168311358
-1.8641180002 -0.5218672308 -1.4602447271 1030.6848929615 286.7463536872
-2.0215212723 -0.3406231631 -1.0954173160 1201.8215008176 116.1326950378
-2.1605347700 -0.4990530025 -1.1397686372 1137.6277466933 83.9447639206
-1.9147247312 -0.2548115522 -2.0326057316 1102.8092689332 528.4307346990
-2.0556831739 -0.2172783453 -1.6982966545 1183.2509725243 387.8503337447
-2.1323124597 -0.0853491397 -1.4956774616 1291.7061666566 316.7189183273
-1.9399115812 -0.1485383567 -1.0760889372 1304.6750682728 160.0294093694
-1.9180268305 -0.1096057180 -2.0836827944 1161.5731453652 573.9054708555
-1.6528525047 -1.8988645247 -1.9727573103 487.8528959777 289.8598649046
-1.9130254349 -1.8860765796 -1.6464160941 546.8562515714 145.0019919684
-1.6971427193 -1.9147061648 -1.5994332875 479.5067534322 160.1164670909
-1.7576145065 -2.1605108836 -1.2885426793 412.8512100305 8.8794311210
-1.8882251437 -1.7216178320 -1.9143727145 592.5945494641 254.6586919627
-1.6982756279 -1.3603867850 -1.9128438210 652.4345332782 341.9104580596
-1.8876670961 -1.4066149089 -1.9187156197 683.8024311866 299.2569172501
-1.8462753154 -1.0571684346 -2.1965330153 780.9216501870 443.1764008872
-1.9317673488 -0.6338474593 -2.1627174347 944.5675001163 487.9734406985
-1.7579705380 -0.5772389801 -2.1935923520 929.7268984783 551.5249815673
-1.6050720677 -0.1570880062 -2.1723311699 1075.1585298078 685.3810987979
-1.9483527284 -0.0672251213 -2.1691429618 1174.8124535775 599.0671353243
-1.4411075920 -2.0047310802 -2.1884385161 415.2311919709 375.8773749036
-1.5636460166 -2.1015147070 -1.7670923026 400.6039973857 214.8000184292
-1.4260408633 -1.8229054887 -1.5300131216 420.8802583043 195.5286438858
-1.3399871004 -2.0056671780 -1.2549875334 316.4937406833 77.1709671039
-1.5219180490 -1.8699384584 -1.8978367480 456.8906137454 295.3160943945
-1.4682522470 -1.5686725384 -2.0065486827 531.1695016175 385.7550704880
-1.5548618276 -1.2661538459 -2.0485354989 647.1227956221 430.3044431922
-1.5594104961 -0.9227059103 -1.8929279979 766.9704050186 444.2501336609
-1.5268858466 -0.9034280657 -1.9429658399 764.9222572123 472.4864542232
-1.4357686636 -0.5273511537 -2.0349748541 887.7647032104 609.4760163122
-1.3346818081 -0.4072892248 -1.9128016578 923.6553385801 635.3872361471
-1.0892432491 -2.1781532013 -2.1928852506 272.6456480477 421.0655701797
-1.1045450740 -2.0836019116 -1.7259294662 257.1517449465 289.6507754380
-1.1903101363 -1.9710198513 -1.5405061849 299.5140398258 223.4352746270
-1.2890348075 -1.9994550703 -1.3783793257 311.4159556161 137.7159218442
-1.2316108156 -1.6002939991 -2.0136714895 454.2460535201 435.7058282706
-1.1236390632 -1.6723554829 -1.9513804356 395.7398666738 429.1198433631
-1.4317858123 -1.0551176296 -1.9035718307 685.0690820190 454.5880892197
-1.1364814913 -1.1054498984 -1.9291642293 581.0426736995 533.6167654261
-1.0697359937 -0.8988463701 -2.1613215268 640.4444021299 672.7171672483
-1.3989814388 -0.5673341385 -2.1783087477 855.5738345225 653.0442060040
-0.9278648461 -2.1623143671 -1.9122754340 195.1807122990 375.6303967336
-1.1970903097 -2.0119519131 -1.8409716733 317.6057628699 320.0331673893
-1.0262459419 -2.1327927978 -1.4283592435 181.1036288222 188.5244325636
-0.9575045136 -1.9115817110 -1.1792712318 181.0196798225 129.8694455401
-0.8443794031 -1.8071398690 -1.0955409877 146.8924244870 131.3721936252
-1.0920435109 -1.8769257744 -1.8507553072 319.8155483156 367.9925731188
-0.8217986006 -1.4231447447 -2.0815741753 378.0920264591 601.5731574514
-1.0911494608 -1.1818016687 -1.9649873378 541.0436833928 541.1417125711
-1.0321968910 -0.8729605601 -2.1287663411 638.3509388672 682.4924278829
-1.1280067953 -0.8565214532 -2.0582172524 672.6784656666 634.5835284756
-0.6316084140 -2.0274981562 -1.8786262742 111.4698411311 461.1355644523
-0.9035524778 -1.8286837590 -1.7451155714 255.2167862442 385.6816118895
-0.9479648369 -1.9014220938 -1.5210612308 225.6411740886 279.4371616810
-0.9432146670 -2.0560567738 -1.2161047290 137.6805666386 127.1744243189
-0.6319736503 -1.7177400197 -2.0925003425 222.4137078545 593.7746390541
-0.8635723492 -1.6173579517 -1.8943794162 317.3410699237 488.6276996016
-0.7482452858 -1.2476348032 -2.1539879505 413.6038370037 688.5050400738
-0.9203595300 -1.1508216233 -2.0333945953 498.6576430326 621.5457654930
-0.5144810341 -2.0414948860 -1.8602799657 55.5913822090 483.8090798771
-0.6620010583 -2.1660087974 -1.6901725747 60.3694752866 362.2025020508
-0.6599330818 -1.6619423208 -2.0552645162 244.4686827122 587.2538691669
-0.4940653931 -1.4320781224 -1.9938969174 238.2546671783 680.4543564943
-0.6363881488 -1.3993371856 -1.9196929323 299.4934998617 616.8822427250
-0.3426600909 -1.6986843663 -2.0131679466 95.1108062208 667.0441580040

gimbalangles:
2.7881337783

end: