T_CW:
0.9564291274 -0.2919645943 -0.0000000000 -0.0300000000
-0.1876712237 -0.6147807926 -0.7660444431 -0.0783022222
0.2236578550 0.7326672183 -0.6427876097 -0.0321393805
0.0000000000 0.0000000000 0.0000000000 1.0000000000

T_CW_cov:
0.0000008714 -0.0000002151 0.0000001285 0.0000006068 0.0000022601 -0.0000001892
-0.0000002151 0.0000004852 -0.0000000369 -0.0000013574 -0.0000005530 0.0000002465
0.0000001285 -0.0000000369 0.0000000864 0.0000001105 0.0000003268 -0.0000000306
0.0000006068 -0.0000013574 0.0000001105 0.0000038545 0.0000015591 -0.0000006854
0.0000022601 -0.0000005530 0.0000003268 0.0000015591 0.0000059167 -0.0000004857
-0.0000001892 0.0000002465 -0.0000000306 -0.0000006854 -0.0000004857 0.0000005562

target_points_pix:
-0.7660079664 1.5533281780 -2.0204985617 67.8290044180 686.2504408852
-0.6214503911 2.0011163030 -2.0804553279 162.7333210443 522.9514447617
-0.5780201406 1.9503515961 -1.5578764583 107.2426562383 358.4405720822
-0.3082166681 1.6907242396 -2.0314835105 303.7155974041 582.0453716674
-0.6448091371 1.8818765999 -1.8338778347 113.8842744784 487.3036302384
-0.4035810572 1.8196444843 -1.9633355322 248.8450951964 525.8128952023
-0.5617061682 2.0176884646 -1.7492960367 146.7283160936 406.0938259014
-0.5762992154 2.1179589578 -1.3554400287 81.8210782561 225.9527454310
-0.6100145261 2.0163725987 -1.3029655622 48.3505930027 234.9358514827
-0.2295808476 1.5833745047 -1.9280668241 335.0513042743 581.1344380997
-0.2288478029 1.7229587019 -2.1713108242 352.5897566922 602.8306420602
-0.2971911650 2.0186508778 -2.0714460476 305.3494696761 484.7342386520
-0.2953695788 2.0744306739 -1.6007389710 257.8798387644 312.0352693976
-0.3327855196 2.0041277111 -1.3840576797 212.5354840338 249.2239173116
-0.4466021864 1.8242623228 -1.1806339484 111.3423664547 220.8867562912
-0.3573603580 1.9284946584 -1.0399192768 144.6369623551 110.0355449994
0.0580140353 1.6564749291 -2.0056001193 475.1321146441 547.2679987937
0.1129876959 1.7098210899 -1.9997964193 495.7613100572 521.7078541471
0.0202068271 2.1113784809 -2.0826427717 434.9525877435 434.0370347891
0.0496567715 2.1804640802 -1.6243674711 415.5793184429 264.6747514182
0.0781686940 2.0424144230 -1.4188405458 422.2534322628 218.9980735113
0.1446138243 1.8968936248 -1.4479249870 466.2034731027 264.8385738475
0.0202740849 2.0286689315 -1.1369204904 371.0211114979 102.5053254128
0.2951990550 1.4166859272 -1.9840087220 607.7378581622 601.9649069188
0.0611186388 1.5047945352 -1.9279269025 483.9023646254 577.7066667528
0.0867318516 1.5644867443 -2.1461084051 502.4893415027 618.3546539858
0.3565648583 2.1885430665 -2.1504974543 562.3137258767 406.6433945761
0.2727735389 1.9261418884 -1.5732305862 531.1888289346 294.8535921096
0.1087447546 2.0311814710 -1.5708012065 447.3698396141 278.9498881100
0.4034252920 1.8647997388 -1.1615968393 586.7174411398 125.7897272813
0.1825358325 1.8096035881 -0.9249628995 458.4562418522 34.2851449411
0.4395085623 1.3030301233 -2.0955778568 691.4457094525 662.7737382074
0.3407057507 1.5573456301 -1.8639331961 609.9619788451 506.8864202009
0.4556518638 1.6963466740 -1.9118353382 645.9903633576 464.7233039364
0.6412921871 2.0289669724 -2.1399220346 682.9000716030 422.2658403123
0.5283331526 1.8357102497 -1.7207979409 658.9128325272 352.0847827518
0.4402235346 2.1324318888 -1.5393273289 584.8463378471 216.0562725036
0.5082307072 1.8258267294 -1.3142278063 647.3556540833 197.3042374380
0.7704231043 1.1919401564 -2.1147852834 860.3377618051 672.5074730918
0.5889345469 1.1772651812 -2.0652336531 781.7015765065 686.8597819055
0.6182712278 1.6636683500 -1.8178750298 721.2323476568 428.5341719661
0.6917889005 1.6605628289 -1.9153363064 752.0513388452 454.5558190081
0.6861369922 2.0177549577 -2.1359962891 700.7409054814 420.5143027312
0.9073355203 2.1983192295 -1.6524884766 765.6936749896 209.2470117852
0.5964458937 2.0839945609 -1.3115970185 654.8800962255 126.0418308273
0.8853459750 2.1074644930 -1.3019009516 777.5423260244 97.5398994862
1.1981999858 1.0113993311 -2.1238999532 1089.3147366354 695.2414767100
1.1653186556 1.2451867740 -2.0812263958 1021.0207871893 596.4028817128
0.8890987780 1.6535147810 -1.8036159092 839.4012673656 401.6000943299
1.0812056918 1.6101957530 -2.0611834659 912.7008293009 478.7035268764
0.8168996091 1.8783696711 -1.9477449235 770.3246312760 390.8339979051
0.8460622909 2.0547894297 -1.8492642470 758.6792520764 312.2057607635
1.0564090808 2.1003346994 -1.5296410924 841.4421971619 176.7533753004
1.1110084514 1.9235336780 -1.2463510526 909.9818832678 98.6195823603
0.8192282989 1.9702689997 -1.0886141990 776.0159511332 36.2173153555
1.3177547534 0.9829887943 -1.9275302017 1174.6871981733 632.6810356309
1.2166538022 1.1243311453 -2.0984095424 1070.3531178997 640.6528744277
1.2534387693 1.4042816883 -2.1271438066 1016.5524959024 545.9129175054
1.3301668377 1.7488035525 -2.0715025133 978.9368416717 420.8723066036
1.2979871322 1.8572265450 -1.8891421815 958.2666682360 339.5476852010
1.0969822034 1.9415982477 -1.5650981868 883.4892524972 223.0992590189
1.1040556031 2.0115566509 -1.5430429039 874.7965344177 198.1920701652
1.2164093231 2.0740255218 -1.1797555361 928.0092644983 31.7471283063
1.6550291668 0.9849206446 -2.0816303475 1292.9463848274 637.2014230296
1.4599354259 1.1281127119 -1.9168790001 1193.3935780921 555.3849616783
1.3608744688 1.3786190287 -1.8404976115 1092.1605247662 454.4340369897
1.3328779171 1.9303904193 -2.0943921518 945.4169808993 380.7685156805
1.6905155624 2.1123487386 -1.8272960049 1050.5883809105 234.1549813986
1.3670437746 2.1085656360 -1.9470678720 934.5570451479 293.2611348831
1.5911216728 1.9995606427 -1.6491432373 1053.5476300065 205.6257778992
1.3882493757 1.8446951888 -1.0503425138 1065.9793465632 7.4358039724
1.5956944154 1.1845239711 -2.0629449355 1211.7929080494 565.4917592994
1.7690751164 1.6723849685 -2.1735322540 1138.8998032476 434.6818968260
1.6090419170 1.8701769459 -1.9242906010 1064.2004654838 323.9828531544
1.6545523353 2.1920472514 -1.8085601587 1024.7177269995 214.2733819369
1.8907629288 2.1738643441 -1.5539227425 1128.2644538986 119.2234872129
1.5651760501 1.9011556306 -1.6414494429 1066.1598094499 226.5280950366
1.7631702608 2.0808056352 -1.2812136364 1132.3306655580 41.3734470510
2.0464999503 1.3968885242 -2.0319761506 1320.8933702797 445.4065286833
1.8781424790 1.8592667745 -1.8796718071 1162.7037060085 293.2386519474
2.1241490901 1.8960094983 -1.9460987535 1227.2876624400 288.5099524843
1.9097524317 1.6915000826 -1.6713461377 1240.2730171338 261.3554908032
2.0565221317 1.8238578311 -1.3085013062 1307.1377862724 84.5674418465
2.0850723031 1.9737329797 -2.1219347553 1179.0748064054 325.3659702758
2.1947495420 1.8759180499 -1.5502552975 1305.5175285613 157.7750225284
1.9938454775 1.9484953059 -1.6158373748 1209.5992246085 178.7015447859
2.0985304997 1.9546498073 -1.3409694483 1279.4267771924 69.5207196349

gimbalangles:
-1.2939632184

end: