T_CW:
0.8560218735 -0.5169396019 -0.0000000000 -0.0300000000
-0.3322823711 -0.5502402539 -0.7660444431 -0.0783022222
0.3959987095 0.6557507994 -0.6427876097 -0.0321393805
0.0000000000 0.0000000000 0.0000000000 1.0000000000

T_CW_cov:
0.0000005129 -0.0000001002 0.0000000583 0.0000002757 0.0000013421 -0.0000000711
-0.0000001002 0.0000005316 -0.0000000316 -0.0000014972 -0.0000002473 0.0000001763
0.0000000583 -0.0000000316 0.0000000695 0.0000000944 0.0000001482 -0.0000000150
0.0000002757 -0.0000014972 0.0000000944 0.0000042693 0.0000006792 -0.0000004957
0.0000013421 -0.0000002473 0.0000001482 0.0000006792 0.0000035623 -0.0000001779
-0.0000000711 0.0000001763 -0.0000000150 -0.0000004957 -0.0000001779 0.0000004335

target_points_pix:
-0.3082166681 1.6907242396 -2.0314835105 98.9793455091 678.2882566242
-0.4035810572 1.8196444843 -1.9633355322 26.0047495418 630.6989073434
-0.2295808476 1.5833745047 -1.9280668241 134.4624527203 670.1047932869
-0.2288478029 1.7229587019 -2.1713108242 157.4932139072 689.3463855455
-0.2971911650 2.0186508778 -2.0714460476 83.2205505209 575.1338111949
0.0580140353 1.6564749291 -2.0056001193 282.6561426241 604.8061261751
0.1129876959 1.7098210899 -1.9997964193 300.4692896063 574.3071289840
0.0202068271 2.1113784809 -2.0826427717 219.2515505723 495.9939649422
0.0496567715 2.1804640802 -1.6243674711 169.2756487591 322.3239116267
0.0781686940 2.0424144230 -1.4188405458 169.2592491895 273.1583516175
0.1446138243 1.8968936248 -1.4479249870 225.5659470804 313.9336115134
0.0202740849 2.0286689315 -1.1369204904 92.3171647779 157.7656859887
0.2951990550 1.4166859272 -1.9840087220 431.7810730976 632.6510992258
0.0611186388 1.5047945352 -1.9279269025 297.4744114474 634.0662301844
0.0867318516 1.5644867443 -2.1461084051 323.9073397009 672.0340175838
0.3565648583 2.1885430665 -2.1504974543 351.5446222400 444.1833999806
0.2727735389 1.9261418884 -1.5732305862 300.6436748151 334.5396348822
0.1087447546 2.0311814710 -1.5708012065 207.0297276981 331.8806682997
0.4034252920 1.8647997388 -1.1615968393 332.2548017504 152.7662251891
0.1825358325 1.8096035881 -0.9249628995 179.0944676940 74.2660685296
0.4395085623 1.3030301233 -2.0955778568 526.6657681316 675.8321288467
0.3407057507 1.5573456301 -1.8639331961 418.5138096521 536.3677886146
0.4556518638 1.6963466740 -1.9118353382 448.5496528801 487.2777954996
0.6412921871 2.0289669724 -2.1399220346 478.9041487828 438.4524424218
0.5283331526 1.8357102497 -1.7207979409 443.6089295699 371.7882074450
0.4402235346 2.1324318888 -1.5393273289 344.3964802334 245.6512281653
0.5082307072 1.8258267294 -1.3142278063 407.1100186230 217.2562057384
0.4263787641 2.0360262969 -0.9802595292 296.0036231961 19.9593402807
0.7704231043 1.1919401564 -2.1147852834 692.9584942258 650.2304725906
0.5889345469 1.1772651812 -2.0652336531 619.6832346041 680.3392215283
0.6182712278 1.6636683500 -1.8178750298 519.0206894858 437.5531665324
0.6917889005 1.6605628289 -1.9153363064 553.7534671417 458.0069347919
0.6861369922 2.0177549577 -2.1359962891 496.6731632766 433.5769347862
0.9073355203 2.1983192295 -1.6524884766 528.4097526303 213.1886301359
0.5964458937 2.0839945609 -1.3115970185 403.0892714583 144.3876176447
0.8853459750 2.1074644930 -1.3019009516 522.9625236643 100.6227464863
0.8347556225 0.9123398415 -1.9235444340 801.2697534146 682.5958026876
1.1981999858 1.0113993311 -2.1238999532 906.4982871871 626.5636804424
1.1653186556 1.2451867740 -2.0812263958 830.5389488961 546.6314230287
0.8890987780 1.6535147810 -1.8036159092 630.9761030959 391.0837535598
1.0812056918 1.6101957530 -2.0611834659 712.5391954255 453.7209819935
0.8168996091 1.8783696711 -1.9477449235 561.6008133901 392.1266280221
0.8460622909 2.0547894297 -1.8492642470 537.6291131496 316.2899507961
1.0564090808 2.1003346994 -1.5296410924 598.0320192571 170.9370070213
1.1110084514 1.9235336780 -1.2463510526 652.4495866979 86.0582416010
0.8192282989 1.9702689997 -1.0886141990 512.1411528872 39.7078364376
1.3177547534 0.9829887943 -1.9275302017 972.3295741479 552.4804581382
1.2166538022 1.1243311453 -2.0984095424 881.5438986471 579.1393019701
1.2534387693 1.4042816883 -2.1271438066 818.8458996431 499.8276550298
1.3301668377 1.7488035525 -2.0715025133 765.5119758081 387.4061228876
1.2979871322 1.8572265450 -1.8891421815 734.1299121718 312.6952420276
1.0969822034 1.9415982477 -1.5650981868 645.8635424920 210.6075678498
1.1040556031 2.0115566509 -1.5430429039 633.6611756399 187.5241332039
1.2164093231 2.0740255218 -1.1797555361 659.4120624059 19.1760773473
1.6891581496 0.8208092222 -1.9402937266 1157.4769827816 536.3180680464
1.6550291668 0.9849206446 -2.0816303475 1073.7259084573 536.0935957113
1.4599354259 1.1281127119 -1.9168790001 977.3016406739 478.0668349969
1.3608744688 1.3786190287 -1.8404976115 873.6674639860 400.7911883130
1.3328779171 1.9303904193 -2.0943921518 728.2006460680 354.3710725780
1.6905155624 2.1123487386 -1.8272960049 803.4499873459 199.4121791629
1.3670437746 2.1085656360 -1.9470678720 704.7554689829 271.7739568963
1.5911216728 1.9995606427 -1.6491432373 802.0786229082 171.8387365698
1.8553778200 0.8419135852 -1.8622262487 1213.5713256466 473.7338099146
1.7463991344 0.9501732298 -1.9611408615 1127.0862206611 493.3508034806
1.5956944154 1.1845239711 -2.0629449355 994.5015998186 484.4769015547
1.7690751164 1.6723849685 -2.1735322540 911.9434815908 375.4385401628
1.6090419170 1.8701769459 -1.9242906010 829.1036308740 282.5485537434
1.6545523353 2.1920472514 -1.8085601587 776.8084912909 183.8558842042
1.8907629288 2.1738643441 -1.5539227425 856.8728350740 81.4560408044
1.5651760501 1.9011556306 -1.6414494429 816.6755953290 190.0014903973
1.7631702608 2.0808056352 -1.2812136364 849.4386606577 7.6238725048
2.0085784985 0.5661478600 -2.1355031077 1326.6221248374 614.3824328790
2.1082567397 0.7683194024 -2.0883454596 1284.5863468658 521.0394484022
1.8003977265 0.8938984855 -1.6869383043 1200.0386535188 407.5076027985
1.8199059012 0.9119807045 -1.4911488719 1228.2452751842 323.8608270259
2.1466583260 0.9021488065 -1.8376978670 1282.2434260628 399.7970383084
1.9478136786 1.1971845413 -1.8090042128 1122.8695799650 346.8147443327
1.9294212385 1.0134778323 -1.3523070024 1244.3960519382 221.6838219738
2.0193486403 0.9251526220 -1.2053517240 1340.1343681916 163.8671383185
2.0568281662 1.1937661553 -2.0815877035 1127.9829465421 416.8988435695
2.1086544945 1.2399808035 -1.5814687387 1182.6061886032 235.2468539892
1.9038611655 1.1755829434 -1.4194943058 1161.5488771190 214.7827816739
1.8729445368 1.0765853595 -1.4097697702 1190.8328932523 238.8624074167
2.1912169449 1.1472081868 -1.0971950733 1315.3559862234 41.9238884039
2.0464999503 1.3968885242 -2.0319761506 1070.0446784049 357.7666043747
1.9900729549 1.3513069061 -1.6751795088 1099.4478075542 260.3286752330
2.0997648301 1.3486116044 -1.6412098306 1136.5748892308 234.8828614496
2.0506832390 1.3181927661 -1.3523290782 1164.9286708815 137.3709366788
1.8781424790 1.8592667745 -1.8796718071 912.5313040375 240.1520335638
2.1241490901 1.8960094983 -1.9460987535 968.1433498792 227.3078475737
1.9097524317 1.6915000826 -1.6713461377 975.6994141346 200.3619342582
2.0565221317 1.8238578311 -1.3085013062 1008.3503725126 30.1017007045
2.0850723031 1.9737329797 -2.1219347553 931.3806696381 267.9873915046
2.1947495420 1.8759180499 -1.5502552975 1017.0001945895 97.5052273787
1.9938454775 1.9484953059 -1.6158373748 937.3032379126 127.7280671863
2.0985304997 1.9546498073 -1.3409694483 982.4767993600 19.1300761304

gimbalangles:
-1.3071510753

end: