T_CW:
-0.9120676530 0.4100397498 -0.0000000000 -0.0300000000
0.2635684707 0.5862657865 -0.7660444431 -0.0783022222
-0.3141086718 -0.6986843573 -0.6427876097 -0.0321393805
0.0000000000 0.0000000000 0.0000000000 1.0000000000

T_CW_cov:
0.0000007214 -0.0000001543 0.0000001117 0.0000004352 0.0000018675 -0.0000001338
-0.0000001543 0.0000005977 -0.0000000211 -0.0000016671 -0.0000004038 0.0000003505
0.0000001117 -0.0000000211 0.0000000840 0.0000000628 0.0000002789 -0.0000000188
0.0000004352 -0.0000016671 0.0000000628 0.0000047041 0.0000011377 -0.0000009652
0.0000018675 -0.0000004038 0.0000002789 0.0000011377 0.0000048884 -0.0000003545
-0.0000001338 0.0000003505 -0.0000000188 -0.0000009652 -0.0000003545 0.0000006092

target_points_pix:
-1.9221166002 -1.9663354306 -2.1468861812 1003.8240618548 313.6141134053
-1.9802765316 -1.8045886900 -1.7091154059 1091.1229226935 207.9730572528
-2.0367121883 -2.1929650405 -1.4116115292 1037.5325113571 32.0169602796
-1.8813091829 -1.6492230086 -2.0987515410 1066.2589064989 371.6841402330
-1.9952865137 -1.5586000442 -1.6116522055 1173.8254057846 224.3799628910
-1.9585876503 -1.7206606709 -1.6496159000 1111.8029181518 206.7466349722
-2.1809173402 -1.7582249058 -1.1945200920 1224.8251794524 7.0737382489
-2.0979104363 -1.5458682890 -2.0934762486 1157.7364459276 371.4054271554
-2.0340556057 -1.5717316181 -1.5723282968 1187.2587181291 203.5189786492
-2.1899931001 -1.4689067442 -1.4424310350 1288.8944573036 161.6652135897
-2.0123749693 -1.3051194687 -1.2605724813 1316.2546993266 140.6520392993
-2.1330431348 -1.1238264740 -2.1749385310 1279.6179526897 497.4111764750
-1.8931619140 -1.4242961790 -1.8619772805 1151.5456297818 352.0737319452
-1.8156937678 -1.2788976583 -1.4720111433 1219.9663850723 258.0973628722
-2.1048315546 -1.4420218644 -1.3322701860 1286.2451563540 131.4406654118
-2.0275988338 -1.0451784956 -1.8548879915 1319.5254011124 435.9612552251
-2.0740832194 -1.1457875937 -1.8085477659 1306.7037046996 385.8990521238
-1.8072466993 -0.9142648409 -2.0509648423 1260.1148782242 570.4966023217
-1.8873716097 -0.8301472013 -1.9077868950 1342.5932322301 542.0451685816
-1.6528525047 -1.8988645247 -1.9727573103 947.4551676711 302.4201127226
-1.9130254349 -1.8860765796 -1.6464160941 1054.6905707623 176.8137401294
-1.6971427193 -1.9147061648 -1.5994332875 980.8243304487 173.9675349275
-1.7576145065 -2.1605108836 -1.2885426793 963.5401257155 10.5733615425
-1.8882251437 -1.7216178320 -1.9143727145 1065.7017630431 299.8941406567
-1.6982756279 -1.3603867850 -1.9128438210 1099.0665779001 407.9495210120
-1.8876670961 -1.4066149089 -1.9187156197 1148.6868502529 375.2679038494
-1.8462753154 -1.0571684346 -2.1965330153 1206.7213638134 561.1033546303
-1.4411075920 -2.0047310802 -2.1884385161 851.1635424829 361.9854946779
-1.5636460166 -2.1015147070 -1.7670923026 887.2645279805 205.7673018261
-1.4260408633 -1.8229054887 -1.5300131216 911.7794905580 193.0631853839
-1.3399871004 -2.0056671780 -1.2549875334 850.4747863244 55.7990448998
-1.5219180490 -1.8699384584 -1.8978367480 915.3828052000 298.5024718026
-1.4682522470 -1.5686725384 -2.0065486827 958.6479535053 409.4530745648
-1.5548618276 -1.2661538459 -2.0485354989 1062.6801096237 494.9896275651
-1.5594104961 -0.9227059103 -1.8929279979 1189.3987903517 557.0597352347
-1.5268858466 -0.9034280657 -1.9429658399 1176.7514238964 585.4123255047
-1.0892432491 -2.1781532013 -2.1928852506 711.3152396062 359.9685116255
-1.1045450740 -2.0836019116 -1.7259294662 735.5421546662 237.5094203849
-1.1903101363 -1.9710198513 -1.5405061849 791.5242737980 188.0491374811
-1.2890348075 -1.9994550703 -1.3783793257 827.7089640902 111.3918545983
-1.2316108156 -1.6002939991 -2.0136714895 868.0926529614 431.3726521723
-1.1236390632 -1.6723554829 -1.9513804356 815.9461734654 405.9698109832
-1.4317858123 -1.0551176296 -1.9035718307 1094.3721844538 534.4785758227
-1.1364814913 -1.1054498984 -1.9291642293 958.6955277430 571.7832444092
-0.9278648461 -2.1623143671 -1.9122754340 659.4269728770 297.6014217024
-1.1970903097 -2.0119519131 -1.8409716733 779.2670287542 281.5516957711
-1.0262459419 -2.1327927978 -1.4283592435 699.9119743185 127.9941847340
-0.9575045136 -1.9115817110 -1.1792712318 715.5238919414 75.5913142812
-0.8443794031 -1.8071398690 -1.0955409877 686.1225779269 69.9266082309
-1.0920435109 -1.8769257744 -1.8507553072 766.6955681613 326.2369813103
-0.8217986006 -1.4231447447 -2.0815741753 747.5461202717 558.4361137852
-1.0911494608 -1.1818016687 -1.9649873378 916.7921414027 563.3717026698
-0.6316084140 -2.0274981562 -1.8786262742 569.0127556551 348.8318203468
-0.9035524778 -1.8286837590 -1.7451155714 705.5702155136 323.7224769734
-0.9479648369 -1.9014220938 -1.5210612308 710.9826831098 220.4409605392
-0.9432146670 -2.0560567738 -1.2161047290 680.6622558809 63.9506000417
-0.7223513166 -2.0494162625 -1.0749999326 581.8417735990 20.8787170239
-0.6319736503 -1.7177400197 -2.0925003425 619.5834205825 497.2934480259
-0.8635723492 -1.6173579517 -1.8943794162 728.3560776511 435.3200378219
-0.7482452858 -1.2476348032 -2.1539879505 752.3740650533 650.9822931280
-0.9203595300 -1.1508216233 -2.0333945953 850.3322154752 623.0069082143
-0.5144810341 -2.0414948860 -1.8602799657 520.4779357270 352.4875749267
-0.6620010583 -2.1660087974 -1.6901725747 556.3666793622 250.7091914951
-0.4142942321 -2.0953978622 -1.3107196396 442.5979152684 146.7561050317
-0.5530260388 -2.0939750219 -1.1044124804 496.1301296687 41.2839801196
-0.3947811777 -1.9984441214 -1.0106780799 424.1854670582 30.3465501833
-0.6599330818 -1.6619423208 -2.0552645162 639.1106160034 498.9916851797
-0.4940653931 -1.4320781224 -1.9938969174 607.0719804353 578.4740806302
-0.6363881488 -1.3993371856 -1.9196929323 675.2109077259 544.3656430154
-0.1465099906 -1.8328272246 -1.8981954512 391.3646538646 467.8278094230
-0.3223157237 -2.0889569064 -1.5800920492 419.3986063143 265.0958963636
-0.3090886800 -1.9464609966 -1.6565812355 434.8783211923 331.4532498361
-0.1811950139 -1.9637254206 -1.1985033871 332.4515433202 153.3222965479
-0.2850391173 -1.8672154483 -0.9145653236 371.9180250394 19.2789763173
-0.3426600909 -1.6986843663 -2.0131679466 500.8176760174 518.3725600424
-0.1400668675 -1.5443412508 -1.8055001948 414.1294351405 533.5728799214
-0.2770033012 -1.3320833847 -1.9451609895 520.8134756087 636.5587684401
0.1335359145 -1.8428479847 -1.9814673882 269.5430034144 530.2782872695
0.1715342562 -1.8377072737 -1.7077555890 218.6639589140 446.0999722894
-0.1848550685 -2.1502072710 -1.5052238707 345.4061387016 236.8949358912
-0.0221415043 -2.1156067050 -1.0512833639 215.5429705516 62.6526193212
0.1240992140 -1.9843450146 -1.0759655747 142.2718479631 123.4296998624
-0.0493717641 -1.9211444237 -1.8066152366 330.7994674521 424.0304306396
-0.0107507729 -1.4624962367 -2.1410767009 387.5848558131 690.0767670724
0.4152243284 -1.8347950724 -1.8048647437 106.1344309502 517.6518436550
0.0848713846 -1.9450227874 -1.7652455950 261.4712945310 420.6169815856
0.2709930666 -2.0229951985 -1.3936351784 110.4806372850 279.6016231409
0.2146649190 -1.8495797719 -1.0119872249 77.8181870050 137.7148018274
0.2918924149 -1.8026157144 -1.9498619558 191.9988918249 557.4134612645
0.3887196067 -1.5483946661 -1.8073259798 130.8590004350 623.4092050747
0.4035577717 -1.8051025498 -1.6202255344 81.5615275525 459.8117144865

gimbalangles:
1.8721279204

end: