T_CW:
0.6980978240 0.7160023939 -0.0000000000 -0.0300000000
0.4602374673 -0.4487286316 -0.7660444431 -0.0783022222
-0.5484896551 0.5347739589 -0.6427876097 -0.0321393805
0.0000000000 0.0000000000 0.0000000000 1.0000000000

T_CW_cov:
0.0000003985 0.0000000603 -0.0000000247 -0.0000001763 0.0000010457 -0.0000000147
0.0000000603 0.0000005679 -0.0000000226 -0.0000015855 0.0000001711 -0.0000000174
-0.0000000247 -0.0000000226 0.0000000722 0.0000000678 -0.0000000732 0.0000000009
-0.0000001763 -0.0000015855 0.0000000678 0.0000044792 -0.0000004991 0.0000000660
0.0000010457 0.0000001711 -0.0000000732 -0.0000004991 0.0000027950 -0.0000000410
-0.0000000147 -0.0000000174 0.0000000009 0.0000000660 -0.0000000410 0.0000003996

target_points_pix:
-1.8167122418 0.1568885131 -1.5440816022 25.2925719147 457.9625276386
-2.0752253339 0.4044434237 -2.0040710625 166.7048221613 488.3030721433
-2.1825678826 0.3116185314 -1.5813675429 41.1251363564 340.2172762433
-2.0916418165 0.3164314712 -1.8431441868 103.1090411572 453.3461332051
-2.0036208889 0.5847712081 -1.8948754516 242.0022807041 430.5172052017
-2.0180561632 0.5574448090 -1.3903307919 162.5853630514 247.5626001763
-1.8339332329 0.6816269267 -1.3275965161 257.2778548063 234.1073672397
-1.8840413096 0.5647228005 -1.1197764381 155.4120376554 150.2563163915
-2.1835710067 0.7113300082 -1.9318055951 257.7360224707 378.4248063756
-2.0143150859 0.8005527293 -1.8945758840 323.0673343582 383.3549445836
-1.9231742053 0.8110639259 -1.5432094472 316.1532574224 277.2508194295
-1.8807234739 0.5757652317 -1.3228588133 193.5490989939 244.3732620659
-1.8227064158 1.0494738780 -1.8443991983 453.6405700291 357.0209751062
-1.8509328536 1.0386621013 -1.7974766609 440.2142539940 338.0333398825
-1.8015030399 1.1161808712 -1.5534731021 466.8170747610 246.7179304033
-2.1081355453 1.0398044225 -1.3625749935 347.1785209685 131.5885439462
-2.0488126483 1.4380370230 -1.8834289392 525.4695108986 261.5117077451
-2.0567037251 1.1028909532 -1.7309193584 409.4558297564 265.6904072324
-1.9389057584 1.4372610854 -1.5758196013 541.7764067541 177.0983812587
-2.0911182403 1.3804638920 -2.1341007448 507.9998377227 337.2664690229
-2.1122188602 1.5154501049 -1.5816655415 523.4571915920 141.5805953284
-2.0342884793 1.4538768698 -1.5469457062 522.0045887869 149.6251177258
-2.0866935364 1.6184103766 -1.2425579830 551.0828208262 4.8484783865
-2.0014347219 1.7078845289 -2.1012093477 615.8884515925 291.7579016581
-1.8547618140 1.7225401945 -1.8078244384 652.1605517977 224.7787191733
-2.0072416156 1.6140671196 -1.6908236948 581.6053917880 179.8573308200
-2.0038303013 2.0575135301 -2.1270901508 700.8140360142 249.2813117180
-2.1470381419 2.1145932488 -1.6135478239 681.4425414036 71.8990227517
-1.9564693180 1.9434128026 -1.6015795891 684.9230971102 112.2428251547
-1.9105360566 1.9809712425 -1.4134013561 707.6658128128 47.5562831399
-1.7025217749 0.2005152844 -2.1416149571 173.2919619394 680.2102685514
-1.7632616332 0.4374488688 -2.0163576747 247.4168826620 561.9712910647
-1.9167180805 0.6502726713 -2.0705326719 303.8765013951 490.0170240939
-1.6238184307 1.0130904683 -2.1368105390 505.3138703995 496.1007321065
-1.8572581003 1.1555460819 -2.1060237815 492.8770954004 410.0762910792
-1.9452187938 1.6869499342 -1.8862993651 620.7125386610 240.6960668133
-1.6263414072 1.9009207450 -1.9029763512 759.0104870966 262.8485609497
-1.7938627340 1.8660562055 -2.0782733968 705.2091368902 293.4862787238
-1.6184308787 1.8073958723 -1.7668520918 738.6125086161 235.6860831863
-1.7577251011 1.9604673058 -1.4822890344 744.0395908062 95.0440364093
-1.8550348308 1.9371888628 -1.2800201119 711.7525872301 9.4758305374
-1.5791355639 0.5374848681 -1.9457535413 326.1584530309 563.7845451938
-1.6501355010 0.7157043292 -2.1087474774 393.0056611357 549.5526974723
-1.3592904140 1.0909658465 -2.1851856090 602.4975454121 553.5846073636
-1.5590499261 1.1874940771 -2.1526605445 578.1604912799 477.7721435964
-1.5757745729 1.6288697621 -1.9103398014 700.5846778879 318.1992731109
-1.3244016479 1.8144413868 -1.9336562919 822.7035626482 338.1119306183
-1.5376634344 2.0569827124 -1.9344095317 821.1039607578 262.3628216160
-1.5380738672 2.0249670526 -1.9402045005 813.1573982571 268.9377665319
-1.5041704561 2.1644575621 -1.6799082148 864.8681719811 171.0366864928
-1.5671864977 2.1306784232 -1.2809612645 852.2620874792 22.1620230512
-1.3157817243 1.9429941230 -1.1422706580 893.5365784260 23.4381988282
-1.2803984165 0.4564333986 -1.8119563847 358.2446101363 634.2890149762
-1.3917419720 0.5734831894 -1.8785099623 385.3879174395 585.8540079823
-1.3356328486 0.9193998904 -1.8476235929 539.8766077039 498.0229523840
-1.1329537274 1.0838303633 -2.1376926140 666.2882613544 599.0165859636
-1.2190813476 1.3798719968 -1.9537120089 733.1302341733 452.0263548184
-1.3077586703 1.7380747572 -1.8915694221 808.9011342660 341.8864532318
-1.1073062340 1.9143356816 -1.8099389513 922.9101563874 320.8317888186
-1.3141370620 2.1921020916 -1.7686534849 925.3479168452 224.8389115057
-1.2916984902 2.1033183010 -1.5281295457 924.0063494692 159.1692546272
-1.1413049017 1.8521756327 -1.2503095271 927.3133616810 113.0247107940
-1.0720818380 2.0508822425 -1.1769081994 1016.4546906051 59.8832093333
-0.9213923119 0.6936566719 -1.8158918035 586.0758816306 680.3307159314
-0.9197688999 1.1763899925 -2.0413765988 767.5344942177 604.3591725971
-0.8764536400 1.4059935960 -1.9572111547 857.0580658949 529.8507580155
-0.9414224818 1.3385083174 -2.0996017911 808.7075399362 573.2710041708
-0.9187346701 1.7351181522 -1.8963780792 937.2875427902 423.4689633458
-1.1529967376 2.0563168113 -2.1661465793 923.5834340226 394.5832151843
-0.8820781729 2.0234199063 -1.6435393472 1043.4086784859 286.1932203745
-0.8748797260 2.0718850172 -1.3880594780 1082.9995605394 180.4216951521
-0.9465772767 1.9306066900 -1.1333201170 1040.8715214490 80.0520379761
-0.7257215869 1.1637273095 -1.9809265724 837.2442886192 646.7124708317
-0.7639138346 1.1025790106 -2.0546763088 799.6825889647 675.5827917451
-0.7660079664 1.5533281780 -2.0204985617 936.5419516126 540.9008098618
-0.8418474935 1.8492723780 -1.8767407226 996.1351934045 409.5085873885
-0.6214503911 2.0011163030 -2.0804553279 1096.9771305180 488.5605832305
-0.5780201406 1.9503515961 -1.5578764583 1162.4683043473 333.0110379518
-0.7511423649 2.1572910155 -1.4183356052 1152.9347881464 200.1455704234
-0.6866916911 1.8731422773 -1.2897438849 1126.9048382518 213.5675931950
-0.8291176503 1.8463283609 -1.0492262872 1080.6647414765 74.5207013053
-0.3082166681 1.6907242396 -2.0314835105 1159.4860703310 632.7014843686
-0.6448091371 1.8818765999 -1.8338778347 1084.6748597934 432.4943330791
-0.4035810572 1.8196444843 -1.9633355322 1156.7902398407 549.7419063889
-0.5617061682 2.0176884646 -1.7492960367 1161.2340037566 392.1508758873
-0.5762992154 2.1179589578 -1.3554400287 1232.2038991953 215.5188018595
-0.6100145261 2.0163725987 -1.3029655622 1199.3863058992 206.1271737734
-0.6297357995 1.8838706853 -0.9646989781 1208.3254482281 60.4739720502
-0.6869895166 1.9199697802 -0.9263750375 1193.1647205031 21.5750648111
-0.2295808476 1.5833745047 -1.9280668241 1184.0317099722 657.2451441471
-0.2288478029 1.7229587019 -2.1713108242 1184.2418384098 687.2755636374
-0.2971911650 2.0186508778 -2.0714460476 1233.0155649900 559.5779919033
-0.2953695788 2.0744306739 -1.6007389710 1320.1405289833 387.5148751435
-0.3327855196 2.0041277111 -1.3840576797 1325.5479412780 306.8308836306
-0.4466021864 1.8242623228 -1.1806339484 1256.7684821459 227.2019766937

gimbalangles:
-2.3381715276

end: