T_CW:
-0.7446563864 0.6674480251 0.0000000000 -0.0300000000
0.4290273206 0.4786558986 -0.7660444431 -0.0783022222
-0.5112948507 -0.5704398868 -0.6427876097 -0.0321393805
0.0000000000 0.0000000000 0.0000000000 1.0000000000

T_CW_cov:
0.0000005161 -0.0000000160 0.0000000265 0.0000000544 0.0000013714 -0.0000000337
-0.0000000160 0.0000006700 -0.0000000295 -0.0000018839 -0.0000000504 0.0000000795
0.0000000265 -0.0000000295 0.0000000790 0.0000000913 0.0000000699 -0.0000000049
0.0000000544 -0.0000018839 0.0000000913 0.0000053538 0.0000001666 -0.0000002285
0.0000013714 -0.0000000504 0.0000000699 0.0000001666 0.0000036977 -0.0000000859
-0.0000000337 0.0000000795 -0.0000000049 -0.0000002285 -0.0000000859 0.0000004556

target_points_pix:
-1.9221166002 -1.9663354306 -2.1468861812 715.9888203765 279.0268714240
-1.9802765316 -1.8045886900 -1.7091154059 775.3402950136 165.2208738496
-2.0367121883 -2.1929650405 -1.4116115292 695.0104829363 7.1854265441
-1.8813091829 -1.6492230086 -2.0987515410 782.8798528856 322.1359586557
-1.9952865137 -1.5586000442 -1.6116522055 850.6242811157 167.6794400667
-1.9585876503 -1.7206606709 -1.6496159000 793.4577261530 160.8597936430
-2.0979104363 -1.5458682890 -2.0934762486 862.5891139256 305.4800213648
-2.0340556057 -1.5717316181 -1.5723282968 858.4785431191 146.5296660205
-2.1899931001 -1.4689067442 -1.4424310350 936.9432201527 94.0399270788
-2.0123749693 -1.3051194687 -1.2605724813 956.1893677224 71.2312834468
-2.1330431348 -1.1238264740 -2.1749385310 986.7330927830 397.1067539111
-1.8931619140 -1.4242961790 -1.8619772805 854.0413256117 288.5827328583
-1.8156937678 -1.2788976583 -1.4720111433 896.1206791481 191.1487557638
-2.1048315546 -1.4420218644 -1.3322701860 929.6663863357 67.0117486340
-2.0275988338 -1.0451784956 -1.8548879915 1008.8420054133 334.7848670439
-2.0740832194 -1.1457875937 -1.8085477659 989.8719208585 292.4707295287
-1.8048856477 -0.8113928394 -1.5416979154 1065.7996078158 316.3403478825
-2.0263796769 -1.1692429330 -1.4253872039 997.4329573377 158.6849911034
-1.8072466993 -0.9142648409 -2.0509648423 983.6005814101 465.8717744326
-1.8873716097 -0.8301472013 -1.9077868950 1045.5141587384 424.3186905076
-2.0424561488 -0.9183195632 -1.6014494401 1080.5777005494 270.0183383000
-2.0168946479 -0.8103344008 -1.0952591686 1181.7986402428 80.3893290393
-1.9792499143 -0.6263073313 -0.9225304137 1298.3996795869 31.0742618858
-2.0752258472 -0.3109300675 -2.1110600714 1273.1394168355 572.9903996270
-2.1493942445 -0.4797543549 -1.7357695462 1272.3350960026 393.1960293228
-1.8641180002 -0.5218672308 -1.4602447271 1225.3743850064 340.9873904891
-1.9147247312 -0.2548115522 -2.0326057316 1273.9064678550 605.7703914197
-1.9180268305 -0.1096057180 -2.0836827944 1334.0000693545 663.6907621398
-1.6528525047 -1.8988645247 -1.9727573103 662.2063627207 278.2265408404
-1.9130254349 -1.8860765796 -1.6464160941 737.1491659026 141.5335750518
-1.6971427193 -1.9147061648 -1.5994332875 669.2977427291 149.9528143346
-1.8882251437 -1.7216178320 -1.9143727145 769.3852892765 255.1877661190
-1.6982756279 -1.3603867850 -1.9128438210 818.5893906247 349.4319678839
-1.8876670961 -1.4066149089 -1.9187156197 855.6845134818 310.3961733818
-1.8462753154 -1.0571684346 -2.1965330153 937.6752222515 468.4503321567
-1.9317673488 -0.6338474593 -2.1627174347 1105.2393502171 538.4134306575
-1.7579705380 -0.5772389801 -2.1935923520 1080.9503814659 601.8646303540
-1.4411075920 -2.0047310802 -2.1884385161 582.3532350234 353.7284174391
-1.5636460166 -2.1015147070 -1.7670923026 587.1043242296 195.5205948057
-1.4260408633 -1.8229054887 -1.5300131216 608.4142231181 178.9403608110
-1.3399871004 -2.0056671780 -1.2549875334 523.1140107210 54.4576261705
-1.5219180490 -1.8699384584 -1.8978367480 631.5408950617 280.1311981800
-1.4682522470 -1.5686725384 -2.0065486827 692.8444627086 377.8294228786
-1.5548618276 -1.2661538459 -2.0485354989 802.4188864469 437.1551457714
-1.5594104961 -0.9227059103 -1.8929279979 922.7718919479 467.8306669281
-1.5268858466 -0.9034280657 -1.9429658399 917.1280711053 496.1472519866
-1.4357686636 -0.5273511537 -2.0349748541 1028.4037330160 654.9215590400
-1.3346818081 -0.4072892248 -1.9128016578 1063.1639750809 687.7759992438
-1.0892432491 -2.1781532013 -2.1928852506 443.6535667586 379.9683672420
-1.1045450740 -2.0836019116 -1.7259294662 444.0611531101 252.7977706299
-1.1903101363 -1.9710198513 -1.5405061849 490.6455449614 193.7949418992
-1.2890348075 -1.9994550703 -1.3783793257 511.4945563769 112.4205165336
-1.2316108156 -1.6002939991 -2.0136714895 612.3051830217 417.0653315510
-1.1236390632 -1.6723554829 -1.9513804356 557.2676232462 403.2120832579
-1.4317858123 -1.0551176296 -1.9035718307 837.5525348729 466.8183017183
-1.1364814913 -1.1054498984 -1.9291642293 723.7081109906 530.8681251445
-1.0697359937 -0.8988463701 -2.1613215268 765.8064336392 677.9711923334
-1.3989814388 -0.5673341385 -2.1783087477 988.8627910233 694.0200335924
-0.9278648461 -2.1623143671 -1.9122754340 377.8743877442 327.6871355645
-1.1970903097 -2.0119519131 -1.8409716733 496.6305231075 288.5091888245
-1.0262459419 -2.1327927978 -1.4283592435 385.7928553110 148.9307691585
-0.9575045136 -1.9115817110 -1.1792712318 391.8631712282 93.3821518499
-0.8443794031 -1.8071398690 -1.0955409877 360.5619490277 91.9054983382
-1.0920435109 -1.8769257744 -1.8507553072 493.0800574414 334.9356668973
-0.8217986006 -1.4231447447 -2.0815741753 520.3436122952 567.6619652211
-1.0911494608 -1.1818016687 -1.9649873378 683.5488852177 532.4750621540
-1.0321968910 -0.8729605601 -2.1287663411 762.4666161692 687.3914828007
-1.1280067953 -0.8565214532 -2.0582172524 802.7440811073 645.2586359153
-0.6316084140 -2.0274981562 -1.8786262742 293.0266462604 398.4732062316
-0.9035524778 -1.8286837590 -1.7451155714 431.1600520473 344.3834768089
-0.9479648369 -1.9014220938 -1.5210612308 416.0119350917 239.8634529151
-0.9432146670 -2.0560567738 -1.2161047290 353.1209677458 86.9765330739
-0.7223513166 -2.0494162625 -1.0749999326 239.0720335754 57.3821510053
-0.6319736503 -1.7177400197 -2.0925003425 377.6404800307 537.9697696120
-0.8635723492 -1.6173579517 -1.8943794162 476.6876613717 450.6116982435
-0.7482452858 -1.2476348032 -2.1539879505 543.5530780485 657.0706984488
-0.9203595300 -1.1508216233 -2.0333945953 632.6986426643 605.1284415861
-0.5144810341 -2.0414948860 -1.8602799657 241.1211959762 412.8643113076
-0.6620010583 -2.1660087974 -1.6901725747 258.7407730151 300.0161283698
-0.4142942321 -2.0953978622 -1.3107196396 110.2102990314 212.5235001962
-0.5530260388 -2.0939750219 -1.1044124804 148.4418753043 91.7735729320
-0.3947811777 -1.9984441214 -1.0106780799 64.3658007740 91.4104193919
-0.6599330818 -1.6619423208 -2.0552645162 398.3912387134 534.8866594615
-0.4940653931 -1.4320781224 -1.9938969174 381.7946563532 622.6437668577
-0.6363881488 -1.3993371856 -1.9196929323 445.1588123841 571.1231411603
-0.1465099906 -1.8328272246 -1.8981954512 121.7729480498 564.4559542322
-0.3223157237 -2.0889569064 -1.5800920492 109.1767286682 342.9039697942
-0.3090886800 -1.9464609966 -1.6565812355 141.4786046054 409.6865462798
-0.3426600909 -1.6986843663 -2.0131679466 255.2875021720 589.0668230192
-0.1400668675 -1.5443412508 -1.8055001948 162.7754946744 627.2995985089
-0.0493717641 -1.9211444237 -1.8066152366 41.7052344257 533.2781512874

gimbalangles:
2.1170511310

end: