T_CW:
-0.9803120808 -0.1974543597 0.0000000000 -0.0300000000
-0.1269212159 0.6301324592 -0.7660444431 -0.0783022222
0.1512588151 -0.7509626220 -0.6427876097 -0.0321393805
0.0000000000 0.0000000000 0.0000000000 1.0000000000

T_CW_cov:
0.0000009980 0.0000001346 -0.0000000864 -0.0000003739 0.0000025309 -0.0000002004
0.0000001346 0.0000003716 -0.0000000093 -0.0000010129 0.0000003413 -0.0000001527
-0.0000000864 -0.0000000093 0.0000000704 0.0000000327 -0.0000002112 0.0000000165
-0.0000003739 -0.0000010129 0.0000000327 0.0000028152 -0.0000009469 0.0000003994
0.0000025309 0.0000003413 -0.0000002112 -0.0000009469 0.0000064695 -0.0000005055
-0.0000002004 -0.0000001527 0.0000000165 0.0000003994 -0.0000005055 0.0000004693

target_points_pix:
-1.0892432491 -2.1781532013 -2.1928852506 1279.2795177300 496.1813234734
-0.9278648461 -2.1623143671 -1.9122754340 1247.4678595905 407.6653480105
-0.6316084140 -2.0274981562 -1.8786262742 1124.1211503433 419.4291029498
-0.9035524778 -1.8286837590 -1.7451155714 1288.3006773570 456.5837027891
-0.7223513166 -2.0494162625 -1.0749999326 1283.4452389858 91.8249853813
-0.6319736503 -1.7177400197 -2.0925003425 1112.5213543857 589.0667765010
-0.8635723492 -1.6173579517 -1.8943794162 1261.9859531754 583.7306845961
-0.5144810341 -2.0414948860 -1.8602799657 1072.1143339339 402.2328468456
-0.6620010583 -2.1660087974 -1.6901725747 1153.4610266643 316.9694709556
-0.4142942321 -2.0953978622 -1.3107196396 1078.4216498202 174.0580363508
-0.5530260388 -2.0939750219 -1.1044124804 1178.6228967844 86.4187789181
-0.3947811777 -1.9984441214 -1.0106780799 1107.1450295928 54.8434000349
-0.6599330818 -1.6619423208 -2.0552645162 1132.4753221550 600.8476368719
-0.4940653931 -1.4320781224 -1.9938969174 1063.1243990219 661.7320538993
-0.6363881488 -1.3993371856 -1.9196929323 1150.4032672124 665.4350400198
-0.1465099906 -1.8328272246 -1.8981954512 901.5706273956 456.3125707447
-0.3223157237 -2.0889569064 -1.5800920492 1007.6507700129 279.4486353709
-0.3090886800 -1.9464609966 -1.6565812355 995.5587422585 347.9474497642
-0.1811950139 -1.9637254206 -1.1985033871 968.5765018435 146.0604040360
-0.2850391173 -1.8672154483 -0.9145653236 1058.4188555137 30.0460394478
-0.3426600909 -1.6986843663 -2.0131679466 983.2135776346 551.3323514364
-0.1400668675 -1.5443412508 -1.8055001948 895.5561568283 526.1674253053
-0.2770033012 -1.3320833847 -1.9451609895 952.9916275442 671.4937419749
0.1335359145 -1.8428479847 -1.9814673882 774.5903335363 461.7012119672
0.1715342562 -1.8377072737 -1.7077555890 762.9948536740 370.1437855360
-0.1848550685 -2.1502072710 -1.5052238707 949.2652196523 227.4702932767
-0.0221415043 -2.1156067050 -1.0512833639 898.0904737820 30.1483942377
0.1240992140 -1.9843450146 -1.0759655747 814.0232248008 66.1897791397
-0.0493717641 -1.9211444237 -1.8066152366 864.8070546136 392.5483616517
-0.0107507729 -1.4624962367 -2.1410767009 813.3273067390 652.6409048155
0.4152243284 -1.8347950724 -1.8048647437 652.9498278939 389.8036726523
0.0848713846 -1.9450227874 -1.7652455950 807.3024573232 363.4729768986
0.2709930666 -2.0229951985 -1.3936351784 735.6820980387 192.4012019949
0.3935839552 -2.0181614624 -1.1510837010 677.8280269485 81.4750294812
0.2146649190 -1.8495797719 -1.0119872249 756.9438006663 62.5813224940
0.2918924149 -1.8026157144 -1.9498619558 703.8593913156 454.4099466881
0.3887196067 -1.5483946661 -1.8073259798 634.9993795640 485.8189031987
0.2030463646 -1.2799541855 -2.0787731241 698.5223144887 692.0430888859
0.6613401754 -1.8611822663 -1.9317589166 554.6401251891 408.7634130374
0.4035577717 -1.8051025498 -1.6202255344 653.6107706906 334.0689407434
0.4569104633 -1.8505142371 -1.3525835505 630.1162740391 211.1868415975
0.3786794710 -2.0383437217 -1.1978401556 687.1572037917 98.9083965810
0.5109429233 -1.6663972622 -2.1643527627 600.3285593422 547.8358364328
0.4919235673 -1.5187523918 -1.9572107497 586.6717685931 538.0318870567
0.6904453826 -1.1610471457 -1.8405569797 429.6300657388 626.2814772951
0.6051791213 -2.1125326224 -1.8346550447 602.5837908347 313.0918336327
0.8885854279 -2.0502117149 -1.9125103482 488.1226724906 339.1426100727
0.6754756322 -1.9665131575 -1.5812143502 550.2928182235 259.1467090920
0.7702598618 -2.1020624400 -1.1419530733 509.4464567880 41.9325416208
0.8716978941 -1.8258617162 -0.9924107934 401.8326173665 26.3286990484
0.8306860570 -1.5674480567 -2.0795252806 451.4877869641 534.4717198929
0.8551874529 -1.3042941348 -1.8165584212 375.0340517074 544.5778303053
0.7895796516 -1.2201316833 -2.0024037326 405.3855780605 643.7961735821
1.0954692453 -1.8581825129 -2.0326651252 388.6945539888 415.6208013613
0.8384879369 -2.0700739021 -1.8890727619 508.7869915075 329.3228170261
1.0345126857 -1.8546994919 -1.3746466354 362.9247338002 188.5491024740
0.9500477222 -1.9913988195 -1.4115719724 427.3689232209 173.7993940024
0.8471038268 -1.6157640771 -1.8657793855 439.1160830945 450.8987347091
1.1646618641 -1.3994225008 -1.8999604189 262.9711126748 513.1582236088
0.8616797140 -1.4018883489 -2.1571992865 416.9098674797 612.6414465863
1.0168398722 -0.9545678627 -1.8721677156 218.6558692537 700.7415219156
1.3633144213 -1.9058175939 -1.8359840971 279.7021407791 327.0761000921
1.1850730598 -1.9429122452 -1.5874276585 334.0791645530 241.2711907363
1.1108721872 -1.8917124848 -1.6494058011 360.0573694993 280.5515672474
1.2995741576 -2.1101608759 -1.3471534802 298.1356309475 105.5098990775
1.1428546488 -1.8734027375 -1.9583861169 367.9086320126 386.2567445565
1.3366147058 -1.5107727898 -2.0124757643 228.3662782508 498.7649291796
1.2127418960 -1.4389323406 -2.1131114121 274.1685397839 561.2005700961
1.0745265784 -1.0422826553 -1.8230717188 206.5566892101 637.9067297651
1.3600971057 -2.1394947090 -1.9308683015 329.8480982085 300.0680806646
1.5999598486 -1.9341720935 -1.5824400126 167.8864914180 221.2300719078
1.4599674712 -1.8730458234 -1.4548000087 193.5984132713 194.8090556327
1.5798023544 -1.8746761661 -1.3568949353 131.8394742978 149.6085647116
1.3351159698 -1.8509936034 -1.1426382576 201.7847004661 73.1648260786
1.4024912873 -1.7454236654 -1.8753919523 236.9058124881 380.8070787807
1.4528564790 -1.6598804076 -1.8320190018 193.7426643151 388.1845809376
1.6979698655 -1.3455571882 -1.9570761194 34.5315968228 511.5797996430
1.6696960735 -2.1335143978 -1.8174720010 210.4206767475 251.9382342441
1.7663122043 -1.8342091207 -1.7349238641 101.2978332465 290.9371902959
1.7984505393 -2.0074320268 -1.3755868466 81.4939389920 117.7042433027
1.6677061205 -2.0403325325 -1.2331624542 120.8937065248 58.2169384092
1.6699498579 -1.6756908929 -1.8676287179 117.5998227637 382.5003792335
1.7503482467 -1.4139824944 -1.9330663828 28.7508653637 477.6524910960
1.6086240389 -1.3759422775 -2.1769863102 111.2605394589 572.7929633889
1.8517101813 -1.8158071205 -1.9202430645 90.8275882609 351.3529284877
1.8652701462 -1.8208169787 -2.1046506354 110.9240036083 404.3932399282
1.8596756203 -1.9310635161 -1.8207909020 101.4842316693 290.7871000883
1.8838081623 -1.6556635258 -2.1633819886 74.9361411682 464.7882596614

gimbalangles:
1.2453594545

end: