T_CW:
-0.9998850234 0.0151637723 -0.0000000000 -0.0300000000
0.0097470849 0.6427137041 -0.7660444431 -0.0783022222
-0.0116161235 -0.7659563659 -0.6427876097 -0.0321393805
0.0000000000 0.0000000000 0.0000000000 1.0000000000

T_CW_cov:
0.0000011011 0.0000000038 0.0000000298 -0.0000000228 0.0000027732 -0.0000002257
0.0000000038 0.0000003746 0.0000000077 -0.0000010200 0.0000000148 0.0000000259
0.0000000298 0.0000000077 0.0000000619 -0.0000000150 0.0000000737 -0.0000000058
-0.0000000228 -0.0000010200 -0.0000000150 0.0000028304 -0.0000000718 -0.0000000687
0.0000027732 0.0000000148 0.0000000737 -0.0000000718 0.0000070348 -0.0000005670
-0.0000002257 0.0000000259 -0.0000000058 -0.0000000687 -0.0000005670 0.0000004122

target_points_pix:
-1.4411075920 -2.0047310802 -2.1884385161 1229.2492972151 463.7850664280
-1.5636460166 -2.1015147070 -1.7670923026 1319.1753307713 307.1305450632
-1.3399871004 -2.0056671780 -1.2549875334 1319.6150135782 135.5770287321
-1.5219180490 -1.8699384584 -1.8978367480 1324.7381633418 416.0030212880
-1.4682522470 -1.5686725384 -2.0065486827 1342.9885242730 550.8965159503
-1.0892432491 -2.1781532013 -2.1928852506 1072.6057856517 419.1223805109
-1.1045450740 -2.0836019116 -1.7259294662 1133.5298151808 300.0158375800
-1.1903101363 -1.9710198513 -1.5405061849 1210.9710216096 262.9135065115
-1.2890348075 -1.9994550703 -1.3783793257 1275.8431460263 190.2344791955
-1.2316108156 -1.6002939991 -2.0136714895 1227.6194515941 543.3568259270
-1.1236390632 -1.6723554829 -1.9513804356 1174.9394955282 499.3841020057
-0.9278648461 -2.1623143671 -1.9122754340 1034.1162913985 341.2983605852
-1.1970903097 -2.0119519131 -1.8409716733 1169.9524480954 357.8121149219
-1.0262459419 -2.1327927978 -1.4283592435 1125.0075233148 177.7544853777
-0.9575045136 -1.9115817110 -1.1792712318 1156.6507556339 126.9788718342
-0.8443794031 -1.8071398690 -1.0955409877 1125.2366255164 114.9809147546
-1.0920435109 -1.8769257744 -1.8507553072 1142.6515199038 400.9518131806
-0.8217986006 -1.4231447447 -2.0815741753 1054.6392528264 633.8004088432
-1.0911494608 -1.1818016687 -1.9649873378 1244.2144425481 701.5378287580
-0.6316084140 -2.0274981562 -1.8786262742 926.4951072917 368.3826058988
-0.9035524778 -1.8286837590 -1.7451155714 1075.7522620378 380.9607877413
-0.9479648369 -1.9014220938 -1.5210612308 1110.7435684120 276.2725675792
-0.9432146670 -2.0560567738 -1.2161047290 1121.5347322925 107.3247713968
-0.7223513166 -2.0494162625 -1.0749999326 1027.0196370227 43.7926986384
-0.6319736503 -1.7177400197 -2.0925003425 937.7027077985 529.7590103207
-0.8635723492 -1.6173579517 -1.8943794162 1068.8116741346 501.9582863140
-0.5144810341 -2.0414948860 -1.8602799657 877.2655794547 359.0795687594
-0.6620010583 -2.1660087974 -1.6901725747 939.8603592730 268.1900670918
-0.4142942321 -2.0953978622 -1.3107196396 854.1105903496 141.2758044386
-0.5530260388 -2.0939750219 -1.1044124804 933.7856359710 48.3727628762
-0.3947811777 -1.9984441214 -1.0106780799 865.4427356167 24.9299252824
-0.6599330818 -1.6619423208 -2.0552645162 957.0971812311 537.6774838516
-0.4940653931 -1.4320781224 -1.9938969174 902.6592201399 605.9814112185
-0.6363881488 -1.3993371856 -1.9196929323 981.4502437645 595.0567845068
-0.1465099906 -1.8328272246 -1.8981954512 725.6962884435 434.7846703276
-0.3223157237 -2.0889569064 -1.5800920492 802.2742682847 250.0497032936
-0.3090886800 -1.9464609966 -1.6565812355 799.9515231701 317.2124527011
-0.1811950139 -1.9637254206 -1.1985033871 748.7128425314 125.8263680119
-0.2850391173 -1.8672154483 -0.9145653236 817.8018080269 5.4903299232
-0.3426600909 -1.6986843663 -2.0131679466 814.8925136980 513.9622187317
-0.1400668675 -1.5443412508 -1.8055001948 729.4681027339 503.1472241499
-0.2770033012 -1.3320833847 -1.9451609895 802.7648751897 633.7742179025
0.1335359145 -1.8428479847 -1.9814673882 603.5270970870 459.1744697344
0.1715342562 -1.8377072737 -1.7077555890 579.8206837212 370.2660050295
-0.1848550685 -2.1502072710 -1.5052238707 740.8145791170 206.8876277821
-0.0221415043 -2.1156067050 -1.0512833639 666.3803346225 20.1554076427
0.1240992140 -1.9843450146 -1.0759655747 589.4534582327 63.4632027586
-0.0493717641 -1.9211444237 -1.8066152366 682.0651680500 378.0543686469
-0.0107507729 -1.4624962367 -2.1410767009 667.3188315836 640.1713074470
0.4152243284 -1.8347950724 -1.8048647437 471.9096064279 405.8572290326
0.0848713846 -1.9450227874 -1.7652455950 622.3989874419 357.5830505214
0.2709930666 -2.0229951985 -1.3936351784 528.4776475077 197.2837023717
0.3935839552 -2.0181614624 -1.1510837010 454.9287102383 92.5483362622
0.2146649190 -1.8495797719 -1.0119872249 532.5698886146 65.4063454196
0.2918924149 -1.8026157144 -1.9498619558 532.2789403560 462.8129214245
0.3887196067 -1.5483946661 -1.8073259798 467.2022086973 504.9073265407
0.2030463646 -1.2799541855 -2.0787731241 559.9984028425 699.7162786314
0.6613401754 -1.8611822663 -1.9317589166 372.8600374203 440.0505307240
0.4035577717 -1.8051025498 -1.6202255344 464.9956730537 349.6326734222
0.4569104633 -1.8505142371 -1.3525835505 423.9610268654 228.7735083569
0.3786794710 -2.0383437217 -1.1978401556 466.7834754929 109.1224923508
0.5109429233 -1.6663972622 -2.1643527627 439.9683370381 573.5089975486
0.4919235673 -1.5187523918 -1.9572107497 424.7583916322 565.7146885339
0.6904453826 -1.1610471457 -1.8405569797 272.2293415431 683.9667560366
0.6051791213 -2.1125326224 -1.8346550447 409.1891941920 335.9108554249
0.8885854279 -2.0502117149 -1.9125103482 292.3859982330 378.9859040417
0.6754756322 -1.9665131575 -1.5812143502 347.2314588639 287.9972879549
0.7702598618 -2.1020624400 -1.1419530733 273.2267532343 69.8784359002
0.8716978941 -1.8258617162 -0.9924107934 154.5792319351 64.7074633209
0.8306860570 -1.5674480567 -2.0795252806 281.6517188557 585.8901558834
0.8551874529 -1.3042941348 -1.8165584212 200.7499841547 609.7163558800
1.0954692453 -1.8581825129 -2.0326651252 195.9212936022 473.6368271557
0.8384879369 -2.0700739021 -1.8890727619 313.0112036204 365.8561137916
1.0345126857 -1.8546994919 -1.3746466354 134.6825538976 239.5462804040
0.9500477222 -1.9913988195 -1.4115719724 203.2938223554 215.9478693344
0.8471038268 -1.6157640771 -1.8657793855 256.3033268649 501.6601640465
1.1646618641 -1.3994225008 -1.8999604189 71.1333535307 597.4588162858
0.8616797140 -1.4018883489 -2.1571992865 255.9087269050 672.8649655758
1.3633144213 -1.9058175939 -1.8359840971 61.4628611907 397.8752341787
1.1850730598 -1.9429122452 -1.5874276585 110.0090113181 299.0705065945
1.1108721872 -1.8917124848 -1.6494058011 144.7287697171 336.6573584249
1.2995741576 -2.1101608759 -1.3471534802 49.5343445545 160.2303903060
1.1428546488 -1.8734027375 -1.9583861169 168.7736049029 446.3186695434
1.3366147058 -1.5107727898 -2.0124757643 29.4091176321 588.7130470265
1.2127418960 -1.4389323406 -2.1131114121 90.7857851426 646.3434662100
1.3600971057 -2.1394947090 -1.9308683015 113.5454867194 361.8833096011

gimbalangles:
1.5802955390

end: