T_CW:
-0.5578015219 -0.8299743744 0.0000000000 -0.0300000000
-0.5334972442 0.3585479069 -0.7660444431 -0.0783022222
0.6357972574 -0.4273007562 -0.6427876097 -0.0321393805
0.0000000000 0.0000000000 0.0000000000 1.0000000000

T_CW_cov:
0.0000004766 -0.0000000815 0.0000000386 0.0000002290 0.0000012296 -0.0000000396
-0.0000000815 0.0000004993 -0.0000000414 -0.0000013913 -0.0000002035 0.0000000802
0.0000000386 -0.0000000414 0.0000000701 0.0000001242 0.0000000945 -0.0000000088
0.0000002290 -0.0000013913 0.0000001242 0.0000039295 0.0000005715 -0.0000002194
0.0000012296 -0.0000002035 0.0000000945 0.0000005715 0.0000032222 -0.0000000913
-0.0000000396 0.0000000802 -0.0000000088 -0.0000002194 -0.0000000913 0.0000003851

target_points_pix:
0.3887196067 -1.5483946661 -1.8073259798 1271.8410743323 656.2885486681
0.6613401754 -1.8611822663 -1.9317589166 1229.9499984502 529.2779429150
0.5109429233 -1.6663972622 -2.1643527627 1198.8063085336 690.7572817258
0.4919235673 -1.5187523918 -1.9572107497 1188.8731919371 672.8318025319
0.6904453826 -1.1610471457 -1.8405569797 988.8069979522 651.8388517187
0.6051791213 -2.1125326224 -1.8346550447 1341.0929644971 463.8890696304
0.8885854279 -2.0502117149 -1.9125103482 1199.5175292027 424.5860957184
0.6754756322 -1.9665131575 -1.5812143502 1312.0535425501 380.7548376257
0.8716978941 -1.8258617162 -0.9924107934 1279.5082668361 82.4658535437
0.8306860570 -1.5674480567 -2.0795252806 1057.6614748502 583.6225355748
0.8551874529 -1.3042941348 -1.8165584212 982.4224131026 549.3544939733
0.7895796516 -1.2201316833 -2.0024037326 960.1182589899 651.5981144174
1.0954692453 -1.8581825129 -2.0326651252 1061.5641769427 442.5375149968
0.8384879369 -2.0700739021 -1.8890727619 1226.7376643418 426.4276078733
1.0345126857 -1.8546994919 -1.3746466354 1152.9859425853 223.2129733925
0.9500477222 -1.9913988195 -1.4115719724 1226.5869110325 236.8252564178
0.8471038268 -1.6157640771 -1.8657793855 1089.1298217633 501.8563853949
1.1646618641 -1.3994225008 -1.8999604189 905.6882222792 463.6701587184
0.8616797140 -1.4018883489 -2.1571992865 986.6060319177 631.3813587729
1.0168398722 -0.9545678627 -1.8721677156 787.2083137680 593.1105840989
1.1335969285 -0.5690045652 -1.8004655743 582.2672970360 620.5936840650
1.1208194171 -0.5124663437 -1.8037057435 558.6564409901 641.2124781088
1.3633144213 -1.9058175939 -1.8359840971 1008.4393848425 312.2442334529
1.1850730598 -1.9429122452 -1.5874276585 1099.0979028633 259.3878143973
1.1108721872 -1.8917124848 -1.6494058011 1103.2807984556 306.8226840206
1.2995741576 -2.1101608759 -1.3471534802 1134.5908787304 119.8117531504
1.1428546488 -1.8734027375 -1.9583861169 1057.3538396470 405.8034558567
1.3366147058 -1.5107727898 -2.0124757643 885.9869022897 434.7011528290
1.2127418960 -1.4389323406 -2.1131114121 893.2787685483 508.7645947437
1.0745265784 -1.0422826553 -1.8230717188 805.8809299389 537.2844017666
1.1600619218 -0.8068272071 -1.9987279613 682.9144777418 618.0775341776
1.1137863020 -0.3982487863 -1.8896055521 508.5344012796 702.9215496415
1.3600971057 -2.1394947090 -1.9308683015 1066.8146394101 310.3173645625
1.5999598486 -1.9341720935 -1.5824400126 964.4311268419 175.6971656444
1.4599674712 -1.8730458234 -1.4548000087 997.2800599040 162.3453662493
1.5798023544 -1.8746761661 -1.3568949353 967.1695738878 101.7047904786
1.3351159698 -1.8509936034 -1.1426382576 1061.0999874563 57.3824712103
1.4024912873 -1.7454236654 -1.8753919523 946.9655049853 339.8385165285
1.4528564790 -1.6598804076 -1.8320190018 908.9219591251 327.4280548783
1.6979698655 -1.3455571882 -1.9570761194 742.1115522767 359.6795768720
1.6315111392 -1.0550464774 -2.1687695799 660.4802795616 483.2137356814
1.6338089804 -0.6764502541 -1.8334104163 510.3106571831 446.2107823622
1.3752629996 -0.5013956868 -1.8451442328 491.8390032024 565.1761029435
1.5696691048 -0.2374520310 -1.8092501578 323.2213934998 546.8315858113
1.6255085224 0.2358285422 -1.9199901380 83.4718170289 675.9633811962
1.6696960735 -2.1335143978 -1.8174720010 986.1907531041 217.9059950995
1.7663122043 -1.8342091207 -1.7349238641 881.6513662126 209.9653819290
1.7984505393 -2.0074320268 -1.3755868466 942.0088543648 58.1344353017
1.6677061205 -2.0403325325 -1.2331624542 1000.2082039896 18.6771424500
1.6699498579 -1.6756908929 -1.8676287179 854.0502113094 291.2047762101
1.7503482467 -1.4139824944 -1.9330663828 752.0539905246 331.2160805743
1.6086240389 -1.3759422775 -2.1769863102 769.2730364257 439.6231398644
1.8099044246 -1.1685900485 -2.1964658196 659.9856181851 431.0221593485
1.8744068534 -0.7564096408 -2.0234271969 501.9206203971 430.3238613970
1.8496731403 -0.5125324509 -2.1388159692 420.2391781105 511.8654176178
1.9386255175 -0.3329192843 -1.8096530681 305.1520770142 417.8321733466
1.8304743292 0.0130800510 -2.1917570920 208.7877720577 633.5463125489
1.8760928665 0.2945310113 -2.0520699411 48.7941796800 639.4455954897
1.8517101813 -1.8158071205 -1.9202430645 848.3892676089 255.2990133791
2.0612107624 -2.0207807403 -1.5899707244 867.5200669831 93.6428214561
2.1079238686 -1.9359357685 -1.5871010164 832.7799387784 94.2381053521
1.8652701462 -1.8208169787 -2.1046506354 840.7758316113 305.9140189114
1.8596756203 -1.9310635161 -1.8207909020 882.3328077016 209.7632020146
2.0422816431 -1.6552998450 -1.4431634057 767.7071799193 82.4478071318
1.8838081623 -1.6556635258 -2.1633819886 789.7539204071 339.4187238858
1.9935738669 -1.4877829304 -1.5690665399 723.5315628121 154.5596033254
2.0514362961 -1.6443114163 -1.6249753399 759.0330033458 146.3115361743
2.1646167347 -1.1212737102 -1.9130174607 571.0014337671 281.6440868528
2.1417190529 -1.3373523818 -1.7110508861 642.5190022494 194.9463443298
1.8336712306 -1.1288074433 -1.3115825326 632.3208381975 129.7951517067
2.1857920555 -0.8874492296 -2.0660135117 494.4981929147 354.0388909689
1.8330203597 -0.9506125522 -1.6966504631 571.3632928134 303.3043952245
2.0685977208 -1.1828960926 -1.6875075128 605.6220480317 219.2580365324
1.9582976991 -0.9784727864 -1.1980075723 538.2325085977 76.2729086584
1.9675984183 -0.6681374839 -1.8991578230 445.3538065387 383.6683421933
1.9263270606 -0.9148012062 -1.9037353806 545.2327686445 356.5573155284
1.9567773808 -0.6855267087 -1.3530006329 419.6737786820 183.6834181020
2.1601176345 -0.5862448586 -1.2289727654 326.7359962586 102.1491766921
1.8885494940 -0.3425903546 -1.8054157975 317.0427406014 428.1263200507
1.8908101503 -0.5555868176 -1.5651401600 390.3296014190 304.2284663747
1.9001765489 -0.4824218917 -1.3558220626 336.0250711099 229.3521396321
2.0068793587 -0.6261871060 -1.2771031287 377.0814331102 148.9934975164
1.8714258920 -0.3141366888 -1.0082598803 207.5048853973 96.3029632128
2.0455430596 -0.3773170723 -1.9307038423 318.8449584818 422.0484383462
2.0480357724 -0.3184675408 -1.8653327192 287.6838855618 410.3711199241
2.0443564240 -0.3482602204 -1.3012287353 239.0908734669 192.8568525887
2.0798042420 -0.2424843764 -1.1012332417 149.3713766339 107.7527686375
2.1516010315 0.0514003866 -1.8782818612 110.9026057325 452.1289473505
1.8457720871 0.0187633843 -1.6776015658 132.0665880082 465.8769710738
2.0749550863 0.0247220718 -1.3704456468 48.6083766263 277.7942599513
1.9811569292 -0.1196215702 -1.3969824230 143.1810514392 288.3943154245
1.8634769485 0.0715380034 -1.8618622747 131.6056391894 535.5179041218
1.9109171222 0.2273973581 -1.9251597013 57.4649085453 574.0204025780
2.0922931957 0.1693856270 -1.6973200950 29.3499097899 428.8499687169

gimbalangles:
0.5833256667

end: