T_CW:
-0.3655383326 0.9307962868 0.0000000000 -0.0300000000
0.5983043203 0.2349635110 -0.7660444431 -0.0783022222
-0.7130313231 -0.2800186084 -0.6427876097 -0.0321393805
0.0000000000 0.0000000000 0.0000000000 1.0000000000

T_CW_cov:
0.0000008608 0.0000002959 -0.0000001176 -0.0000008440 0.0000022586 -0.0000002254
0.0000002959 0.0000005723 -0.0000000465 -0.0000016170 0.0000007728 -0.0000002645
-0.0000001176 -0.0000000465 0.0000000830 0.0000001399 -0.0000003041 0.0000000335
-0.0000008440 -0.0000016170 0.0000001399 0.0000046270 -0.0000022042 0.0000007418
0.0000022586 0.0000007728 -0.0000003041 -0.0000022042 0.0000059821 -0.0000005858
-0.0000002254 -0.0000002645 0.0000000335 0.0000007418 -0.0000005858 0.0000005505

target_points_pix:
-1.9221166002 -1.9663354306 -2.1468861812 281.2399170583 329.9379445926
-1.9802765316 -1.8045886900 -1.7091154059 308.1954216272 198.8780201869
-2.0367121883 -2.1929650405 -1.4116115292 171.5213978823 57.4685862000
-1.8813091829 -1.6492230086 -2.0987515410 364.3170459349 352.3938080903
-1.9952865137 -1.5586000442 -1.6116522055 385.6711478588 182.0995127339
-1.9585876503 -1.7206606709 -1.6496159000 325.7070522238 189.7929299620
-2.0979104363 -1.5458682890 -2.0934762486 438.1420875254 312.9618855227
-2.0340556057 -1.5717316181 -1.5723282968 387.0940908395 159.5375145801
-2.1899931001 -1.4689067442 -1.4424310350 447.9056894168 90.8533234171
-2.0123749693 -1.3051194687 -1.2605724813 460.0619769738 64.6047872699
-2.1330431348 -1.1238264740 -2.1749385310 580.1130983247 363.7674124207
-1.8931619140 -1.4242961790 -1.8619772805 425.2336703084 298.6794591253
-1.8156937678 -1.2788976583 -1.4720111433 437.7324089888 193.1662576038
-2.1048315546 -1.4420218644 -1.3322701860 433.2628636334 66.2688549758
-2.0275988338 -1.0451784956 -1.8548879915 582.7168471246 299.7669586223
-2.0740832194 -1.1457875937 -1.8085477659 553.8295371253 265.6601582513
-1.8048856477 -0.8113928394 -1.5416979154 628.0976026783 267.3153433843
-2.0263796769 -1.1692429330 -1.4253872039 523.3147247730 138.5574212959
-1.8072466993 -0.9142648409 -2.0509648423 597.0311132208 427.4549582911
-1.8873716097 -0.8301472013 -1.9077868950 639.6484374310 371.2382438712
-2.0424561488 -0.9183195632 -1.6014494401 627.8528520633 221.9541513024
-2.0168946479 -0.8103344008 -1.0952591686 663.5225106941 28.5540367223
-2.0752258472 -0.3109300675 -2.1110600714 861.0755884834 436.8943706626
-2.1493942445 -0.4797543549 -1.7357695462 815.6842037501 283.9077239757
-1.8641180002 -0.5218672308 -1.4602447271 766.3933137757 249.6030945059
-2.0215212723 -0.3406231631 -1.0954173160 890.8269244213 66.7265257791
-2.1605347700 -0.4990530025 -1.1397686372 829.3209286755 44.5980800121
-1.9147247312 -0.2548115522 -2.0326057316 869.9823690523 464.0370803272
-2.0556831739 -0.2172783453 -1.6982966545 917.4501620971 320.0618651287
-2.1323124597 -0.0853491397 -1.4956774616 998.3311754893 238.4571833938
-1.9399115812 -0.1485383567 -1.0760889372 985.3694732251 94.2990086476
-2.0648976669 -0.0956304944 -0.9549973675 1038.5469558447 6.7072573237
-1.9180268305 -0.1096057180 -2.0836827944 928.3742490048 494.9549165332
-2.0489798470 0.0967352262 -1.5659864992 1073.2449042112 306.5234313059
-1.8167122418 0.1568885131 -1.5440816022 1092.4882114718 374.9423739083
-1.9581490399 0.0886200913 -1.2052964765 1105.0797429698 177.2088071647
-2.0752253339 0.4044434237 -2.0040710625 1171.3528325027 484.1092516082
-2.1825678826 0.3116185314 -1.5813675429 1182.9979411944 298.6929986051
-2.0098296911 0.1005257098 -1.4875995864 1081.1252000254 287.2362785890
-1.9188018807 0.0506425308 -1.1352139082 1089.9255005249 149.8197892760
-1.9169883940 0.1195774110 -1.1625619137 1126.2151039608 171.3057745189
-1.9661344430 0.3035449742 -0.9097239979 1284.6671378861 42.1484254778
-2.0916418165 0.3164314712 -1.8431441868 1150.0232480242 417.6097254625
-2.0036208889 0.5847712081 -1.8948754516 1271.6678286104 494.2485543855
-2.1835710067 0.7113300082 -1.9318055951 1327.2391861531 464.8272430349
-1.6528525047 -1.8988645247 -1.9727573103 223.4640983208 345.2620702840
-1.9130254349 -1.8860765796 -1.6464160941 260.6344896695 184.8569009968
-1.6971427193 -1.9147061648 -1.5994332875 189.8371632700 211.1884510443
-1.7576145065 -2.1605108836 -1.2885426793 85.9845781986 61.6854466717
-1.7565167600 -2.0307767892 -1.1690698993 112.8625559320 21.2904474577
-1.8882251437 -1.7216178320 -1.9143727145 329.9561121958 290.1175608509
-1.6982756279 -1.3603867850 -1.9128438210 408.8895735873 367.7555578095
-1.8876670961 -1.4066149089 -1.9187156197 433.3029311897 319.2927687364
-1.8462753154 -1.0571684346 -2.1965330153 556.3653928985 444.2923474195
-1.9317673488 -0.6338474593 -2.1627174347 720.3886829783 456.0461886409
-1.7579705380 -0.5772389801 -2.1935923520 717.4256146664 519.5122480124
-1.6050720677 -0.1570880062 -2.1723311699 871.3415246399 615.1076678006
-1.9483527284 -0.0672251213 -2.1691429618 943.7114638210 515.5731459949
-1.7025217749 0.2005152844 -2.1416149571 1044.4826860785 621.4080661606
-1.7632616332 0.4374488688 -2.0163576747 1176.3478512878 595.8437625477
-1.9167180805 0.6502726713 -2.0705326719 1277.1754490300 586.8683589950
-1.4411075920 -2.0047310802 -2.1884385161 159.1895095659 449.6671010008
-1.5636460166 -2.1015147070 -1.7670923026 111.5771771654 282.2975079604
-1.4260408633 -1.8229054887 -1.5300131216 131.3499154527 258.0396169999
-1.5219180490 -1.8699384584 -1.8978367480 190.4451662367 356.6801238821
-1.4682522470 -1.5686725384 -2.0065486827 288.9927842927 435.8955076568
-1.5548618276 -1.2661538459 -2.0485354989 419.5218000528 457.8018494624
-1.5594104961 -0.9227059103 -1.8929279979 543.2435074532 447.6408581550
-1.5268858466 -0.9034280657 -1.9429658399 546.1904365416 475.8531692741
-1.4357686636 -0.5273511537 -2.0349748541 688.3865106084 583.3236581147
-1.3346818081 -0.4072892248 -1.9128016578 726.5069090650 600.0940089423
-1.5322625065 0.0726475877 -2.0453616294 978.3389413434 637.7228954716
-1.5002121632 0.1470386231 -2.1716073200 1001.3645233273 697.8763579822
-1.5791355639 0.5374848681 -1.9457535413 1235.2343407016 660.9758224296
-1.2316108156 -1.6002939991 -2.0136714895 214.7169403649 503.6056295116
-1.1236390632 -1.6723554829 -1.9513804356 148.2485555878 509.4073081421
-1.4317858123 -1.0551176296 -1.9035718307 463.0712750746 474.1896119343
-1.1364814913 -1.1054498984 -1.9291642293 370.2409328560 575.8291271335
-1.0697359937 -0.8988463701 -2.1613215268 457.2546394061 702.0245462280
-1.3989814388 -0.5673341385 -2.1783087477 665.3722604314 632.4137665509
-1.1970903097 -2.0119519131 -1.8409716733 36.9919049408 410.2001003538
-1.0920435109 -1.8769257744 -1.8507553072 49.2915575260 460.9934790519
-0.8217986006 -1.4231447447 -2.0815741753 162.4853535676 694.6889388437
-1.0911494608 -1.1818016687 -1.9649873378 329.2950675039 592.6318608988
-1.1280067953 -0.8565214532 -2.0582172524 483.1760030539 656.1525807988
-0.8635723492 -1.6173579517 -1.8943794162 70.8848207571 590.1136822934
-0.9203595300 -1.1508216233 -2.0333945953 299.1751811699 685.0072296666

gimbalangles:
2.7801465378

end: