T_CW:
-0.4352143286 -0.9003268785 0.0000000000 -0.0300000000
-0.5787189622 0.2797503780 -0.7660444431 -0.0783022222
0.6896904023 -0.3333935180 -0.6427876097 -0.0321393805
0.0000000000 0.0000000000 0.0000000000 1.0000000000

T_CW_cov:
0.0000006333 -0.0000001488 0.0000000616 0.0000004147 0.0000016365 -0.0000000495
-0.0000001488 0.0000004827 -0.0000000430 -0.0000013400 -0.0000003733 0.0000001553
0.0000000616 -0.0000000430 0.0000000774 0.0000001277 0.0000001485 -0.0000000147
0.0000004147 -0.0000013400 0.0000001277 0.0000037752 0.0000010396 -0.0000004150
0.0000016365 -0.0000003733 0.0000001485 0.0000010396 0.0000042824 -0.0000001158
-0.0000000495 0.0000001553 -0.0000000147 -0.0000004150 -0.0000001158 0.0000004733

target_points_pix:
0.6904453826 -1.1610471457 -1.8405569797 1094.4529171183 697.2454378312
0.8306860570 -1.5674480567 -2.0795252806 1174.9956408548 635.0869655280
0.8551874529 -1.3042941348 -1.8165584212 1097.5851782248 590.8960552267
0.7895796516 -1.2201316833 -2.0024037326 1064.1871718809 693.1914798615
1.0954692453 -1.8581825129 -2.0326651252 1192.9631605043 489.1191023387
1.0345126857 -1.8546994919 -1.3746466354 1313.6618856145 269.4916603147
0.8471038268 -1.6157640771 -1.8657793855 1216.8935096415 554.0222866003
1.1646618641 -1.3994225008 -1.8999604189 1024.7788385943 494.1546729489
0.8616797140 -1.4018883489 -2.1571992865 1094.3451503886 675.6001835413
1.0168398722 -0.9545678627 -1.8721677156 889.4917448619 612.5702163969
1.1335969285 -0.5690045652 -1.8004655743 680.5103014586 616.2196695154
1.1208194171 -0.5124663437 -1.8037057435 655.3503025391 633.9075598108
1.3633144213 -1.9058175939 -1.8359840971 1148.3006879653 348.6969610821
1.1850730598 -1.9429122452 -1.5874276585 1251.2653055481 302.3498528638
1.1108721872 -1.8917124848 -1.6494058011 1251.2404629407 352.2561940106
1.2995741576 -2.1101608759 -1.3471534802 1303.5162831242 159.3926081830
1.1428546488 -1.8734027375 -1.9583861169 1191.9493341120 450.5503411426
1.3366147058 -1.5107727898 -2.0124757643 1006.9625114001 462.3411362254
1.2127418960 -1.4389323406 -2.1131114121 1007.6189391808 538.7783907695
1.0745265784 -1.0422826553 -1.8230717188 913.9011410930 558.2223817408
1.1600619218 -0.8068272071 -1.9987279613 781.3125099626 625.2998029303
1.1137863020 -0.3982487863 -1.8896055521 600.7716012295 688.7932358968
1.3600971057 -2.1394947090 -1.9308683015 1211.4497575665 352.2119454985
1.5999598486 -1.9341720935 -1.5824400126 1114.2070940450 203.8002084991
1.4599674712 -1.8730458234 -1.4548000087 1150.4836961344 192.7345022711
1.5798023544 -1.8746761661 -1.3568949353 1124.0131622394 127.7337517830
1.3351159698 -1.8509936034 -1.1426382576 1229.1231368985 88.7320235629
1.4024912873 -1.7454236654 -1.8753919523 1080.1480992462 371.2627129612
1.4528564790 -1.6598804076 -1.8320190018 1041.1182638730 354.8958927016
1.6979698655 -1.3455571882 -1.9570761194 865.2686966388 371.7929776316
1.6315111392 -1.0550464774 -2.1687695799 771.3684921926 487.6546618253
1.6338089804 -0.6764502541 -1.8334104163 625.7288730383 435.7637518135
1.3752629996 -0.5013956868 -1.8451442328 596.9630666666 551.1777941841
1.5696691048 -0.2374520310 -1.8092501578 436.9513865658 515.2579663974
1.3618475632 0.0845802788 -1.8129035773 296.1981027972 656.0427089972
1.6255085224 0.2358285422 -1.9199901380 203.8675258859 613.4318434199
1.6696960735 -2.1335143978 -1.8174720010 1133.5453112698 249.0910681886
1.7663122043 -1.8342091207 -1.7349238641 1023.5492450198 232.1407671973
1.7984505393 -2.0074320268 -1.3755868466 1101.4080228449 80.9328733911
1.6677061205 -2.0403325325 -1.2331624542 1167.2095856398 44.1918933446
1.6699498579 -1.6756908929 -1.8676287179 987.0931232884 312.7268083788
1.7503482467 -1.4139824944 -1.9330663828 878.0600467397 343.9899768196
1.6086240389 -1.3759422775 -2.1769863102 885.7366642552 455.1270063398
1.8099044246 -1.1685900485 -2.1964658196 775.6954282555 435.3548766907
1.8744068534 -0.7564096408 -2.0234271969 619.1540571509 419.1303698235
1.8496731403 -0.5125324509 -2.1388159692 532.8382631420 491.0078192207
1.9386255175 -0.3329192843 -1.8096530681 431.3196490923 388.3108426249
1.8304743292 0.0130800510 -2.1917570920 322.7480775919 586.4456386928
1.8760928665 0.2945310113 -2.0520699411 175.8305578782 574.9241069735
1.9227470392 0.4291212663 -2.0033337260 101.2959131434 565.9581373250
1.8517101813 -1.8158071205 -1.9202430645 984.6168839867 275.5546709203
2.0612107624 -2.0207807403 -1.5899707244 1019.6313308379 112.0231392768
2.1079238686 -1.9359357685 -1.5871010164 983.2939813760 110.1413222646
1.8652701462 -1.8208169787 -2.1046506354 972.0334520113 326.4002309267
1.8596756203 -1.9310635161 -1.8207909020 1024.3424859279 231.9456885918
2.0422816431 -1.6552998450 -1.4431634057 916.9286767352 93.6337890142
2.1282697156 -1.9395770402 -1.2939864247 998.8548626986 0.9099691061
1.8838081623 -1.6556635258 -2.1633819886 916.1300474775 355.6946107550
1.9935738669 -1.4877829304 -1.5690665399 865.0769941576 163.3396414392
2.0514362961 -1.6443114163 -1.6249753399 902.2143094226 157.6478185468
2.1646167347 -1.1212737102 -1.9130174607 700.4334260087 278.2244368269
2.1417190529 -1.3373523818 -1.7110508861 779.4976869978 197.6453686616
1.8336712306 -1.1288074433 -1.3115825326 774.8213709188 131.8635674250
2.1857920555 -0.8874492296 -2.0660135117 618.8236363356 343.1365984328
1.8330203597 -0.9506125522 -1.6966504631 698.6203214214 299.9180724245
2.0685977208 -1.1828960926 -1.6875075128 740.3277811624 219.0498110120
1.9582976991 -0.9784727864 -1.1980075723 685.9381213598 72.0401414942
1.9675984183 -0.6681374839 -1.8991578230 568.2977459465 367.9033452918
1.9263270606 -0.9148012062 -1.9037353806 668.1786923935 350.3304984743
1.9567773808 -0.6855267087 -1.3530006329 560.7653143184 169.7087297453
2.1601176345 -0.5862448586 -1.2289727654 478.8426732244 83.4875816338
1.8885494940 -0.3425903546 -1.8054157975 441.6276920826 399.4157264050
1.8908101503 -0.5555868176 -1.5651401600 522.0633085859 285.3864750449
1.9001765489 -0.4824218917 -1.3558220626 476.5904295511 208.0456234713
2.0068793587 -0.6261871060 -1.2771031287 522.7954763755 132.6629022502
1.8714258920 -0.3141366888 -1.0082598803 366.6567504434 70.2157216275
2.0455430596 -0.3773170723 -1.9307038423 444.0061983726 393.6012165569
2.0480357724 -0.3184675408 -1.8653327192 415.5940739937 379.4259193300
2.0443564240 -0.3482602204 -1.3012287353 388.3380367985 165.3825100399
2.0798042420 -0.2424843764 -1.1012332417 312.0027944774 77.3639984195
2.1516010315 0.0514003866 -1.8782818612 248.2191810278 403.2034126335
1.8457720871 0.0187633843 -1.6776015658 266.1054330073 418.4528366309
2.0749550863 0.0247220718 -1.3704456468 205.7814229332 232.3369694420
1.9811569292 -0.1196215702 -1.3969824230 291.2420335947 249.8911686346
2.1374943649 0.0698232034 -1.1778551054 149.6589609297 136.0158577341
1.8634769485 0.0715380034 -1.8618622747 259.8921222183 484.7654187775
1.9109171222 0.2273973581 -1.9251597013 189.1791928754 513.8958816169
2.0922931957 0.1693856270 -1.6973200950 175.9773972109 373.7768929130
2.0659552518 0.2229873537 -1.4230803426 109.2458451876 282.8575137983
2.0085784985 0.5661478600 -2.1355031077 52.8184496068 597.9884998280

gimbalangles:
0.5324169661

end: