T_CW:
-0.6954334361 -0.7185905204 -0.0000000000 -0.0300000000
-0.4619010830 0.4470159961 -0.7660444431 -0.0783022222
0.5504722750 -0.5327329193 -0.6427876097 -0.0321393805
0.0000000000 0.0000000000 0.0000000000 1.0000000000

T_CW_cov:
0.0000004634 0.0000000185 -0.0000000077 -0.0000000517 0.0000012077 0.0000000140
0.0000000185 0.0000005901 -0.0000000464 -0.0000016298 0.0000000512 0.0000000023
-0.0000000077 -0.0000000464 0.0000000833 0.0000001367 -0.0000000244 -0.0000000005
-0.0000000517 -0.0000016298 0.0000001367 0.0000045567 -0.0000001434 -0.0000000005
0.0000012077 0.0000000512 -0.0000000244 -0.0000001434 0.0000032004 0.0000000442
0.0000000140 0.0000000023 -0.0000000005 -0.0000000005 0.0000000442 0.0000004531

target_points_pix:
0.1335359145 -1.8428479847 -1.9814673882 1287.6548965182 626.7105493764
0.1715342562 -1.8377072737 -1.7077555890 1316.1197098412 525.0989001925
0.4152243284 -1.8347950724 -1.8048647437 1179.3320056775 492.1512486129
0.2918924149 -1.8026157144 -1.9498619558 1208.1200245445 582.2175585198
0.3887196067 -1.5483946661 -1.8073259798 1117.3802528945 579.7397902246
0.6613401754 -1.8611822663 -1.9317589166 1066.6701065478 466.3577737320
0.4035577717 -1.8051025498 -1.6202255344 1204.1695491180 436.2238312520
0.4569104633 -1.8505142371 -1.3525835505 1231.4807298543 300.7244768463
0.6278400558 -2.0763393604 -0.9710114291 1264.2670969833 30.2319308901
0.5109429233 -1.6663972622 -2.1643527627 1055.9109609662 622.2752441238
0.4919235673 -1.5187523918 -1.9572107497 1045.2240528108 606.5363532097
0.6904453826 -1.1610471457 -1.8405569797 859.8304774198 614.0788164382
0.6051791213 -2.1125326224 -1.8346550447 1157.9395781834 392.3576851049
0.8885854279 -2.0502117149 -1.9125103482 1028.3440067558 371.4320696863
0.6754756322 -1.9665131575 -1.5812143502 1123.9987349132 317.9354760291
0.7702598618 -2.1020624400 -1.1419530733 1171.1670084224 86.5248267942
0.8716978941 -1.8258617162 -0.9924107934 1064.7938715080 41.4196879198
0.8306860570 -1.5674480567 -2.0795252806 916.1329008863 539.6409037813
0.8551874529 -1.3042941348 -1.8165584212 842.5793200985 516.3129486995
0.7895796516 -1.2201316833 -2.0024037326 832.7267234605 618.1062779555
0.7746400239 -0.8335446310 -1.8636761699 703.7538562340 700.1622828405
1.0954692453 -1.8581825129 -2.0326651252 904.4497925585 404.2728789107
0.8384879369 -2.0700739021 -1.8890727619 1052.9477602907 370.1262847175
1.0345126857 -1.8546994919 -1.3746466354 965.2868485236 185.2347645508
0.9500477222 -1.9913988195 -1.4115719724 1033.1855377295 191.3827365367
0.8471038268 -1.6157640771 -1.8657793855 936.3931944276 457.4460002129
1.1646618641 -1.3994225008 -1.8999604189 760.3245124348 443.2047634268
0.8616797140 -1.4018883489 -2.1571992865 855.2403969455 595.0904164535
1.0168398722 -0.9545678627 -1.8721677156 660.2902405217 585.4049193556
1.1335969285 -0.5690045652 -1.8004655743 458.2168455555 642.5490240370
1.1208194171 -0.5124663437 -1.8037057435 436.3905830917 666.9270598544
1.3633144213 -1.9058175939 -1.8359840971 840.9482699383 284.9253777956
1.1850730598 -1.9429122452 -1.5874276585 919.6291143694 224.9447545805
1.1108721872 -1.8917124848 -1.6494058011 928.5268913090 269.8237781531
1.2995741576 -2.1101608759 -1.3471534802 937.4704705758 88.5294228913
1.1428546488 -1.8734027375 -1.9583861169 896.6211868071 369.5510693558
1.3366147058 -1.5107727898 -2.0124757643 738.1108997067 417.4988772767
1.2127418960 -1.4389323406 -2.1131114121 753.2925808125 488.8403325081
1.0745265784 -1.0422826553 -1.8230717188 672.2589295698 527.8981696351
1.1600619218 -0.8068272071 -1.9987279613 559.6840918646 625.2988355351
1.3600971057 -2.1394947090 -1.9308683015 895.0592668893 277.1101799024
1.5999598486 -1.9341720935 -1.5824400126 784.6700588335 157.0480965870
1.4599674712 -1.8730458234 -1.4548000087 814.4007879430 141.0806243352
1.5798023544 -1.8746761661 -1.3568949353 779.3558649337 84.8660810354
1.3351159698 -1.8509936034 -1.1426382576 863.1297492769 34.4265073583
1.4024912873 -1.7454236654 -1.8753919523 785.9414260785 318.1626966914
1.4528564790 -1.6598804076 -1.8320190018 748.3140862005 310.1916303766
1.6979698655 -1.3455571882 -1.9570761194 589.0484676984 360.6957366469
1.6315111392 -1.0550464774 -2.1687695799 521.2789037508 494.0681450635
1.6338089804 -0.6764502541 -1.8334104163 362.8707039710 476.3574695338
1.3752629996 -0.5013956868 -1.8451442328 357.7895113010 600.0257950610
1.5696691048 -0.2374520310 -1.8092501578 175.4449072991 606.2494890148
1.6696960735 -2.1335143978 -1.8174720010 809.7048575726 196.0734375780
1.7663122043 -1.8342091207 -1.7349238641 709.0658145663 198.2515146869
1.7984505393 -2.0074320268 -1.3755868466 750.5397499617 44.5667843610
1.6677061205 -2.0403325325 -1.2331624542 801.6665613153 1.7559025534
1.6699498579 -1.6756908929 -1.8676287179 691.3227022005 280.6909863205
1.7503482467 -1.4139824944 -1.9330663828 595.6901798748 331.3112277013
1.6086240389 -1.3759422775 -2.1769863102 624.8888653376 436.7563990692
1.8099044246 -1.1685900485 -2.1964658196 514.6933686449 441.9397630532
1.8744068534 -0.7564096408 -2.0234271969 351.9343667228 461.4806022787
1.8496731403 -0.5125324509 -2.1388159692 275.2269229523 556.2579762425
1.9386255175 -0.3329192843 -1.8096530681 139.6302692324 474.6414616101
1.8517101813 -1.8158071205 -1.9202430645 681.7457350165 246.0909547854
2.0612107624 -2.0207807403 -1.5899707244 682.4886773622 85.4425425939
2.1079238686 -1.9359357685 -1.5871010164 648.6799225024 88.9360432535
1.8652701462 -1.8208169787 -2.1046506354 679.8874164830 296.6973824913
1.8596756203 -1.9310635161 -1.8207909020 709.6270800257 198.0474225508
2.0422816431 -1.6552998450 -1.4431634057 583.3255060354 82.6459435381
1.8838081623 -1.6556635258 -2.1633819886 633.6932967931 335.3396125692
1.9935738669 -1.4877829304 -1.5690665399 547.3605486873 158.3718508114
2.0514362961 -1.6443114163 -1.6249753399 581.7914664443 146.9336194808
2.1646167347 -1.1212737102 -1.9130174607 406.3848815846 301.9329957296
2.1417190529 -1.3373523818 -1.7110508861 469.9479243360 206.7228524542
1.8336712306 -1.1288074433 -1.3115825326 452.4878425316 141.7785767483
2.1857920555 -0.8874492296 -2.0660135117 334.9575102576 384.6344537216
1.8330203597 -0.9506125522 -1.6966504631 409.5857906807 323.6389073869
2.0685977208 -1.1828960926 -1.6875075128 435.0267881170 234.9458437666
1.9582976991 -0.9784727864 -1.1980075723 348.9836340444 95.9433745991
1.9675984183 -0.6681374839 -1.8991578230 286.7242618974 420.9656269078
1.9263270606 -0.9148012062 -1.9037353806 388.5222045586 380.8846100627
1.9567773808 -0.6855267087 -1.3530006329 235.9322496759 217.5815491592
2.1601176345 -0.5862448586 -1.2289727654 125.3499064584 142.1633635259
1.8885494940 -0.3425903546 -1.8054157975 153.9372983627 483.7428864847
1.8908101503 -0.5555868176 -1.5651401600 218.6604325395 345.5718453290
1.9001765489 -0.4824218917 -1.3558220626 150.9508891094 273.9108601142
2.0068793587 -0.6261871060 -1.2771031287 185.9165468703 185.9749079155
2.0455430596 -0.3773170723 -1.9307038423 154.9556932560 477.3086500629
2.0480357724 -0.3184675408 -1.8653327192 119.4168997959 469.2809628668
2.0443564240 -0.3482602204 -1.3012287353 39.4726472879 246.3693703616

gimbalangles:
0.8112853549

end: