T_CW:
0.8920399595 -0.4519565362 -0.0000000000 -0.0300000000
-0.2905120616 -0.5733922333 -0.7660444431 -0.0783022222
0.3462187931 0.6833422540 -0.6427876097 -0.0321393805
0.0000000000 0.0000000000 0.0000000000 1.0000000000

T_CW_cov:
0.0000005894 -0.0000001506 0.0000000634 0.0000004178 0.0000015353 -0.0000000908
-0.0000001506 0.0000005596 -0.0000000350 -0.0000015662 -0.0000003800 0.0000002214
0.0000000634 -0.0000000350 0.0000000726 0.0000001037 0.0000001568 -0.0000000174
0.0000004178 -0.0000015662 0.0000001037 0.0000044370 0.0000010533 -0.0000006092
0.0000015353 -0.0000003800 0.0000001568 0.0000010533 0.0000040511 -0.0000002289
-0.0000000908 0.0000002214 -0.0000000174 -0.0000006092 -0.0000002289 0.0000004842

target_points_pix:
-0.3082166681 1.6907242396 -2.0314835105 162.0653439937 644.1344077759
-0.4035810572 1.8196444843 -1.9633355322 95.1030251733 593.5631974576
-0.2295808476 1.5833745047 -1.9280668241 196.1581724153 638.3485458909
-0.2288478029 1.7229587019 -2.1713108242 217.3813619651 658.4246982514
-0.2971911650 2.0186508778 -2.0714460476 151.9954365975 542.7465973638
-0.2953695788 2.0744306739 -1.6007389710 79.5913422985 368.0359951897
-0.3327855196 2.0041277111 -1.3840576797 21.9643382171 307.0514902290
0.0580140353 1.6564749291 -2.0056001193 341.4765586717 583.1999156090
0.1129876959 1.7098210899 -1.9997964193 360.1326282212 554.2607126174
0.0202068271 2.1113784809 -2.0826427717 285.6016513978 472.8901699318
0.0496567715 2.1804640802 -1.6243674711 245.5503914000 300.6315171882
0.0781686940 2.0424144230 -1.4188405458 247.6602291205 252.6369221055
0.1446138243 1.8968936248 -1.4479249870 299.7860298123 295.0324880162
0.0202740849 2.0286689315 -1.1369204904 179.3125227511 136.9789747535
0.2951990550 1.4166859272 -1.9840087220 485.1036736241 619.5593421714
0.0611186388 1.5047945352 -1.9279269025 354.3552707084 612.8677828271
0.0867318516 1.5644867443 -2.1461084051 378.2673573167 651.7246670821
0.3565648583 2.1885430665 -2.1504974543 415.8824195928 428.8950038782
0.2727735389 1.9261418884 -1.5732305862 371.3510341602 318.6391110671
0.1087447546 2.0311814710 -1.5708012065 281.2414408683 311.7234006064
0.4034252920 1.8647997388 -1.1615968393 410.2187018691 141.1339463476
0.1825358325 1.8096035881 -0.9249628995 265.7742995825 58.6152018159
0.4395085623 1.3030301233 -2.0955778568 576.3726764266 668.2111972434
0.3407057507 1.5573456301 -1.8639331961 476.6448387056 523.6130988385
0.4556518638 1.6963466740 -1.9118353382 508.4243617993 476.6735013905
0.6412921871 2.0289669724 -2.1399220346 540.6699689113 429.8217763954
0.5283331526 1.8357102497 -1.7207979409 508.9661776287 362.1248855502
0.4402235346 2.1324318888 -1.5393273289 417.9658760796 233.0387920052
0.5082307072 1.8258267294 -1.3142278063 480.2713623048 207.7097525826
0.4263787641 2.0360262969 -0.9802595292 381.1197480249 9.0884683575
0.7704231043 1.1919401564 -2.1147852834 743.1158061784 653.1981762962
0.5889345469 1.1772651812 -2.0652336531 668.3869161210 678.6508062258
0.6182712278 1.6636683500 -1.8178750298 580.0901668768 431.1253254496
0.6917889005 1.6605628289 -1.9153363064 613.5134017445 453.2584003883
0.6861369922 2.0177549577 -2.1359962891 558.3920370596 425.9073432106
0.9073355203 2.1983192295 -1.6524884766 599.9991386005 208.5485726818
0.5964458937 2.0839945609 -1.3115970185 479.8064972494 135.4669507790
0.8853459750 2.1074644930 -1.3019009516 599.7668610699 96.4729270326
0.8347556225 0.9123398415 -1.9235444340 850.6658721646 692.7529873076
1.1981999858 1.0113993311 -2.1238999532 960.7087151342 642.8652469883
1.1653186556 1.2451867740 -2.0812263958 887.1014369457 557.5036191122
0.8890987780 1.6535147810 -1.8036159092 693.4568820650 390.5609352515
1.0812056918 1.6101957530 -2.0611834659 772.2730152605 457.4234986663
0.8168996091 1.8783696711 -1.9477449235 624.4606725433 388.0646237821
0.8460622909 2.0547894297 -1.8492642470 604.2962478353 311.4570056251
1.0564090808 2.1003346994 -1.5296410924 671.0461657255 169.3046633274
1.1110084514 1.9235336780 -1.2463510526 729.2855562164 86.6014094797
0.8192282989 1.9702689997 -1.0886141990 591.7977073594 35.5875578237
1.3177547534 0.9829887943 -1.9275302017 1031.9207679653 571.9057987768
1.2166538022 1.1243311453 -2.0984095424 937.5062887791 593.3683777863
1.2534387693 1.4042816883 -2.1271438066 877.5170367137 509.6248909587
1.3301668377 1.7488035525 -2.0715025133 828.9056205116 393.5929076343
1.2979871322 1.8572265450 -1.8891421815 800.7664051020 317.0267303200
1.0969822034 1.9415982477 -1.5650981868 716.8948084080 210.8823276847
1.1040556031 2.0115566509 -1.5430429039 705.7952607753 187.3000696559
1.2164093231 2.0740255218 -1.1797555361 739.4420169717 19.8830313994
1.6891581496 0.8208092222 -1.9402937266 1225.2156090766 566.4837320525
1.6550291668 0.9849206446 -2.0816303475 1137.7959349591 561.2068804057
1.4599354259 1.1281127119 -1.9168790001 1040.7204915530 496.6182886287
1.3608744688 1.3786190287 -1.8404976115 938.0950070862 412.7243901992
1.3328779171 1.9303904193 -2.0943921518 792.8516029155 358.5318597941
1.6905155624 2.1123487386 -1.8272960049 876.3739881246 206.1381310888
1.3670437746 2.1085656360 -1.9470678720 773.1850364536 274.5892390948
1.5911216728 1.9995606427 -1.6491432373 876.2491941936 178.3349200524
1.8553778200 0.8419135852 -1.8622262487 1287.3033196438 505.5763155199
1.7463991344 0.9501732298 -1.9611408615 1195.5542168737 520.7023399926
1.5956944154 1.1845239711 -2.0629449355 1058.2101647020 504.0469100820
1.7690751164 1.6723849685 -2.1735322540 978.6262943466 388.9323050539
1.6090419170 1.8701769459 -1.9242906010 898.4510866514 291.0828468924
1.6545523353 2.1920472514 -1.8085601587 850.1012682810 189.3709690966
1.8907629288 2.1738643441 -1.5539227425 936.3950057818 89.2185694038
1.5651760501 1.9011556306 -1.6414494429 890.1964147470 197.2498761831
1.7631702608 2.0808056352 -1.2812136364 932.2662251199 14.4065048053
1.8003977265 0.8938984855 -1.6869383043 1276.3173629230 436.8726270142
1.8199059012 0.9119807045 -1.4911488719 1310.1757065541 352.4331735434
1.9478136786 1.1971845413 -1.8090042128 1198.3980061854 370.5784767594
1.9294212385 1.0134778323 -1.3523070024 1332.2856034424 248.0810094566
2.0568281662 1.1937661553 -2.0815877035 1200.3400285830 442.4781564875
2.1086544945 1.2399808035 -1.5814687387 1266.5242106743 259.1463182840
1.9038611655 1.1755829434 -1.4194943058 1245.3443456284 237.2720156392
1.8729445368 1.0765853595 -1.4097697702 1274.9349613442 263.3069179827
2.0464999503 1.3968885242 -2.0319761506 1142.8018067194 379.0308423538
1.9900729549 1.3513069061 -1.6751795088 1178.1626384148 281.0204690849
2.0997648301 1.3486116044 -1.6412098306 1218.2393521131 256.6770301637
2.0506832390 1.3181927661 -1.3523290782 1252.6959136737 158.0183843914
1.9202230750 1.6161276385 -1.1194604044 1133.2022463106 10.7254046134
1.8781424790 1.8592667745 -1.8796718071 985.7516805695 251.9863958661
2.1241490901 1.8960094983 -1.9460987535 1043.6082772093 241.3856594613
1.9097524317 1.6915000826 -1.6713461377 1052.6360419892 214.4021838606
2.0565221317 1.8238578311 -1.3085013062 1094.5905216795 42.5229662767
2.0850723031 1.9737329797 -2.1219347553 1003.8173148447 280.9903530823
2.1947495420 1.8759180499 -1.5502552975 1100.3551422105 111.4206377002
1.9938454775 1.9484953059 -1.6158373748 1016.5999181283 139.0847953270
2.0985304997 1.9546498073 -1.3409694483 1068.3709743305 30.4645301030

gimbalangles:
-1.0452896475

end: