T_CW:
-0.8437749806 0.5366971046 -0.0000000000 -0.0300000000
0.3449822490 0.5423681029 -0.7660444431 -0.0783022222
-0.4111338346 -0.6463691352 -0.6427876097 -0.0321393805
0.0000000000 0.0000000000 0.0000000000 1.0000000000

T_CW_cov:
0.0000007143 -0.0000001525 0.0000001102 0.0000004410 0.0000018869 -0.0000001020
-0.0000001525 0.0000006823 -0.0000000342 -0.0000019176 -0.0000004081 0.0000002472
0.0000001102 -0.0000000342 0.0000000952 0.0000001035 0.0000002881 -0.0000000192
0.0000004410 -0.0000019176 0.0000001035 0.0000054466 0.0000011793 -0.0000007001
0.0000018869 -0.0000004081 0.0000002881 0.0000011793 0.0000050390 -0.0000002728
-0.0000001020 0.0000002472 -0.0000000192 -0.0000007001 -0.0000002728 0.0000005635

target_points_pix:
-1.9221166002 -1.9663354306 -2.1468861812 867.4886165439 290.5009814254
-1.9802765316 -1.8045886900 -1.7091154059 940.5314994374 181.1246753840
-2.0367121883 -2.1929650405 -1.4116115292 874.7792960686 14.5663503635
-1.8813091829 -1.6492230086 -2.0987515410 931.5211265327 341.1740419423
-1.9952865137 -1.5586000442 -1.6116522055 1018.7847626967 190.5715802048
-1.9585876503 -1.7206606709 -1.6496159000 959.7577288553 178.3567300852
-2.0979104363 -1.5458682890 -2.0934762486 1016.5406596833 332.7694529456
-2.0340556057 -1.5717316181 -1.5723282968 1029.3598774022 169.6095312180
-2.1899931001 -1.4689067442 -1.4424310350 1118.5538645801 122.4564126683
-2.0123749693 -1.3051194687 -1.2605724813 1141.6030413197 100.5674253519
-2.1330431348 -1.1238264740 -2.1749385310 1138.6934018536 441.4022883905
-1.8931619140 -1.4242961790 -1.8619772805 1009.2457453683 314.6785047360
-1.8156937678 -1.2788976583 -1.4720111433 1064.1528272597 219.0857961640
-2.1048315546 -1.4420218644 -1.3322701860 1113.6471272478 93.9251346609
-2.0275988338 -1.0451784956 -1.8548879915 1169.4508776178 379.4358622922
-2.0740832194 -1.1457875937 -1.8085477659 1153.6414410882 333.3207447648
-1.8048856477 -0.8113928394 -1.5416979154 1233.4790765483 366.9391138606
-2.0263796769 -1.1692429330 -1.4253872039 1176.5858926111 195.1048152611
-1.8072466993 -0.9142648409 -2.0509648423 1127.4660955653 512.4123268986
-1.8873716097 -0.8301472013 -1.9077868950 1199.2341020123 477.1550018365
-2.0424561488 -0.9183195632 -1.6014494401 1255.1095960615 319.9059775933
-1.6528525047 -1.8988645247 -1.9727573103 812.8612772593 284.3508855465
-1.9130254349 -1.8860765796 -1.6464160941 903.6445156626 153.7213755206
-1.6971427193 -1.9147061648 -1.5994332875 833.4518982067 156.3508075492
-1.8882251437 -1.7216178320 -1.9143727145 924.7334427933 271.8747776886
-1.6982756279 -1.3603867850 -1.9128438210 965.4715373939 372.9878925687
-1.8876670961 -1.4066149089 -1.9187156197 1008.6085258634 337.1631227208
-1.8462753154 -1.0571684346 -2.1965330153 1078.0479642307 509.0919504322
-1.9317673488 -0.6338474593 -2.1627174347 1251.8378140822 604.2631227213
-1.7579705380 -0.5772389801 -2.1935923520 1217.8118247818 667.2028396197
-1.4411075920 -2.0047310802 -2.1884385161 725.1413195211 351.3700469945
-1.5636460166 -2.1015147070 -1.7670923026 746.2524550415 194.6077039990
-1.4260408633 -1.8229054887 -1.5300131216 769.0006210827 180.1177134739
-1.3399871004 -2.0056671780 -1.2549875334 697.2239585839 49.4301066316
-1.5219180490 -1.8699384584 -1.8978367480 781.7473695362 283.2292002239
-1.4682522470 -1.5686725384 -2.0065486827 833.1807813556 387.6362337291
-1.5548618276 -1.2661538459 -2.0485354989 939.1401527131 460.3429258461
-1.5594104961 -0.9227059103 -1.8929279979 1062.0082087376 506.7902817058
-1.5268858466 -0.9034280657 -1.9429658399 1052.8841147996 535.1683100066
-1.0892432491 -2.1781532013 -2.1928852506 586.9733124646 362.4781627135
-1.1045450740 -2.0836019116 -1.7259294662 600.0958445868 238.1389490292
-1.1903101363 -1.9710198513 -1.5405061849 651.1896466246 184.4404435717
-1.2890348075 -1.9994550703 -1.3783793257 679.8925554276 105.8825466310
-1.2316108156 -1.6002939991 -2.0136714895 748.0334071198 417.8132332928
-1.1236390632 -1.6723554829 -1.9513804356 694.9224264556 397.8847541803
-1.4317858123 -1.0551176296 -1.9035718307 972.3117673486 494.9935462719
-1.1364814913 -1.1054498984 -1.9291642293 847.9191475476 545.4451107900
-1.0697359937 -0.8988463701 -2.1613215268 875.1283498533 699.3721317310
-0.9278648461 -2.1623143671 -1.9122754340 529.2068535829 304.8147378477
-1.1970903097 -2.0119519131 -1.8409716733 647.4617509430 278.2241516088
-1.0262459419 -2.1327927978 -1.4283592435 554.5342843451 131.5623431059
-0.9575045136 -1.9115817110 -1.1792712318 565.6274457915 77.9506580230
-0.8443794031 -1.8071398690 -1.0955409877 535.7137391850 74.2107122931
-1.0920435109 -1.8769257744 -1.8507553072 639.1576748802 323.6181923395
-0.8217986006 -1.4231447447 -2.0815741753 641.5546016818 555.8733892528
-1.0911494608 -1.1818016687 -1.9649873378 807.0678259686 541.8624185634
-1.1280067953 -0.8565214532 -2.0582172524 916.6255453444 671.7148409962
-0.6316084140 -2.0274981562 -1.8786262742 442.0391309375 364.7274286063
-0.9035524778 -1.8286837590 -1.7451155714 578.1912481681 326.6131733479
-0.9479648369 -1.9014220938 -1.5210612308 574.1838477384 223.0173971698
-0.9432146670 -2.0560567738 -1.2161047290 529.4330327174 68.7231622733
-0.7223513166 -2.0494162625 -1.0749999326 424.9999742283 31.8331805270
-0.6319736503 -1.7177400197 -2.0925003425 507.5567439774 509.1092814094
-0.8635723492 -1.6173579517 -1.8943794162 611.2081059832 435.5947317835
-0.7482452858 -1.2476348032 -2.1539879505 654.8743606564 647.0393749732
-0.9203595300 -1.1508216233 -2.0333945953 748.3123008824 607.7588085205
-0.5144810341 -2.0414948860 -1.8602799657 392.3721049417 373.1215196485
-0.6620010583 -2.1660087974 -1.6901725747 419.8632706093 266.6013483031
-0.4142942321 -2.0953978622 -1.3107196396 291.8824436539 170.0191666081
-0.5530260388 -2.0939750219 -1.1044124804 338.1481108573 58.2535704994
-0.3947811777 -1.9984441214 -1.0106780799 261.7311236083 51.8763368594
-0.6599330818 -1.6619423208 -2.0552645162 527.5261867116 508.6483282065
-0.4940653931 -1.4320781224 -1.9938969174 502.6411635554 591.9263524527
-0.6363881488 -1.3993371856 -1.9196929323 568.2843730736 549.8852913169
-0.1465099906 -1.8328272246 -1.8981954512 268.3289949734 504.2532619174
-0.3223157237 -2.0889569064 -1.5800920492 278.5355744171 293.3614041378
-0.3090886800 -1.9464609966 -1.6565812355 301.2223678609 359.8758972572
-0.1811950139 -1.9637254206 -1.1985033871 175.6385161900 185.4946589589
-0.2850391173 -1.8672154483 -0.9145653236 205.4097164278 43.9341777077
-0.3426600909 -1.6986843663 -2.0131679466 387.8135476373 543.5825081803
-0.1400668675 -1.5443412508 -1.8055001948 298.9404930013 568.8746977004
-0.2770033012 -1.3320833847 -1.9451609895 419.9682032409 660.8359987393
0.1335359145 -1.8428479847 -1.9814673882 144.0834306993 582.7724628642
0.1715342562 -1.8377072737 -1.7077555890 80.7151098317 500.9075384084
-0.1848550685 -2.1502072710 -1.5052238707 197.1982700200 270.9845046165
-0.0221415043 -2.1156067050 -1.0512833639 40.0985364638 100.2734191819
-0.0493717641 -1.9211444237 -1.8066152366 199.6271752890 465.7668309146
0.0848713846 -1.9450227874 -1.7652455950 124.6331557287 469.7227818126
0.2918924149 -1.8026157144 -1.9498619558 62.5041139227 620.3856147302

gimbalangles:
2.1714373592

end: