T_CW:
0.4319263647 0.9019088732 0.0000000000 -0.0300000000
0.5797358487 -0.2776369155 -0.7660444431 -0.0783022222
-0.6909022805 0.3308747915 -0.6427876097 -0.0321393805
0.0000000000 0.0000000000 0.0000000000 1.0000000000

T_CW_cov:
0.0000006379 -0.0000002039 0.0000000854 0.0000005783 0.0000016698 -0.0000001166
-0.0000002039 0.0000005204 -0.0000000328 -0.0000014680 -0.0000005308 0.0000002129
0.0000000854 -0.0000000328 0.0000000776 0.0000000983 0.0000002176 -0.0000000178
0.0000005783 -0.0000014680 0.0000000983 0.0000041959 0.0000015049 -0.0000005968
0.0000016698 -0.0000005308 0.0000002176 0.0000015049 0.0000044242 -0.0000003040
-0.0000001166 0.0000002129 -0.0000000178 -0.0000005968 -0.0000003040 0.0000004932

target_points_pix:
-2.0752258472 -0.3109300675 -2.1110600714 168.1260303189 530.2699269527
-2.1493942445 -0.4797543549 -1.7357695462 29.4500014451 412.2364049374
-1.9147247312 -0.2548115522 -2.0326057316 192.9789913396 548.8396451973
-2.0556831739 -0.2172783453 -1.6982966545 158.3804508556 389.9640550982
-2.1323124597 -0.0853491397 -1.4956774616 191.7155347099 275.1096561130
-1.9399115812 -0.1485383567 -1.0760889372 100.7149036650 145.2633972597
-2.0648976669 -0.0956304944 -0.9549973675 105.0408468657 42.3327358419
-1.9180268305 -0.1096057180 -2.0836827944 265.1674833650 541.2904198681
-2.0489798470 0.0967352262 -1.5659864992 295.2915623255 301.3654786430
-1.8167122418 0.1568885131 -1.5440816022 346.4296643441 350.2650065472
-1.9581490399 0.0886200913 -1.2052964765 257.9983887605 173.8708548069
-2.0318886577 -0.0355871548 -0.8882548857 131.4582893917 5.8006449157
-2.0752253339 0.4044434237 -2.0040710625 458.3917460071 404.7533892624
-2.1825678826 0.3116185314 -1.5813675429 381.0382301698 248.1924117378
-2.0098296911 0.1005257098 -1.4875995864 292.5103629434 280.8631495350
-1.9188018807 0.0506425308 -1.1352139082 230.7348504601 155.1427870608
-1.9169883940 0.1195774110 -1.1625619137 273.6405029813 160.2957477086
-2.0916418165 0.3164314712 -1.8431441868 411.5805497605 360.6423400177
-2.0036208889 0.5847712081 -1.8948754516 533.5817614684 367.2411739020
-2.0180561632 0.5574448090 -1.3903307919 498.8659563106 184.9663339425
-1.8339332329 0.6816269267 -1.3275965161 583.5138170691 188.2847857215
-1.8840413096 0.5647228005 -1.1197764381 510.1569263919 94.8180295232
-2.1835710067 0.7113300082 -1.9318055951 557.5071632071 322.0456326066
-2.0143150859 0.8005527293 -1.8945758840 614.4481302661 339.4947643489
-1.9231742053 0.8110639259 -1.5432094472 628.3687784591 238.6774949025
-1.8807234739 0.5757652317 -1.3228588133 525.7827574375 187.2412148300
-1.8227064158 1.0494738780 -1.8443991983 740.2161663488 340.7803379270
-1.8509328536 1.0386621013 -1.7974766609 731.3095009273 319.7963768239
-1.8015030399 1.1161808712 -1.5534731021 774.9255273517 236.7129010132
-2.1081355453 1.0398044225 -1.3625749935 685.3320033780 105.6959827317
-2.0488126483 1.4380370230 -1.8834289392 829.5862487212 261.7976401781
-2.0567037251 1.1028909532 -1.7309193584 717.0333217354 244.3131143369
-1.9389057584 1.4372610854 -1.5758196013 862.9733840229 181.7101728570
-2.0911182403 1.3804638920 -2.1341007448 797.0353971587 332.3970800372
-2.1122188602 1.5154501049 -1.5816655415 852.3571397123 143.3732355896
-2.0342884793 1.4538768698 -1.5469457062 849.1289404473 151.1300307826
-2.0866935364 1.6184103766 -1.2425579830 908.3474950600 11.8570382449
-2.0014347219 1.7078845289 -2.1012093477 913.9746087334 309.5126807974
-1.8547618140 1.7225401945 -1.8078244384 965.4238313827 249.5901217218
-2.0072416156 1.6140671196 -1.6908236948 902.6162530230 191.3777767203
-1.9639243003 1.5608595716 -1.1649375478 922.0293272621 4.4734695650
-2.0038303013 2.0575135301 -2.1270901508 1011.5536540177 283.8543830287
-2.1470381419 2.1145932488 -1.6135478239 1029.6791201142 99.2023561689
-1.9564693180 1.9434128026 -1.6015795891 1024.3621248600 141.1652755297
-1.9105360566 1.9809712425 -1.4134013561 1062.7658252467 78.5912589042
-1.9317673488 -0.6338474593 -2.1627174347 29.6070359618 640.7964290740
-1.6050720677 -0.1570880062 -2.1723311699 278.8862060614 680.8645613496
-1.9483527284 -0.0672251213 -2.1691429618 289.8378488200 550.4529978444
-1.7025217749 0.2005152844 -2.1416149571 427.8519379578 579.8530591376
-1.7632616332 0.4374488688 -2.0163576747 513.1206971644 489.4197590787
-1.9167180805 0.6502726713 -2.0705326719 576.6572471164 435.1719393822
-1.6238184307 1.0130904683 -2.1368105390 761.3030685990 486.4403201355
-1.8572581003 1.1555460819 -2.1060237815 767.2038878688 400.1584104916
-1.9452187938 1.6869499342 -1.8862993651 929.6343292494 259.4585279160
-1.6263414072 1.9009207450 -1.9029763512 1070.5582675984 310.0654793309
-1.7938627340 1.8660562055 -2.0782733968 1006.2979761287 329.9365227476
-1.6184308787 1.8073958723 -1.7668520918 1054.4116314167 277.9508630196
-1.7577251011 1.9604673058 -1.4822890344 1091.5878310979 133.7579663165
-1.8550348308 1.9371888628 -1.2800201119 1075.4290912493 39.9999258560
-1.5322625065 0.0726475877 -2.0453616294 383.7280996040 631.1675625200
-1.5002121632 0.1470386231 -2.1716073200 431.8444986010 666.4177376852
-1.5791355639 0.5374848681 -1.9457535413 581.6050903963 509.1776788640
-1.6501355010 0.7157043292 -2.1087474774 645.1099153433 511.1944246729
-1.3592904140 1.0909658465 -2.1851856090 844.2457494041 566.5832327789
-1.5590499261 1.1874940771 -2.1526605445 836.2161231519 485.8296741135
-1.5757745729 1.6288697621 -1.9103398014 995.6369233128 354.3149445298
-1.3244016479 1.8144413868 -1.9336562919 1123.2460338054 402.4213455498
-1.5376634344 2.0569827124 -1.9344095317 1138.9960561865 322.8159974763
-1.5380738672 2.0249670526 -1.9402045005 1128.6478249235 327.9651720088
-1.5041704561 2.1644575621 -1.6799082148 1209.2621642899 235.8769126926
-1.5671864977 2.1306784232 -1.2809612645 1229.0089964178 75.5753812498
-1.3157817243 1.9429941230 -1.1422706580 1276.0740260883 84.0582185390
-1.3390051896 0.2640417268 -2.1356634694 506.5799529493 696.1364084151
-1.2803984165 0.4564333986 -1.8119563847 595.8705165874 583.0879584187
-1.3917419720 0.5734831894 -1.8785099623 630.3002522556 544.0408554094
-1.3356328486 0.9193998904 -1.8476235929 793.6835023646 496.9572728051
-1.1329537274 1.0838303633 -2.1376926140 898.5834214702 628.6626994771
-1.2190813476 1.3798719968 -1.9537120089 1000.2174249712 498.2333665004
-1.3077586703 1.7380747572 -1.8915694221 1107.0353892574 403.1859174932
-1.1073062340 1.9143356816 -1.8099389513 1240.7595210927 408.1079711635
-1.3141370620 2.1921020916 -1.7686534849 1266.5053304811 305.8849470595
-1.2916984902 2.1033183010 -1.5281295457 1280.2322373079 235.2978735936
-1.1413049017 1.8521756327 -1.2503095271 1294.5298958507 186.6323531803
-0.9213923119 0.6936566719 -1.8158918035 800.0489585047 687.3788343402
-0.9197688999 1.1763899925 -2.0413765988 1002.6264150096 662.5575777713
-0.8764536400 1.4059935960 -1.9572111547 1116.8851638941 611.3154698909
-0.9414224818 1.3385083174 -2.0996017911 1054.0396775453 642.3770429260
-0.9187346701 1.7351181522 -1.8963780792 1232.9737410681 521.1786255934
-1.1529967376 2.0563168113 -2.1661465793 1224.4659960871 486.4432544893
-0.7660079664 1.5533281780 -2.0204985617 1204.1615004968 645.5746919925
-0.8418474935 1.8492723780 -1.8767407226 1305.3735347632 521.9431000700

gimbalangles:
-2.8470526771

end: