T_CW:
0.8583189757 0.5131164936 -0.0000000000 -0.0300000000
0.3298249244 -0.5517168027 -0.7660444431 -0.0783022222
-0.3930700386 0.6575104818 -0.6427876097 -0.0321393805
0.0000000000 0.0000000000 0.0000000000 1.0000000000

T_CW_cov:
0.0000005281 0.0000001055 -0.0000000636 -0.0000002901 0.0000013849 -0.0000000516
0.0000001055 0.0000005086 -0.0000000272 -0.0000014201 0.0000002700 -0.0000001761
-0.0000000636 -0.0000000272 0.0000000706 0.0000000785 -0.0000001631 0.0000000112
-0.0000002901 -0.0000014201 0.0000000785 0.0000040158 -0.0000007415 0.0000004859
0.0000013849 0.0000002700 -0.0000001631 -0.0000007415 0.0000036805 -0.0000001363
-0.0000000516 -0.0000001761 0.0000000112 0.0000004859 -0.0000001363 0.0000004359

target_points_pix:
-2.0143150859 0.8005527293 -1.8945758840 73.1930566428 469.2870024270
-1.9231742053 0.8110639259 -1.5432094472 46.0821412286 357.1371161197
-1.8227064158 1.0494738780 -1.8443991983 215.1342350444 416.1298448702
-1.8509328536 1.0386621013 -1.7974766609 196.9519899815 398.8101854406
-1.8015030399 1.1161808712 -1.5534731021 210.1973833524 298.6898970881
-2.1081355453 1.0398044225 -1.3625749935 54.9015396089 196.5003710811
-2.0488126483 1.4380370230 -1.8834289392 276.0602154266 304.6536977161
-2.0567037251 1.1028909532 -1.7309193584 149.5481872858 328.5915226502
-1.9389057584 1.4372610854 -1.5758196013 279.1374814198 214.8137781203
-2.0399436914 1.3696646788 -1.0918728226 167.7270580067 17.8193396084
-2.0911182403 1.3804638920 -2.1341007448 270.3665361192 386.0112454256
-2.1122188602 1.5154501049 -1.5816655415 252.9741918481 180.9339203221
-2.0342884793 1.4538768698 -1.5469457062 252.9212623439 189.4091256976
-2.0866935364 1.6184103766 -1.2425579830 259.2155067024 35.7236406184
-2.0193434510 1.3647482125 -1.0727880773 169.8824435912 11.9892998570
-2.0014347219 1.7078845289 -2.1012093477 377.0939450174 320.6900455170
-1.8547618140 1.7225401945 -1.8078244384 403.6013338136 246.8660959641
-2.0072416156 1.6140671196 -1.6908236948 321.9684901639 211.8086318210
-2.1801184842 1.6380492749 -1.2162635370 234.8093428798 12.8228155931
-1.9639243003 1.5608595716 -1.1649375478 270.5495118976 24.8182723738
-2.0038303013 2.0575135301 -2.1270901508 457.3300612674 264.2831568681
-2.1470381419 2.1145932488 -1.6135478239 407.7554927809 88.4464133007
-1.9564693180 1.9434128026 -1.6015795891 418.3124430993 128.6046767262
-1.9105360566 1.9809712425 -1.4134013561 430.8781438596 60.5218189466
-1.9167180805 0.6502726713 -2.0705326719 71.0066969769 586.8806685075
-1.6238184307 1.0130904683 -2.1368105390 295.9677307407 549.8928104753
-1.8572581003 1.1555460819 -2.1060237815 267.1230050758 463.8857591590
-1.9452187938 1.6869499342 -1.8862993651 373.5291813135 267.9377573416
-1.6263414072 1.9009207450 -1.9029763512 518.5356187359 268.5821623475
-1.7938627340 1.8660562055 -2.0782733968 469.3912475126 307.7150482086
-1.6184308787 1.8073958723 -1.7668520918 493.7207997538 244.6012207645
-1.7577251011 1.9604673058 -1.4822890344 475.8108104443 103.5805238590
-1.8550348308 1.9371888628 -1.2800201119 428.8154608493 21.6637551047
-1.5791355639 0.5374848681 -1.9457535413 110.7484497866 659.6387252951
-1.6501355010 0.7157043292 -2.1087474774 182.9054440864 629.6320407671
-1.3592904140 1.0909658465 -2.1851856090 408.7324138791 587.9237323598
-1.5590499261 1.1874940771 -2.1526605445 370.0826998534 516.2703036223
-1.5757745729 1.6288697621 -1.9103398014 469.1416257508 332.9594598887
-1.3244016479 1.8144413868 -1.9336562919 593.8129869544 332.5458404687
-1.5376634344 2.0569827124 -1.9344095317 579.7112640899 258.6714054149
-1.5380738672 2.0249670526 -1.9402045005 573.0206779696 266.3271501904
-1.5041704561 2.1644575621 -1.6799082148 607.5129248610 162.9195529508
-1.5671864977 2.1306784232 -1.2809612645 571.3954183527 18.4554734640
-1.3157817243 1.9429941230 -1.1422706580 611.9521889403 14.9604778259
-1.3917419720 0.5734831894 -1.8785099623 181.6803595234 668.8193212513
-1.3356328486 0.9193998904 -1.8476235929 333.7828011059 544.1917857032
-1.1329537274 1.0838303633 -2.1376926140 482.1086803235 619.7163218542
-1.2190813476 1.3798719968 -1.9537120089 524.5660467113 460.1842528626
-1.3077586703 1.7380747572 -1.8915694221 581.0308009855 338.4453714677
-1.1073062340 1.9143356816 -1.8099389513 687.1365824324 299.7313753869
-1.3141370620 2.1921020916 -1.7686534849 673.9875761604 206.8923129865
-1.2916984902 2.1033183010 -1.5281295457 662.4338143277 143.4371145067
-1.1413049017 1.8521756327 -1.2503095271 658.6179630466 98.0654329396
-1.0720818380 2.0508822425 -1.1769081994 733.7267132397 36.5859637767
-0.9197688999 1.1763899925 -2.0413765988 584.0767960670 603.3566643913
-0.8764536400 1.4059935960 -1.9572111547 658.4536112390 512.8450667513
-0.9414224818 1.3385083174 -2.0996017911 618.9256881652 564.6636037002
-0.9187346701 1.7351181522 -1.8963780792 717.0490536523 395.9726555963
-1.1529967376 2.0563168113 -2.1661465793 699.2619600599 370.9008989928
-0.8820781729 2.0234199063 -1.6435393472 793.3466370986 248.5359275893
-0.8748797260 2.0718850172 -1.3880594780 813.0144480591 143.1593910064
-0.9465772767 1.9306066900 -1.1333201170 759.4991751709 52.9615966804
-0.7257215869 1.1637273095 -1.9809265724 658.6669219854 629.8162902678
-0.7639138346 1.1025790106 -2.0546763088 627.2161576707 665.9812319577
-0.7660079664 1.5533281780 -2.0204985617 735.0572046478 508.4935017552
-0.8418474935 1.8492723780 -1.8767407226 769.3314963734 372.8108378120
-0.6214503911 2.0011163030 -2.0804553279 872.4309469772 430.4825878209
-0.5780201406 1.9503515961 -1.5578764583 906.7885164776 274.9765932812
-0.7511423649 2.1572910155 -1.4183356052 878.3309209516 152.8087004531
-0.6866916911 1.8731422773 -1.2897438849 857.5883234620 168.4242555242
-0.8291176503 1.8463283609 -1.0492262872 795.0861219297 43.1143875432
-0.3940264734 1.1357138824 -1.8565624263 806.0682042126 677.9878848588
-0.3082166681 1.6907242396 -2.0314835105 949.3643591581 552.6693593596
-0.6448091371 1.8818765999 -1.8338778347 853.0659956122 379.8860532762
-0.4035810572 1.8196444843 -1.9633355322 934.4263083472 476.6653891664
-0.5617061682 2.0176884646 -1.7492960367 914.4883680005 330.1491768739
-0.5762992154 2.1179589578 -1.3554400287 949.7755789311 156.9154561508
-0.6100145261 2.0163725987 -1.3029655622 920.0722712748 152.3055438373
-0.6297357995 1.8838706853 -0.9646989781 906.5167475034 16.0523956871
-0.2295808476 1.5833745047 -1.9280668241 974.3632051939 570.4002884875
-0.2288478029 1.7229587019 -2.1713108242 978.8846372579 598.2586839462
-0.2971911650 2.0186508778 -2.0714460476 1001.2890487376 472.5369852839
-0.2953695788 2.0744306739 -1.6007389710 1049.4592724779 301.9387536279
-0.3327855196 2.0041277111 -1.3840576797 1042.3776810491 227.9575831094
-0.4466021864 1.8242623228 -1.1806339484 972.8742361761 164.1810733057
-0.3573603580 1.9284946584 -1.0399192768 1054.2865752877 81.3437029606
0.0580140353 1.6564749291 -2.0056001193 1116.9724438761 628.6661728758
0.1129876959 1.7098210899 -1.9997964193 1151.9281574074 619.5632896708
0.0202068271 2.1113784809 -2.0826427717 1145.0173939257 501.9185918458
0.0496567715 2.1804640802 -1.6243674711 1223.3924890438 336.0877009094
0.0781686940 2.0424144230 -1.4188405458 1256.3919975648 296.6961964255
0.1446138243 1.8968936248 -1.4479249870 1274.6353319664 363.7784532270
0.0202740849 2.0286689315 -1.1369204904 1271.3883475810 161.4022174025
0.0611186388 1.5047945352 -1.9279269025 1107.0132319145 661.7174355800
0.3565648583 2.1885430665 -2.1504974543 1293.7335307059 556.5862312326
0.2727735389 1.9261418884 -1.5732305862 1327.9813972850 429.8146659244
0.1087447546 2.0311814710 -1.5708012065 1247.0228073343 366.6258192796
0.3407057507 1.5573456301 -1.8639331961 1279.6202717168 686.8901041099

gimbalangles:
-2.0427442514

end: