T_CW:
0.9853673705 0.1704439648 0.0000000000 -0.0300000000
0.1095592687 -0.6333819368 -0.7660444431 -0.0783022222
-0.1305676521 0.7548351986 -0.6427876097 -0.0321393805
0.0000000000 0.0000000000 0.0000000000 1.0000000000

T_CW_cov:
0.0000008827 0.0000000852 -0.0000000891 -0.0000002298 0.0000022482 -0.0000001275
0.0000000852 0.0000003775 0.0000000077 -0.0000010297 0.0000002160 -0.0000000979
-0.0000000891 0.0000000077 0.0000000754 -0.0000000183 -0.0000002271 0.0000000089
-0.0000002298 -0.0000010297 -0.0000000183 0.0000028623 -0.0000005827 0.0000002684
0.0000022482 0.0000002160 -0.0000002271 -0.0000005827 0.0000057776 -0.0000003329
-0.0000001275 -0.0000000979 0.0000000089 0.0000002684 -0.0000003329 0.0000004377

target_points_pix:
-2.0038303013 2.0575135301 -2.1270901508 87.8744438890 356.3158384245
-1.6263414072 1.9009207450 -1.9029763512 160.0498911492 344.8875135391
-1.7938627340 1.8660562055 -2.0782733968 113.7824871260 399.1419785499
-1.6184308787 1.8073958723 -1.7668520918 125.6640054827 325.6306641993
-1.7577251011 1.9604673058 -1.4822890344 67.6881579845 179.5993856357
-1.6410654609 2.1004963161 -1.1101007541 94.5186676015 0.8944434555
-1.5590499261 1.1874940771 -2.1526605445 54.3175608141 651.0338655683
-1.5757745729 1.6288697621 -1.9103398014 120.7457862941 425.5727394456
-1.3244016479 1.8144413868 -1.9336562919 260.3995795422 392.0130908425
-1.5376634344 2.0569827124 -1.9344095317 225.8107277335 319.5530839876
-1.5380738672 2.0249670526 -1.9402045005 220.4005787905 329.0984563600
-1.5041704561 2.1644575621 -1.6799082148 232.2008748269 213.9896636302
-1.5671864977 2.1306784232 -1.2809612645 155.6275627816 70.3169216405
-1.3157817243 1.9429941230 -1.1422706580 200.6596154748 59.0639277693
-1.2190813476 1.3798719968 -1.9537120089 217.4502331585 542.6469538708
-1.3077586703 1.7380747572 -1.8915694221 248.0780058432 401.2993403170
-1.1073062340 1.9143356816 -1.8099389513 351.8510925080 335.3282868678
-1.3141370620 2.1921020916 -1.7686534849 314.8385375900 244.6784850404
-1.2916984902 2.1033183010 -1.5281295457 287.1400190019 182.2611660590
-1.1413049017 1.8521756327 -1.2503095271 272.5123271564 136.1406782752
-1.0720818380 2.0508822425 -1.1769081994 336.8050152202 60.0068364888
-0.9197688999 1.1763899925 -2.0413765988 319.3079238641 670.5533146367
-0.8764536400 1.4059935960 -1.9572111547 374.8999902254 556.5476314711
-0.9414224818 1.3385083174 -2.0996017911 346.2553508616 620.6802422404
-0.9187346701 1.7351181522 -1.8963780792 406.3806507077 424.0673571058
-1.1529967376 2.0563168113 -2.1661465793 381.3976360826 404.1768164797
-0.8820781729 2.0234199063 -1.6435393472 448.0454625512 260.0968774088
-0.8748797260 2.0718850172 -1.3880594780 442.9671904681 152.1117213155
-0.9465772767 1.9306066900 -1.1333201170 367.7602335508 71.8577612574
-0.7257215869 1.1637273095 -1.9809265724 404.2673894325 672.8391249597
-0.7660079664 1.5533281780 -2.0204985617 451.8408366270 530.4295909342
-0.8418474935 1.8492723780 -1.8767407226 453.5408315278 388.0262730164
-0.6214503911 2.0011163030 -2.0804553279 567.0337842004 418.8046758964
-0.5780201406 1.9503515961 -1.5578764583 564.5320778894 261.4186133253
-0.7511423649 2.1572910155 -1.4183356052 509.2343440954 149.3431497215
-0.6866916911 1.8731422773 -1.2897438849 493.2311412206 168.0583145563
-0.8291176503 1.8463283609 -1.0492262872 402.0529594661 55.7559741801
-0.3940264734 1.1357138824 -1.8565624263 562.2880350880 673.0764101277
-0.3082166681 1.6907242396 -2.0314835105 666.2671203154 514.3997646785
-0.6448091371 1.8818765999 -1.8338778347 537.2307376907 374.5433607836
-0.4035810572 1.8196444843 -1.9633355322 635.5966604367 446.9452205338
-0.5617061682 2.0176884646 -1.7492960367 584.0607166796 312.7356087353
-0.5762992154 2.1179589578 -1.3554400287 578.2326035694 140.0696074942
-0.6100145261 2.0163725987 -1.3029655622 549.3896507185 140.9226495738
-0.6297357995 1.8838706853 -0.9646989781 505.9792963523 11.1563451305
-0.2295808476 1.5833745047 -1.9280668241 692.9054355989 524.0543219855
-0.2288478029 1.7229587019 -2.1713108242 702.7522657482 549.1754794926
-0.2971911650 2.0186508778 -2.0714460476 694.9132796494 426.9024134254
-0.2953695788 2.0744306739 -1.6007389710 700.7713743031 257.4953171446
-0.3327855196 2.0041277111 -1.3840576797 678.6661868273 189.8579159851
-0.4466021864 1.8242623228 -1.1806339484 601.9337735410 142.3275463203
-0.3573603580 1.9284946584 -1.0399192768 657.8911776046 50.4632156649
0.0580140353 1.6564749291 -2.0056001193 828.7688095648 540.1120695181
0.1129876959 1.7098210899 -1.9997964193 855.8916883737 523.0391311022
0.0202068271 2.1113784809 -2.0826427717 825.2062411853 419.7337128463
0.0496567715 2.1804640802 -1.6243674711 855.9223721006 254.1138489170
0.0781686940 2.0424144230 -1.4188405458 875.0354453001 212.4941443156
0.1446138243 1.8968936248 -1.4479249870 903.4108795516 268.2145368351
0.0202740849 2.0286689315 -1.1369204904 860.0527126406 89.3578279101
0.2951990550 1.4166859272 -1.9840087220 940.4654698518 641.8052068845
0.0611186388 1.5047945352 -1.9279269025 827.6004290503 572.1554806830
0.0867318516 1.5644867443 -2.1461084051 833.5864311490 616.9284544157
0.3565648583 2.1885430665 -2.1504974543 956.7352208642 434.0016298141
0.2727735389 1.9261418884 -1.5732305862 958.6854898003 315.5510337156
0.1087447546 2.0311814710 -1.5708012065 881.5543826699 276.4369955140
0.4034252920 1.8647997388 -1.1615968393 1067.9465201020 162.5055511413
0.1825358325 1.8096035881 -0.9249628995 963.7075256783 42.0586937368
0.3407057507 1.5573456301 -1.8639331961 972.4477200749 549.6624159567
0.4556518638 1.6963466740 -1.9118353382 1023.4035916452 520.8099278626
0.6412921871 2.0289669724 -2.1399220346 1077.1725465925 490.8966497941
0.5283331526 1.8357102497 -1.7207979409 1073.3097481463 412.1851175175
0.4402235346 2.1324318888 -1.5393273289 1038.5179263332 252.4584949376
0.5082307072 1.8258267294 -1.3142278063 1110.3811638489 251.4328942126
0.4263787641 2.0360262969 -0.9802595292 1094.9954910417 25.7139928013
0.6182712278 1.6636683500 -1.8178750298 1115.9597149870 511.8226007398
0.6917889005 1.6605628289 -1.9153363064 1141.6933310615 549.9647381492
0.6861369922 2.0177549577 -2.1359962891 1097.0839174159 495.5262212227
0.9073355203 2.1983192295 -1.6524884766 1241.2349951366 298.1057909791
0.5964458937 2.0839945609 -1.3115970185 1142.4627818816 179.8771829796
0.8853459750 2.1074644930 -1.3019009516 1293.3056527895 182.6236127653
0.6604095905 2.0829714722 -0.9379156950 1232.8850220042 1.4957869505
0.8890987780 1.6535147810 -1.8036159092 1260.7162346072 528.2560635669
1.0812056918 1.6101957530 -2.0611834659 1322.2367677178 640.3404305980
0.8168996091 1.8783696711 -1.9477449235 1184.3389795785 490.5406590002
0.8460622909 2.0547894297 -1.8492642470 1197.9039625322 404.2457922128
1.0564090808 2.1003346994 -1.5296410924 1343.2844977739 286.8545014192
0.8192282989 1.9702689997 -1.0886141990 1312.2304532197 116.3925824956

gimbalangles:
-1.7717639781

end: