T_CW:
-0.7909982725 -0.6118183823 -0.0000000000 -0.0300000000
-0.3932692755 0.5084438889 -0.7660444431 -0.0783022222
0.4686800719 -0.6059398312 -0.6427876097 -0.0321393805
0.0000000000 0.0000000000 0.0000000000 1.0000000000

T_CW_cov:
0.0000004497 0.0000001096 -0.0000000503 -0.0000003057 0.0000011613 -0.0000000174
0.0000001096 0.0000005521 -0.0000000490 -0.0000015146 0.0000002834 -0.0000000960
-0.0000000503 -0.0000000490 0.0000000814 0.0000001422 -0.0000001304 0.0000000085
-0.0000003057 -0.0000015146 0.0000001422 0.0000042076 -0.0000007908 0.0000002652
0.0000011613 0.0000002834 -0.0000001304 -0.0000007908 0.0000030497 -0.0000000395
-0.0000000174 -0.0000000960 0.0000000085 0.0000002652 -0.0000000395 0.0000004190

target_points_pix:
-0.1465099906 -1.8328272246 -1.8981954512 1308.6974976930 607.6350016890
-0.1400668675 -1.5443412508 -1.8055001948 1276.0983186987 680.4181437023
0.1335359145 -1.8428479847 -1.9814673882 1157.7989374499 562.8536108398
0.1715342562 -1.8377072737 -1.7077555890 1174.7441447773 463.8400014378
0.1240992140 -1.9843450146 -1.0759655747 1337.4811086941 156.2787455861
-0.0493717641 -1.9211444237 -1.8066152366 1286.5488172552 524.6427620119
0.4152243284 -1.8347950724 -1.8048647437 1047.6792673011 446.0337354654
0.0848713846 -1.9450227874 -1.7652455950 1228.3093587297 472.4341288705
0.2709930666 -2.0229951985 -1.3936351784 1202.5643884134 269.1816802413
0.3935839552 -2.0181614624 -1.1510837010 1173.0528652464 137.6214286825
0.2146649190 -1.8495797719 -1.0119872249 1269.7526714629 137.8023552536
0.2918924149 -1.8026157144 -1.9498619558 1081.8143969543 529.0261050152
0.3887196067 -1.5483946661 -1.8073259798 998.2444878502 536.0594023431
0.6613401754 -1.8611822663 -1.9317589166 940.9180023057 432.3906537577
0.4035577717 -1.8051025498 -1.6202255344 1065.6813237799 390.2216146146
0.4569104633 -1.8505142371 -1.3525835505 1079.0819325754 258.7265244914
0.3786794710 -2.0383437217 -1.1978401556 1177.9754667314 158.1108784408
0.5109429233 -1.6663972622 -2.1643527627 944.5443469007 583.9173241764
0.4919235673 -1.5187523918 -1.9572107497 933.2559010400 569.7480053726
0.6904453826 -1.1610471457 -1.8405569797 757.3007505017 597.7532116787
0.6051791213 -2.1125326224 -1.8346550447 1019.2620783420 352.7636784755
0.8885854279 -2.0502117149 -1.9125103482 896.5030974314 344.3187592263
0.6754756322 -1.9665131575 -1.5812143502 981.5138187581 284.2262523326
0.7702598618 -2.1020624400 -1.1419530733 1005.3865132045 58.6193864502
0.8716978941 -1.8258617162 -0.9924107934 902.4706496666 21.7259269501
0.8306860570 -1.5674480567 -2.0795252806 804.6659662380 518.9311712910
0.8551874529 -1.3042941348 -1.8165584212 731.6380813956 503.6904877087
0.7895796516 -1.2201316833 -2.0024037326 731.1964209163 604.9899803242
0.7746400239 -0.8335446310 -1.8636761699 611.9024526417 701.4846698766
1.0954692453 -1.8581825129 -2.0326651252 781.2253026711 387.7966496739
0.8384879369 -2.0700739021 -1.8890727619 919.5609744755 340.8354544819
1.0345126857 -1.8546994919 -1.3746466354 820.4375250854 168.3533054934
0.9500477222 -1.9913988195 -1.4115719724 885.4641174621 169.3042761896
0.8471038268 -1.6157640771 -1.8657793855 816.8305212762 436.5007837383
1.1646618641 -1.3994225008 -1.8999604189 644.1408703992 440.1637459273
0.8616797140 -1.4018883489 -2.1571992865 750.8651026323 579.9483316488
1.0168398722 -0.9545678627 -1.8721677156 557.6436872804 592.4569932861
1.1335969285 -0.5690045652 -1.8004655743 356.2543886533 674.4372460313
1.1208194171 -0.5124663437 -1.8037057435 335.8258181727 702.0280051380
1.3633144213 -1.9058175939 -1.8359840971 708.9114326077 276.2587358272
1.1850730598 -1.9429122452 -1.5874276585 779.9909758552 210.7772171913
1.1108721872 -1.8917124848 -1.6494058011 792.5487785345 253.9700265141
1.2995741576 -2.1101608759 -1.3471534802 785.0949700533 75.9348578330
1.1428546488 -1.8734027375 -1.9583861169 770.5804778304 354.4990813051
1.3366147058 -1.5107727898 -2.0124757643 619.6520186872 416.9728898518
1.2127418960 -1.4389323406 -2.1131114121 641.2305848792 486.2740606812
1.0745265784 -1.0422826553 -1.8230717188 564.3277882726 533.6398519855
1.1600619218 -0.8068272071 -1.9987279613 459.1970202537 644.6086322778
1.3600971057 -2.1394947090 -1.9308683015 760.7313379635 264.0601568614
1.5999598486 -1.9341720935 -1.5824400126 642.1155752684 154.2793491885
1.4599674712 -1.8730458234 -1.4548000087 670.0796047809 136.2069103508
1.5798023544 -1.8746761661 -1.3568949353 630.4410633524 82.9537697649
1.3351159698 -1.8509936034 -1.1426382576 708.4194063202 27.4921161073
1.4024912873 -1.7454236654 -1.8753919523 657.9411117293 313.8960507522
1.4528564790 -1.6598804076 -1.8320190018 620.0047376272 309.3232261546
1.6979698655 -1.3455571882 -1.9570761194 464.1506336998 374.7230867423
1.6315111392 -1.0550464774 -2.1687695799 406.9999640933 516.6373538930
1.6338089804 -0.6764502541 -1.8334104163 239.5365835274 515.9405109521
1.3752629996 -0.5013956868 -1.8451442328 246.3059974524 643.6009856094
1.5696691048 -0.2374520310 -1.8092501578 50.1254723624 672.9632023631
1.6696960735 -2.1335143978 -1.8174720010 670.1889798559 191.1297987202
1.7663122043 -1.8342091207 -1.7349238641 570.5627782986 201.1556484256
1.7984505393 -2.0074320268 -1.3755868466 598.0793286230 44.8499169563
1.6699498579 -1.6756908929 -1.8676287179 560.3294692343 284.9997414239
1.7503482467 -1.4139824944 -1.9330663828 468.1798247738 344.4726353401
1.6086240389 -1.3759422775 -2.1769863102 507.6486208839 447.7693237897
1.8099044246 -1.1685900485 -2.1964658196 395.1818679318 464.5339982958
1.8744068534 -0.7564096408 -2.0234271969 226.2022923376 502.0224457533
1.8496731403 -0.5125324509 -2.1388159692 153.1725152206 608.8869969668
1.8517101813 -1.8158071205 -1.9202430645 547.4375503590 251.2763878138
2.0612107624 -2.0207807403 -1.5899707244 533.4757303658 90.3208569427
2.1079238686 -1.9359357685 -1.5871010164 499.6158488169 96.1791217615
1.8652701462 -1.8208169787 -2.1046506354 550.1554870318 302.1317556347
1.8596756203 -1.9310635161 -1.8207909020 571.0364126216 200.9549544088
2.0422816431 -1.6552998450 -1.4431634057 432.4813529154 94.3529085069
1.8838081623 -1.6556635258 -2.1633819886 507.0650203768 345.0930787089
1.9935738669 -1.4877829304 -1.5690665399 402.4988847526 173.7068222323
2.0514362961 -1.6443114163 -1.6249753399 436.7966165396 159.5092553975
1.8687685884 -1.3169604258 -1.0557104289 339.9985480344 8.0405118453
2.1646167347 -1.1212737102 -1.9130174607 268.5690773991 332.4200173423
2.1417190529 -1.3373523818 -1.7110508861 326.4766255846 229.2309929723
1.8336712306 -1.1288074433 -1.3115825326 302.4451111171 164.0334743543
2.1758911287 -1.3998298589 -1.1849767330 292.5202224890 15.6386636612
2.1829607998 -1.2976571895 -1.1393445659 247.9985769268 10.7914549854
2.1857920555 -0.8874492296 -2.0660135117 200.4686763030 424.6753513602
1.8330203597 -0.9506125522 -1.6966504631 274.3110868605 354.2087184093
2.0685977208 -1.1828960926 -1.6875075128 292.5555221748 261.0438786262
1.9582976991 -0.9784727864 -1.1980075723 188.3849256891 124.8048970522
1.9675984183 -0.6681374839 -1.8991578230 152.3897060615 467.2275823931
1.9263270606 -0.9148012062 -1.9037353806 257.3440325356 415.1817074193
1.9567773808 -0.6855267087 -1.3530006329 77.8911845307 260.3992625401
1.8908101503 -0.5555868176 -1.5651401600 71.4392849317 395.7010121460

gimbalangles:
1.1197988007

end: