T_CW:
0.2793294483 -0.9601953235 -0.0000000000 -0.0300000000
-0.6172016568 -0.1795495084 -0.7660444431 -0.0783022222
0.7355522919 0.2139787717 -0.6427876097 -0.0321393805
0.0000000000 0.0000000000 0.0000000000 1.0000000000

T_CW_cov:
0.0000008958 0.0000001490 -0.0000001385 -0.0000004228 0.0000023119 -0.0000001413
0.0000001490 0.0000004273 -0.0000000247 -0.0000011983 0.0000003816 -0.0000002143
-0.0000001385 -0.0000000247 0.0000000837 0.0000000754 -0.0000003536 0.0000000228
-0.0000004228 -0.0000011983 0.0000000754 0.0000034147 -0.0000010824 0.0000005968
0.0000023119 0.0000003816 -0.0000003536 -0.0000010824 0.0000060187 -0.0000003631
-0.0000001413 -0.0000002143 0.0000000228 0.0000005968 -0.0000003631 0.0000005080

target_points_pix:
1.1981999858 1.0113993311 -2.1238999532 373.1141471333 646.0976153850
1.1653186556 1.2451867740 -2.0812263958 263.4869151171 619.8661538672
1.0812056918 1.6101957530 -2.0611834659 90.4540424148 604.6513099354
1.2032753547 0.2645148242 -1.8238494440 715.3391851334 642.1576051138
1.4306274339 0.4308040841 -1.9543672687 665.1700742478 571.9363078279
1.2008567245 0.6297796265 -2.0475242118 537.7220286508 667.6491907843
1.3177547534 0.9829887943 -1.9275302017 395.9200339176 545.3088030636
1.2166538022 1.1243311453 -2.0984095424 327.7933611784 619.1240759803
1.2534387693 1.4042816883 -2.1271438066 227.6090209568 584.3677950920
1.3301668377 1.7488035525 -2.0715025133 111.6667450555 509.0780658640
1.2979871322 1.8572265450 -1.8891421815 34.9931492581 452.7055504989
1.6338089804 -0.6764502541 -1.8334104163 1247.9906456807 578.1949551067
1.3752629996 -0.5013956868 -1.8451442328 1153.2066091980 672.2085941622
1.5696691048 -0.2374520310 -1.8092501578 1014.0913128757 545.4009944426
1.3618475632 0.0845802788 -1.8129035773 830.1878904566 592.5933961435
1.6255085224 0.2358285422 -1.9199901380 779.2041362967 511.6681177916
1.5302247761 0.5208145433 -2.0427081241 639.7055642163 553.9553895665
1.6891581496 0.8208092222 -1.9402937266 535.5327930245 442.9285615526
1.6550291668 0.9849206446 -2.0816303475 471.1943167662 481.7722434892
1.4599354259 1.1281127119 -1.9168790001 365.3992857545 478.7400872627
1.3608744688 1.3786190287 -1.8404976115 231.8173862098 461.9621109786
1.3328779171 1.9303904193 -2.0943921518 51.2150066535 498.2685719833
1.6905155624 2.1123487386 -1.8272960049 49.7592297295 304.4795114286
1.5911216728 1.9995606427 -1.6491432373 33.5837813771 276.9227615218
1.8744068534 -0.7564096408 -2.0234271969 1250.9605389037 557.2292976734
1.8496731403 -0.5125324509 -2.1388159692 1120.5930854090 575.6406202612
1.9386255175 -0.3329192843 -1.8096530681 1071.3028218099 426.6272737261
1.8304743292 0.0130800510 -2.1917570920 884.1700143095 546.8416640371
1.8760928665 0.2945310113 -2.0520699411 775.3517137151 467.3087739207
1.9227470392 0.4291212663 -2.0033337260 725.9396930794 427.7996341423
1.8553778200 0.8419135852 -1.8622262487 550.7894926982 368.7869978133
1.7463991344 0.9501732298 -1.9611408615 494.5029660752 421.6741832905
1.5956944154 1.1845239711 -2.0629449355 382.7731842890 476.4473882547
1.7690751164 1.6723849685 -2.1735322540 254.8205208953 420.9024247422
1.6090419170 1.8701769459 -1.9242906010 123.3826822312 373.7542128679
1.8907629288 2.1738643441 -1.5539227425 45.1433480127 162.9990218608
1.5651760501 1.9011556306 -1.6414494429 60.2782454053 288.2195531801
2.1857920555 -0.8874492296 -2.0660135117 1293.7701288194 480.9961498524
1.9675984183 -0.6681374839 -1.8991578230 1222.4299264409 477.9643798243
1.9567773808 -0.6855267087 -1.3530006329 1321.2798799828 276.5193368254
2.1601176345 -0.5862448586 -1.2289727654 1275.5463947071 154.1433740222
1.8885494940 -0.3425903546 -1.8054157975 1075.6257046579 442.0195838368
1.8908101503 -0.5555868176 -1.5651401600 1215.2717682844 373.7612695440
1.9001765489 -0.4824218917 -1.3558220626 1206.7034781854 277.1519051728
2.0068793587 -0.6261871060 -1.2771031287 1297.9856317991 221.9514538495
1.8714258920 -0.3141366888 -1.0082598803 1161.8031572136 100.5957611246
2.0455430596 -0.3773170723 -1.9307038423 1081.5077101353 437.5081006669
2.0480357724 -0.3184675408 -1.8653327192 1061.0532887498 410.6563194665
2.0443564240 -0.3482602204 -1.3012287353 1137.9473385357 199.2872609993
2.0798042420 -0.2424843764 -1.1012332417 1105.7602915163 88.5556525675
2.1516010315 0.0514003866 -1.8782818612 903.1844181802 356.2443095900
1.8457720871 0.0187633843 -1.6776015658 909.8257693203 377.5368208117
2.0749550863 0.0247220718 -1.3704456468 940.8096186013 192.4526650889
1.9811569292 -0.1196215702 -1.3969824230 1006.3351514042 239.8049446619
2.1374943649 0.0698232034 -1.1778551054 935.5520811504 89.7272356303
1.8634769485 0.0715380034 -1.8618622747 876.6308083624 431.0482075116
1.9109171222 0.2273973581 -1.9251597013 809.7950389502 423.7531469427
2.0922931957 0.1693856270 -1.6973200950 857.5313385246 302.1659775747
2.0659552518 0.2229873537 -1.4230803426 842.8379383200 201.8362090774
1.8640985772 0.4482088153 -1.1681110844 718.2434501061 125.0628797642
2.0085784985 0.5661478600 -2.1355031077 681.4874848346 432.2635143244
2.0066888307 0.6813156892 -1.5906695522 632.0071391686 247.9304119221
1.8102394135 0.4653526895 -1.4241076530 700.7167857269 251.5688689096
1.9858728767 0.3186794377 -1.0625362128 802.0505559237 53.1696178820
1.9992997518 0.4851987211 -1.0367096055 719.2231813015 26.4771891488
2.1082567397 0.7683194024 -2.0883454596 618.4963268760 378.1858002959
1.8003977265 0.8938984855 -1.6869383043 514.1551481010 320.2250721615
1.8199059012 0.9119807045 -1.4911488719 501.0807137288 240.7578720077
2.1263971905 0.8643097482 -1.4336555297 570.7220427366 148.5282375271
2.1466583260 0.9021488065 -1.8376978670 569.8005243251 283.6099222862
1.9478136786 1.1971845413 -1.8090042128 428.0201305767 301.0660046927
1.9294212385 1.0134778323 -1.3523070024 471.1503983350 150.7160306791
2.0193486403 0.9251526220 -1.2053517240 518.9524655134 73.6575488862
2.0568281662 1.1937661553 -2.0815877035 461.9490112088 358.6952394319
2.1086544945 1.2399808035 -1.5814687387 427.8645852945 183.7412480668
1.9038611655 1.1755829434 -1.4194943058 402.6345747188 172.8963107532
1.8729445368 1.0765853595 -1.4097697702 436.6980697362 183.1741186440
2.0464999503 1.3968885242 -2.0319761506 388.7476058819 332.8547515026
1.9900729549 1.3513069061 -1.6751795088 370.3962063165 235.6327513668
2.0997648301 1.3486116044 -1.6412098306 390.1086702491 199.8545314937
2.0506832390 1.3181927661 -1.3523290782 371.2871039467 104.8715823850
1.9202230750 1.6161276385 -1.1194604044 198.3183043511 15.3654788360
1.8781424790 1.8592667745 -1.8796718071 187.5031660809 294.4123526688
2.1241490901 1.8960094983 -1.9460987535 235.3370738204 258.9795811510
1.9097524317 1.6915000826 -1.6713461377 230.2169362121 230.0960366590
2.0565221317 1.8238578311 -1.3085013062 178.3250538813 57.8932012330
2.0850723031 1.9737329797 -2.1219347553 219.5947522056 312.8545804774
2.1947495420 1.8759180499 -1.5502552975 219.2187690303 119.0357170735
1.9938454775 1.9484953059 -1.6158373748 155.4382720457 176.8650549852
2.0985304997 1.9546498073 -1.3409694483 146.6155235445 56.0161678157

gimbalangles:
-0.3966198871

end: