T_CW:
0.2166782926 0.7481357520 0.6271709608 0.0096517370
0.9258985424 -0.3611285763 0.1108965307 -0.0342460700
0.3094550156 0.5566678075 -0.7709465256 -0.0107897524
0.0000000000 0.0000000000 0.0000000000 1.0000000000

T_CW_cov:
0.0000005898 -0.0000000707 0.0000000225 0.0000001666 0.0000012744 -0.0000002146
-0.0000000707 0.0000004493 -0.0000000465 -0.0000011866 -0.0000001415 -0.0000000089
0.0000000225 -0.0000000465 0.0000003199 0.0000002479 0.0000000490 -0.0000000036
0.0000001666 -0.0000011866 0.0000002479 0.0000038608 0.0000003327 0.0000000407
0.0000012744 -0.0000001415 0.0000000490 0.0000003327 0.0000034732 -0.0000002743
-0.0000002146 -0.0000000089 -0.0000000036 0.0000000407 -0.0000002743 0.0000009214

target_points_pix:
1.4904409015 -0.8576028127 -2.6357354281 138.8468414979 404.4658009140
0.7583609253 0.4677505926 -2.4511855211 272.1182878855 262.6667548872
1.6304909208 -0.4683184133 -1.9111117291 207.3024472219 442.6639874370
0.4525511890 1.4771543701 -0.3709931605 567.0549922883 202.6202842263
-0.4339811544 0.3604827340 -1.2275564470 234.2259852825 70.0458204182
0.0134727521 1.9966532696 -2.2999075116 380.7831698025 155.7029027026
0.0713589459 2.8688959608 -0.9051086491 543.3091931952 123.3050445518
0.8179732118 2.2948193458 -0.2082891874 630.2780898473 221.0745420391
0.4760255981 1.6652719494 -2.0074300235 384.2412817842 201.1592328999
0.0469361765 -0.1783641195 -2.6535832882 154.9540113981 212.4146471689
1.5905470624 0.5227412081 -2.2990225691 309.0188249747 334.3039835261
-0.0197024909 1.9179607289 -0.7375181316 521.2509354754 116.0896450566
2.1243149059 2.5165360083 -1.1599424087 508.8204680189 313.5226952342
2.2027673226 1.2739145926 -2.7746600208 354.1086684778 324.7704463918
1.7022931842 0.6034113149 -2.4383688156 313.1801968525 332.8813484522
2.2838413789 1.2710353105 -2.0665887182 388.2535418718 351.8307035834
1.3605142988 1.3279683397 -2.8167563008 341.2814888322 271.0911620468
0.8606978522 2.4381202060 -0.8605197644 532.4338931147 216.8061450079
2.8400527988 2.3293742471 -2.5758741647 418.8740198889 325.3929075770
-0.2118470871 -0.0163581002 -1.5873625828 153.2768553141 154.8208831718
1.9598271384 2.0807628825 -1.8172077782 440.5762349761 302.7112739877
-1.2292746160 0.8858709981 -2.9739817686 227.9218172415 55.4652888463
1.2977747122 2.7046068227 -2.0603174099 446.0180596120 236.6071836003
2.8920798147 2.1378650829 -2.5311623147 414.1157774314 334.9647785065
-0.8911796826 2.9815497203 -1.4877817901 482.5814043470 38.0779142150
2.7260240624 2.2495865463 -1.9352716347 447.6836192939 338.6234521487
1.4521663042 -0.5399965625 -1.6630885379 183.9691338657 464.6559325014
0.6336242524 1.1783842050 -1.0552852102 429.0951763895 240.8303008880
2.3667225286 2.8706255632 -2.1373102295 456.2175523138 293.6139814190
0.2585293654 0.5934473492 -0.5108773483 433.1327227660 219.3775273280
2.1983390802 1.3671984969 -1.0802983766 464.0192640312 387.9828427361
1.6075514943 0.3175726274 -1.9505948349 305.4240352688 364.9407385878
0.2277862557 -0.3340403307 -2.6300424523 141.2086486421 240.2997377026
0.7112279187 -0.6943231092 -2.1725083750 97.8934784838 341.8330359586
1.7824561088 1.2368809704 -0.1031601285 607.2513854681 453.5533895397
1.1504892931 -0.6627365524 -2.0403880364 138.5564601445 402.3967318936
1.2383180701 1.3099832525 -2.0678546936 371.9415406990 276.1958700291
0.7871674616 2.0424983208 0.2012990387 740.4004937918 235.4228679459
1.3716637695 0.8792669647 -1.3574988410 389.2614490444 334.7395489774
0.9719223617 1.9689701437 -1.5625638722 441.7493204141 237.6791330363
2.8361755367 1.9949440335 -2.4556373968 411.0867958920 339.1379948315
0.9923400970 0.5709656991 -0.1292795507 568.4968445436 464.8027240540
0.7575916053 0.2523891601 -1.0951950878 310.4894291205 330.2613895868
0.0588398480 0.1345663759 -1.9919443238 206.4383039824 202.3825021856
0.8962104592 2.8887750237 0.0742970148 696.4838373976 207.4055858165
1.4570043822 2.3114412965 -2.8657043889 391.0482074001 249.5984932728
1.6781638844 1.7635796532 -1.0815039641 481.2186714820 318.6068871710
1.4697371940 1.7050643911 -2.6910499524 369.3081199602 268.6150519050
1.4997362677 2.2552284310 -1.7042058754 451.3298191967 267.7705113967
1.9711161295 2.5320500174 -0.8647562015 536.8027428034 310.3104295624
1.1375885433 -0.0063029323 -2.6361798873 232.5045739463 313.6203690773
1.5108970396 -1.3615313295 -2.9687420888 65.9005800144 425.4748938847
0.6325419191 2.6208530677 -2.3930825352 417.6222454865 194.2740971202
2.0870307964 0.3507490887 -2.2443769366 310.8244362790 383.2057127372
2.8407462338 2.6756664027 -1.3199547291 504.4387573457 345.8027957331
0.8583509219 1.9819683117 -2.4177920373 387.4922774785 222.9599304763
0.3303057821 0.2394415897 -2.7978580808 223.8647480341 226.8164942226
0.9955118727 -0.6900885001 -2.2663970244 125.7848599836 368.6376369212
-0.7126786561 1.9834577945 -1.0618160856 471.1835461100 21.1077817065
1.9193600062 2.7960739311 -1.6739447817 478.5440517059 278.1860399834
2.8049534027 1.7549510628 -2.7261348255 388.6478190733 339.4532387099
2.9691898119 0.8306301282 -1.4718533968 409.1966347837 457.1239215391
1.4706806190 -0.4806013601 -2.0637464314 193.6628277008 413.5611389300
0.0746601060 0.5852067123 -2.6719971241 253.1240236843 191.5940429757
2.4239824816 0.7568461512 -2.0444246221 359.0908140082 390.6599956499
2.7230803671 2.1668952310 -1.0932890004 504.0675129576 372.2541961964
-0.0667491202 2.8893935758 -1.8135267343 458.0827954409 130.4163947689
2.8849499926 1.7528628131 -1.9172862492 429.2121073353 369.4440586798
1.1468270981 2.4561268263 -0.9711199181 521.0172344778 242.6039748093
1.8638170845 2.7136824619 0.0667283887 672.1696468351 325.2909414938
1.7836301664 2.3017608285 -2.5962998189 406.5086276851 270.9624695478
-0.3139309819 -0.3902845608 -2.9588867546 102.4224207484 176.1312693769
2.0330982211 1.2071025275 -0.3551796497 550.5372370931 452.1031155093
1.1730569531 1.2704948479 -1.1105960248 440.2503072799 298.8163143788
0.6570472120 0.4945068807 -1.4712885553 315.1866952857 274.6722324414
-1.1789359356 0.5890362018 -2.6866246034 197.2096507318 43.9082793312
0.7279847276 1.9901461379 -1.3627605785 457.0465344828 216.2925556348
1.5773005481 0.8563350408 -2.8473658583 314.5501271462 301.1246820294
0.7664780110 2.9653914697 -0.1033146028 663.2620299971 189.1387522389
1.7669752855 0.9690625695 -0.5529376649 499.3968262303 431.6141813572
2.3311839498 -0.9539271198 -2.8889311096 173.2766896292 455.3809456935
2.8833560441 2.6773336796 -0.2468877160 609.7422442577 394.5900023779
0.4773538111 1.3095008612 -1.5680206608 388.3329358756 211.6676360313
-0.4791536927 2.3891232452 -2.6389828612 378.4037530317 116.4795382277
1.9631750106 0.7384015444 -1.1730532119 407.0780637282 414.5948071671
2.7390766891 1.4458832406 -1.4800111153 441.0068760436 397.5745582958
1.1137504699 -0.3175425869 -1.4064089642 206.2517949337 425.8207440648
2.9181215669 -0.3698662499 -2.9485027558 253.4288104162 441.8723738195
1.8142779780 2.3081898863 -0.8022692629 535.7024858462 310.9409959445
0.1815827826 2.0076210646 -1.8337579884 413.1976988204 164.5736678300
2.7857291322 0.2667104279 -2.9126554396 299.6067970927 397.7779132324
0.5522005358 2.0961738439 -1.3378655295 463.2370087111 195.5155714875
0.6331406616 -0.7213015916 -1.7853225676 59.8557883350 367.6308480246

gimbalangles:
1.4281197766 -2.4637007513 0.2819055795

end: