T_CW:
0.180680632337153 -0.375813264107360 -0.908910831500659 -0.016579392477199
-0.910185732491672 -0.414086308910805 -0.009719112162330 -0.032224286980925
-0.372714960079208 0.829033726270287 -0.416877247207805 -0.049235184905689
0.000000000000000 0.000000000000000 0.000000000000000 1.000000000000000

T_CW_cov:
0.000000391990515 0.000000012335253 0.000000021625471 -0.000000046345960 0.000000809603232 -0.000000095326988
0.000000012335253 0.000000274532551 0.000000011294095 -0.000000675377914 0.000000049808231 -0.000000037901015
0.000000021625471 0.000000011294095 0.000000250761010 0.000000006060189 0.000000085334009 -0.000000010692493
-0.000000046345960 -0.000000675377914 0.000000006060189 0.000002267570912 -0.000000150354156 0.000000001147829
0.000000809603232 0.000000049808231 0.000000085334009 -0.000000150354156 0.000002265145140 -0.000000198533388
-0.000000095326988 -0.000000037901015 -0.000000010692493 0.000000001147829 -0.000000198533388 0.000000593587845

target_points_pix:
-2.824357361831075 2.662856976185086 -1.590771835887739 370.178190826450475 330.169159816548643
-1.898908933532043 2.702113433106035 -0.405415216554331 295.912440101116488 285.387969430991404
-2.450959096546251 0.887174984101025 -2.185364504945775 490.248200925264655 418.015008234637946
0.452551189003542 1.477154370083086 -0.370993160474207 343.471134295733918 20.438221193233147
-1.402199466133277 2.710830475051597 0.396148209289668 219.242761389078026 250.703305435154817
-0.433981154400584 0.360482734040993 -1.227556446982552 607.232839528412796 298.634327980858188
0.013472752120028 1.996653269589261 -2.299907511588580 500.559293780624728 159.356776297394447
0.071358945903664 2.868895960760703 -0.905108649050095 351.889592216876338 124.375120323994182
-2.509589502277388 1.453728211799895 -1.900572421172508 434.926152834897607 379.510165483658170
-2.380374054855652 2.224103700322538 1.199995224442018 112.172465781967048 372.798387488530238
-1.378362181910605 0.618348902777373 -2.281219500340824 572.902861789380609 363.560005788800595
-0.305473239932581 1.155387490003378 0.201703253774236 197.615876985757751 179.106108518032187
-1.413204081926167 1.739064720682327 -0.130330008976248 276.379678657369311 305.156556081481995
0.476025598100615 1.665271949399485 -2.007430023494885 529.356386097117593 101.605158361518477
-0.019702490878293 1.917960728927152 -0.737518131556238 366.080392263642523 135.121099077655458
-2.257088156451220 2.708234903726857 -2.063391959977727 402.168880088694152 296.706892186842538
-0.845404378483952 2.695515844627400 1.340110028364365 76.310056278017157 190.748826752373247
-2.434946475471317 0.763369620477728 -1.995048092810875 486.684794387557531 436.081360892821749
-2.114554369033391 2.536828030619504 1.652743675808383 54.647854651919147 332.344590279887541
-2.989156152482370 1.092838546008974 -1.123445487097596 380.611335440514154 462.357739762790686
-2.198719778085213 2.686910366159879 1.224991392497277 128.565301331801123 321.691518750836167
-2.731298943532138 2.653059403052232 -1.394243326989672 359.807960245143420 327.858042859783666
-2.633337585643500 2.526087603565185 -0.471465147788663 299.249153375013975 338.861386142162701
-1.803666274114781 2.921389074211410 0.418560952012865 221.862130460759346 272.906173319263587
0.860697852236524 2.438120206036826 -0.860519764356981 375.858370030900460 20.943410391014652
-1.233322978081925 0.802640124894347 -0.683350301899418 389.509592491669935 375.472663790136494
-2.410928658285509 1.524072180481012 0.612262317919119 169.376479540980711 438.138909606908328
-1.229274616003010 0.885870998101303 -2.973981768562813 591.605132759505864 315.554576457782389
1.297774712209653 2.704606822667046 -2.060317409890036 476.439929942250330 21.701094593761098
-0.891179682591027 2.981549720298155 -1.487781790121257 379.163116529976833 207.945450338532765
-1.574702039722106 0.364789639504317 -2.118673466932528 584.047342032708798 417.889598470340616
-0.853723967853528 1.528030534754436 1.009861785902686 14.478214530550247 261.756348395710120
0.633624252448053 1.178384204980633 -1.055285210204363 506.579008743618829 7.282203365525731
0.258529365432542 0.593447349207453 -0.510877348310836 492.653023949749695 19.781111738973124
-0.719882733921688 0.779123062806577 0.485874919465445 53.596235176522555 347.513476241489172
-2.595439083965168 0.961530690973988 -1.999310842272557 467.360755498299056 424.744974703382695
0.971922361675591 1.968970143655820 -1.562563872244343 483.704782061349761 17.760484718366030
-0.212116741562556 1.789778871300426 0.829726849022180 68.389175833408274 117.705536373778600
-1.804895348092697 1.933541740014618 -1.422982174446762 394.498312946145234 310.225853489697442
-2.349568547252482 0.359468555819674 -2.925548872768864 590.193093472128567 444.473020879761179
1.457004382153908 2.311441296474558 -2.865704388874944 565.678222674293238 19.883478301217195
-1.330024949823912 2.574190105771045 1.125736268335892 117.813354349142855 251.190894095080239
-1.101270699458112 2.960674199173910 0.319783312406470 229.313791263174323 216.218721343733961
-1.227605326131707 2.681976980218303 0.813572596313053 165.787816566764775 236.048381084499795
-2.776403877360917 2.368040246002781 -0.828985851687926 327.216088175574328 351.331409916808070
-1.772576321051908 0.132103252139055 -2.512721845275342 634.775088474665381 451.673833202886328
0.632541919085941 2.620853067715426 -2.393082535195631 483.234291173133442 99.585866458902046
-1.643571119418271 1.720681526156648 -0.238507495212874 289.221228567328581 326.799810707520635
0.858350921909025 1.981968311704984 -2.417792037315026 543.939758156432276 68.845046988983995
-2.807000085204526 2.102898332928304 -1.650994562944460 388.442459543570976 357.227660979157235
-1.005094788592293 1.379687496078377 -1.123734603676930 413.314412132133214 279.786511338699768
-2.764203371167606 2.837739797398335 0.031222772226168 257.951018220197511 334.863513116011973
-0.712678656145664 1.983457794499143 -1.061816085565241 383.087931696931605 219.137829846143745
-1.847317464594975 1.568052479839529 0.708229112793922 142.340063171192099 385.653204752393776
-0.610004568277795 0.564580902220232 0.034429076172600 233.543955936445144 350.148072674457353
-1.040702596941218 1.851191598981524 0.761257738306126 127.786036950294374 261.492775210790001
-2.157901261647881 2.615855068441164 1.216030115121428 125.605610143401492 323.318479694820780
0.074660105972357 0.585206712272522 -2.671997124096434 725.779037616321148 189.265353568544413
-1.717883618897727 1.533259218394615 -0.214812038694018 287.551339779113732 350.919116556195377
-2.474755227043269 1.797130439944961 1.532062213070679 20.186705446627002 444.522129650933152
-1.031056898747028 0.168130809075145 -1.923917057900469 656.203640051735874 401.628479017503651
-1.696557365841088 2.250030431273891 -1.430046205317763 385.694931576171541 286.766436414175416
-0.066749120151215 2.889393575750106 -1.813526734269057 416.570647077479862 150.596443889383295
-1.759318631044138 0.648398231011291 -1.403433141075416 472.842776339132854 423.400341238097326
-2.763583812736974 2.575899630623996 0.177181015127741 244.509489454512931 352.037689082412101
-1.178935935554503 0.589036201832247 -2.686624603397514 616.232140494799410 339.172131487773981
0.727984727606241 1.990146137895145 -1.362760578457041 452.484511993199703 47.640593001225170
-2.915577286459229 1.801525502847701 0.920206044397381 143.618794722361116 449.804158694777129
-2.370991121603209 0.787385748788858 -1.787318215078205 471.019893937573443 436.447179640555532
-2.135111532933809 0.371175105044514 -2.854808477241397 596.514142966904728 431.945216076272573
-1.599334292554433 1.437065658575593 -2.349552550339062 490.078789540223397 315.322904568604997
-1.505721367944419 1.488196072446144 0.193568323827183 226.556771266415154 344.174487617141267
0.766478011014490 2.965391469717980 -0.103314602836315 274.964654807279771 21.121790501091084
-1.602034344355351 1.010826451189645 -2.146107795380581 509.410795526977950 348.614784083961240
0.477353811056686 1.309500861198641 -1.568020660815786 535.667144846117026 80.624721602097082
-0.479153692679909 2.389123245166346 -2.638982861176753 480.580859399909855 197.392681382014928
-1.737626814041382 2.443412014771557 -2.625146756572034 449.252080067904728 276.191569608760688
-2.719682312836279 2.126955088651576 -0.883629487670981 335.896890381538526 362.294168704125809
-1.423907139449947 1.716354722105354 -0.125139876136535 275.753087054342075 308.086999581092755
-1.039066990360902 2.498047758366645 1.622616343361779 9.823897148127401 220.489798456776725
-0.145963956970545 2.650155075455251 1.296000655472000 52.663552283931381 92.675854867340917
0.181582782636632 2.007621064638244 -1.833757988421209 472.413786709716078 133.799874270955485
0.552200535814588 2.096173843931648 -1.337865529537719 435.902579578474672 74.826885681745324
-2.792173882683769 1.824353030110190 -1.322370677642771 374.904366723193846 379.419738146100372

gimbalangles:
1.594106190480857 2.000928046955426 2.693445131522450

end: