T_CW:
0.8137106905 -0.2962075766 0.5001359653 -0.4014271305
0.3245969238 -0.4822086683 -0.8137024255 0.0345441299
0.4821947213 0.8244609583 -0.2962302803 0.2396571463
0.0000000000 0.0000000000 0.0000000000 1.0000000000

T_CW_cov:
0.0000002724 -0.0000000442 -0.0000000458 0.0000000715 0.0000004350 0.0000000065
-0.0000000442 0.0000002873 0.0000000089 -0.0000005264 -0.0000000615 0.0000000553
-0.0000000458 0.0000000089 0.0000003063 -0.0000000089 -0.0000002721 0.0000000036
0.0000000715 -0.0000005264 -0.0000000089 0.0000015329 0.0000001031 0.0000001576
0.0000004350 -0.0000000615 -0.0000002721 0.0000001031 0.0000012816 0.0000000308
0.0000000065 0.0000000553 0.0000000036 0.0000001576 0.0000000308 0.0000005995

target_points_pix:
2.9185907309 1.9178459633 1.8610296438 586.6182232770 107.9607736967
0.4525511890 1.4771543701 -0.3709931605 286.6775759243 208.4170751863
0.0134727521 1.9966532696 -2.2999075116 174.8662776565 328.6431583245
0.0713589459 2.8688959608 -0.9051086491 238.5401497582 190.2536473740
2.5591223247 -0.0443953625 0.5219552533 744.2774685589 326.7333593650
1.8324549851 0.5136414256 0.1050882143 533.2956330051 286.9129132398
-0.3054732399 1.1553874900 0.2017032538 156.0163513168 46.7574736360
0.8179732118 2.2948193458 -0.2082891874 326.2018599364 180.3358837395
0.4760255981 1.6652719494 -2.0074300235 225.3212653347 340.8880799958
0.4157939103 1.1830938811 0.6503161745 357.9111707277 55.4356933106
-0.0197024909 1.9179607289 -0.7375181316 214.0505236235 204.2696577097
1.6912700364 2.9152958030 2.0943006760 473.8720817409 24.2928730749
1.0143189639 -0.1834378360 0.2340703772 658.5311534294 364.3482928243
2.1243149059 2.5165360083 -1.1599424087 375.3885780705 269.3712256954
2.2027673226 1.2739145926 -2.7746600208 346.2739602541 421.7137354359
2.6388940522 0.2859068827 0.6616028722 685.8126473989 272.8131078161
2.2838413789 1.2710353105 -2.0665887182 378.8478052696 387.9981314231
2.6356910408 1.1581813945 0.7110316627 563.4431923801 212.8782618890
1.3605142988 1.3279683397 -2.8167563008 281.2531926736 421.7061260264
1.6985656786 2.3108705817 2.0575274508 511.1627258305 13.6009608746
0.8606978522 2.4381202060 -0.8605197644 304.6909493861 226.1348961671
2.2974160006 1.1434337072 1.1115312662 583.4052930428 156.3519912318
1.8636994645 0.9851570773 0.8625067980 554.2699755412 162.8119431634
2.8400527988 2.3293742471 -2.5758741647 371.6368235188 348.0463157005
0.6837708879 1.9678359559 0.5759732938 358.4975490093 100.2769414952
2.4952987901 1.9204534977 1.3630564139 536.0561247521 129.7414673933
1.9598271384 2.0807628825 -1.8172077782 352.0635942923 320.0857872037
0.3223913466 0.6572687096 0.3411312926 327.9694028934 107.6116628024
1.2977747122 2.7046068227 -2.0603174099 298.6654671904 293.5843700827
2.8920798147 2.1378650829 -2.5311623147 378.3977714355 355.9612524832
-0.8911796826 2.9815497203 -1.4877817901 129.8807921243 197.0557299897
2.7260240624 2.2495865463 -1.9352716347 386.1426999446 325.1521010123
1.1135292309 2.9590436052 0.6041369903 369.8343914183 118.5391552629
2.6278435143 1.8946618219 1.8255796272 575.1328288318 95.1162812671
0.6336242524 1.1783842050 -1.0552852102 274.5297149421 309.8759558046
2.3667225286 2.8706255632 -2.1373102295 353.0922252165 303.3680773578
1.5404004160 2.0873391010 1.9086104661 509.6466371317 10.6799909814
0.2585293654 0.5934473492 -0.5108773483 225.4227325030 299.3463234262
2.4841714159 1.4051269004 1.6262681959 605.9285486064 107.0207255528
2.1983390802 1.3671984969 -1.0802983766 414.1700866473 324.7804584362
1.0168380356 1.8187565862 1.2681363448 443.1520701051 38.2053714011
2.3406080829 1.6524588336 2.3188796262 632.5776203610 16.1976399241
1.7824561088 1.2368809704 -0.1031601285 446.6143676297 250.7995753796
2.6588510636 -0.1466194073 -0.3037086062 643.6105992984 436.8285788090
1.2383180701 1.3099832525 -2.0678546936 297.5015392723 381.6847195919
0.7871674616 2.0424983208 0.2012990387 346.9424242827 147.0464728926
1.3716637695 0.8792669647 -1.3574988410 348.6730725089 377.6198486868
0.9719223617 1.9689701437 -1.5625638722 290.9988164532 297.7150243766
2.8361755367 1.9949440335 -2.4556373968 380.3692075605 360.7036823109
1.2103062974 0.1184933070 0.6222756592 657.1157646500 194.3708287730
0.9923400970 0.5709656991 -0.1292795507 408.9864796074 276.2767086668
2.6984458114 1.3496573022 0.7124865195 548.6624033029 207.7071089047
0.7575916053 0.2523891601 -1.0951950878 288.9035488348 462.6228285532
0.8962104592 2.8887750237 0.0742970148 336.2569562380 149.4985749252
2.4003927181 0.1999549924 -0.1597382894 587.8935662387 366.8778064398
1.4570043822 2.3114412965 -2.8657043889 287.8670120795 352.5956188771
1.6781638844 1.7635796532 -1.0815039641 366.9520508579 291.8583297840
-1.1012706995 2.9606741992 0.3197833124 138.5191936029 2.9348185646
1.4697371940 1.7050643911 -2.6910499524 293.9942713366 383.6989534003
1.4997362677 2.2552284310 -1.7042058754 324.1515556479 299.0983741531
1.9711161295 2.5320500174 -0.8647562015 376.6365377766 250.2290341799
2.2679231297 1.6166728105 1.6066018340 570.3144877815 94.3472565031
0.6325419191 2.6208530677 -2.3930825352 243.6381422138 305.1035169148
2.2683739193 1.5151538458 1.0720505343 538.9069205034 150.8935646505
2.8407462338 2.6756664027 -1.3199547291 401.4395966776 282.2664179313
0.8583509219 1.9819683117 -2.4177920373 254.3498234811 346.0125553446
0.7902253300 -0.0498267092 -0.2495925517 424.2109468555 431.3295100252
-0.7126786561 1.9834577945 -1.0618160856 100.2298679068 201.7217281163
1.9193600062 2.7960739311 -1.6739447817 344.2135473022 280.5131515752
2.8049534027 1.7549510628 -2.7261348255 375.1451932081 385.4239321316
2.9691898119 0.8306301282 -1.4718533968 464.4900390314 394.9755473514
1.9577623473 1.9570472736 1.2495788176 498.3658303302 110.9607539522
2.4239824816 0.7568461512 -2.0444246221 405.1991825406 433.7072412939
2.5332886341 0.3624403137 -0.8886724309 507.9273077714 407.5875240504
2.7230803671 2.1668952310 -1.0932890004 416.9865999928 289.7620496299
-0.0667491202 2.8893935758 -1.8135267343 203.5771321890 246.9375631090
2.8849499926 1.7528628131 -1.9172862492 406.4811420259 351.4754761718
1.1468270981 2.4561268263 -0.9711199181 322.0168610771 240.3591881886
1.8638170845 2.7136824619 0.0667283887 400.2174907773 187.5145018732
1.7836301664 2.3017608285 -2.5962998189 315.1968823016 343.2159317951
2.0330982211 1.2071025275 -0.3551796497 450.1337210296 281.2378477790
1.1730569531 1.2704948479 -1.1105960248 333.2641762667 317.8908190028
2.9461481719 2.4968893176 2.7161145307 592.1540851349 38.6297787150
0.6570472120 0.4945068807 -1.4712885553 245.6327335978 448.0377134327
0.7279847276 1.9901461379 -1.3627605785 276.0265923929 277.9569444963
1.7827388544 2.9902355627 2.0898483581 474.3816207550 31.8928932331
0.9641042651 2.6882373571 1.1690572800 391.5109465476 60.8983371012
1.5773005481 0.8563350408 -2.8473658583 299.9333252225 471.6492124398
0.7664780110 2.9653914697 -0.1033146028 319.7912724460 156.3192398460
1.7669752855 0.9690625695 -0.5529376649 431.0055723022 309.2182497249
1.4488983111 0.6617484764 1.0469220162 603.3002560607 102.2598126980
1.1060195470 2.4830620612 0.3854567192 370.9428527337 139.3079033305
2.8833560441 2.6773336796 -0.2468877160 438.9282442062 232.0279008719
2.7832056284 2.7310910625 0.6875618561 468.3404545064 176.9384821975
0.4773538111 1.3095008612 -1.5680206608 232.7574763357 339.7276526608
0.7034332180 -0.0654622727 0.4930513506 654.4266852682 171.6897149627
-0.4791536927 2.3891232452 -2.6389828612 128.0013141217 316.3841436705
1.9631750106 0.7384015444 -1.1730532119 419.4306929784 383.1402354826
2.7390766891 1.4458832406 -1.4800111153 425.6861613159 348.1081183761
1.8142779780 2.3081898863 -0.8022692629 374.6014167432 251.9485391324
0.1815827826 2.0076210646 -1.8337579884 206.2461765043 298.7624086852
1.8809823717 2.0841163296 0.5893151287 447.8677115682 164.4197617930
1.0562875771 0.1801981948 -0.5239100279 407.7709899401 404.2836445060
0.5522005358 2.0961738439 -1.3378655295 260.8779352579 266.3862686549

gimbalangles:
1.4281197766 -2.4637007513 0.2819055795

end: