T_CW:
0.3944787421 0.2094226079 0.8947226907 -0.0242605319
0.4027899551 -0.9145652175 0.0364789654 0.0114033115
0.8259217724 0.3459951361 -0.4451298594 -0.0679698459
0.0000000000 0.0000000000 0.0000000000 1.0000000000

T_CW_cov:
0.0000003984 -0.0000001033 -0.0000000093 0.0000002218 0.0000007901 -0.0000000239
-0.0000001033 0.0000002745 -0.0000000268 -0.0000006437 -0.0000002029 -0.0000000360
-0.0000000093 -0.0000000268 0.0000002538 0.0000000917 0.0000000101 0.0000000108
0.0000002218 -0.0000006437 0.0000000917 0.0000020061 0.0000004370 0.0000000785
0.0000007901 -0.0000002029 0.0000000101 0.0000004370 0.0000020760 0.0000000366
-0.0000000239 -0.0000000360 0.0000000108 0.0000000785 0.0000000366 0.0000005213

target_points_pix:
1.4904409015 -0.8576028127 -2.6357354281 141.0189019069 393.7037015466
2.9185907309 1.9178459633 1.8610296438 729.8703262140 184.3045736253
0.7583609253 0.4677505926 -2.4511855211 132.0575863858 212.7969613660
1.6304909208 -0.4683184133 -1.9111117291 228.9693563199 365.5248034929
2.6638076555 -1.1338153697 -2.9948707751 226.6226490708 397.9652421169
2.5591223247 -0.0443953625 0.5219552533 569.2885801382 387.5832371792
1.8324549851 0.5136414256 0.1050882143 513.2371146493 283.2480373999
0.4760255981 1.6652719494 -2.0074300235 202.1476599652 51.7116047558
1.5905470624 0.5227412081 -2.2990225691 242.1754479161 248.1841846321
0.8980708545 -0.2130090316 -0.3464988306 367.0424386027 417.4524390809
2.2457088193 -0.2690198173 -1.2941584072 337.4703422026 357.8492101129
1.0143189639 -0.1834378360 0.2340703772 595.3006215930 479.2902816216
2.1243149059 2.5165360083 -1.1599424087 399.0642955769 123.1106891935
2.2027673226 1.2739145926 -2.7746600208 278.7618425112 213.4623050974
1.7022931842 0.6034113149 -2.4383688156 245.8658682510 244.6922260715
2.6388940522 0.2859068827 0.6616028722 585.7904080914 345.4270050158
2.2838413789 1.2710353105 -2.0665887182 321.5986976377 216.3030137310
1.8436071198 -0.3614789899 -0.5329186283 398.4710678708 403.8750100858
2.6356910408 1.1581813945 0.7110316627 584.4491498987 243.7975167438
1.3605142988 1.3279683397 -2.8167563008 224.2120022396 173.3620593305
2.2974160006 1.1434337072 1.1115312662 671.2405342069 230.1192197998
1.8636994645 0.9851570773 0.8625067980 660.8633019715 221.8775280496
2.8400527988 2.3293742471 -2.5758741647 333.9312886594 178.8146902391
2.4952987901 1.9204534977 1.3630564139 679.8748134054 158.2859387939
1.9598271384 2.0807628825 -1.8172077782 340.5048715302 147.8774078616
1.2977747122 2.7046068227 -2.0603174099 308.3103018793 68.7840112577
2.8920798147 2.1378650829 -2.5311623147 334.9817253657 189.2396433113
2.1800794479 -1.0439377960 -1.9029706145 256.8534617117 433.2651501447
2.7260240624 2.2495865463 -1.9352716347 362.3544649128 175.1404334491
2.4497479841 -1.5512437600 -2.3657692494 228.6229086233 467.4754171410
1.4521663042 -0.5399965625 -1.6630885379 224.3748069365 387.6430433885
0.6336242524 1.1783842050 -1.0552852102 289.5174006324 85.5129598404
2.3667225286 2.8706255632 -2.1373102295 349.5076364570 129.7877694048
2.9170283047 -1.1525861895 -2.5332101054 266.3711408253 408.8205954264
0.2585293654 0.5934473492 -0.5108773483 268.4651528503 53.0877571895
2.2425741823 -1.7173131963 -2.8670343424 173.0794997803 473.3422359903
2.3235776381 -0.6902499417 -1.1799127502 340.4147396824 413.3977126161
2.1983390802 1.3671984969 -1.0802983766 389.7562060088 204.5311588344
1.6075514943 0.3175726274 -1.9505948349 259.4351635099 271.9859372165
0.7112279187 -0.6943231092 -2.1725083750 19.6135280293 405.3145829929
1.7824561088 1.2368809704 -0.1031601285 484.0560602674 187.4719842469
1.1504892931 -0.6627365524 -2.0403880364 137.4919958053 395.6194076012
2.6588510636 -0.1466194073 -0.3037086062 454.2736774319 371.3195640894
1.2383180701 1.3099832525 -2.0678546936 260.0603462062 160.1146547915
1.3716637695 0.8792669647 -1.3574988410 312.7227483005 204.0650500260
0.9719223617 1.9689701437 -1.5625638722 303.5319473252 72.8060313381
2.8361755367 1.9949440335 -2.4556373968 334.0745794357 194.2892800063
1.2103062974 0.1184933070 0.6222756592 735.4813902404 383.1413264799
0.9923400970 0.5709656991 -0.1292795507 464.0777211747 211.7098670992
2.6984458114 1.3496573022 0.7124865195 580.4566766132 227.8962009496
0.7575916053 0.2523891601 -1.0951950878 235.9591693589 249.1528684491
2.4819671509 -1.0003026340 -0.6462119426 396.3689693031 478.7770425433
2.4003927181 0.1999549924 -0.1597382894 472.2589743038 332.2715495239
1.4570043822 2.3114412965 -2.8657043889 260.2841465755 117.7782657715
2.7544963644 -1.4088225197 -2.8622308738 230.3857576165 425.9289550341
1.6781638844 1.7635796532 -1.0815039641 379.3532031579 142.9160312693
1.4697371940 1.7050643911 -2.6910499524 252.0242392051 152.5548563715
1.4997362677 2.2552284310 -1.7042058754 331.9280933668 104.7259897102
2.4690198210 -0.8218292901 -1.7671497527 296.8309327246 405.3470632562
1.9711161295 2.5320500174 -0.8647562015 418.7593527365 107.0217830503
1.1375885433 -0.0063029323 -2.6361798873 146.6413849378 284.2213137518
1.5108970396 -1.3615313295 -2.9687420888 93.0506563822 448.6841229117
0.6325419191 2.6208530677 -2.3930825352 238.6897360876 18.8016392505
2.0870307964 0.3507490887 -2.2443769366 276.3173422416 278.7608273618
2.2683739193 1.5151538458 1.0720505343 655.2585955279 184.4574001330
2.8407462338 2.6756664027 -1.3199547291 405.8324212063 153.8547011963
0.8583509219 1.9819683117 -2.4177920373 230.7157924666 84.3963396221
0.3303057821 0.2394415897 -2.7978580808 4.9438696674 211.6759724810
0.9955118727 -0.6900885001 -2.2663970244 89.1310513447 391.9371928004
0.7902253300 -0.0498267092 -0.2495925517 394.3759611035 369.9366805656
1.9193600062 2.7960739311 -1.6739447817 361.5888297436 102.3033618144
2.8049534027 1.7549510628 -2.7261348255 316.5255232041 205.7231992654
2.9691898119 0.8306301282 -1.4718533968 375.3998494948 268.4404020570
1.9577623473 1.9570472736 1.2495788176 704.7389241904 103.0292869341
1.4706806190 -0.4806013601 -2.0637464314 198.0478873335 362.6001382291
2.4239824816 0.7568461512 -2.0444246221 318.1110914606 256.6749810672
2.5332886341 0.3624403137 -0.8886724309 399.5720955414 303.1529166038
2.7230803671 2.1668952310 -1.0932890004 412.7262925628 174.7798812900
2.8849499926 1.7528628131 -1.9172862492 360.2856590790 207.6583770047
1.1468270981 2.4561268263 -0.9711199181 383.8943944143 36.8942669977
1.8638170845 2.7136824619 0.0667283887 511.4234908994 64.8447218030
1.7836301664 2.3017608285 -2.5962998189 291.4918219149 133.3962716160
2.0330982211 1.2071025275 -0.3551796497 453.9452805675 207.5682818075
1.1730569531 1.2704948479 -1.1105960248 337.2408283488 144.8530486845
0.6570472120 0.4945068807 -1.4712885553 193.9853077028 197.3161653863
0.7279847276 1.9901461379 -1.3627605785 304.1018015784 32.8234230732
1.5773005481 0.8563350408 -2.8473658583 222.0402521511 218.7140279765
1.7669752855 0.9690625695 -0.5529376649 421.9290772116 217.4742125531
2.3311839498 -0.9539271198 -2.8889311096 212.8631906444 387.0965873618
2.8833560441 2.6773336796 -0.2468877160 480.1651032305 146.9580913940
2.7832056284 2.7310910625 0.6875618561 565.8946865471 126.4461522198
0.4773538111 1.3095008612 -1.5680206608 217.4552712141 67.4127549534
1.9631750106 0.7384015444 -1.1730532119 360.4530766210 247.9897799496
2.7390766891 1.4458832406 -1.4800111153 377.7874756766 220.7235619371
1.1137504699 -0.3175425869 -1.4064089642 214.8021180381 363.1548314292
2.9181215669 -0.3698662499 -2.9485027558 266.4909499332 337.1593853373
1.8142779780 2.3081898863 -0.8022692629 418.0468774926 108.6745812741
2.7857291322 0.2667104279 -2.9126554396 276.4719318881 291.7853465705
1.8809823717 2.0841163296 0.5893151287 584.3291180104 101.1429138307
1.0562875771 0.1801981948 -0.5239100279 366.6276906207 295.2561438219
0.6331406616 -0.7213015916 -1.7853225676 6.9283495010 447.5732153700

gimbalangles:
-1.6525207100 -1.1077069019 -2.0587135568

end: