T_CW:
-0.4913414527 -0.7867198610 -0.3737050137 -0.0367495763
-0.3908738735 -0.1842580665 0.9018129406 0.0161872245
-0.7783323146 0.5891696065 -0.2169746133 -0.0284212169
0.0000000000 0.0000000000 0.0000000000 1.0000000000

T_CW_cov:
0.0000005450 -0.0000001173 -0.0000000275 0.0000001594 0.0000011800 0.0000000258
-0.0000001173 0.0000005663 -0.0000000098 -0.0000014038 -0.0000001107 0.0000001134
-0.0000000275 -0.0000000098 0.0000003379 0.0000000500 -0.0000000961 -0.0000000044
0.0000001594 -0.0000014038 0.0000000500 0.0000042653 -0.0000000171 -0.0000002464
0.0000011800 -0.0000001107 -0.0000000961 -0.0000000171 0.0000033465 0.0000001281
0.0000000258 0.0000001134 -0.0000000044 -0.0000002464 0.0000001281 0.0000009059

target_points_pix:
-2.8948441399 0.6269529752 1.2765981320 418.6315073758 467.4768971605
-2.8243573618 2.6628569762 -1.5907718359 366.4298908666 191.8872960332
-1.8989089335 2.7021134331 -0.4054152166 291.9664361416 231.4464287011
-2.4509590965 0.8871749841 -2.1853645049 483.4467544810 142.0129009522
-1.1698605629 -0.0915581141 -1.3700899405 616.4241238298 79.4119626094
-1.4021994661 2.7108304751 0.3961482093 222.2697988613 279.2205260654
0.0713589459 2.8688959608 -0.9051086491 108.2083926663 57.5593718472
-2.5095895023 1.4537282118 -1.9005724212 433.0562997619 164.9949404068
-2.3803740549 2.2241037003 1.1999952244 285.6349264326 375.7987673420
-1.9323731186 -0.3012474738 -0.7481905140 611.9865845597 264.7859349153
-1.3783621819 0.6183489028 -2.2812195003 503.1626348216 34.2256991398
-0.3054732399 1.1553874900 0.2017032538 126.3564948080 269.4602571928
-1.4132040819 1.7390647207 -0.1303300090 299.9318124181 254.4360535735
-2.9630438574 1.2498685434 0.2703220651 402.6799985039 336.7731610906
-2.6318751097 -0.2406755511 -1.7765257254 600.6841470933 184.7743652128
-0.0197024909 1.9179607289 -0.7375181316 136.5599624493 51.1780756405
-2.2570881565 2.7082349037 -2.0633919600 356.8602598448 145.8532497473
-0.8454043785 2.6955158446 1.3401100284 93.7721402705 372.4265127820
-2.4349464755 0.7633696205 -1.9950480928 490.0507953479 154.0717489764
-2.1145543690 2.5368280306 1.6527436758 233.7528830665 403.4563511771
-2.9891561525 1.0928385460 -1.1234454871 450.5969220964 237.2945743380
-1.9740008485 0.2407913313 0.2379810357 474.3722456203 384.5455848936
-2.1987197781 2.6869103662 1.2249913925 252.0947505925 359.3021510344
-1.4003785247 -0.3736922668 -0.7233151088 669.7920644976 234.7504883072
-2.7312989435 2.6530594031 -1.3942433270 359.3576444381 199.1400971140
-2.6333375856 2.5260876036 -0.4714651478 338.1821431927 249.9375623747
-1.8036662741 2.9213890742 0.4185609520 246.1132891499 284.6572882463
-1.2333229781 0.8026401249 -0.6833503019 405.3697095411 198.1492607363
-2.4109286583 1.5240721805 0.6122623179 349.3679259212 353.3993057974
-0.8911796826 2.9815497203 -1.4877817901 252.9226167581 105.0450341229
-1.5747020397 0.3647896395 -2.1186734669 535.7292466192 65.6265514817
-0.8537239679 1.5280305348 1.0098617859 155.5278808708 419.3361649890
-2.2552646269 1.6043643505 1.8194632491 282.8039677247 477.7691634951
-0.7198827339 0.7791230628 0.4858749195 244.8401718687 401.3138534709
-2.5954390840 0.9615306910 -1.9993108423 474.6463564322 162.8124865135
-1.2146827552 0.4313236250 0.0528315889 417.2033148259 335.3278082754
-2.4795398100 0.0634801912 0.4110664761 503.1632091825 415.3570280688
-1.8048953481 1.9335417400 -1.4229821744 363.3520498085 160.9649654604
-2.3495685473 0.3594685558 -2.9255488728 551.4734146328 77.8333800198
-1.3300249498 2.5741901058 1.1257362683 181.1767791747 353.8525208253
-1.1012706995 2.9606741992 0.3197833124 187.4493020792 257.8734609440
-1.2276053261 2.6819769802 0.8135725963 183.5514116039 315.8970340614
-2.7764038774 2.3680402460 -0.8289858517 360.5535807322 234.1844920954
-1.2502089736 -0.4633432231 -1.6307261334 741.1956855760 31.9299922935
-1.7725763211 0.1321032521 -2.5127218453 579.7831666789 45.8434083576
-1.8196517110 0.4238616465 0.7629712756 414.5069339374 459.3067471605
-1.6435711194 1.7206815262 -0.2385074952 323.7257067008 252.7733081520
-2.8070000852 2.1028983329 -1.6509945629 394.9375368849 190.4026049818
-1.0050947886 1.3796874961 -1.1237346037 347.4446926415 124.8760362490
-2.9469886051 -0.0556582209 -2.3291306646 580.7092244788 158.1092507550
-2.7642033712 2.8377397974 0.0312227722 316.3668127287 277.9979422377
-0.7126786561 1.9834577945 -1.0618160856 268.4741125524 110.3884881593
-1.8473174646 1.5680524798 0.7082291128 305.6638142452 360.3021236967
-0.6100045683 0.5645809022 0.0344290762 314.4460254554 296.5093758962
-1.0407025969 1.8511915990 0.7612577383 195.8744021069 348.4338835351
-2.1579012616 2.6158550684 1.2160301151 252.3161242265 361.3294372205
-1.1895189559 -0.0584733151 -0.8465864265 585.5868940600 176.8167303569
-1.7178836189 1.5332592184 -0.2148120387 341.1592967419 262.2076561234
-2.4747552270 1.7971304399 1.5320622131 300.8858627299 427.0374656435
-1.6965573658 2.2500304313 -1.4300462053 339.0280744133 154.9068234934
-2.9458023404 -0.1409691835 0.5459986167 529.7548401985 437.2429879133
-1.7593186310 0.6483982310 -1.4034331411 475.7332874186 158.2973220643
-2.5222100225 -0.7635231769 -2.4214857334 701.1097057840 114.3202161846
-2.7635838127 2.5758996306 0.1771810151 323.4671153505 292.0495494790
-2.9155772865 1.8015255028 0.9202060444 346.7982396174 368.4826518483
-2.3709911216 0.7873857488 -1.7873182151 481.9255224187 165.7977209351
-2.1351115329 0.3711751050 -2.8548084772 550.1753198679 64.1859365924
-2.2550310878 2.7469332465 2.5621232452 197.7533749842 473.8691646930
-1.5993342926 1.4370656586 -2.3495525503 421.9597737643 75.7784717509
-2.3524978632 -0.4190901020 -0.6763358060 617.0252822811 296.8222923965
-1.9208082146 1.6423306677 1.6909841948 256.3035658368 472.3058249700
-1.5057213679 1.4881960724 0.1935683238 309.2564549825 301.3169315370
-1.6020343444 1.0108264512 -2.1461077954 455.6139732814 82.6249177453
-1.7376268140 2.4434120148 -2.6251467566 366.2674943804 85.5737556533
-2.7196823128 2.1269550887 -0.8836294877 372.3003035669 232.0687943168
-1.4239071394 1.7163547221 -0.1251398761 302.1311598800 255.9693193214
-2.8451823330 1.0493991114 0.7078918140 400.0163200818 383.1221288698
-1.0390669904 2.4980477584 1.6226163434 108.2350657059 421.0061462415
-2.2862629253 -0.2226837426 -1.4929258470 601.7055323103 190.3574124813
-2.7921738827 1.8243530301 -1.3223706776 402.4635148711 210.5214796407

gimbalangles:
-2.9054820843 0.3830002411 0.5582715976

end: