T_CW:
0.9130608873 0.1634343456 -0.3736429188 -0.0366946082
0.1966226527 -0.9790875987 0.0522207483 -0.0081679731
-0.3572944843 -0.1211473846 -0.9261014862 -0.0640255407
0.0000000000 0.0000000000 0.0000000000 1.0000000000

T_CW_cov:
0.0000005370 -0.0000000262 -0.0000000221 0.0000000749 0.0000012934 -0.0000001609
-0.0000000262 0.0000004526 -0.0000000308 -0.0000013564 -0.0000000506 0.0000001478
-0.0000000221 -0.0000000308 0.0000002749 0.0000001648 -0.0000000517 -0.0000000015
0.0000000749 -0.0000013564 0.0000001648 0.0000048581 0.0000001440 -0.0000004408
0.0000012934 -0.0000000506 -0.0000000517 0.0000001440 0.0000039032 -0.0000002747
-0.0000001609 0.0000001478 -0.0000000015 -0.0000004408 -0.0000002747 0.0000009736

target_points_pix:
1.4904409015 -0.8576028127 -2.6357354281 644.3423696973 362.2794646317
-2.4509590965 0.8871749841 -2.1853645049 258.4867884755 108.9700075246
0.7583609253 0.4677505926 -2.4511855211 587.6875159640 182.4265150701
-1.1698605629 -0.0915581141 -1.3700899405 285.1467790031 207.1252790947
-0.4339811544 0.3604827340 -1.2275564470 392.6118868969 135.1068128226
-1.2830020915 -0.7477612956 -2.9741651212 359.2706729457 262.9666678229
1.5390997624 -1.5424577392 -2.4175742588 645.0858437808 463.7507459143
-2.5095895023 1.4537282118 -1.9005724212 237.3345214606 36.9154590643
-1.9323731186 -0.3012474738 -0.7481905140 95.1963170632 216.1610127114
-2.1173200533 -2.1447782396 -1.4060294826 182.8422749861 411.4634331266
-1.7590488229 -1.6158880204 -0.8003083999 116.3997435134 430.7333368234
-1.3783621819 0.6183489028 -2.2812195003 341.3470315843 140.8010618199
-2.7526374896 -2.4282561608 -2.0502608060 206.0520506356 373.3736481076
0.0469361765 -0.1783641195 -2.6535832882 473.0385593820 243.4524544397
-2.6318751097 -0.2406755511 -1.7765257254 203.2047166055 203.3397835289
-2.4349464755 0.7633696205 -1.9950480928 243.8189314322 113.2516964100
-2.9891561525 1.0928385460 -1.1234454871 101.2996458882 21.4269791849
-0.3342155314 -1.4791719233 -1.8288346165 387.7804446661 400.0294804434
-1.4003785247 -0.3736922668 -0.7233151088 142.7506862756 248.7416449271
-0.8431574331 -1.9395949874 -1.4799140705 300.2110214050 455.7728508812
1.3605142988 1.3279683397 -2.8167563008 690.8006379731 87.7965567454
-2.6437567343 -2.7994983705 -2.3091975591 228.0245169649 390.5221834263
-0.2118470871 -0.0163581002 -1.5873625828 433.8964345626 220.8033041284
-1.9646052403 -2.0029863434 -1.3242917964 184.2788369973 411.6301647493
-0.1823780494 -0.8635400208 -2.5844140384 435.3894727740 304.0290736184
-1.2292746160 0.8858709981 -2.9739817686 383.0971355934 137.5531876866
-0.7482836631 -2.2901477881 -2.3809329031 356.6064961680 416.7719008667
-1.8905943680 -2.4627044847 -2.4214448040 278.8679331268 385.6955616226
-1.5747020397 0.3647896395 -2.1186734669 312.7239848423 160.9192936283
-2.9933007186 -2.9934415882 -2.4369486571 218.6024882680 386.9078089474
-2.5954390840 0.9615306910 -1.9993108423 235.4637017523 93.7433804525
2.2425741823 -1.7173131963 -2.8670343424 714.0797103671 477.5411354455
-0.5276153481 -2.5064104042 -2.0030443754 356.1326413885 476.7561959110
0.2277862557 -0.3340403307 -2.6300424523 489.7474787635 263.6947547343
0.7112279187 -0.6943231092 -2.1725083750 553.5199529192 334.4219049722
1.1504892931 -0.6627365524 -2.0403880364 645.0908175886 362.4674789489
-0.9856763569 -0.5848182569 -0.8305814883 220.8095731180 309.8496722763
0.0588398480 0.1345663759 -1.9919443238 483.6296893696 207.2507557241
-2.3495685473 0.3594685558 -2.9255488728 302.7505169260 171.5893576343
-1.2272046121 -1.5636394124 -2.1282380772 316.1547092630 351.3870459313
1.4697371940 1.7050643911 -2.6910499524 744.2893968333 21.3067151077
1.1375885433 -0.0063029323 -2.6361798873 618.2982778023 249.9242907028
-2.1679331945 -2.2497089087 -2.4883330897 268.4916658980 359.9413678906
-1.2502089736 -0.4633432231 -1.6307261334 295.5132932570 253.7899840652
-1.7725763211 0.1321032521 -2.5127218453 316.9137856949 187.9078364052
1.5108970396 -1.3615313295 -2.9687420888 608.8798792823 393.3574561913
-1.0103194588 -0.8321822294 -2.8083801352 371.4875190474 277.0573299270
-0.3638610292 -0.9546125156 -1.7797905765 393.8450069761 340.2337568288
0.3303057821 0.2394415897 -2.7978580808 512.5447323038 206.6858814433
0.9955118727 -0.6900885001 -2.2663970244 595.4040224977 341.8062284129
-2.9469886051 -0.0556582209 -2.3291306646 232.1864689359 189.5436613574
-2.2906387154 -1.9032725139 -2.9466558645 287.9895110373 320.6281446420
0.0126243685 -2.0694425955 -2.4142551407 429.0840787035 428.9564284325
-0.3936100835 -1.1881348723 -1.5631378304 374.2334558883 383.3584495413
-2.0786952816 -1.2439389284 -2.8570242590 300.4989486729 284.7022558261
1.4706806190 -0.4806013601 -2.0637464314 725.6469681173 352.3482143573
0.0746601060 0.5852067123 -2.6719971241 493.0996308135 166.0580307751
-1.9296688539 -1.8920561824 -1.4908164832 207.9000750534 389.6612347070
-1.8553364985 -2.2370036957 -1.3848175939 197.5443857636 435.7164132794
-1.1895189559 -0.0584733151 -0.8465864265 203.9777035808 191.5335571348
-2.1610756819 -2.5467967732 -1.5818627512 196.1499429047 432.0451655284
-1.0310568987 0.1681308091 -1.9239170579 348.4822608492 183.4530311894
-0.7896994598 -0.6712832293 -1.4482634684 327.5446599985 301.1387815552
-2.0809982885 -2.3007220402 -1.1211365928 145.7114667684 454.9117398734
-1.7593186310 0.6483982310 -1.4034331411 238.0123632317 95.7593489507
-0.3139309819 -0.3902845608 -2.9588867546 436.4548079618 253.1935700320
-1.2283828643 -2.6822559147 -2.2808022666 311.1299735290 433.8215380946
-2.4005462004 -1.4231052476 -1.7722446267 208.3237636026 315.7886940320
-1.0519031372 -0.6309223896 -1.1260086692 260.6470777129 297.9176182161
-2.5222100225 -0.7635231769 -2.4214857334 256.5754070770 248.7280782343
0.6570472120 0.4945068807 -1.4712885553 663.0215719636 133.6017526262
-1.1789359356 0.5890362018 -2.6866246034 374.3923423739 155.8296156121
-2.3709911216 0.7873857488 -1.7873182151 230.4554228057 101.4930405406
-2.1351115329 0.3711751050 -2.8548084772 312.3995760355 170.3721169777
-1.5993342926 1.4370656586 -2.3495525503 338.5249059557 60.8984804089
-2.3524978632 -0.4190901020 -0.6763358060 42.5171432719 223.6209413791
1.5773005481 0.8563350408 -2.8473658583 706.4338112972 152.3008688844
-1.6020343444 1.0108264512 -2.1461077954 320.9816480191 94.0752877715
0.1346661905 -1.4032030397 -2.7868114016 457.5206992932 353.7904015113
0.6772129729 -1.3872812868 -2.0826048477 528.2670866587 424.9280361023
-1.4994475505 -0.9512953885 -2.1558872977 304.5789121629 287.9103854377
0.5091662389 -1.5917825661 -1.9651756083 498.5663473345 451.4108994321
-1.9858815282 -1.4791766923 -1.1752089238 166.2095234468 364.7010746558
-2.2862629253 -0.2226837426 -1.4929258470 195.8066959664 204.0091982018
0.6331406616 -0.7213015916 -1.7853225676 557.2438418899 360.9021541674

gimbalangles:
-1.6272160031 0.3829821817 -1.7478485506

end: