T_CW:
-0.181800979073304 -0.340371495740218 -0.922548453413454 -0.040801922500711
0.328416388445963 0.863294930745356 -0.383229093819196 0.004333443888271
0.926871663073210 -0.372651455702160 -0.045164286277573 -0.046515229623400
0.000000000000000 0.000000000000000 0.000000000000000 1.000000000000000

T_CW_cov:
0.000000339810682 -0.000000016435143 0.000000031929151 0.000000010687522 0.000000699678290 0.000000052135756
-0.000000016435143 0.000000181321551 -0.000000007958765 -0.000000514018998 -0.000000015102196 0.000000059944177
0.000000031929151 -0.000000007958765 0.000000179011067 0.000000015562014 0.000000052958511 0.000000002744752
0.000000010687522 -0.000000514018998 0.000000015562014 0.000001951230699 -0.000000032712924 -0.000000218679619
0.000000699678290 -0.000000015102196 0.000000052958511 -0.000000032712924 0.000001930536376 0.000000132547887
0.000000052135756 0.000000059944177 0.000000002744752 -0.000000218679619 0.000000132547887 0.000000506693062

target_points_pix:
1.490440901540471 -0.857602812689420 -2.635735428124574 704.174725470051953 343.693176554005504
2.846962449674256 -1.270615537643179 -0.426835152527950 396.283204326975465 240.036005377381628
2.441438768696500 -2.585580686672123 -2.614091613098263 581.141595414035805 208.458745807472042
1.295561638623608 -1.416405185858894 0.012519501775890 403.216881679258961 124.823539994718942
1.630490920782114 -0.468318413325145 -1.911111729057764 597.480169377716493 361.217064650376869
1.508579863193963 -1.191999651563556 -1.727860328718711 592.715661873669660 256.718966739993334
1.539099762354163 -1.542457739152680 -2.417574258766913 660.585763742337349 251.834434313037377
2.663807655548946 -1.133815369660820 -2.994870775135947 588.212234206829407 324.623630935642552
2.630597899395866 -2.533602612630514 1.408948156924308 304.582803169405622 102.165643793250013
2.559122324685278 -0.044395362467658 0.521955253318731 273.831702609291995 302.831774027941151
1.832454985117484 0.513641425586870 0.105088214289554 268.001441219358753 407.251420476554472
0.875119556251225 -2.741255316658835 -2.349777733663343 746.070248150836960 89.475070520077139
2.295902753926267 -0.365161291053127 1.037743256567058 231.405212252898821 244.626702606324812
2.304100349350628 -2.299069981759198 1.705250789412906 269.869736473002718 81.301310904127519
1.906356670365998 -1.872075609508802 2.833616551523114 125.577186321688458 20.771174006522159
0.898070854459469 -0.213009031596738 -0.346498830636345 426.924926302363303 307.705982772118773
2.245708819273801 -0.269019817269763 -1.294158407152367 467.501494866139296 350.437331983429658
2.017628304605564 -1.308391070018593 2.485454371403504 127.221559337035103 83.918039084924573
2.238553756143965 -1.820023448938255 -0.706450453503479 448.009223808860725 190.021482495512799
2.875257448580062 -1.580104716223466 -0.199938545484326 387.219702029147584 214.085287351917827
1.014318963918849 -0.183437836008217 0.234070377196855 279.008135413112655 262.290997341534876
1.393939781164910 -1.454825207433154 -0.263951273261676 435.019450913953847 146.471428336828978
1.023014121125718 -2.028610140369214 -1.693684153345026 657.879180300843927 133.302007069732468
2.638894052185566 0.285906882712748 0.661602872195694 244.010288823578264 331.938632756304969
0.968177481878278 -1.826587437244287 -0.050071853227793 446.414678421311748 44.758542227742680
1.843607119811643 -0.361478989869854 -0.532918628339249 406.986345942963908 306.236772247504177
2.635691040770782 1.158181394465124 0.711031662702086 178.791213520107704 439.456066589267834
2.751105929663120 -2.169487222688916 -1.967321396887911 518.408430445204999 224.551088768999989
2.297416000643904 1.143433707157860 1.111531266204481 93.295190750110692 438.285007354535196
1.863699464516614 0.985157077332460 0.862506798001731 88.675817870524156 455.159165326034383
2.948641527446762 -2.675864783680576 -1.635841321512470 493.915521198788213 193.837508974991664
2.492059282026440 -2.835224296773397 -2.027159865699708 541.278338900311155 179.444916566893482
2.525858413531298 -2.859276238490948 -0.611694764193029 449.354541354116861 139.608412564275795
2.644277632137510 -1.954902864395131 -2.243560645539706 540.825262278135142 242.924566054690274
2.180079447915864 -1.043937795950901 -1.902970614474200 540.576308707752901 293.720256455793219
2.449747984073098 -1.551243759956139 -2.365769249372333 560.222828077536747 270.855545474776704
2.324139553851023 -2.806924161824119 -0.589595392619374 454.070172278884115 130.842220839059507
1.452166304201032 -0.539996562458149 -1.663088537894960 592.200250765637520 339.704125350981712
0.826223098241711 -2.770033022394376 -2.229636835185319 742.049125000705317 74.878937496036031
2.691284804056324 -2.110622889317966 -0.699344101124199 437.005164174464539 190.255863809986607
2.917028304662279 -1.152586189496194 -2.533210105366660 538.346819507656846 310.447010444264208
1.187100558706069 -0.861906893643477 2.017600602608255 31.547241255953111 27.987878188363055
0.659732524222695 -2.719044585050702 -1.422675884421720 681.164972479549874 6.737990647277456
1.074947013871206 -2.774248168446678 -2.671085884537973 739.896421687809607 123.020035983365105
2.286322568150939 -1.140786610292051 2.454387992603414 138.932343988403829 120.986865690166411
2.854132838740622 -2.261639550812403 -2.415972557993723 541.411981650318580 233.783114224068783
1.588935379757109 -2.370422646866939 0.097837619577064 415.876098727867657 76.127467297630830
2.484171415875626 1.405126900350028 1.626268195947127 15.019712368126477 445.136647216083816
2.799155307879877 -1.130392925321729 0.298991441436553 339.213566256967624 225.915858231651100
2.242574182266596 -1.717313196300812 -2.867034342378257 615.375163072169016 270.389311796714765
2.323577638081192 -0.690249941749447 -1.179912750217281 461.340773891922822 301.964599942695770
2.095012447085760 -0.505548737640729 0.826782077146033 255.629212161281856 232.367293100438786
2.464899791767131 0.133651585808758 2.786025348731038 11.206219672192333 223.330326134801822
1.150489293106945 -0.662736552373609 -2.040388036416765 705.957944512085078 344.924312091825527
2.658851063604756 -0.146619407348651 -0.303708606220830 356.400563730561146 323.944025311749215
2.253849704504971 -0.960836636159451 1.204762064846220 247.970377089806107 183.213145043161262
2.378072002715271 -0.083796598433502 2.076769508457201 102.773166228094510 229.998062179510015
1.964860471576421 -1.517201261240589 -1.676592491004718 541.993425569837086 237.800170419297388
2.968097909654325 -2.451003639501020 1.536477141181445 295.969853850487993 121.947346430721993
2.082169211939505 -1.006513461776345 0.465865074907599 320.525769571415310 200.727061579567419
1.210306297439354 0.118493307029870 0.622275659202526 164.228833199107385 303.621790045451917
0.525895182455370 -1.925036666790089 -0.888484233352592 645.414771864903969 8.617848375852560
2.698445811444329 1.349657302205972 0.712486519507039 167.615573962112876 464.191765885593099
1.682011736665465 -2.690865748394387 -0.441007572472939 468.410363663080034 87.181689949814967
1.439350206816805 -0.360542236023234 0.529560124387007 259.662078971204664 233.138566822995955
2.481967150920621 -1.000302633967113 -0.646211942643163 415.771193555618197 258.103001715984703
2.400392718106834 0.199954992395837 -0.159738289424310 329.695565429952637 357.173852570629833
2.754496364365862 -1.408822519692525 -2.862230873769972 572.587065390360294 299.987934124979233
2.859962333739178 -1.439341424311696 0.813081769980665 311.313118941588584 191.989764264818746
2.901037703456327 -2.076152362372328 -2.976452415458163 571.769401985244031 260.372168869104371
2.469019821030406 -0.821829290121308 -1.767149752680179 505.999652495221994 311.623423420821609
2.802873304445588 -1.894093028882541 0.298419609941055 361.787688057070739 178.076188583068813
1.533974010759609 -0.008808417963443 1.004257086734485 149.754454386176803 260.547809832628275
0.612618450857146 -1.965223161977429 -0.712329304173472 596.091668325725550 10.449502552971694
1.510897039637619 -1.361531329503495 -2.968742088781331 725.196018707867438 295.669847717079790
2.144900729808161 0.032223101409752 2.542387948717812 3.803864430047327 207.880233146448916
2.524523942213301 -1.904669170823968 0.288230403661922 365.787972384562863 165.044298346449466
1.296143323221548 -0.213775963869605 0.868237605375611 171.990136674136039 221.906676615027749
0.790225330020615 -0.049826709174231 -0.249592551683288 396.487642632866141 346.513185097326073
2.543222452303324 -0.637392384131150 0.740953454688077 282.011934523479454 240.082203698034760
2.969189811888704 0.830630128229349 -1.471853396751549 423.854504789864961 461.602185167748928
2.056287705197733 -2.975779672667076 -2.662723782830376 614.494226993763732 171.525144502670315
1.470680618967437 -0.480601360141050 -2.063746431437915 643.083291486478856 370.980087138477359
2.370328147576886 -2.209422322424412 -0.876808865732352 462.703149603308532 176.274044782635116
2.533288634141132 0.362440313726649 -0.888672430890166 396.669369816762867 402.859873132867961
1.950787486001605 -0.640764826982241 1.047918531233533 233.597154885616675 201.207207616609651
1.327086720540587 -0.523499556777523 1.344670779553617 128.548772935592041 142.834107800219726
0.729311086125151 -2.466267561761849 -1.296158420739365 655.488183003721133 30.590639819261753
1.904166133614853 -2.769480577177859 1.861369076269689 269.921108871872036 15.107198840932767
1.679634292697983 -1.376145895919265 -0.523826814346682 446.832513463748967 188.598393580310386
0.925273435265529 -2.119904892941933 -1.173616417561602 608.543746914989470 82.797709047002797
1.704040395111110 -1.884924992965188 -2.430965651079124 636.590608209019138 225.988145733882845
1.523576982212340 -1.185164718831194 1.367020401069782 212.400078810692918 95.142394187285589
1.484252120320850 -2.917881212878771 -1.733362432371336 596.477061765529697 107.436430093990879
2.838451579039968 -2.784543176193911 0.889956194928174 346.240520940115800 117.453702216519659
2.560983796689796 -2.927706291115937 -1.044930153789216 476.770589872358130 150.117277628829129
1.843906633874438 -0.947169980806038 1.152224737288016 237.734987231882286 159.578943135170277
1.448898311056045 0.661748476375488 1.046922016218677 14.542456079032490 396.439853663107897
2.331183949755215 -0.953927119794023 -2.888931109551167 610.179154133994871 337.565910589689679
2.705973980689863 -0.733127119296918 0.728797185143482 289.742073290209646 237.849912946159748
1.949676902265344 -1.610164162764703 0.373257764765000 355.515052763989331 147.883357204190702
0.703433218020132 -0.065462272701852 0.493051350627481 135.939464459929866 235.541623027099831
1.113750469880303 -0.317542586872190 -1.406408964173092 616.035595139859311 371.090214222390159
2.918121566853679 -0.369866249891826 -2.948502755755053 563.104252858427003 385.991361919508904
1.694751596750863 -1.670943292273279 1.944194647767804 190.430562722847014 48.503333038683849
1.319246838424638 -0.536685656131526 1.133580889613922 166.511524583013397 155.576522066428026
2.374666037886028 0.524217403115299 1.652361667884851 96.094206264771117 317.026150839809816
2.785729132151983 0.266710427882586 -2.912655439599869 568.293742760545001 452.985611334348050
1.056287577067055 0.180198194814150 -0.523910027856285 426.743744753788974 432.064231537273940

gimbalangles:
-0.117310808755813 1.174633443621577 0.490573596349129

end: