T_CW:
0.8137766620 -0.2960484552 0.5001228415 -0.4017206384
0.3246653375 -0.4821669961 -0.8136998258 0.0343651362
0.4820373046 0.8245424792 -0.2962595770 0.2398653976
0.0000000000 0.0000000000 0.0000000000 1.0000000000

T_CW_cov:
0.0000002724 -0.0000000442 -0.0000000458 0.0000000715 0.0000004350 0.0000000064
-0.0000000442 0.0000002872 0.0000000089 -0.0000005263 -0.0000000615 0.0000000555
-0.0000000458 0.0000000089 0.0000003064 -0.0000000089 -0.0000002722 0.0000000036
0.0000000715 -0.0000005263 -0.0000000089 0.0000015325 0.0000001029 0.0000001574
0.0000004350 -0.0000000615 -0.0000002722 0.0000001029 0.0000012819 0.0000000306
0.0000000064 0.0000000555 0.0000000036 0.0000001574 0.0000000306 0.0000006000

target_points_pix:
2.9185907309 1.9178459633 1.8610296438 586.4725705999 107.7641394432
0.4525511890 1.4771543701 -0.3709931605 286.6159593257 208.4528408871
0.0134727521 1.9966532696 -2.2999075116 174.8342094050 328.6371362774
0.0713589459 2.8688959608 -0.9051086491 238.6349357810 190.8079754670
2.5591223247 -0.0443953625 0.5219552533 743.7480937844 326.4294192687
1.8324549851 0.5136414256 0.1050882143 533.3161830973 286.8512402860
-0.3054732399 1.1553874900 0.2017032538 156.3133501472 46.4648347062
0.8179732118 2.2948193458 -0.2082891874 326.7677485633 180.1130099755
0.4760255981 1.6652719494 -2.0074300235 224.9666509034 340.7818586679
0.4157939103 1.1830938811 0.6503161745 357.9663597504 55.8116113222
-0.0197024909 1.9179607289 -0.7375181316 213.6753475775 204.0084490731
1.6912700364 2.9152958030 2.0943006760 474.2724982302 24.3033870478
1.0143189639 -0.1834378360 0.2340703772 658.5432859550 363.9620670753
2.1243149059 2.5165360083 -1.1599424087 375.2851126932 269.6101166124
2.2027673226 1.2739145926 -2.7746600208 346.6245302814 422.3510743334
2.6388940522 0.2859068827 0.6616028722 685.7097174615 273.1532974299
2.2838413789 1.2710353105 -2.0665887182 378.8894506767 388.2980303053
2.6356910408 1.1581813945 0.7110316627 563.8916922825 213.0458732279
1.3605142988 1.3279683397 -2.8167563008 280.9931973646 421.6268829874
1.6985656786 2.3108705817 2.0575274508 511.3232711254 13.1778184913
0.8606978522 2.4381202060 -0.8605197644 304.7788798789 226.2649408444
2.2974160006 1.1434337072 1.1115312662 583.0824629810 155.9915449105
1.8636994645 0.9851570773 0.8625067980 554.2116520574 162.8915828603
2.8400527988 2.3293742471 -2.5758741647 371.6792106977 348.3528505962
0.6837708879 1.9678359559 0.5759732938 358.4813181650 100.8025110023
2.4952987901 1.9204534977 1.3630564139 535.5732616250 129.5272347879
1.9598271384 2.0807628825 -1.8172077782 352.3083586527 320.5358088928
0.3223913466 0.6572687096 0.3411312926 327.6803006965 107.7086616671
1.2977747122 2.7046068227 -2.0603174099 298.3721901547 293.5954779147
2.8920798147 2.1378650829 -2.5311623147 378.4686152529 356.1590907260
-0.8911796826 2.9815497203 -1.4877817901 129.6800676513 196.4721767035
2.7260240624 2.2495865463 -1.9352716347 386.4547830900 325.2113072544
1.1135292309 2.9590436052 0.6041369903 370.0682080631 117.9868424735
2.6278435143 1.8946618219 1.8255796272 575.2892568935 95.1855771001
0.6336242524 1.1783842050 -1.0552852102 274.5983613567 309.7827170245
2.3667225286 2.8706255632 -2.1373102295 353.4503221430 303.2701344239
1.5404004160 2.0873391010 1.9086104661 509.4286583566 10.3762246598
0.2585293654 0.5934473492 -0.5108773483 225.5424948068 299.0253127653
2.4841714159 1.4051269004 1.6262681959 606.0502367121 106.4867529107
2.1983390802 1.3671984969 -1.0802983766 413.7232890722 324.4185047349
1.0168380356 1.8187565862 1.2681363448 443.3603974893 38.5298508017
2.3406080829 1.6524588336 2.3188796262 632.5805382374 16.1299150169
1.7824561088 1.2368809704 -0.1031601285 446.1670265624 250.8912770456
2.6588510636 -0.1466194073 -0.3037086062 643.2831988013 436.7154286957
1.2383180701 1.3099832525 -2.0678546936 297.3675884763 382.0823506644
0.7871674616 2.0424983208 0.2012990387 346.5280047471 146.8297323976
1.3716637695 0.8792669647 -1.3574988410 348.4386997459 377.8171387076
0.9719223617 1.9689701437 -1.5625638722 290.7252292531 297.8851281416
2.8361755367 1.9949440335 -2.4556373968 380.8907284133 360.4605872662
1.2103062974 0.1184933070 0.6222756592 657.7411081458 195.0442140890
0.9923400970 0.5709656991 -0.1292795507 409.3278315969 276.2621872702
2.6984458114 1.3496573022 0.7124865195 548.7058581352 207.9134731796
0.7575916053 0.2523891601 -1.0951950878 288.7911972283 462.8080223751
0.8962104592 2.8887750237 0.0742970148 336.2306874888 149.9609379914
2.4003927181 0.1999549924 -0.1597382894 587.5109848246 366.7635037756
1.4570043822 2.3114412965 -2.8657043889 288.1175968935 352.3991406170
1.6781638844 1.7635796532 -1.0815039641 366.8841166957 291.7159982744
-1.1012706995 2.9606741992 0.3197833124 138.1986879830 3.3133002847
1.4697371940 1.7050643911 -2.6910499524 294.0339802934 383.6446671044
1.4997362677 2.2552284310 -1.7042058754 324.1610049672 299.6062304170
1.9711161295 2.5320500174 -0.8647562015 376.8945192473 250.2586057983
2.2679231297 1.6166728105 1.6066018340 570.6140715073 93.9755029520
0.6325419191 2.6208530677 -2.3930825352 243.3778008258 304.8143404628
2.2683739193 1.5151538458 1.0720505343 538.8840931668 150.6457227044
2.8407462338 2.6756664027 -1.3199547291 402.0714606837 281.9826823139
0.8583509219 1.9819683117 -2.4177920373 254.3252502638 346.3667816115
0.7902253300 -0.0498267092 -0.2495925517 423.7456418983 431.2017388135
-0.7126786561 1.9834577945 -1.0618160856 100.1994467070 201.3385211884
1.9193600062 2.7960739311 -1.6739447817 344.4533052928 280.6843668783
2.8049534027 1.7549510628 -2.7261348255 375.3105403555 384.9992237089
2.9691898119 0.8306301282 -1.4718533968 464.6711233556 395.2362935111
1.9577623473 1.9570472736 1.2495788176 498.5764844516 111.0691968855
2.4239824816 0.7568461512 -2.0444246221 405.0980008036 434.1539391130
2.5332886341 0.3624403137 -0.8886724309 507.6029655543 407.8834413999
2.7230803671 2.1668952310 -1.0932890004 416.8754483605 289.8289132618
-0.0667491202 2.8893935758 -1.8135267343 203.7508301687 246.8627903190
2.8849499926 1.7528628131 -1.9172862492 406.0496747697 351.2010407387
1.1468270981 2.4561268263 -0.9711199181 322.5873954203 240.8872140840
1.8638170845 2.7136824619 0.0667283887 400.2012352805 187.0165812862
1.7836301664 2.3017608285 -2.5962998189 315.6327168988 343.3635715399
2.0330982211 1.2071025275 -0.3551796497 450.2096623916 281.2661275454
1.1730569531 1.2704948479 -1.1105960248 333.0939648238 317.5844220906
2.9461481719 2.4968893176 2.7161145307 592.4656410927 38.5878272420
0.6570472120 0.4945068807 -1.4712885553 246.0004278016 447.8654667013
0.7279847276 1.9901461379 -1.3627605785 276.1646365965 278.0947076130
1.7827388544 2.9902355627 2.0898483581 474.6494390371 32.2400600070
0.9641042651 2.6882373571 1.1690572800 391.0163976878 61.1536709012
1.5773005481 0.8563350408 -2.8473658583 299.5375161716 472.0143242697
0.7664780110 2.9653914697 -0.1033146028 319.8233553135 155.9702264513
1.7669752855 0.9690625695 -0.5529376649 430.9392090595 309.0748679166
1.4488983111 0.6617484764 1.0469220162 603.4264245693 102.2712619548
1.1060195470 2.4830620612 0.3854567192 371.7616654028 139.8211777165
2.8833560441 2.6773336796 -0.2468877160 439.1690561542 231.6660576875
2.7832056284 2.7310910625 0.6875618561 468.4471725723 177.1474466365
0.4773538111 1.3095008612 -1.5680206608 233.1287494576 340.0456535591
0.7034332180 -0.0654622727 0.4930513506 654.0162281157 171.5292329716
-0.4791536927 2.3891232452 -2.6389828612 128.3459550944 316.2087494205
1.9631750106 0.7384015444 -1.1730532119 419.3643340370 383.0247318765
2.7390766891 1.4458832406 -1.4800111153 425.3344399249 347.7656092059
1.8142779780 2.3081898863 -0.8022692629 374.9257488142 252.1001266708
0.1815827826 2.0076210646 -1.8337579884 206.3252295507 298.7060614637
1.8809823717 2.0841163296 0.5893151287 447.3427653669 163.9470782662
1.0562875771 0.1801981948 -0.5239100279 407.9571661067 404.2837435611
0.5522005358 2.0961738439 -1.3378655295 261.1236314509 266.6142676953

gimbalangles:
-1.6525207100 -1.1077069019 -2.0587135568

end: