T_CW:
0.8993138343 0.2560605479 -0.3544962952 -0.0364405001
-0.4042852032 0.1778161967 -0.8971816286 -0.0565494392
-0.1666976364 0.9501654572 0.2634340563 -0.0296903717
0.0000000000 0.0000000000 0.0000000000 1.0000000000

T_CW_cov:
0.0000004025 0.0000000399 -0.0000000164 -0.0000000867 0.0000008872 -0.0000000198
0.0000000399 0.0000002495 0.0000000015 -0.0000006414 0.0000000770 0.0000000351
-0.0000000164 0.0000000015 0.0000002360 -0.0000000251 -0.0000000242 0.0000000009
-0.0000000867 -0.0000006414 -0.0000000251 0.0000022601 -0.0000001613 -0.0000001208
0.0000008872 0.0000000770 -0.0000000242 -0.0000001613 0.0000025693 -0.0000001062
-0.0000000198 0.0000000351 0.0000000009 -0.0000001208 -0.0000001062 0.0000007610

target_points_pix:
0.1742910257 2.9893768659 1.8724033039 391.6777324297 145.3786771583
-1.8989089335 2.7021134331 -0.4054152166 295.3035732996 376.4860100374
0.3768682695 1.5477426008 2.0531356562 371.6229894194 15.7555932699
0.4525511890 1.4771543701 -0.3709931605 552.6093695502 311.2796028815
-1.4021994661 2.7108304751 0.3961482093 312.9109692160 292.9816025305
0.0713589459 2.8688959608 -0.9051086491 482.3948231986 361.8668200300
-2.3803740549 2.2241037003 1.1999952244 199.4487681790 258.9981698158
-0.3054732399 1.1553874900 0.2017032538 357.3696857716 258.4326587212
0.8179732118 2.2948193458 -0.2082891874 543.2222264116 265.2013518450
-1.4132040819 1.7390647207 -0.1303300090 267.0971858265 364.3412073935
-2.9630438574 1.2498685434 0.2703220651 27.5928503907 396.9345289293
0.4157939103 1.1830938811 0.6503161745 458.1435103868 118.7354352827
-0.0197024909 1.9179607289 -0.7375181316 480.7448105711 383.6489279136
-0.8454043785 2.6955158446 1.3401100284 328.7892619401 204.5694709537
1.6912700364 2.9152958030 2.0943006760 494.8931340054 70.7592106357
-2.1145543690 2.5368280306 1.6527436758 232.2061781892 221.7520799851
-2.1987197781 2.6869103662 1.2249913925 242.7745438498 255.4599224706
-2.6333375856 2.5260876036 -0.4714651478 232.0096611792 408.9205956394
-1.8036662741 2.9213890742 0.4185609520 294.1641682849 302.1268200148
1.6985656786 2.3108705817 2.0575274508 510.2768880367 22.2968895410
0.8606978522 2.4381202060 -0.8605197644 585.6245154009 340.6481026863
-0.8437154314 1.5526174756 2.5041567278 236.8589997256 57.9922056912
-1.4715007191 1.0947300271 1.7225109219 136.1711672335 124.6317163499
-2.4109286583 1.5240721805 0.6122623179 127.3403607279 317.6628542826
0.6837708879 1.9678359559 0.5759732938 488.3926496117 175.1892691967
0.3223913466 0.6572687096 0.3411312926 490.6125666626 95.4058745934
1.2977747122 2.7046068227 -2.0603174099 722.0570020910 476.9688270424
-0.8911796826 2.9815497203 -1.4877817901 418.0803360893 444.4715425027
-0.3089028941 2.6625183818 2.6735419307 332.1797709718 101.6307025332
1.1135292309 2.9590436052 0.6041369903 507.6946638122 193.6955178386
-0.8537239679 1.5280305348 1.0098617859 273.4210486428 193.8876299459
-2.2600804841 2.7042386112 2.9957597684 216.1266125791 151.4740811042
-2.2552646269 1.6043643505 1.8194632491 138.6842371313 188.9411439663
1.5404004160 2.0873391010 1.9086104661 507.9719757323 17.3984629010
-0.7198827339 0.7791230628 0.4858749195 209.6214831153 223.6996069134
1.0168380356 1.8187565862 1.2681363448 491.3689991282 73.1326798309
0.7871674616 2.0424983208 0.2012990387 523.4902811376 214.2036301238
-0.2121167416 1.7897788713 0.8297268490 367.3603177466 189.6874614364
-1.0463656283 2.8561966183 2.4513405431 298.3211936348 148.1223895074
-1.3853892513 2.8067198839 2.5439830716 275.1066617626 152.0848503390
-2.4055301863 0.9708260692 2.4281034256 23.5151447311 103.2289087053
0.8962104592 2.8887750237 0.0742970148 514.0123037031 242.1995037612
-1.3300249498 2.5741901058 1.1257362683 295.1296985712 233.7070758814
-1.1012706995 2.9606741992 0.3197833124 344.9958127119 289.3648538307
0.3612892001 1.9794375196 1.7997934799 392.0797867759 83.0893675000
-1.2276053261 2.6819769802 0.8135725963 314.1816454290 254.9412235301
1.9711161295 2.5320500174 -0.8647562015 732.9528542108 289.0937663902
-2.3268183976 1.7937684323 2.5591340519 147.5454396523 142.9797438311
-2.7764038774 2.3680402460 -0.8289858517 215.0323445117 458.4650667660
-0.7909341437 1.6858794598 2.4060578815 254.3437247439 74.4852710969
0.8587961988 2.4448778198 2.1427041175 428.9482399942 71.0507947747
0.4245033914 1.0191820396 1.0525622049 424.5250358438 30.2134518597
-0.9064956900 1.3399447130 1.3053989599 240.1483860434 152.8950567976
-1.6435711194 1.7206815262 -0.2385074952 243.5399674803 389.7503385646
-1.7250105261 1.3799615575 1.7287495262 154.5905656286 160.1459493505
-0.5327274467 1.8078641803 2.4510237977 283.2828012504 67.9734648204
-2.7642033712 2.8377397974 0.0312227722 235.9196292086 358.1648585476
-0.7126786561 1.9834577945 -1.0618160856 404.8271218518 459.0012298349
0.0615378091 1.2928000387 1.6921680272 338.2918597409 36.8450216716
-1.8473174646 1.5680524798 0.7082291128 183.8299563075 280.8575839891
-0.6100045683 0.5645809022 0.0344290762 197.9845011244 341.2337970900
1.9577623473 1.9570472736 1.2495788176 610.5074387716 25.6166007490
-1.0407025969 1.8511915990 0.7612577383 286.9429420901 240.7602501134
-2.1579012616 2.6158550684 1.2160301151 241.2074077699 254.2213498848
1.4063415740 2.6146316096 2.3857624421 464.6055380833 44.2341378137
-1.7178836189 1.5332592184 -0.2148120387 212.8752968480 400.6204824053
-2.4747552270 1.7971304399 1.5320622131 147.8731053322 228.8003607185
-2.8987142952 2.4095418038 2.8717692845 164.8762748239 168.1941989276
-0.8258884787 1.9551499206 2.9404138368 258.6968625913 61.8888224695
-0.0667491202 2.8893935758 -1.8135267343 513.6064467830 466.6107294501
1.1468270981 2.4561268263 -0.9711199181 631.6100768076 342.1735609945
0.0760607588 1.1070308493 1.1084568367 360.8770096395 75.1143515407
1.8638170845 2.7136824619 0.0667283887 623.0741586578 198.0282032271
-1.4769533415 0.8018814294 2.2416422603 74.0604193262 34.8464147547
-1.2490170593 1.8097791482 2.9824056964 217.2517417002 67.8379856574
-2.7635838127 2.5758996306 0.1771810151 216.1179150871 351.9992190471
0.7279847276 1.9901461379 -1.3627605785 657.4315127582 454.2367984657
-2.5526482625 1.6899305882 2.4297630987 122.5166681204 156.7984970544
-2.9155772865 1.8015255028 0.9202060444 122.0919237070 301.4679526925
1.7827388544 2.9902355627 2.0898483581 500.8853864867 72.2252227596
0.9641042651 2.6882373571 1.1690572800 475.2667726765 147.4894365021
-2.2550310878 2.7469332465 2.5621232452 224.1305125299 175.9496876615
-1.9208082146 1.6423306677 1.6909841948 170.6689932789 186.3714007924
-1.5057213679 1.4881960724 0.1935683238 220.6535165465 331.8114561467
0.7664780110 2.9653914697 -0.1033146028 508.3709198659 262.8593987659
0.4083008837 1.8891851128 1.7336414602 397.7310867863 77.7524922934
-0.3200082119 0.9773080063 1.1397837352 282.9737325010 89.7220604189
1.1060195470 2.4830620612 0.3854567192 532.1672943103 195.6473235566
2.7832056284 2.7310910625 0.6875618561 684.9270429929 100.4344960988
-1.4239071394 1.7163547221 -0.1251398761 263.6782299225 365.0295522433
1.8142779780 2.3081898863 -0.8022692629 737.5012424915 289.4413096843
-1.0390669904 2.4980477584 1.6226163434 300.8263001924 186.3354411968
-0.1459639570 2.6501550755 1.2960006555 379.6432075311 181.1762050489
1.8809823717 2.0841163296 0.5893151287 642.4689505448 107.9728837801
0.5522005358 2.0961738439 -1.3378655295 609.7579684745 445.6843840258

gimbalangles:
0.2855970348 0.3623753236 -1.8481846384

end: