T_CW:
0.1465541326 -0.9659139224 -0.2133827093 -0.0340273037
-0.8837130297 -0.0309143143 -0.4670070517 -0.0295139200
0.4444920329 0.2570108939 -0.8581213394 -0.0677002153
0.0000000000 0.0000000000 0.0000000000 1.0000000000

T_CW_cov:
0.0000006750 -0.0000000190 -0.0000000001 0.0000000746 0.0000015622 0.0000001969
-0.0000000190 0.0000003951 0.0000000186 -0.0000011203 -0.0000000881 0.0000002075
-0.0000000001 0.0000000186 0.0000003047 -0.0000001385 -0.0000000458 0.0000000163
0.0000000746 -0.0000011203 -0.0000001385 0.0000039354 0.0000003080 -0.0000005710
0.0000015622 -0.0000000881 -0.0000000458 0.0000003080 0.0000043881 0.0000002498
0.0000001969 0.0000002075 0.0000000163 -0.0000005710 0.0000002498 0.0000013519

target_points_pix:
1.4904409015 -0.8576028127 -2.6357354281 519.7792995808 231.2396969190
2.4414387687 -2.5855806867 -2.6140916131 689.9250886694 157.1948478620
0.7583609253 0.4677505926 -2.4511855211 389.2548556459 281.3853352240
1.6304909208 -0.4683184133 -1.9111117291 493.3354709623 176.5927889136
1.5085798632 -1.1919996516 -1.7278603287 607.2514095143 169.3167663994
0.0134727521 1.9966532696 -2.2999075116 228.7522038137 336.2643236549
1.5390997624 -1.5424577392 -2.4175742588 607.2103344983 216.8488319940
2.6638076555 -1.1338153697 -2.9948707751 524.2821233855 171.9796851520
0.4760255981 1.6652719494 -2.0074300235 254.5819603315 285.4383917379
0.0469361765 -0.1783641195 -2.6535832882 453.9342153744 369.8182115190
1.5905470624 0.5227412081 -2.2990225691 391.2885035592 206.3139204821
2.2457088193 -0.2690198173 -1.2941584072 477.0809853293 67.9452394908
2.1243149059 2.5165360083 -1.1599424087 192.0037532522 101.0080400138
2.2027673226 1.2739145926 -2.7746600208 351.9500394403 192.0050065543
1.7022931842 0.6034113149 -2.4383688156 387.7990687595 205.3791750711
2.2838413789 1.2710353105 -2.0665887182 337.0152568156 150.2915062824
2.7511059297 -2.1694872227 -1.9673213969 680.5195149357 83.2233335138
1.3605142988 1.3279683397 -2.8167563008 337.7044931554 243.0989180245
0.8606978522 2.4381202060 -0.8605197644 75.7354208396 172.9611765194
2.8400527988 2.3293742471 -2.5758741647 296.0214436873 154.2821061307
-0.2118470871 -0.0163581002 -1.5873625828 433.9254726605 421.5229141323
1.9598271384 2.0807628825 -1.8172077782 260.9198220951 158.1882450073
-0.1823780494 -0.8635400208 -2.5844140384 548.7915308161 418.2105507525
1.2977747122 2.7046068227 -2.0603174099 211.2510747018 215.3018688809
2.8920798147 2.1378650829 -2.5311623147 305.7668232179 149.0709854275
2.6442776321 -1.9549028644 -2.2435606455 635.3318215576 119.1510673290
2.1800794479 -1.0439377960 -1.9029706145 556.7795969158 129.0308806356
2.7260240624 2.2495865463 -1.9352716347 275.3532889239 125.2184873056
2.4497479841 -1.5512437600 -2.3657692494 587.1459815920 144.4585486908
1.4521663042 -0.5399965625 -1.6630885379 511.9195289922 172.1642290173
0.6336242524 1.1783842050 -1.0552852102 230.1191082972 217.1428510733
2.3667225286 2.8706255632 -2.1373102295 238.8034167254 157.2325659308
2.9170283047 -1.1525861895 -2.5332101054 534.7849512957 131.4730060589
0.2585293654 0.5934473492 -0.5108773483 200.7847359333 225.3202993021
2.8541328387 -2.2616395508 -2.4159725580 652.3188559482 117.9590706592
2.2425741823 -1.7173131963 -2.8670343424 585.4514966103 188.8228058171
2.3235776381 -0.6902499417 -1.1799127502 539.6033792157 36.5617407259
2.1983390802 1.3671984969 -1.0802983766 286.8809085400 72.6448540732
1.6075514943 0.3175726274 -1.9505948349 406.5672665163 184.3406473890
0.2277862557 -0.3340403307 -2.6300424523 472.2938590322 350.1244571257
0.7112279187 -0.6943231092 -2.1725083750 526.1276938141 286.8963576441
1.1504892931 -0.6627365524 -2.0403880364 520.1373736180 231.3014893432
1.2383180701 1.3099832525 -2.0678546936 312.1645251725 220.7963731291
1.3716637695 0.8792669647 -1.3574988410 326.1298637760 160.1756619962
0.9719223617 1.9689701437 -1.5625638722 215.6310474949 215.7597722568
1.9648604716 -1.5172012612 -1.6765924910 646.1574381768 117.3007143519
2.8361755367 1.9949440335 -2.4556373968 310.4559152606 147.5277325924
0.7575916053 0.2523891601 -1.0951950878 388.2137513935 202.4632119571
0.0588398480 0.1345663759 -1.9919443238 413.5785774676 359.5868095746
1.4570043822 2.3114412965 -2.8657043889 279.4012823085 236.5104461872
2.7544963644 -1.4088225197 -2.8622308738 549.5424669020 158.8086182507
1.6781638844 1.7635796532 -1.0815039641 226.8644809616 114.6026283205
1.4697371940 1.7050643911 -2.6910499524 310.8456622824 230.9372351662
1.4997362677 2.2552284310 -1.7042058754 226.1000437371 181.8167508791
2.9010377035 -2.0761523624 -2.9764524155 601.2893720904 154.5754923807
2.4690198210 -0.8218292901 -1.7671497527 530.1811460495 98.6120137711
1.9711161295 2.5320500174 -0.8647562015 154.9700829504 80.5472829922
1.1375885433 -0.0063029323 -2.6361798873 438.0689390520 256.9380690859
1.5108970396 -1.3615313295 -2.9687420888 559.9843775093 245.2472675682
0.6325419191 2.6208530677 -2.3930825352 214.0445802411 276.3624679551
2.0870307964 0.3507490887 -2.2443769366 409.6445876062 169.3871248535
2.8407462338 2.6756664027 -1.3199547291 221.5794431359 78.5869815447
0.8583509219 1.9819683117 -2.4177920373 266.0636932420 263.4065327166
0.3303057821 0.2394415897 -2.7978580808 411.4596773563 332.8977138711
0.9955118727 -0.6900885001 -2.2663970244 518.1647173308 258.4613567816
1.9193600062 2.7960739311 -1.6739447817 203.1771345923 154.8673660173
2.8049534027 1.7549510628 -2.7261348255 330.4961911925 161.1107023136
2.9691898119 0.8306301282 -1.4718533968 367.3208152222 62.8577018679
1.4706806190 -0.4806013601 -2.0637464314 493.1274026353 201.9109938610
0.0746601060 0.5852067123 -2.6719971241 373.3653251467 353.4586297968
2.4239824816 0.7568461512 -2.0444246221 377.2199270130 138.1890825952
2.5332886341 0.3624403137 -0.8886724309 397.6496913611 3.7137363657
2.7230803671 2.1668952310 -1.0932890004 238.4888022437 56.9734828521
-0.0667491202 2.8893935758 -1.8135267343 106.2679906183 325.6787809523
2.8849499926 1.7528628131 -1.9172862492 309.9221504505 112.8306200144
1.1468270981 2.4561268263 -0.9711199181 117.5731675418 155.2312872117
1.7836301664 2.3017608285 -2.5962998189 276.9216093272 208.1096919043
1.7040403951 -1.8849249930 -2.4309656511 644.8281973802 203.4927528893
-0.3139309819 -0.3902845608 -2.9588867546 476.0315820963 417.7485430512
1.1730569531 1.2704948479 -1.1105960248 255.8981339509 157.2855710082
0.6570472120 0.4945068807 -1.4712885553 359.9950314901 248.8260871731
0.7279847276 1.9901461379 -1.3627605785 180.4933243366 227.3519134306
1.5773005481 0.8563350408 -2.8473658583 373.5668808457 230.5492299146
1.7669752855 0.9690625695 -0.5529376649 275.9419066042 10.8067844332
2.3311839498 -0.9539271198 -2.8889311096 514.8817443814 185.5462237868
0.1346661905 -1.4032030397 -2.7868114016 606.3751484876 382.5844597838
0.4773538111 1.3095008612 -1.5680206608 257.1532242505 271.8770414511
-0.4791536927 2.3891232452 -2.6389828612 203.1564146033 383.8980409143
1.9631750106 0.7384015444 -1.1730532119 350.2721572160 89.6401261631
2.7390766891 1.4458832406 -1.4800111153 313.5783810545 83.1456631363
1.1137504699 -0.3175425869 -1.4064089642 489.8584080380 185.3403531043
2.9181215669 -0.3698662499 -2.9485027558 466.5666958142 158.9402479177
1.8142779780 2.3081898863 -0.8022692629 156.6347047860 80.4147003909
0.6772129729 -1.3872812868 -2.0826048477 643.8856745139 296.0276160148
0.5091662389 -1.5917825661 -1.9651756083 711.5492147991 322.0021586400
0.1815827826 2.0076210646 -1.8337579884 196.3547212882 308.6519968703
2.7857291322 0.2667104279 -2.9126554396 423.3403767417 165.7895996733
1.0562875771 0.1801981948 -0.5239100279 391.1123877556 44.3907561829
0.5522005358 2.0961738439 -1.3378655295 156.0455922516 245.0467608206
0.6331406616 -0.7213015916 -1.7853225676 551.4779609977 280.9265988183

gimbalangles:
-1.2124004508 0.3314712125 -0.1867661457

end: