T_CW:
0.0014501352 0.0945867573 -0.9955155662 -0.0268640025
-0.6206320860 -0.7805008405 -0.0750616530 -0.0160330936
-0.7841005745 0.6179577521 0.0575717448 0.0002438570
0.0000000000 0.0000000000 0.0000000000 1.0000000000

T_CW_cov:
0.0000006860 0.0000000844 0.0000000227 -0.0000000955 0.0000015114 -0.0000000902
0.0000000844 0.0000003161 -0.0000000100 -0.0000008815 0.0000001225 -0.0000000836
0.0000000227 -0.0000000100 0.0000002850 0.0000000302 0.0000001287 0.0000000014
-0.0000000955 -0.0000008815 0.0000000302 0.0000032628 -0.0000000306 0.0000000682
0.0000015114 0.0000001225 0.0000001287 -0.0000000306 0.0000041127 -0.0000001843
-0.0000000902 -0.0000000836 0.0000000014 0.0000000682 -0.0000001843 0.0000009113

target_points_pix:
-2.8948441399 0.6269529752 1.2765981320 265.3249510902 345.8392395300
-1.7842749994 0.3589897521 1.3896783254 179.4277729231 339.6589124462
-2.8243573618 2.6628569762 -1.5907718359 491.3212508551 225.3354457680
-1.8989089335 2.7021134331 -0.4054152166 423.9203097505 168.9083356217
-2.4509590965 0.8871749841 -2.1853645049 605.0369399903 340.4993231943
-1.4021994661 2.7108304751 0.3961482093 360.9334493345 128.1577921361
-2.5095895023 1.4537282118 -1.9005724212 550.4873195261 288.0846329106
-2.3803740549 2.2241037003 1.1999952244 301.1144939948 213.0695649882
-0.3054732399 1.1553874900 0.2017032538 345.6227596322 53.2775010490
-1.6797658353 0.4497206555 0.9246442775 242.0411544126 328.6387619132
-1.4132040819 1.7390647207 -0.1303300090 404.8322631631 185.3247817570
-2.9630438574 1.2498685434 0.2703220651 361.2428570236 303.9431903642
-2.2570881565 2.7082349037 -2.0633919600 540.9845510579 197.6421143019
-0.8454043785 2.6955158446 1.3401100284 263.9132894217 68.9282710081
-2.4349464755 0.7633696205 -1.9950480928 591.8536771948 351.6284443764
-2.1145543690 2.5368280306 1.6527436758 270.2174859717 180.9981939096
-2.9891561525 1.0928385460 -1.1234454871 472.8350416525 327.2455476051
-1.9740008485 0.2407913313 0.2379810357 340.6865293053 381.3118170126
-2.1987197781 2.6869103662 1.2249913925 305.7143633441 180.5299223595
-2.7312989435 2.6530594031 -1.3942433270 480.6908529549 220.9614146422
-2.6333375856 2.5260876036 -0.4714651478 421.0295747950 218.1178777627
-1.8036662741 2.9213890742 0.4185609520 362.2146662321 149.3183390343
-0.8437154314 1.5526174756 2.5041567278 50.1694114447 117.5625370418
-1.2333229781 0.8026401249 -0.6833503019 498.6746090222 269.2264309707
-1.4715007191 1.0947300271 1.7225109219 169.8233869909 228.9019060377
-2.4109286583 1.5240721805 0.6122623179 333.6318706320 259.8864899128
-0.8911796826 2.9815497203 -1.4877817901 546.3010959312 74.1114588535
-1.9557092750 -0.1852068968 1.1358403326 183.5018983766 444.4109147398
-0.8537239679 1.5280305348 1.0098617859 246.7399397071 130.3846558380
-1.8400861476 0.6802285019 2.7417002054 53.1391563528 286.1317476565
-2.2600804841 2.7042386112 2.9957597684 190.8339419490 175.7840862947
-2.2552646269 1.6043643505 1.8194632491 232.5194722353 238.9328429355
-0.7198827339 0.7791230628 0.4858749195 276.9285284253 191.6242749755
-2.5954390840 0.9615306910 -1.9993108423 572.7823592313 335.6084834718
-1.2146827552 0.4313236250 0.0528315889 367.2114451957 318.1728193896
-1.8310523068 -0.1889451984 1.5644050636 99.7139878483 436.8827339600
-2.4795398100 0.0634801912 0.4110664761 322.7268322052 413.6694784548
-1.4178930604 0.5616682054 2.3963558138 17.6610619439 276.7298973629
-1.8048953481 1.9335417400 -1.4229821744 525.6300262781 210.9781036300
-2.3787147104 0.3569107646 2.5683948238 98.5043026130 346.8253214682
-1.0463656283 2.8561966183 2.4513405431 180.0227873359 81.5230069216
-1.3853892513 2.8067198839 2.5439830716 188.0972744840 114.1928308654
-2.4055301863 0.9708260692 2.4281034256 158.1711847540 289.0790418095
-2.3495685473 0.3594685558 -2.9255488728 747.2950688847 415.4250512042
-1.3300249498 2.5741901058 1.1257362683 294.3602329197 124.3656701002
-1.1012706995 2.9606741992 0.3197833124 369.0179915196 90.7023621046
-1.2276053261 2.6819769802 0.8135725963 322.2719008796 112.1764077750
-2.3268183976 1.7937684323 2.5591340519 186.2429208863 226.9291649209
-2.7764038774 2.3680402460 -0.8289858517 443.8443863094 234.5510478892
-0.7909341437 1.6858794598 2.4060578815 71.1928658455 102.3395767128
-1.8196517110 0.4238616465 0.7629712756 270.5771938031 340.6782600463
-0.9064956900 1.3399447130 1.3053989599 195.3414085261 150.0209221460
-1.6435711194 1.7206815262 -0.2385074952 413.8770035089 206.3167188639
-1.7250105261 1.3799615575 1.7287495262 205.4828517334 223.6898686024
-2.8070000852 2.1028983329 -1.6509945629 503.7472235211 254.2640041884
-1.0050947886 1.3796874961 -1.1237346037 562.5891568807 180.3593132635
-2.9469886051 -0.0556582209 -2.3291306646 632.9339174153 468.8858403634
-0.5327274467 1.8078641803 2.4510237977 43.8624923079 54.7486916976
-2.7642033712 2.8377397974 0.0312227722 388.0267165472 207.7830554418
-0.7126786561 1.9834577945 -1.0618160856 545.7553580691 93.4132839900
-1.8473174646 1.5680524798 0.7082291128 317.5792605142 225.5545597949
-0.6100045683 0.5645809022 0.0344290762 372.7155983951 216.0725960088
-1.0407025969 1.8511915990 0.7612577383 301.5864683371 134.2614691985
-2.1579012616 2.6158550684 1.2160301151 304.0872375207 181.5437841861
-1.1895189559 -0.0584733151 -0.8465864265 605.9448147866 476.7765646724
-1.7178836189 1.5332592184 -0.2148120387 410.1270092869 225.3318173920
-2.4747552270 1.7971304399 1.5320622131 268.5132108956 239.4406469902
-2.8987142952 2.4095418038 2.8717692845 211.2246522841 219.9492069355
-0.8258884787 1.9551499206 2.9404138368 44.5975151558 90.4680019465
-1.6965573658 2.2500304313 -1.4300462053 522.3704496803 183.5032542581
-2.9458023404 -0.1409691835 0.5459986167 312.3508382876 441.4534027306
-1.7593186310 0.6483982310 -1.4034331411 578.1106605373 335.5311130928
-1.4769533415 0.8018814294 2.2416422603 78.5444582863 254.0858054677
-1.2490170593 1.8097791482 2.9824056964 74.1119237624 146.0921824587
-2.7635838127 2.5758996306 0.1771810151 377.8617258016 218.4787571457
-2.5526482625 1.6899305882 2.4297630987 201.9815313661 244.4844372856
-2.9155772865 1.8015255028 0.9202060444 321.0478883391 261.7285304278
-2.3709911216 0.7873857488 -1.7873182151 572.0551528701 344.6755149892
-2.2550310878 2.7469332465 2.5621232452 219.7974399423 175.8756983130
-1.5993342926 1.4370656586 -2.3495525503 669.9752742308 243.3149410594
-1.9208082146 1.6423306677 1.6909841948 231.4764623755 217.9816680362
-1.5057213679 1.4881960724 0.1935683238 366.0431785281 209.9373340194
-0.3200082119 0.9773080063 1.1397837352 94.3089949671 64.5846502695
-1.6020343444 1.0108264512 -2.1461077954 678.4371388725 287.7367032023
-1.7376268140 2.4434120148 -2.6251467566 625.3576205265 181.8122538103
-2.7196823128 2.1269550887 -0.8836294877 450.2363441259 245.2627644348
-1.4239071394 1.7163547221 -0.1251398761 404.4498369315 188.2424260766
-2.8451823330 1.0493991114 0.7078918140 322.7982301592 312.0288727717
-1.0390669904 2.4980477584 1.6226163434 236.3947659163 97.2676543730
-2.7921738827 1.8243530301 -1.3223706776 483.9329490941 269.1049323946

gimbalangles:
-2.4862200026 1.6655306632 0.0141774004

end: