T_CW:
0.8138112842 -0.2961997407 0.4999769067 -0.4014811574
0.3245665785 -0.4819933519 -0.8138420884 0.0343805390
0.4820453607 0.8245896690 -0.2961150923 0.2398945779
0.0000000000 0.0000000000 0.0000000000 1.0000000000

T_CW_cov:
0.0000002725 -0.0000000442 -0.0000000458 0.0000000714 0.0000004351 0.0000000063
-0.0000000442 0.0000002873 0.0000000089 -0.0000005265 -0.0000000615 0.0000000554
-0.0000000458 0.0000000089 0.0000003064 -0.0000000088 -0.0000002722 0.0000000036
0.0000000714 -0.0000005265 -0.0000000088 0.0000015332 0.0000001028 0.0000001575
0.0000004351 -0.0000000615 -0.0000002722 0.0000001028 0.0000012822 0.0000000305
0.0000000063 0.0000000554 0.0000000036 0.0000001575 0.0000000305 0.0000006001

target_points_pix:
2.9185907309 1.9178459633 1.8610296438 586.5906573901 107.9385053111
0.4525511890 1.4771543701 -0.3709931605 286.2180689141 208.4336869505
0.0134727521 1.9966532696 -2.2999075116 175.1816011597 328.6522253381
0.0713589459 2.8688959608 -0.9051086491 238.3487719240 190.6501203344
2.5591223247 -0.0443953625 0.5219552533 744.0912518806 326.7061477383
1.8324549851 0.5136414256 0.1050882143 533.4494467332 286.6449536692
-0.3054732399 1.1553874900 0.2017032538 156.6432052595 46.5207800432
0.8179732118 2.2948193458 -0.2082891874 326.6028879936 180.3637996801
0.4760255981 1.6652719494 -2.0074300235 225.2101492773 340.8759365217
0.4157939103 1.1830938811 0.6503161745 358.0908676859 55.7012509993
-0.0197024909 1.9179607289 -0.7375181316 213.8803795930 204.3528750462
1.6912700364 2.9152958030 2.0943006760 473.9496681641 24.3033853251
1.0143189639 -0.1834378360 0.2340703772 658.5086486958 364.0072859044
2.1243149059 2.5165360083 -1.1599424087 375.2523838237 269.4709817604
2.2027673226 1.2739145926 -2.7746600208 346.8688844209 421.9951958610
2.6388940522 0.2859068827 0.6616028722 685.6423138952 272.8085436634
2.2838413789 1.2710353105 -2.0665887182 379.0572900732 388.1657447248
2.6356910408 1.1581813945 0.7110316627 563.4574854903 213.2746871592
1.3605142988 1.3279683397 -2.8167563008 281.5284608619 421.9773357322
1.6985656786 2.3108705817 2.0575274508 511.4398692586 13.5037049144
0.8606978522 2.4381202060 -0.8605197644 304.4997515522 226.2274822038
2.2974160006 1.1434337072 1.1115312662 583.0020895508 156.1057096028
1.8636994645 0.9851570773 0.8625067980 554.4736993141 162.9855783331
2.8400527988 2.3293742471 -2.5758741647 371.6814844871 347.8861229602
0.6837708879 1.9678359559 0.5759732938 358.6653755695 100.7550142421
2.4952987901 1.9204534977 1.3630564139 535.8970397009 129.6432720353
1.9598271384 2.0807628825 -1.8172077782 351.8432784377 319.7277275888
0.3223913466 0.6572687096 0.3411312926 327.7786074155 108.0032868698
1.2977747122 2.7046068227 -2.0603174099 298.2826474468 293.5438821355
2.8920798147 2.1378650829 -2.5311623147 378.3467456004 356.1460770695
-0.8911796826 2.9815497203 -1.4877817901 129.3729182799 196.3272271701
2.7260240624 2.2495865463 -1.9352716347 386.2593973961 325.4882119838
1.1135292309 2.9590436052 0.6041369903 369.9462972473 118.4692213002
2.6278435143 1.8946618219 1.8255796272 575.0027653117 95.3105388815
0.6336242524 1.1783842050 -1.0552852102 274.3560526360 309.6925545807
2.3667225286 2.8706255632 -2.1373102295 353.4769279663 303.5045710591
1.5404004160 2.0873391010 1.9086104661 509.5652751066 10.5582426000
0.2585293654 0.5934473492 -0.5108773483 225.2981239763 299.3143590530
2.4841714159 1.4051269004 1.6262681959 606.0302945103 106.8768495849
2.1983390802 1.3671984969 -1.0802983766 414.5237192985 324.7847628939
1.0168380356 1.8187565862 1.2681363448 443.6699405873 38.2772341378
2.3406080829 1.6524588336 2.3188796262 632.5991592586 15.9762018639
1.7824561088 1.2368809704 -0.1031601285 446.2718709735 250.9360953654
2.6588510636 -0.1466194073 -0.3037086062 643.7426816347 436.6573164831
1.2383180701 1.3099832525 -2.0678546936 297.4923827492 381.7373382065
0.7871674616 2.0424983208 0.2012990387 346.5543062505 146.9078940988
1.3716637695 0.8792669647 -1.3574988410 348.5514157006 377.8495156514
0.9719223617 1.9689701437 -1.5625638722 291.2141844412 297.8121611874
2.8361755367 1.9949440335 -2.4556373968 380.5348074715 360.5318686873
1.2103062974 0.1184933070 0.6222756592 657.3417072277 194.5860084716
0.9923400970 0.5709656991 -0.1292795507 409.3471336479 276.4149095991
2.6984458114 1.3496573022 0.7124865195 548.4301770138 208.0527238481
0.7575916053 0.2523891601 -1.0951950878 288.6041173265 462.9346381264
0.8962104592 2.8887750237 0.0742970148 336.1130910110 149.7558232689
2.4003927181 0.1999549924 -0.1597382894 587.8326976228 366.7225717221
1.4570043822 2.3114412965 -2.8657043889 288.2699040458 352.5532690458
1.6781638844 1.7635796532 -1.0815039641 366.6036479218 291.7071375398
-1.1012706995 2.9606741992 0.3197833124 138.5871360580 2.9843138853
1.4697371940 1.7050643911 -2.6910499524 294.1705943078 383.9723686184
1.4997362677 2.2552284310 -1.7042058754 324.1163530585 299.4669691774
1.9711161295 2.5320500174 -0.8647562015 376.8022804274 250.4932430542
2.2679231297 1.6166728105 1.6066018340 570.7120362616 94.2385605933
0.6325419191 2.6208530677 -2.3930825352 243.5650164740 305.0265503917
2.2683739193 1.5151538458 1.0720505343 538.8962471505 150.5167294544
2.8407462338 2.6756664027 -1.3199547291 401.5663140561 282.2134956073
0.8583509219 1.9819683117 -2.4177920373 255.1676486187 346.3210385492
0.7902253300 -0.0498267092 -0.2495925517 423.8256821226 431.2467401281
-0.7126786561 1.9834577945 -1.0618160856 100.2781105022 202.0131149870
1.9193600062 2.7960739311 -1.6739447817 344.8732090964 280.6108786507
2.8049534027 1.7549510628 -2.7261348255 375.2064123998 385.5672301672
2.9691898119 0.8306301282 -1.4718533968 464.4533852866 395.0267734081
1.9577623473 1.9570472736 1.2495788176 498.5394105480 111.2946204615
2.4239824816 0.7568461512 -2.0444246221 405.2467264333 433.8446946743
2.5332886341 0.3624403137 -0.8886724309 507.4530556657 407.4744462015
2.7230803671 2.1668952310 -1.0932890004 416.6744699374 289.8124996798
-0.0667491202 2.8893935758 -1.8135267343 203.5932796998 247.1051138616
2.8849499926 1.7528628131 -1.9172862492 406.6962223026 351.5303103911
1.1468270981 2.4561268263 -0.9711199181 322.3622830694 240.6281959859
1.8638170845 2.7136824619 0.0667283887 400.0354147413 187.3112084125
1.7836301664 2.3017608285 -2.5962998189 315.4982044280 343.4655927798
2.0330982211 1.2071025275 -0.3551796497 450.3263225872 281.2418673428
1.1730569531 1.2704948479 -1.1105960248 333.2177755559 317.7330263293
2.9461481719 2.4968893176 2.7161145307 592.1180296631 38.4523303266
0.6570472120 0.4945068807 -1.4712885553 246.0327082402 447.6520401972
0.7279847276 1.9901461379 -1.3627605785 276.1847405569 278.3987355667
1.7827388544 2.9902355627 2.0898483581 474.3307917656 31.8446052880
0.9641042651 2.6882373571 1.1690572800 391.5804811675 61.2206114922
1.5773005481 0.8563350408 -2.8473658583 299.6633494490 472.1503166732
0.7664780110 2.9653914697 -0.1033146028 319.6713844969 156.4743532669
1.7669752855 0.9690625695 -0.5529376649 430.6872463758 309.2439866632
1.4488983111 0.6617484764 1.0469220162 602.8834447027 102.0004623619
1.1060195470 2.4830620612 0.3854567192 371.1653203598 139.7032745800
2.8833560441 2.6773336796 -0.2468877160 438.7079245478 232.1478920227
2.7832056284 2.7310910625 0.6875618561 468.4978362219 176.7237016039
0.4773538111 1.3095008612 -1.5680206608 233.0312160733 339.6534392212
0.7034332180 -0.0654622727 0.4930513506 654.2773473895 171.3402192760
-0.4791536927 2.3891232452 -2.6389828612 128.2029438805 316.1570714709
1.9631750106 0.7384015444 -1.1730532119 419.2997267054 383.1608466679
2.7390766891 1.4458832406 -1.4800111153 425.2604738828 347.7121339858
1.8142779780 2.3081898863 -0.8022692629 374.2629758135 251.8837970823
0.1815827826 2.0076210646 -1.8337579884 206.4550272899 298.8400284348
1.8809823717 2.0841163296 0.5893151287 447.5116418105 164.1495506761
1.0562875771 0.1801981948 -0.5239100279 408.1708432845 404.4878551926
0.5522005358 2.0961738439 -1.3378655295 260.9001699266 266.5751623374

gimbalangles:
-2.4862200026 1.6655306632 0.0141774004

end: