T_CW:
0.7007584907 0.5331772429 -0.4739826636 -0.0382849950
-0.6435664337 0.7591524857 -0.0975179412 -0.0335788864
0.3078307702 0.3733758578 0.8751175268 0.0015611640
0.0000000000 0.0000000000 0.0000000000 1.0000000000

T_CW_cov:
0.0000005239 0.0000000151 0.0000000150 -0.0000000068 0.0000010884 -0.0000000822
0.0000000151 0.0000003682 0.0000000277 -0.0000008659 0.0000000040 -0.0000000102
0.0000000150 0.0000000277 0.0000003220 -0.0000000492 -0.0000000295 0.0000000013
-0.0000000068 -0.0000008659 -0.0000000492 0.0000026532 0.0000000432 0.0000000899
0.0000010884 0.0000000040 -0.0000000295 0.0000000432 0.0000028853 -0.0000002204
-0.0000000822 -0.0000000102 0.0000000013 0.0000000899 -0.0000002204 0.0000007899

target_points_pix:
0.1742910257 2.9893768659 1.8724033039 443.3005883347 406.6416206447
0.4101131736 0.5362741924 2.2116901022 320.4378978311 228.2321147252
0.3768682695 1.5477426008 2.0531356562 382.8400459389 307.3686081289
2.9185907309 1.9178459633 1.8610296438 535.3522373975 192.0518655535
0.9121584893 0.1426808612 1.2079831403 393.4170246105 130.1449868820
0.0462699197 -0.8578527772 1.6217053210 107.9829977783 50.1995995555
0.9456625691 1.7601532697 2.9743486518 385.7033242667 267.0701372999
-0.1910322562 1.2311524432 2.2972743069 314.6764234532 319.7568605517
0.8211055262 1.2423480346 2.5425745515 374.8191110346 250.5104129563
0.4157939103 1.1830938811 0.6503161745 497.3693912729 352.7286912644
1.6912700364 2.9152958030 2.0943006760 495.2918188798 301.8618144260
-0.1801198384 -0.5479985749 1.3114649932 81.9802585054 114.0190839137
0.2911990845 0.4534318924 1.9094584180 312.9827917608 231.6821866562
0.4256399553 -1.6947218047 2.8575435986 133.7174864209 13.1522780497
0.8344632586 0.7250167015 1.6089183875 396.5619953590 217.4534099299
-0.2146575641 -0.5046357991 1.9549094726 145.6084318366 161.7295334679
2.6356910408 1.1581813945 0.7110316627 645.8467175922 120.4309159188
1.6985656786 2.3108705817 2.0575274508 482.1743673254 271.9592395559
2.2974160006 1.1434337072 1.1115312662 565.0694652394 153.2486496781
-0.8437154314 1.5526174756 2.5041567278 280.1302360401 378.5345873764
1.8636994645 0.9851570773 0.8625067980 572.4559706921 158.4821195329
0.6837708879 1.9678359559 0.5759732938 578.1771932791 400.2872937153
2.4952987901 1.9204534977 1.3630564139 563.7666051527 211.1818637576
-0.4403439149 0.7830369850 1.9775365700 264.3111745246 322.9744592264
0.3223913466 0.6572687096 0.3411312926 516.4761482893 323.8375645275
2.4273031833 1.9853565523 2.7413508252 463.7091258209 217.4361726913
-0.3089028941 2.6625183818 2.6735419307 367.6407708278 383.3124736236
1.1135292309 2.9590436052 0.6041369903 623.9338484743 415.3206346919
0.3581181741 0.7410917287 2.9171161179 311.5656024830 240.7246893986
0.0001974302 0.4256021854 2.6457210473 271.2183153674 242.6330524427
-1.8400861476 0.6802285019 2.7417002054 113.0165162901 401.6658778178
2.6278435143 1.8946618219 1.8255796272 526.5170554655 203.5099091026
1.3518114199 0.7830964934 2.7510300194 377.0351074834 194.7758483417
0.0799047365 -1.4043005573 2.5796705873 106.6916468890 46.7394895506
1.1871005587 -0.8619068936 2.0176006026 292.1672654697 19.3650846233
1.5404004160 2.0873391010 1.9086104661 478.5832730253 270.4519573958
2.4841714159 1.4051269004 1.6262681959 525.0725721853 175.0309173645
1.8480999231 1.0615362460 2.2632808650 436.8274660405 187.2302585360
2.4648997918 0.1336515858 2.7860253487 408.0245901675 106.2777056530
1.0168380356 1.8187565862 1.2681363448 495.2028371799 305.0015387807
0.9146035834 1.0196575720 1.7087156997 412.9635983962 237.9156360783
2.3406080829 1.6524588336 2.3188796262 474.6498821791 202.8330979860
-1.4178930604 0.5616682054 2.3963558138 133.8893986088 378.0306448659
0.7871674616 2.0424983208 0.2012990387 683.4632954723 442.1874202781
0.0114893594 1.4849654352 2.7194465450 331.8809783621 307.1342208646
2.3780720027 -0.0837965984 2.0767695085 432.7919861432 63.8935364740
-1.0463656283 2.8561966183 2.4513405431 340.9346542226 454.4899741692
1.2103062974 0.1184933070 0.6222756592 520.4795053763 42.8432278036
-1.3853892513 2.8067198839 2.5439830716 314.2984065263 472.2052931051
2.6984458114 1.3496573022 0.7124865195 651.0756253649 138.9673693211
2.1326369723 1.5933316956 2.3844999725 460.4128445780 208.4966617143
0.5781786926 0.7674459552 2.0919120920 352.5919028747 236.7167949987
0.3612892001 1.9794375196 1.7997934799 416.8614690743 345.3156630000
1.1655134506 1.3593261429 2.2617282296 411.9121258902 241.9211569085
2.2679231297 1.6166728105 1.6066018340 522.7107000061 201.8486950848
1.5339740108 -0.0088084180 1.0042570867 474.9378024738 37.8380012434
-0.6125680017 0.4219487398 1.6907229199 201.1632260182 325.6462318967
-0.7909341437 1.6858794598 2.4060578815 294.3647638837 387.0877159386
0.8587961988 2.4448778198 2.1427041175 442.7172193649 323.5815535640
0.4245033914 1.0191820396 1.0525622049 426.5087778535 301.0152669208
0.5836029694 -0.4548003720 2.6430373429 258.2646948749 134.2446046554
2.2683739193 1.5151538458 1.0720505343 578.4343156781 190.4266101906
2.1449007298 0.0322231014 2.5423879487 398.3862580447 102.9439585236
1.2202986687 1.9498949965 2.2978520360 434.8408205124 273.5058832441
-0.5327274467 1.8078641803 2.4510237977 319.8171103664 370.8682210385
0.8867691270 -0.1269636338 2.4130534049 310.3067600555 142.7758960334
0.0615378091 1.2928000387 1.6921680272 362.1250558083 330.1701936170
0.3863538972 0.6004048737 2.4777203984 315.4341891976 233.0177553703
1.9577623473 1.9570472736 1.2495788176 553.0408380321 246.5697517136
1.7478756708 0.7464948804 2.7115920619 397.9670707152 174.6783964912
1.4063415740 2.6146316096 2.3857624421 458.9654416592 295.8132357467
0.8374901713 1.4854764911 2.1589736941 403.6700942494 270.3980613213
1.5141529547 1.3550904227 1.7856819041 461.0010479149 224.9336276906
-0.0697798789 0.3330106119 2.1652521284 262.0576805178 245.9768045798
-0.8258884787 1.9551499206 2.9404138368 298.5099687357 373.9917201352
0.0760607588 1.1070308493 1.1084568367 388.9985185369 351.1582436376
-1.4769533415 0.8018814294 2.2416422603 146.7666889737 414.4206520161
-1.2490170593 1.8097791482 2.9824056964 261.7789556570 393.9884539270
2.9461481719 2.4968893176 2.7161145307 493.9952962316 222.4223950535
0.5907485963 -0.3012064055 2.8976125351 267.8059988025 153.7408050141
1.7827388544 2.9902355627 2.0898483581 500.8437422908 300.8242028554
0.9641042651 2.6882373571 1.1690572800 533.0324782506 371.9591045527
-0.2705378639 1.4697607094 2.7967741969 311.3965249982 321.1880375323
0.4083008837 1.8891851128 1.7336414602 419.8913132444 339.2836918634
0.8063107787 0.5184446572 1.0431785338 430.3367862295 193.0855820173
1.4488983111 0.6617484764 1.0469220162 500.4527472832 154.6182365359
-0.3200082119 0.9773080063 1.1397837352 321.4402816747 393.0769825294
1.1060195470 2.4830620612 0.3854567192 658.0246736422 405.4893137395
2.7832056284 2.7310910625 0.6875618561 672.0192987341 257.2706152079
0.7034332180 -0.0654622727 0.4930513506 447.2648753742 13.5942039084
-0.9075675655 -0.5141792791 2.0537428217 25.1205078732 232.2578650018
2.3746660379 0.5242174031 1.6523616679 489.5868788655 104.5915716620
-0.1459639570 2.6501550755 1.2960006555 451.8016814741 465.8005160886
1.8809823717 2.0841163296 0.5893151287 647.7577657884 275.7701710931

gimbalangles:
1.2533796723 0.3101630271 -2.0143217631

end: