T_CW:
-0.4441576532 -0.7923606082 -0.4181968982 -0.0374024489
0.4773051553 0.1857519109 -0.8588806764 -0.0553123751
0.7582240881 -0.5810859611 0.2956946703 -0.0284527231
0.0000000000 0.0000000000 0.0000000000 1.0000000000

T_CW_cov:
0.0000005058 0.0000001241 0.0000000172 -0.0000002752 0.0000010370 0.0000000467
0.0000001241 0.0000004221 0.0000000009 -0.0000010328 0.0000002323 0.0000001719
0.0000000172 0.0000000009 0.0000002854 0.0000000097 0.0000000106 0.0000000003
-0.0000002752 -0.0000010328 0.0000000097 0.0000031100 -0.0000005107 -0.0000004404
0.0000010370 0.0000002323 0.0000000106 -0.0000005107 0.0000027096 0.0000000927
0.0000000467 0.0000001719 0.0000000003 -0.0000004404 0.0000000927 0.0000007184

target_points_pix:
1.5213801119 -2.2008710222 2.5041141733 374.1409195044 94.6555950571
2.8469624497 -1.2706155376 -0.4268351525 365.4308205357 365.7462477894
1.2955616386 -1.4164051859 0.0125195018 443.9916253699 278.8388533540
1.1463216217 -1.7295446098 1.9332112052 376.9049187046 90.8944528462
0.2808005009 -1.1718645692 1.1250327653 435.0428175953 16.5137844606
0.9121584893 0.1426808612 1.2079831403 101.4243049075 76.7370334451
0.6234708383 -1.9398854722 -0.2972694506 594.9510799935 262.1818230383
-0.1550543400 -2.4137450398 0.5014556902 673.8792663559 65.7478833596
2.6305978994 -2.5336026126 1.4089481569 388.5300503694 209.3721000931
2.5591223247 -0.0443953625 0.5219552533 218.6483530956 321.5506754247
1.8324549851 0.5136414256 0.1050882143 87.3927970353 422.1765685127
2.2959027539 -0.3651612911 1.0377432566 245.1495802789 248.3941637257
1.5642042617 -2.1943799157 2.0967586103 385.5335048441 119.5867031418
2.3041003494 -2.2990699818 1.7052507894 378.5067096912 182.0421994496
1.9063566704 -1.8720756095 2.8336165515 333.1144193903 100.3793361819
0.8980708545 -0.2130090316 -0.3464988306 331.2995256071 466.5998205175
2.0176283046 -1.3083910700 2.4854543714 299.6851314978 120.8566159134
0.5802513707 -1.4129348864 1.3211278183 415.7291248757 64.4826991028
2.2385537561 -1.8200234489 -0.7064504535 443.2204314973 362.7739376615
2.8752574486 -1.5801047162 -0.1999385455 377.1529258525 335.8072392535
1.0143189639 -0.1834378360 0.2340703772 259.1506563255 290.3935938074
1.3939397812 -1.4548252074 -0.2639512733 456.7794323091 316.0363017796
2.6388940522 0.2859068827 0.6616028722 168.4530060997 322.8590010474
0.9681774819 -1.8265874372 -0.0500718532 513.3967710931 255.0022933293
1.8436071198 -0.3614789899 -0.5329186283 316.4658022094 446.3120050955
2.7511059297 -2.1694872227 -1.9673213969 488.5559058891 464.6653526691
0.7767882982 -2.7501289719 0.1754016661 564.1274390010 201.8554275353
2.9486415274 -2.6758647837 -1.6358413215 482.6897807889 406.1900334265
2.4920592820 -2.8352242968 -2.0271598657 537.6404899588 434.6551256738
2.5258584135 -2.8592762385 -0.6116947642 472.4599974423 321.8905740583
1.1523788830 -2.1628663225 2.9736070176 369.1211485100 39.4841659312
2.3241395539 -2.8069241618 -0.5895953926 481.3538671461 318.3174873567
-0.1150878283 -1.6216023649 0.6994336735 610.4734167433 2.5680611397
2.6912848041 -2.1106228893 -0.6993441011 433.5704777522 354.3186992323
1.1871005587 -0.8619068936 2.0176006026 286.2588621478 69.6525319341
0.6597325242 -2.7190445851 -1.4226758844 734.0476937102 384.3606165291
2.2863225682 -1.1407866103 2.4543879926 283.8339350502 138.9563581942
1.5889353798 -2.3704226469 0.0978376196 477.6970109793 256.3763184708
2.7991553079 -1.1303929253 0.2989914414 331.9131237128 308.9807686349
2.0950124471 -0.5055487376 0.8267820771 269.8196469115 255.9268777622
2.4648997918 0.1336515858 2.7860253487 150.4392774622 122.8649914309
0.4971001036 -2.9282306381 1.2764082264 527.7140530132 94.4830521494
2.6588510636 -0.1466194073 -0.3037086062 256.5601654937 416.0426044315
2.2538497045 -0.9608366362 1.2047620648 302.6599051589 221.4610532478
0.1978387829 -1.7049102467 0.9341318838 520.4196251333 51.5392206965
2.3780720027 -0.0837965984 2.0767695085 187.1276419145 168.2409407929
2.9680979097 -2.4510036395 1.5364771412 371.5368893734 215.2852392380
2.0821692119 -1.0065134618 0.4658650749 336.9287026052 277.0360223060
1.2103062974 0.1184933070 0.6222756592 151.3975494712 241.9478832290
0.5258951825 -1.9250366668 -0.8884842334 696.1540701689 358.0107725171
1.6820117367 -2.6908657484 -0.4410075725 513.2588622780 295.7156566761
0.4195796210 -1.9748834519 -0.3264386009 641.6048044201 250.3006233003
1.4393502068 -0.3605422360 0.5295601244 271.7693403019 258.0989941384
2.4819671509 -1.0003026340 -0.6462119426 366.7549636700 401.0991822008
2.4003927181 0.1999549924 -0.1597382894 197.6354747798 427.2091884152
1.5215156292 -2.3620191306 2.0995385183 396.8561106139 117.4611263042
2.8599623337 -1.4393414243 0.8130817700 337.2037093576 265.4873980154
2.8028733044 -1.8940930289 0.2984196099 381.7049542215 289.3993338028
1.5339740108 -0.0088084180 1.0042570867 184.7398247510 207.9840200034
0.6126184509 -1.9652231620 -0.7123293042 648.6155863021 325.1358076683
2.1449007298 0.0322231014 2.5423879487 159.7601783884 113.9511729505
0.5171586540 -2.8836435482 -0.8402935305 695.2409687693 290.2410538451
0.8815263559 -0.9544215061 1.7466657053 317.8589624219 54.1065855909
2.5245239422 -1.9046691708 0.2882304037 393.3925507171 282.4848146880
1.2961433232 -0.2137759639 0.8682376054 229.0553767014 199.3995212580
2.5432224523 -0.6373923841 0.7409534547 281.0549337084 278.5311090362
0.1833241938 -1.9899009328 0.1044753387 639.3154338540 160.0367377399
1.7478756708 0.7464948804 2.7115920619 6.2980092548 34.8608332649
2.3703281476 -2.2094223224 -0.8768088657 463.9165541992 362.7864207188
1.9507874860 -0.6407648270 1.0479185312 280.4517952612 222.9654834870
1.3270867205 -0.5234995568 1.3446707796 263.8675985251 142.6253110580
0.7293110861 -2.4662675618 -1.2961584207 703.0977154640 385.3105212929
1.9041661336 -2.7694805772 1.8613690763 411.4044937509 154.1664149321
1.0122261489 -2.4413387388 0.6226324034 497.6745471679 181.5348311901
1.6796342927 -1.3761458959 -0.5238268143 442.5024334620 360.0347557076
0.9252734353 -2.1199048929 -1.1736164176 642.4834436100 394.8371430573
1.1641200600 -2.7568952982 2.8068855712 408.7861624317 61.3654657734
1.5235769822 -1.1851647188 1.3670204011 337.2996925664 160.5252996240
1.4842521203 -2.9178812129 -1.7333624324 623.5501412165 409.1511573986
1.5116640493 -2.8250780375 1.5329666214 442.2226103451 151.1391254234
2.8384515790 -2.7845431762 0.8899561949 407.7269577325 240.7505099533
0.9135738970 -2.8353957908 0.3767828953 539.4518999887 192.6141522287
0.6812398773 -2.9641218080 2.8611191676 439.4811060780 23.0402527069
2.5609837967 -2.9277062911 -1.0449301538 491.3511194935 351.1648638788
1.8439066339 -0.9471699808 1.1522247373 312.3018365746 203.1396829091
2.7059739807 -0.7331271193 0.7287971851 287.7134485701 282.4345177962
1.9496769023 -1.6101641628 0.3732577648 396.0397237103 264.6177133610
0.7034332180 -0.0654622727 0.4930513506 198.4553119435 184.9065812290
0.8632843827 -2.1953825049 0.8209358257 485.5215636113 154.0708826162
1.6947515968 -1.6709432923 1.9441946478 351.2112881020 133.5575285527
1.3192468384 -0.5366856561 1.1335808896 274.9239859324 164.6901438145
2.3746660379 0.5242174031 1.6523616679 103.8362107950 209.4127633814

gimbalangles:
0.4121658554 0.3257601200 0.5286162227

end: