T_CW:
0.2575649223 -0.0663209371 0.9639822841 -0.0180807464
0.9207456874 -0.2857380952 -0.2656710750 -0.0526009967
0.2930660163 0.9560100806 -0.0125313934 -0.0502311923
0.0000000000 0.0000000000 0.0000000000 1.0000000000

T_CW_cov:
0.0000003972 -0.0000000312 -0.0000000247 0.0000000132 0.0000008033 -0.0000001780
-0.0000000312 0.0000002261 -0.0000000129 -0.0000006100 -0.0000000297 0.0000000729
-0.0000000247 -0.0000000129 0.0000002092 0.0000001127 -0.0000001055 0.0000000098
0.0000000132 -0.0000006100 0.0000001127 0.0000022368 -0.0000000663 -0.0000000649
0.0000008033 -0.0000000297 -0.0000001055 -0.0000000663 0.0000021942 -0.0000002567
-0.0000001780 0.0000000729 0.0000000098 -0.0000000649 -0.0000002567 0.0000006683

target_points_pix:
0.1742910257 2.9893768659 1.8724033039 514.3944231459 133.4679616059
0.3768682695 1.5477426008 2.0531356562 687.4969654181 128.5411846833
2.9185907309 1.9178459633 1.8610296438 597.2636042890 386.7355519797
0.4525511890 1.4771543701 -0.3709931605 317.7602917384 246.2485667590
0.0134727521 1.9966532696 -2.2999075116 72.7090752675 239.5190940199
0.0713589459 2.8688959608 -0.9051086491 281.0692509335 189.2627351338
-0.3054732399 1.1553874900 0.2017032538 380.9040381376 59.1991346612
0.8179732118 2.2948193458 -0.2082891874 358.9482882087 249.7309950692
0.4760255981 1.6652719494 -2.0074300235 100.1141467337 302.5618907200
0.4157939103 1.1830938811 0.6503161745 504.0448664769 203.1255589953
-0.0197024909 1.9179607289 -0.7375181316 258.7587637725 182.7513710646
-0.8454043785 2.6955158446 1.3401100284 469.4099396992 30.1536293930
1.6912700364 2.9152958030 2.0943006760 544.5102457775 248.0111163053
2.1243149059 2.5165360083 -1.1599424087 314.0926731549 360.2936218758
1.3605142988 1.3279683397 -2.8167563008 13.8080321904 468.8208561529
1.6985656786 2.3108705817 2.0575274508 581.6243035379 267.8538666943
0.8606978522 2.4381202060 -0.8605197644 300.3768568584 265.2697516304
2.2974160006 1.1434337072 1.1115312662 598.3019847985 444.4534608607
1.8636994645 0.9851570773 0.8625067980 583.6046489553 434.8761708042
2.8400527988 2.3293742471 -2.5758741647 222.4315087640 444.9624403390
0.6837708879 1.9678359559 0.5759732938 444.8123941875 222.6150797109
2.4952987901 1.9204534977 1.3630564139 550.6124407699 368.6730279349
1.9598271384 2.0807628825 -1.8172077782 241.5934678985 396.0872997009
0.3223913466 0.6572687096 0.3411312926 502.0828808595 227.4216491231
2.4273031833 1.9853565523 2.7413508252 673.9837402715 324.6653331211
1.2977747122 2.7046068227 -2.0603174099 223.1598186071 314.5711900962
2.8920798147 2.1378650829 -2.5311623147 219.2472025582 464.3942802457
-0.8911796826 2.9815497203 -1.4877817901 197.8958128237 113.6273820758
-0.3089028941 2.6625183818 2.6735419307 610.4281009832 54.8760785087
2.7260240624 2.2495865463 -1.9352716347 265.2464861812 432.3360618545
1.1135292309 2.9590436052 0.6041369903 426.2225368729 237.3159169391
2.6278435143 1.8946618219 1.8255796272 596.5117947719 369.0450865930
0.6336242524 1.1783842050 -1.0552852102 194.8348800363 328.9198474773
2.3667225286 2.8706255632 -2.1373102295 257.9522018659 372.3310634477
1.5404004160 2.0873391010 1.9086104661 587.2258578628 266.2714825339
0.2585293654 0.5934473492 -0.5108773483 180.1940680612 300.7987589736
2.4841714159 1.4051269004 1.6262681959 628.3890878160 409.1351021840
2.1983390802 1.3671984969 -1.0802983766 301.8124117701 475.8825630847
1.0168380356 1.8187565862 1.2681363448 540.8719608365 242.6948766567
0.9146035834 1.0196575720 1.7087156997 746.3227834248 248.9178450666
2.3406080829 1.6524588336 2.3188796262 674.9245765904 351.7130953634
1.7824561088 1.2368809704 -0.1031601285 413.2029607585 423.8788446767
1.2383180701 1.3099832525 -2.0678546936 104.7852700466 431.4425836237
0.7871674616 2.0424983208 0.2012990387 402.7133427164 243.2808005792
0.9719223617 1.9689701437 -1.5625638722 216.2483727356 318.1464618798
-0.2121167416 1.7897788713 0.8297268490 468.0940678804 90.3472593889
2.8361755367 1.9949440335 -2.4556373968 216.4064858232 474.5790632717
0.9923400970 0.5709656991 -0.1292795507 398.4643816055 464.2048009361
2.6984458114 1.3496573022 0.7124865195 527.6223981893 461.5610037601
0.8962104592 2.8887750237 0.0742970148 382.6622689930 233.7741533015
1.4570043822 2.3114412965 -2.8657043889 139.5314036566 367.6370681789
1.6781638844 1.7635796532 -1.0815039641 291.1946990373 384.0236040007
-1.1012706995 2.9606741992 0.3197833124 356.6332387689 42.5998490771
2.1326369723 1.5933316956 2.3844999725 693.7767217627 335.6009397447
1.4697371940 1.7050643911 -2.6910499524 97.9485170513 420.3898134702
1.4997362677 2.2552284310 -1.7042058754 240.5082750607 346.6960679576
0.3612892001 1.9794375196 1.7997934799 586.0346547075 143.7275582036
1.1655134506 1.3593261429 2.2617282296 742.4240706449 244.5132419718
1.9711161295 2.5320500174 -0.8647562015 333.2917947539 343.3429423000
2.2679231297 1.6166728105 1.6066018340 602.2908914542 369.3439127556
0.8587961988 2.4448778198 2.1427041175 577.8273041287 188.6631832394
0.4245033914 1.0191820396 1.0525622049 617.7194408392 185.1025781964
0.6325419191 2.6208530677 -2.3930825352 163.8548284953 277.4818253490
2.2683739193 1.5151538458 1.0720505343 552.0240661541 395.0008194488
2.8407462338 2.6756664027 -1.3199547291 322.1656808962 394.5890695718
1.2202986687 1.9498949965 2.2978520360 644.3817582239 228.4909686761
0.8583509219 1.9819683117 -2.4177920373 118.1925308465 332.3881395033
-0.7126786561 1.9834577945 -1.0618160856 176.1845315139 93.9323245189
1.9193600062 2.7960739311 -1.6739447817 275.5532617097 342.3106010206
0.0615378091 1.2928000387 1.6921680272 691.0019515685 72.7383838294
1.9577623473 1.9570472736 1.2495788176 533.8546224916 326.7161661788
1.4063415740 2.6146316096 2.3857624421 586.3437608863 227.7341574170
0.8374901713 1.4854764911 2.1589736941 707.3473732374 197.1033979694
2.7230803671 2.1668952310 -1.0932890004 331.4196072110 421.0683904922
1.5141529547 1.3550904227 1.7856819041 666.1887329689 309.2662778435
-0.0667491202 2.8893935758 -1.8135267343 199.3813343912 199.1810450051
1.1468270981 2.4561268263 -0.9711199181 300.4353153317 290.7199897498
0.0760607588 1.1070308493 1.1084568367 612.4372320112 98.3043084150
1.8638170845 2.7136824619 0.0667283887 402.4512240078 307.8064482588
1.7836301664 2.3017608285 -2.5962998189 177.4445382563 384.7186140739
2.0330982211 1.2071025275 -0.3551796497 387.0606036700 462.1580063645
1.1730569531 1.2704948479 -1.1105960248 236.7290374305 392.1606741320
2.9461481719 2.4968893176 2.7161145307 619.1731291299 333.3644760131
0.7279847276 1.9901461379 -1.3627605785 226.9960385078 287.1746286895
1.7827388544 2.9902355627 2.0898483581 540.6741357978 252.8131725606
0.9641042651 2.6882373571 1.1690572800 477.7232331180 218.3851377585
0.7664780110 2.9653914697 -0.1033146028 365.6666966299 226.4354673360
0.4083008837 1.8891851128 1.7336414602 587.7333119499 151.4199762959
1.4488983111 0.6617484764 1.0469220162 696.8019526022 437.6679465816
1.1060195470 2.4830620612 0.3854567192 418.4989898742 254.0842361893
2.8833560441 2.6773336796 -0.2468877160 397.7336158320 376.6036597587
2.7832056284 2.7310910625 0.6875618561 459.8271497800 350.8605105959
0.4773538111 1.3095008612 -1.5680206608 109.7851792075 315.6370564914
-0.4791536927 2.3891232452 -2.6389828612 51.9073690165 185.4335146036
1.8142779780 2.3081898863 -0.8022692629 332.6344106186 344.1798732827
-0.1459639570 2.6501550755 1.2960006555 476.6770050039 110.7749075204
0.1815827826 2.0076210646 -1.8337579884 142.6025912769 243.0432606298
1.8809823717 2.0841163296 0.5893151287 462.5871760202 329.5936717467
0.5522005358 2.0961738439 -1.3378655295 227.1811916663 263.5743390244

gimbalangles:
-0.0471300883 -1.3015098591 -1.3186499944

end: