T_CW:
0.8138129312 -0.2961792344 0.4999863740 -0.4017684182
0.3244995270 -0.4821368327 -0.8137838358 0.0345202990
0.4820877202 0.8245131507 -0.2962591676 0.2396949099
0.0000000000 0.0000000000 0.0000000000 1.0000000000

T_CW_cov:
0.0000002724 -0.0000000442 -0.0000000458 0.0000000714 0.0000004348 0.0000000064
-0.0000000442 0.0000002872 0.0000000089 -0.0000005262 -0.0000000615 0.0000000554
-0.0000000458 0.0000000089 0.0000003063 -0.0000000089 -0.0000002722 0.0000000036
0.0000000714 -0.0000005262 -0.0000000089 0.0000015321 0.0000001029 0.0000001574
0.0000004348 -0.0000000615 -0.0000002722 0.0000001029 0.0000012813 0.0000000306
0.0000000064 0.0000000554 0.0000000036 0.0000001574 0.0000000306 0.0000005996

target_points_pix:
2.9185907309 1.9178459633 1.8610296438 586.2585237619 107.7642568627
0.4525511890 1.4771543701 -0.3709931605 286.5992488492 208.2397848756
0.0134727521 1.9966532696 -2.2999075116 174.8747998475 328.6851813221
0.0713589459 2.8688959608 -0.9051086491 238.2616208081 190.6478973499
2.5591223247 -0.0443953625 0.5219552533 743.8622641068 326.8115581734
1.8324549851 0.5136414256 0.1050882143 533.2042862327 286.9944204689
-0.3054732399 1.1553874900 0.2017032538 156.2274013494 46.4296488080
0.8179732118 2.2948193458 -0.2082891874 326.2909242277 180.2818077603
0.4760255981 1.6652719494 -2.0074300235 225.3771906235 341.1081998702
0.4157939103 1.1830938811 0.6503161745 357.8483571648 55.5612196977
-0.0197024909 1.9179607289 -0.7375181316 214.1668117316 204.2631945711
1.6912700364 2.9152958030 2.0943006760 473.9550363833 24.1366147394
1.0143189639 -0.1834378360 0.2340703772 658.4495601354 363.9844856499
2.1243149059 2.5165360083 -1.1599424087 375.2823313892 269.6088636233
2.2027673226 1.2739145926 -2.7746600208 346.8444165230 422.0592257746
2.6388940522 0.2859068827 0.6616028722 685.5551353670 273.0845265999
2.2838413789 1.2710353105 -2.0665887182 379.3634130421 388.1857339196
2.6356910408 1.1581813945 0.7110316627 563.8627100940 213.0087376252
1.3605142988 1.3279683397 -2.8167563008 281.6869370976 421.7708594954
1.6985656786 2.3108705817 2.0575274508 511.3154806388 13.3397673570
0.8606978522 2.4381202060 -0.8605197644 304.3337519398 226.0673867574
2.2974160006 1.1434337072 1.1115312662 582.8814788892 155.9217202694
1.8636994645 0.9851570773 0.8625067980 554.3789508740 162.8695280843
2.8400527988 2.3293742471 -2.5758741647 371.4198087264 347.9741986844
0.6837708879 1.9678359559 0.5759732938 358.7875830418 100.7170527350
2.4952987901 1.9204534977 1.3630564139 535.8329606789 129.5032300985
1.9598271384 2.0807628825 -1.8172077782 352.0921839256 320.0914139249
0.3223913466 0.6572687096 0.3411312926 328.0425893461 107.8192540512
1.2977747122 2.7046068227 -2.0603174099 298.6064967318 293.8148325380
2.8920798147 2.1378650829 -2.5311623147 378.3472520006 356.3473641796
-0.8911796826 2.9815497203 -1.4877817901 129.6726172100 196.4700873099
2.7260240624 2.2495865463 -1.9352716347 386.2554608208 325.2892801645
1.1135292309 2.9590436052 0.6041369903 369.5295894898 118.2634664757
2.6278435143 1.8946618219 1.8255796272 575.3341208418 95.1381770892
0.6336242524 1.1783842050 -1.0552852102 274.3605067532 309.5930978634
2.3667225286 2.8706255632 -2.1373102295 353.7132788979 303.6919788000
1.5404004160 2.0873391010 1.9086104661 509.4116465962 10.4762178951
0.2585293654 0.5934473492 -0.5108773483 225.4782716019 299.2904134593
2.4841714159 1.4051269004 1.6262681959 606.1031870473 106.6046146339
2.1983390802 1.3671984969 -1.0802983766 414.1683774829 324.7206116164
1.0168380356 1.8187565862 1.2681363448 443.2175554056 37.8772048267
2.3406080829 1.6524588336 2.3188796262 632.6630997736 15.7772202496
1.7824561088 1.2368809704 -0.1031601285 446.2008466395 250.6481875819
2.6588510636 -0.1466194073 -0.3037086062 643.1921301121 437.0473289275
1.2383180701 1.3099832525 -2.0678546936 297.3040078190 381.4136392951
0.7871674616 2.0424983208 0.2012990387 346.5997120901 146.8466124173
1.3716637695 0.8792669647 -1.3574988410 347.9447773450 378.2303263975
0.9719223617 1.9689701437 -1.5625638722 291.0359388775 297.7338908661
2.8361755367 1.9949440335 -2.4556373968 380.6891477032 360.6501110741
1.2103062974 0.1184933070 0.6222756592 657.0474456175 194.8317341361
0.9923400970 0.5709656991 -0.1292795507 409.3021187538 276.5754494595
2.6984458114 1.3496573022 0.7124865195 548.6042107487 208.0779794372
0.7575916053 0.2523891601 -1.0951950878 288.3993799416 462.7262687905
0.8962104592 2.8887750237 0.0742970148 336.0428075425 149.7011659797
2.4003927181 0.1999549924 -0.1597382894 587.5829554150 366.6981834975
1.4570043822 2.3114412965 -2.8657043889 288.0002284265 352.5943187288
1.6781638844 1.7635796532 -1.0815039641 366.7059696978 291.8361803547
-1.1012706995 2.9606741992 0.3197833124 138.5240311808 3.0066019928
1.4697371940 1.7050643911 -2.6910499524 294.5871996300 383.7119005343
1.4997362677 2.2552284310 -1.7042058754 324.0197430360 298.9035973875
1.9711161295 2.5320500174 -0.8647562015 376.6896120531 250.4178951804
2.2679231297 1.6166728105 1.6066018340 570.7415464799 94.2286569894
0.6325419191 2.6208530677 -2.3930825352 243.5294043445 305.1268589659
2.2683739193 1.5151538458 1.0720505343 538.9139266104 150.7578343807
2.8407462338 2.6756664027 -1.3199547291 401.5161590151 282.2316276633
0.8583509219 1.9819683117 -2.4177920373 254.6931002691 345.9738019869
0.7902253300 -0.0498267092 -0.2495925517 423.8903745423 431.1186846535
-0.7126786561 1.9834577945 -1.0618160856 100.1169865325 201.5352629025
1.9193600062 2.7960739311 -1.6739447817 344.5283149281 280.5668092064
2.8049534027 1.7549510628 -2.7261348255 375.2000423583 385.5976619337
2.9691898119 0.8306301282 -1.4718533968 464.5714881890 394.8105691251
1.9577623473 1.9570472736 1.2495788176 498.4765307201 110.7986046524
2.4239824816 0.7568461512 -2.0444246221 405.3730284773 433.6999604451
2.5332886341 0.3624403137 -0.8886724309 507.7748507177 407.4765424322
2.7230803671 2.1668952310 -1.0932890004 416.6489798275 289.8066079193
-0.0667491202 2.8893935758 -1.8135267343 203.3906284281 247.0188295301
2.8849499926 1.7528628131 -1.9172862492 406.5970382337 351.4457543265
1.1468270981 2.4561268263 -0.9711199181 321.9531235887 240.4200216454
1.8638170845 2.7136824619 0.0667283887 400.1506575746 187.5186895315
1.7836301664 2.3017608285 -2.5962998189 315.9909887721 343.3576947122
2.0330982211 1.2071025275 -0.3551796497 450.2463241841 281.3413869186
1.1730569531 1.2704948479 -1.1105960248 333.2002652905 317.9372936079
2.9461481719 2.4968893176 2.7161145307 592.4169455840 38.3486703122
0.6570472120 0.4945068807 -1.4712885553 245.5873797172 448.5396182216
0.7279847276 1.9901461379 -1.3627605785 275.7203267386 277.9797059062
1.7827388544 2.9902355627 2.0898483581 474.8202753349 31.9019888977
0.9641042651 2.6882373571 1.1690572800 391.3084055786 60.8378433705
1.5773005481 0.8563350408 -2.8473658583 299.8512981579 472.1543168894
0.7664780110 2.9653914697 -0.1033146028 319.1946055157 156.5495094725
1.7669752855 0.9690625695 -0.5529376649 431.2747266252 309.1924556194
1.4488983111 0.6617484764 1.0469220162 602.9253657489 102.6050938378
1.1060195470 2.4830620612 0.3854567192 371.2778902667 139.6644037215
2.8833560441 2.6773336796 -0.2468877160 439.0812632363 232.3877994028
2.7832056284 2.7310910625 0.6875618561 468.6352951126 176.9568255586
0.4773538111 1.3095008612 -1.5680206608 233.2603985665 339.6791963130
0.7034332180 -0.0654622727 0.4930513506 654.3322246677 171.2680843016
-0.4791536927 2.3891232452 -2.6389828612 128.4631509743 316.2204579633
1.9631750106 0.7384015444 -1.1730532119 419.5965676337 383.1070321142
2.7390766891 1.4458832406 -1.4800111153 425.1401524811 347.9966499624
1.8142779780 2.3081898863 -0.8022692629 375.1359427846 251.8315798254
0.1815827826 2.0076210646 -1.8337579884 206.1636330013 298.9817132264
1.8809823717 2.0841163296 0.5893151287 447.7334689448 164.0786403027
1.0562875771 0.1801981948 -0.5239100279 408.1518973290 404.2938530606
0.5522005358 2.0961738439 -1.3378655295 260.8423553672 266.8040419067

gimbalangles:
-0.0471300883 -1.3015098591 -1.3186499944

end: