T_CW:
0.2437579489 -0.9697744295 0.0109370144 -0.0297806616
-0.9303188620 -0.2306245202 0.2851651201 0.0010228697
-0.2740234980 -0.0796861756 -0.9584160036 -0.0655907933
0.0000000000 0.0000000000 0.0000000000 1.0000000000

T_CW_cov:
0.0000003942 -0.0000000429 -0.0000000113 0.0000000658 0.0000009564 -0.0000000426
-0.0000000429 0.0000002596 -0.0000000192 -0.0000007945 -0.0000000534 0.0000000578
-0.0000000113 -0.0000000192 0.0000002041 0.0000001059 -0.0000000899 -0.0000000043
0.0000000658 -0.0000007945 0.0000001059 0.0000031237 0.0000000035 -0.0000000848
0.0000009564 -0.0000000534 -0.0000000899 0.0000000035 0.0000030199 -0.0000000016
-0.0000000426 0.0000000578 -0.0000000043 -0.0000000848 -0.0000000016 0.0000006009

target_points_pix:
1.4904409015 -0.8576028127 -2.6357354281 504.8996525478 18.3556663814
-2.4509590965 0.8871749841 -2.1853645049 236.2713999751 373.2359908758
0.7583609253 0.4677505926 -2.4511855211 336.6819791979 60.2541578818
-1.1698605629 -0.0915581141 -1.3700899405 338.2610412807 350.0722001109
-0.4339811544 0.3604827340 -1.2275564470 274.8848312472 233.8424142305
-1.2830020915 -0.7477612956 -2.9741651212 401.7767470548 278.8387831738
0.0134727521 1.9966532696 -2.2999075116 131.9400281584 101.5098700302
1.5390997624 -1.5424577392 -2.4175742588 600.0732012606 21.0028563090
-2.5095895023 1.4537282118 -1.9005724212 159.9864041002 391.1090170674
-1.3783621819 0.6183489028 -2.2812195003 277.4799878883 287.9762696627
0.8751195563 -2.7412553167 -2.3497777337 689.8831129243 144.5029594423
0.4760255981 1.6652719494 -2.0074300235 140.1774023075 27.5545308498
-2.7526374896 -2.4282561608 -2.0502608060 513.8900132069 455.0977912868
0.0469361765 -0.1783641195 -2.6535832882 387.5372769684 165.5913704287
-2.6318751097 -0.2406755511 -1.7765257254 328.7543122606 442.8715090793
-2.2570881565 2.7082349037 -2.0633919600 37.8895762085 332.3386338735
-2.4349464755 0.7633696205 -1.9950480928 238.6734888937 389.5752359610
-1.5006224968 -2.7756126823 -1.2469839680 688.6085966383 470.4060608706
1.0230141211 -2.0286101404 -1.6936841533 739.7385140069 77.2292591683
-0.3342155314 -1.4791719233 -1.8288346165 541.4702323888 256.3442154708
-0.8431574331 -1.9395949874 -1.4799140705 601.9932633054 352.3644404901
-2.6437567343 -2.7994983705 -2.3091975591 532.7737298869 430.8388284751
-1.2333229781 0.8026401249 -0.6833503019 62.5619809238 454.8413296577
-0.2118470871 -0.0163581002 -1.5873625828 362.0455763053 199.5340853386
-0.1823780494 -0.8635400208 -2.5844140384 445.5368502245 204.4710843377
-1.2292746160 0.8858709981 -2.9739817686 278.4844048875 246.8809017720
-0.7482836631 -2.2901477881 -2.3809329031 559.4480411534 290.3172903669
-0.5278049365 -2.9772354716 -1.6874461611 714.3131183549 326.8120171948
-1.8905943680 -2.4627044847 -2.4214448040 527.6880354067 372.9275808252
-1.5747020397 0.3647896395 -2.1186734669 294.5152247562 319.0193619465
0.8262230982 -2.7700330224 -2.2296368352 707.0558463198 150.0408048642
-2.9933007186 -2.9934415882 -2.4369486571 529.0913693362 441.6422536099
1.0749470139 -2.7742481684 -2.6710858845 664.3511517293 127.5818409976
-2.5954390840 0.9615306910 -1.9993108423 217.9329228614 397.5923344204
-0.5276153481 -2.5064104042 -2.0030443754 622.8546820128 294.4330860768
0.2277862557 -0.3340403307 -2.6300424523 407.3657633734 151.2055665888
0.7112279187 -0.6943231092 -2.1725083750 477.4857473517 95.2429865137
1.1504892931 -0.6627365524 -2.0403880364 504.7293476594 16.9029753021
-1.8048953481 1.9335417400 -1.4229821744 26.9039189636 361.8393481020
-0.1425061998 -1.1158049670 -0.6788600397 717.9389527244 306.5096636903
-0.9856763569 -0.5848182569 -0.8305814883 441.8047034853 428.0495406782
0.0588398480 0.1345663759 -1.9919443238 352.9521041319 152.6581618978
-2.3495685473 0.3594685558 -2.9255488728 304.3774063821 331.1418364839
-1.2272046121 -1.5636394124 -2.1282380772 490.9163412906 328.6065002385
1.1375885433 -0.0063029323 -2.6361798873 400.5734376561 36.1979955318
-2.1679331945 -2.2497089087 -2.4883330897 500.1214091658 382.4629502740
-1.2502089736 -0.4633432231 -1.6307261334 387.7788799891 343.4280832842
-1.7725763211 0.1321032521 -2.5127218453 322.2841983485 317.0808553424
1.5108970396 -1.3615313295 -2.9687420888 534.2736395594 50.1977701863
-1.0103194588 -0.8321822294 -2.8083801352 416.0323764808 266.6121557103
-0.3638610292 -0.9546125156 -1.7797905765 480.2096583805 246.5130673199
0.3303057821 0.2394415897 -2.7978580808 354.8169206603 127.6892568962
0.9955118727 -0.6900885001 -2.2663970244 485.0664921129 58.7197994188
-2.8070000852 2.1028983329 -1.6509945629 58.8568439387 428.7142168995
-1.0050947886 1.3796874961 -1.1237346037 41.3153704534 300.6945039484
-2.9469886051 -0.0556582209 -2.3291306646 316.8488754441 409.3789710373
-2.2906387154 -1.9032725139 -2.9466558645 459.0535776778 357.8849492264
0.0126243685 -2.0694425955 -2.4142551407 571.3839469356 217.2929240512
2.0562877052 -2.9757796727 -2.6627237828 747.9396165890 17.3040539463
-0.3936100835 -1.1881348723 -1.5631378304 524.5941851159 268.4807120527
-2.0786952816 -1.2439389284 -2.8570242590 421.5079437918 341.4147333922
0.0746601060 0.5852067123 -2.6719971241 314.6891796034 143.4113443822
-1.9296688539 -1.8920561824 -1.4908164832 531.3812174448 453.5690814212
-1.8553364985 -2.2370036957 -1.3848175939 582.8713485118 468.9894922968
-1.1895189559 -0.0584733151 -0.8465864265 314.0999277985 437.2370400588
-2.1610756819 -2.5467967732 -1.5818627512 579.4855147886 470.8923379215
-1.0310568987 0.1681308091 -1.9239170579 320.3284512486 283.6084595348
0.4923176364 -2.9486591499 -2.4580393176 671.0357849192 191.2099192472
-0.7896994598 -0.6712832293 -1.4482634684 437.9950035074 312.0980134453
-1.7593186310 0.6483982310 -1.4034331411 219.2956855168 393.4634846137
1.7040403951 -1.8849249930 -2.4309656511 646.8789785531 10.7113713760
-0.3139309819 -0.3902845608 -2.9588867546 395.3709824605 200.9774225594
-1.2283828643 -2.6822559147 -2.2808022666 578.7766773302 340.2714948019
-2.4005462004 -1.4231052476 -1.7722446267 450.3085392361 446.5172641872
-1.0519031372 -0.6309223896 -1.1260086692 431.3329004377 383.3914727268
0.0229598532 -2.2709885252 -1.3699846470 743.1853863191 258.7407292005
-2.5222100225 -0.7635231769 -2.4214857334 380.8614986925 386.9964497593
-1.1789359356 0.5890362018 -2.6866246034 295.5902482536 256.5713908194
-2.3709911216 0.7873857488 -1.7873182151 224.7249551488 403.6188207676
-2.1351115329 0.3711751050 -2.8548084772 304.7012501412 321.1128558447
-1.5993342926 1.4370656586 -2.3495525503 198.0796614539 286.5407403176
-1.6020343444 1.0108264512 -2.1461077954 228.7016128230 306.0936342667
0.1346661905 -1.4032030397 -2.7868114016 495.6032872317 185.8431473588
-0.4791536927 2.3891232452 -2.6389828612 124.5886922010 153.3909861116
-1.7376268140 2.4434120148 -2.6251467566 122.8137279656 266.6108975630
0.6772129729 -1.3872812868 -2.0826048477 565.3264237207 121.8609164956
-1.4994475505 -0.9512953885 -2.1558872977 424.2589450095 336.8631015822
0.5091662389 -1.5917825661 -1.9651756083 591.8667641507 150.3397571556
0.1815827826 2.0076210646 -1.8337579884 56.6671763268 51.2816621605
-0.2655979503 -2.6868276852 -2.0208468826 654.2294432782 272.2346521879
-2.2862629253 -0.2226837426 -1.4929258470 328.6480540991 450.6323647316
-2.7921738827 1.8243530301 -1.3223706776 44.1189029597 478.6777215885
0.6331406616 -0.7213015916 -1.7853225676 502.5061337304 92.3805425641

gimbalangles:
-1.6511881196 -0.4202275191 -0.7263323441

end: