T_CW:
0.813126131256810 -0.483944784489547 0.323455314120356 0.011621856531814
0.529346876187118 0.845904734399047 -0.065092741471053 0.008927056673978
-0.242111088837898 0.224148669160990 0.944001904010307 -0.037111084262568
0.000000000000000 0.000000000000000 0.000000000000000 1.000000000000000

T_CW_cov:
0.000000454834522 -0.000000057322658 -0.000000031227727 0.000000119187490 0.000001040721982 -0.000000001930429
-0.000000057322658 0.000000283831802 -0.000000000647954 -0.000000774500285 -0.000000109002286 0.000000009897982
-0.000000031227727 -0.000000000647954 0.000000199689405 0.000000022618713 -0.000000075895322 0.000000000908620
0.000000119187490 -0.000000774500285 0.000000022618713 0.000002654109156 0.000000213676984 0.000000008098643
0.000001040721982 -0.000000109002286 -0.000000075895322 0.000000213676984 0.000002918511733 0.000000027167961
-0.000000001930429 0.000000009897982 0.000000000908620 0.000000008098643 0.000000027167961 0.000000495839891

target_points_pix:
-2.894844139882586 0.626952975212953 1.276598131992237 106.536032753189033 110.028569797374558
-1.784274999354633 0.358989752143200 1.389678325383619 217.831389890540407 141.809521036052843
0.410113173644941 0.536274192399978 2.211690102196433 468.793053739897061 302.108918914762455
0.376868269491302 1.547742600806341 2.053135656158933 401.427060982353225 394.776049422333472
0.912158489264184 0.142680861227956 1.207983140341669 659.636568092790412 380.775746955674549
0.046269919670005 -0.857852777220630 1.621705320978712 560.659186982074061 90.019670715901981
0.945662569122669 1.760153269745571 2.974348651753882 448.659855838960198 388.232962185521785
-2.380374054855652 2.224103700322538 1.199995224442018 84.211340604866734 301.093762404421227
-1.679765835343294 0.449720655470374 0.924644277490595 146.103259374968843 138.730658753482089
-0.191032256193631 1.231152443164277 2.297274306901333 375.631362628910608 318.393939645573141
0.821105526166656 1.242348034614174 2.542574551529467 464.439579373855338 371.153130508643358
0.106097197544578 -1.586979738801300 2.101489332490848 614.109524275444869 21.059154528764338
-0.845404378483952 2.695515844627400 1.340110028364365 191.605446336098424 447.885468157475657
-2.114554369033391 2.536828030619504 1.652743675808383 152.256111245252100 325.765569032203359
-0.180119838378372 -0.547998574933346 1.311464993215246 494.859439855908249 102.572014523771202
0.291199084492292 0.453431892380420 1.909458418030879 462.330441748916598 296.425271163293758
0.425639955333826 -1.694721804660521 2.857543598629928 608.778374969124684 85.691034947647182
-1.941630898137938 -1.117064766151136 2.706488415483634 361.928272803175105 50.497298081982933
0.834463258621495 0.725016701496996 1.608918387480616 519.457404413743916 400.432991374401240
-2.198719778085213 2.686910366159879 1.224991392497277 87.659374775948663 350.973245193897014
0.304249663992359 -0.729757268759560 1.238264087314165 649.082926376679325 96.833041564810884
-0.214657564098442 -0.504635799099989 1.954909472616277 474.068901421591534 148.365328351775105
-0.843715431402718 1.552617475551560 2.504156727760964 323.548767816964869 299.436222777392686
-1.471500719061330 1.094730027126477 1.722510921937721 247.478976011339995 244.414799229414768
-1.628109365896271 -0.330304979444732 1.007836113164901 213.365120508089717 4.857839639243082
-0.440343914850063 0.783036985018339 1.977536569991633 365.462836013218919 275.011843424608060
0.380298172856866 -1.298743151086943 2.104596717599694 626.976674362966833 81.246760559223077
-1.955709274983680 -0.185206896822774 1.135840332582000 190.378976727193987 32.353655780100723
1.152378882989988 -2.162866322483199 2.973607017601903 731.800405052857741 70.276272413412300
-0.940235149372314 -1.200528897008388 2.439258870325218 442.386834739409892 58.710466910587570
-0.308902894081003 2.662518381846243 2.673541930749186 324.486626589572666 386.878291118712582
0.358118174141076 0.741091728677766 2.917116117947550 452.071788435470467 294.539289412825724
-0.853723967853528 1.528030534754436 1.009861785902686 194.486621254876582 368.940182516189509
0.000197430235167 0.425602185379799 2.645721047261987 437.890090621497961 258.193958390889350
-1.840086147600242 0.680228501872818 2.741700205366840 304.084964840939506 195.928063937492766
1.351811419852067 0.783096493381664 2.751030019425284 538.158735494796474 360.880979065613190
0.079904736471226 -1.404300557266472 2.579670587336606 561.674091289881403 86.690265958217907
1.187100558706069 -0.861906893643477 2.017600602608255 732.192281146234563 200.658986217931755
-2.260080484105838 2.704238611220442 2.995759768399392 242.472173235653514 295.067727910667941
-2.255264626852401 1.604364350462638 1.819463249134218 187.288506258825521 244.600044526191084
1.848099923092915 1.061536246002513 2.263280864998368 597.025549911901180 461.968710037225378
-0.719882733921688 0.779123062806577 0.485874919465445 126.153928926215542 319.707239801002856
-1.236474659704397 -0.830785729170653 2.230815506240015 389.674110954764785 74.006336385683909
2.464899791767131 0.133651585808758 2.786025348731038 715.784706558668404 388.239478094332412
0.914603583400992 1.019657572042683 1.708715699678023 499.731962756986320 429.688776557988319
-1.831052306790053 -0.188945198352711 1.564405063598759 259.675393220595993 78.995599947106314
-1.417893060359139 0.561668205419461 2.396355813765268 318.007633724362222 201.639023163386071
-2.626187839327878 -0.784981490205779 2.754168447227376 307.023626190051516 61.569360696561432
-2.378714710387544 0.356910764592629 2.568394823819310 274.786237797504327 150.914834399607372
0.011489359382638 1.484965435225342 2.719446545046375 390.667805593703008 332.091391375826106
-1.046365628292480 2.856196618331841 2.451340543139825 266.304443555702619 370.132967196996162
-1.385389251304131 2.806719883853976 2.543983071641538 255.379534591894640 347.400906852663240
-2.405530186309526 0.970826069224190 2.428103425594758 246.330046811281647 191.966036752243099
-1.330024949823912 2.574190105771045 1.125736268335892 130.038049868735982 416.651258197495736
0.578178692579423 0.767445955150868 2.091912091973885 471.918818511507538 341.239458943615091
0.361289200112146 1.979437519624452 1.799793479901044 366.845981224827028 450.189741064870873
0.315022632559829 -1.747112529424197 2.074569376130251 672.213222828228709 0.391567506822668
-1.227605326131707 2.681976980218303 0.813572596313053 75.216026173982129 473.348873472155333
1.165513450568036 1.359326142866921 2.261728229570661 493.114321665905209 425.318977183194704
-2.326818397556014 1.793768432294453 2.559134051889133 236.368132788960281 248.825239369282599
-0.612568001743769 0.421948739754678 1.690722919949404 355.979337265167942 230.377514568164116
-0.790934143675526 1.685879459816040 2.406057881537154 317.556835083604653 313.734858121896025
0.424503391425445 1.019182039581089 1.052562204921530 420.881086245558663 469.154854700131978
0.583602969381916 -0.454800371988159 2.643037342913001 545.776126985701239 213.476347295369749
-1.819651711045487 0.423861646527818 0.762971275614351 92.213263002867905 111.477196884104671
2.144900729808161 0.032223101409752 2.542387948717812 710.140368632075365 371.041780711714182
-0.906495690038693 1.339944712993076 1.305398959885680 241.066471107001320 321.020512082892367
1.220298668676579 1.949894996526472 2.297852036002098 460.753498942266731 468.778300715824969
-1.725010526060548 1.379961557513223 1.728749526176968 219.058345212349650 255.253635641942424
0.881526355925920 -0.954421506133186 1.746665705280744 733.726682258962228 148.594305437813546
-0.532727446652133 1.807864180253997 2.451023797656803 331.943870455510705 333.930727965452263
0.886769126975743 -0.126963633753276 2.413053404855960 565.928804881754672 265.460304164314380
0.061537809105531 1.292800038686337 1.692168027219357 373.088535623255723 374.647009486384832
-1.847317464594975 1.568052479839529 0.708229112793922 33.631317731311242 292.225035381802513
0.386353897180372 0.600404873706901 2.477720398410876 461.651154686900782 297.382059373347147
1.747875670791832 0.746494880401744 2.711592061931588 583.204870748679014 387.784856463251572
-1.040702596941218 1.851191598981524 0.761257738306126 109.056843479935196 414.345378775710401
-2.157901261647881 2.615855068441164 1.216030115121428 90.266556596420457 348.561737245819813
-2.160587929070460 -0.886840057529803 2.034952546012701 303.232229874198993 18.600158219676445
-1.023196965438885 -0.653288877085203 1.394130223976590 365.947041292551830 33.481509152349815
0.837490171283028 1.485476491060759 2.158973694053571 451.552300634262167 417.550495675155446
-2.474755227043269 1.797130439944961 1.532062213070679 137.061697269045482 251.543909186459842
-2.898714295171244 2.409541803822898 2.871769284488597 215.763005784390231 259.691486669348649
-0.069779878869687 0.333010611880953 2.165252128368183 432.230073607875909 252.561631133346367
-0.825888478669362 1.955149920554193 2.940413836798625 328.366571454463553 313.641961371209163
0.076060758835924 1.107030849292172 1.108456836711084 355.031634995125216 417.886698389757328
-1.301598020435731 -0.477598335284593 1.929470689273046 352.033535511898720 92.720886890094874
-1.476953341479463 0.801881429363502 2.241642260267484 296.489908129579931 217.334880916757470
-1.249017059294648 1.809779148238554 2.982405696357302 311.794162004914142 287.056130601404845
0.590748596256939 -0.301206405545826 2.897612535064620 528.408846669230570 227.728279492187596
-2.552648262493129 1.689930588152716 2.429763098690281 219.468029322807922 234.292532731479412
-2.915577286459229 1.801525502847701 0.920206044397381 9.819622312201830 230.795258934697074
-2.255031087818837 2.746933246465083 2.562123245223610 216.736817265687250 305.923556653750040
-0.873138988358957 -0.781452409495700 2.093701557856058 418.994258879846200 86.461968220130558
-1.640450080504410 -1.043767729106053 1.867006338383324 347.971244877982883 0.861384569166773
-1.920808214580888 1.642330667732721 1.690984194835790 193.498842437106617 266.998876600135588
-0.270537863900404 1.469760709370638 2.796774196941943 374.070975136305549 314.348663733717956
0.408300883713200 1.889185112811873 1.733641460218463 374.039557233779249 454.558839472856903
0.806310778729913 0.518444657202965 1.043178533836483 585.162832044384913 464.099090455966234
-0.320008211904443 0.977308006341261 1.139783735220228 311.368851444804420 346.798457047637214
-0.907567565523452 -0.514179279084973 2.053742821691218 397.801338396499773 114.165860349115533
0.587587992034352 -1.941097990729944 2.773384363749689 656.045127432643085 58.188731285207211
-1.039066990360902 2.498047758366645 1.622616343361779 216.145955272341894 393.359100143814203

gimbalangles:
-1.639641389403230 -2.812213822187852 2.107653613593601

end: