T_CW:
0.6134084204 -0.7421725169 0.2700186383 -0.0242872660
-0.5874031347 -0.2002034692 0.7841403754 0.0199643406
-0.5279087679 -0.6396081036 -0.5587609566 -0.0459557304
0.0000000000 0.0000000000 0.0000000000 1.0000000000

T_CW_cov:
0.0000005006 -0.0000000113 -0.0000000482 0.0000001080 0.0000011879 0.0000000604
-0.0000000113 0.0000003929 -0.0000000083 -0.0000011303 -0.0000000721 0.0000000619
-0.0000000482 -0.0000000083 0.0000002429 0.0000000194 -0.0000001807 -0.0000000092
0.0000001080 -0.0000011303 0.0000000194 0.0000039136 0.0000003941 -0.0000000287
0.0000011879 -0.0000000721 -0.0000001807 0.0000003941 0.0000034655 0.0000001741
0.0000000604 0.0000000619 -0.0000000092 -0.0000000287 0.0000001741 0.0000006710

target_points_pix:
-0.6320758571 -2.9734307655 -0.9551538105 511.6287073957 260.3928754296
-2.4509590965 0.8871749841 -2.1853645049 21.8386948438 184.5506262153
-1.1698605629 -0.0915581141 -1.3700899405 193.8904916563 178.6537721100
-1.2830020915 -0.7477612956 -2.9741651212 282.7877420809 116.9371358251
-0.2553136312 -1.9712086642 0.1715341730 631.6217447836 374.0838333425
-0.1550543400 -2.4137450398 0.5014556902 711.7892002243 423.1376869119
-1.9323731186 -0.3012474738 -0.7481905140 194.1402263266 335.7859830486
-2.1173200533 -2.1447782396 -1.4060294826 366.8066654257 283.6246328782
-1.7590488229 -1.6158880204 -0.8003083999 363.0232316815 316.0801091353
-1.3783621819 0.6183489028 -2.2812195003 73.8490107151 71.6311931533
0.8751195563 -2.7412553167 -2.3497777337 555.8375658162 70.6136340958
-2.7526374896 -2.4282561608 -2.0502608060 348.0524348493 269.9072475660
-0.4132450863 -1.6619243622 -0.3975132155 516.0961569594 286.9117838849
-2.6318751097 -0.2406755511 -1.7765257254 187.0157736867 261.1490805555
-0.4611632066 -1.2374349928 0.2883990725 576.2426447345 463.4140020551
-0.8863209803 -2.2520445289 0.3132015694 545.8384484070 416.9435512252
-2.1289845198 -2.0063977310 0.0907732718 394.2392758784 422.2002870578
-2.4349464755 0.7633696205 -1.9950480928 35.3393917386 205.1195172182
-1.5006224968 -2.7756126823 -1.2469839680 433.5981132478 275.7765806368
1.0230141211 -2.0286101404 -1.6936841533 616.0521171548 20.3903104046
-0.3342155314 -1.4791719233 -1.8288346165 418.7540541220 133.3541078510
-2.5927084704 -2.6493188930 -0.8510426906 383.6813681748 336.7356715167
-1.4003785247 -0.3736922668 -0.7233151088 230.2422894754 303.1506217477
-0.3665870185 -2.4417945195 -0.7850897223 527.5253782999 251.6575314073
-0.8431574331 -1.9395949874 -1.4799140705 424.0391279158 214.3733382272
-2.6437567343 -2.7994983705 -2.3091975591 364.7361318537 257.4850683222
-2.7741509670 -2.0402444891 -0.1757024121 353.0820497974 403.9089827649
-1.9646052403 -2.0029863434 -1.3242917964 367.2482280604 282.5309307404
-0.1823780494 -0.8635400208 -2.5844140384 352.3316047143 35.2753594628
-0.7482836631 -2.2901477881 -2.3809329031 419.4333588317 166.9463698472
-0.5278049365 -2.9772354716 -1.6874461611 485.4379694825 208.6261545102
-1.8905943680 -2.4627044847 -2.4214448040 374.5610942011 222.3482258424
-1.5747020397 0.3647896395 -2.1186734669 120.0754539262 129.4281360729
0.8262230982 -2.7700330224 -2.2296368352 560.2630557981 81.5523584211
-0.4042982512 -2.7503468765 -0.9514857109 523.8819678696 245.5690323652
-2.9933007186 -2.9934415882 -2.4369486571 360.3861742518 262.7695189966
0.6597325242 -2.7190445851 -1.4226758844 602.9020834701 133.1227815532
1.0749470139 -2.7742481684 -2.6710858845 555.1431427041 43.3832597174
-0.9505699837 -1.1068315995 -0.2186933854 404.4161250343 357.9171033567
-0.5276153481 -2.5064104042 -2.0030443754 454.5958637753 179.1109062200
-0.1425061998 -1.1158049670 -0.6788600397 489.9961176535 195.2138675290
-0.9856763569 -0.5848182569 -0.8305814883 298.2623755894 251.1857243385
0.5258951825 -1.9250366668 -0.8884842334 631.1273947622 136.2678026071
-1.0606481474 -2.1885100011 0.3504036302 522.1643368598 430.3283937399
-2.8798376111 -2.4797889453 0.6139716428 394.5279946269 478.7857425750
-2.3495685473 0.3594685558 -2.9255488728 140.6438790180 149.8704002990
0.4195796210 -1.9748834519 -0.3264386009 705.5580417363 221.3550069405
-1.2272046121 -1.5636394124 -2.1282380772 358.8946194271 186.2598672484
-1.7586502624 -2.0947587884 0.1629999156 431.3395488781 421.3613465827
-2.4637418305 -2.7427375996 0.0218696577 415.7751360608 403.7844959398
-2.1679331945 -2.2497089087 -2.4883330897 353.6925283167 227.0530998648
-1.2502089736 -0.4633432231 -1.6307261334 257.6855005843 182.4662785862
-1.7725763211 0.1321032521 -2.5127218453 168.3497590818 137.3953008054
0.6126184509 -1.9652231620 -0.7123293042 679.9131398634 144.8691254529
-2.0098147786 -2.3425078733 -0.2469870441 413.2799682395 374.2871917790
-1.0103194588 -0.8321822294 -2.8083801352 301.9276681391 106.8904221481
-0.3638610292 -0.9546125156 -1.7797905765 372.5528640546 105.4173625654
0.5171586540 -2.8836435482 -0.8402935305 642.6549788268 195.3958134332
-2.9469886051 -0.0556582209 -2.3291306646 169.8138817765 233.9468460010
-2.2714974815 -1.5754805292 -0.3708202209 339.9771634370 380.3792263040
-2.2906387154 -1.9032725139 -2.9466558645 326.4696278782 205.4710316264
0.0126243685 -2.0694425955 -2.4142551407 455.3082971626 103.8271365866
0.1833241938 -1.9899009328 0.1044753387 734.9216083516 328.2481853620
-0.3936100835 -1.1881348723 -1.5631378304 401.4620750948 140.2645806821
-1.4161008387 -2.1674853346 0.4832161336 487.7975867915 460.9668266533
-2.0786952816 -1.2439389284 -2.8570242590 294.6953192013 186.8362098221
-1.5563505293 -2.3259772891 0.0237559221 455.9727155034 391.4074194735
-1.9296688539 -1.8920561824 -1.4908164832 358.7306890197 268.6597513538
-1.8553364985 -2.2370036957 -1.3848175939 384.8835675989 275.7968831887
-1.1895189559 -0.0584733151 -0.8465864265 167.6434927745 254.2274486625
-2.1610756819 -2.5467967732 -1.5818627512 382.7259291354 277.2390125934
-1.0310568987 0.1681308091 -1.9239170579 160.5026295651 88.2198972068
0.7293110861 -2.4662675618 -1.2961584207 621.6314893769 119.6097351659
0.4923176364 -2.9486591499 -2.4580393176 522.8148744494 107.9922488314
-0.7896994598 -0.6712832293 -1.4482634684 314.8664530630 161.7397987778
-0.4784341868 -2.0935500770 0.3372802366 611.9670935894 415.1324551754
0.1761868050 -2.0212782925 -1.2051419420 541.8603405303 156.9560636638
-2.0809982885 -2.3007220402 -1.1211365928 382.8935035180 302.7115507543
-0.5766055598 -2.9777220371 0.7269098261 654.9395304509 449.2010131888
0.9252734353 -2.1199048929 -1.1736164176 670.0160467210 72.8400580253
-1.2283828643 -2.6822559147 -2.2808022666 415.6691891397 205.1641165523
-2.4005462004 -1.4231052476 -1.7722446267 304.0356209458 264.8228187828
-1.0519031372 -0.6309223896 -1.1260086692 295.9740850951 220.9331142961
0.0229598532 -2.2709885252 -1.3699846470 521.6637615725 170.9429257460
-2.5222100225 -0.7635231769 -2.4214857334 247.1042665906 220.4468622258
1.4842521203 -2.9178812129 -1.7333624324 686.9426969930 43.1727898700
-1.1789359356 0.5890362018 -2.6866246034 103.4944986447 24.3040682082
-2.3709911216 0.7873857488 -1.7873182151 13.6166426708 218.7477601927
-2.1351115329 0.3711751050 -2.8548084772 139.3295376409 136.7476087916
-2.3524978632 -0.4190901020 -0.6763358060 199.4217968012 364.9885645687
-1.7962047277 -1.0397187367 -0.0814019688 318.8480947218 422.6163600878
-2.4323608169 -2.8139920343 -0.8519714480 399.1155080992 332.4063756273
-2.5794207443 -2.5586017987 0.5377249120 415.3005813061 465.0320529021
-2.2583880082 -1.9579383648 0.2674464298 387.7085521634 449.1325461264
0.1346661905 -1.4032030397 -2.7868114016 411.3484757619 36.4855114034
-1.4994475505 -0.9512953885 -2.1558872977 298.2937734418 183.0558310200
0.5091662389 -1.5917825661 -1.9651756083 501.6150235251 38.2071271533
-0.7268183569 -2.5035628023 0.7114419446 623.3311330284 475.8602868456
-1.9858815282 -1.4791766923 -1.1752089238 331.8995017113 291.5855171157
-0.2655979503 -2.6868276852 -2.0208468826 478.7525552530 167.9871896733
-2.2862629253 -0.2226837426 -1.4929258470 187.0167039422 266.3619321140

gimbalangles:
-2.5223806010 -0.2735219970 -0.6905987169

end: