T_CW:
0.8138097934 -0.2961941949 0.4999826187 -0.4018406021
0.3245856947 -0.4819738293 -0.8138460264 0.0344954459
0.4820350059 0.8246030722 -0.2960946240 0.2396887649
0.0000000000 0.0000000000 0.0000000000 1.0000000000

T_CW_cov:
0.0000002724 -0.0000000442 -0.0000000458 0.0000000713 0.0000004348 0.0000000063
-0.0000000442 0.0000002872 0.0000000089 -0.0000005261 -0.0000000614 0.0000000554
-0.0000000458 0.0000000089 0.0000003063 -0.0000000087 -0.0000002721 0.0000000036
0.0000000713 -0.0000005261 -0.0000000087 0.0000015319 0.0000001028 0.0000001573
0.0000004348 -0.0000000614 -0.0000002721 0.0000001028 0.0000012814 0.0000000306
0.0000000063 0.0000000554 0.0000000036 0.0000001573 0.0000000306 0.0000005997

target_points_pix:
2.9185907309 1.9178459633 1.8610296438 586.5778010862 107.9560441557
0.4525511890 1.4771543701 -0.3709931605 286.3434057005 208.8969226452
0.0134727521 1.9966532696 -2.2999075116 174.9364624713 328.6744779478
0.0713589459 2.8688959608 -0.9051086491 238.4059470532 190.5413983445
2.5591223247 -0.0443953625 0.5219552533 743.7695293028 326.6479203577
1.8324549851 0.5136414256 0.1050882143 533.2920526329 286.9905403677
-0.3054732399 1.1553874900 0.2017032538 156.2716069414 46.6900166195
0.8179732118 2.2948193458 -0.2082891874 326.6682953317 180.5278110774
0.4760255981 1.6652719494 -2.0074300235 225.2898429948 341.2991725319
0.4157939103 1.1830938811 0.6503161745 357.4987699282 55.5426253376
-0.0197024909 1.9179607289 -0.7375181316 213.6832952116 204.2000942032
1.6912700364 2.9152958030 2.0943006760 474.1855060421 24.5453735075
1.0143189639 -0.1834378360 0.2340703772 658.4753493450 363.9288692444
2.1243149059 2.5165360083 -1.1599424087 375.3861115625 269.5834413417
2.2027673226 1.2739145926 -2.7746600208 346.7861987845 422.0354814155
2.6388940522 0.2859068827 0.6616028722 685.7129596396 272.9879917890
2.2838413789 1.2710353105 -2.0665887182 378.8583971430 388.1316082859
2.6356910408 1.1581813945 0.7110316627 563.7010140158 212.7189193345
1.3605142988 1.3279683397 -2.8167563008 281.3364216231 421.7959766435
1.6985656786 2.3108705817 2.0575274508 511.2943908027 12.9555575656
0.8606978522 2.4381202060 -0.8605197644 304.4200957661 226.3631376614
2.2974160006 1.1434337072 1.1115312662 583.2368525010 156.0356286394
1.8636994645 0.9851570773 0.8625067980 554.4855317947 162.9909809019
2.8400527988 2.3293742471 -2.5758741647 371.5622910991 348.0382780888
0.6837708879 1.9678359559 0.5759732938 358.9170165276 100.7856504162
2.4952987901 1.9204534977 1.3630564139 535.9090903567 129.7817258044
1.9598271384 2.0807628825 -1.8172077782 352.2766815737 320.0681545373
0.3223913466 0.6572687096 0.3411312926 327.8391446026 107.5383655896
1.2977747122 2.7046068227 -2.0603174099 298.6463378515 293.6077379905
2.8920798147 2.1378650829 -2.5311623147 378.3669842214 356.5767553285
-0.8911796826 2.9815497203 -1.4877817901 129.4433631374 196.5426914135
2.7260240624 2.2495865463 -1.9352716347 386.8013362374 324.9537382460
1.1135292309 2.9590436052 0.6041369903 369.7301150522 118.4578195175
2.6278435143 1.8946618219 1.8255796272 574.9297993523 94.8924832397
0.6336242524 1.1783842050 -1.0552852102 274.6143917036 309.7445297857
2.3667225286 2.8706255632 -2.1373102295 353.7595179988 303.9751139394
1.5404004160 2.0873391010 1.9086104661 509.5597293462 10.8207579273
0.2585293654 0.5934473492 -0.5108773483 225.2386193978 299.3761206626
2.4841714159 1.4051269004 1.6262681959 605.8916032312 107.0877444279
2.1983390802 1.3671984969 -1.0802983766 414.2748752983 325.1475029561
1.0168380356 1.8187565862 1.2681363448 443.4359450397 37.9291033699
2.3406080829 1.6524588336 2.3188796262 632.2464543864 16.3367659727
1.7824561088 1.2368809704 -0.1031601285 445.9861411920 250.6974469809
2.6588510636 -0.1466194073 -0.3037086062 643.6954343381 436.7398826445
1.2383180701 1.3099832525 -2.0678546936 296.9147439408 381.7366473674
0.7871674616 2.0424983208 0.2012990387 346.6102640507 146.9644785598
1.3716637695 0.8792669647 -1.3574988410 348.6109538208 377.8650189777
0.9719223617 1.9689701437 -1.5625638722 290.9481150493 298.1835689921
2.8361755367 1.9949440335 -2.4556373968 380.4789738862 360.6775639913
1.2103062974 0.1184933070 0.6222756592 657.3272842501 194.8781219222
0.9923400970 0.5709656991 -0.1292795507 409.1466675506 276.3942135792
2.6984458114 1.3496573022 0.7124865195 548.6161017946 207.9568888345
0.7575916053 0.2523891601 -1.0951950878 288.4741948435 462.9545930626
0.8962104592 2.8887750237 0.0742970148 336.0369123440 149.7082375344
2.4003927181 0.1999549924 -0.1597382894 587.5085633271 366.5047406642
1.4570043822 2.3114412965 -2.8657043889 288.0948670975 352.5581059737
1.6781638844 1.7635796532 -1.0815039641 366.8085135248 291.9794455172
-1.1012706995 2.9606741992 0.3197833124 138.2537903512 3.1379074249
1.4697371940 1.7050643911 -2.6910499524 294.2040453287 383.6345775944
1.4997362677 2.2552284310 -1.7042058754 324.4142752744 299.4275195324
1.9711161295 2.5320500174 -0.8647562015 376.5577285183 250.5335197840
2.2679231297 1.6166728105 1.6066018340 570.9435225108 94.4014299037
0.6325419191 2.6208530677 -2.3930825352 243.6808302703 304.7382602223
2.2683739193 1.5151538458 1.0720505343 538.8851408883 150.8435400334
2.8407462338 2.6756664027 -1.3199547291 401.8533325590 281.7880931851
0.8583509219 1.9819683117 -2.4177920373 254.5358212089 346.6765357475
0.7902253300 -0.0498267092 -0.2495925517 423.8416902357 431.4545659312
-0.7126786561 1.9834577945 -1.0618160856 100.1898988869 201.7594994886
1.9193600062 2.7960739311 -1.6739447817 344.4427171416 280.6140729217
2.8049534027 1.7549510628 -2.7261348255 374.9456835453 385.1296714198
2.9691898119 0.8306301282 -1.4718533968 464.7097498432 395.1744510801
1.9577623473 1.9570472736 1.2495788176 498.4145399230 110.8588350225
2.4239824816 0.7568461512 -2.0444246221 404.8571035753 434.3385672146
2.5332886341 0.3624403137 -0.8886724309 507.6571144866 407.2563528552
2.7230803671 2.1668952310 -1.0932890004 416.9001483661 289.6583638459
-0.0667491202 2.8893935758 -1.8135267343 203.9378407201 246.8351511221
2.8849499926 1.7528628131 -1.9172862492 406.3155787391 351.4847348254
1.1468270981 2.4561268263 -0.9711199181 322.2812745739 240.8791752183
1.8638170845 2.7136824619 0.0667283887 400.0580781711 187.2656855234
1.7836301664 2.3017608285 -2.5962998189 315.4010010147 343.3409638701
2.0330982211 1.2071025275 -0.3551796497 450.2763608118 281.4034373957
1.1730569531 1.2704948479 -1.1105960248 333.5081638865 317.9449797999
2.9461481719 2.4968893176 2.7161145307 592.0486645088 38.3843739590
0.6570472120 0.4945068807 -1.4712885553 245.7675285060 448.3826459220
0.7279847276 1.9901461379 -1.3627605785 276.3906479278 277.9856655905
1.7827388544 2.9902355627 2.0898483581 474.6279129978 31.8215506292
0.9641042651 2.6882373571 1.1690572800 391.3135868552 61.0081949232
1.5773005481 0.8563350408 -2.8473658583 299.6478734129 472.0424455389
0.7664780110 2.9653914697 -0.1033146028 319.9065376209 156.5098008629
1.7669752855 0.9690625695 -0.5529376649 430.6815227696 309.0636884857
1.4488983111 0.6617484764 1.0469220162 603.0182479789 102.5129941715
1.1060195470 2.4830620612 0.3854567192 371.4949767862 139.3767477787
2.8833560441 2.6773336796 -0.2468877160 439.0520716363 232.1768765394
2.7832056284 2.7310910625 0.6875618561 468.2986944455 176.6747981183
0.4773538111 1.3095008612 -1.5680206608 233.0185925006 340.0274000544
0.7034332180 -0.0654622727 0.4930513506 654.0515679912 171.3801132394
-0.4791536927 2.3891232452 -2.6389828612 128.0083570940 316.5424833784
1.9631750106 0.7384015444 -1.1730532119 419.3688485547 383.1027470994
2.7390766891 1.4458832406 -1.4800111153 425.0721576982 348.3998760255
1.8142779780 2.3081898863 -0.8022692629 374.8109957657 251.6111548676
0.1815827826 2.0076210646 -1.8337579884 206.2607240290 298.6754016941
1.8809823717 2.0841163296 0.5893151287 447.9216763202 164.5584401540
1.0562875771 0.1801981948 -0.5239100279 408.0467845727 404.2180895917
0.5522005358 2.0961738439 -1.3378655295 261.0441430606 266.0688113956

gimbalangles:
0.3900118437 -2.4472084569 2.9468190871

end: