T_CW:
0.8854640678 0.0230822103 0.4641342438 -0.0195749638
-0.1832348625 -0.9005050436 0.3943547282 0.0078120029
0.4270578062 -0.4342325161 -0.7931353933 -0.0634750270
0.0000000000 0.0000000000 0.0000000000 1.0000000000

T_CW_cov:
0.0000003742 0.0000000450 -0.0000000240 -0.0000001607 0.0000008105 -0.0000001196
0.0000000450 0.0000003137 0.0000000092 -0.0000007823 0.0000001121 -0.0000000533
-0.0000000240 0.0000000092 0.0000002610 -0.0000000038 -0.0000001044 0.0000000125
-0.0000001607 -0.0000007823 -0.0000000038 0.0000025255 -0.0000003927 0.0000002932
0.0000008105 0.0000001121 -0.0000001044 -0.0000003927 0.0000022986 -0.0000002834
-0.0000001196 -0.0000000533 0.0000000125 0.0000002932 -0.0000002834 0.0000006242

target_points_pix:
1.4904409015 -0.8576028127 -2.6357354281 379.8251474674 197.1498842118
2.8469624497 -1.2706155376 -0.4268351525 644.5276643182 294.2741633158
2.4414387687 -2.5855806867 -2.6140916131 425.6367892326 289.2639197585
1.2955616386 -1.4164051859 0.0125195018 618.4252221675 471.6923446889
0.7583609253 0.4677505926 -2.4511855211 317.8847490140 56.0003041187
1.6304909208 -0.4683184133 -1.9111117291 429.4084315011 175.5129362987
-1.2830020915 -0.7477612956 -2.9741651212 77.2687100443 209.6161989151
1.5085798632 -1.1919996516 -1.7278603287 422.9674149798 251.6561821816
1.5390997624 -1.5424577392 -2.4175742588 389.3906184467 251.8389886858
2.6638076555 -1.1338153697 -2.9948707751 431.9123039968 200.2774431588
0.8751195563 -2.7412553167 -2.3497777337 346.6278212908 339.4480525668
0.0469361765 -0.1783641195 -2.6535832882 238.0180330848 139.2980615933
1.5905470624 0.5227412081 -2.2990225691 411.7774636217 57.9695704910
0.8980708545 -0.2130090316 -0.3464988306 589.8855468017 203.8263685360
2.2457088193 -0.2690198173 -1.2941584072 536.8598006658 159.8741598349
2.2385537561 -1.8200234489 -0.7064504535 547.0114560382 342.8599537806
2.8752574486 -1.5801047162 -0.1999385455 663.8487166397 338.8833865232
1.3939397812 -1.4548252074 -0.2639512733 561.7791963699 408.4051428808
1.0230141211 -2.0286101404 -1.6936841533 380.2490054723 330.7421434604
-0.3342155314 -1.4791719233 -1.8288346165 221.6370186139 326.7230663985
1.7022931842 0.6034113149 -2.4383688156 413.5941531810 52.2156137346
1.8436071198 -0.3614789899 -0.5329186283 627.1080261690 199.7392535905
-0.8431574331 -1.9395949874 -1.4799140705 147.7929359349 440.8569089588
2.7511059297 -2.1694872227 -1.9673213969 472.5445848893 285.1797834249
2.9486415274 -2.6758647837 -1.6358413215 492.4256030385 321.0922605600
2.4920592820 -2.8352242968 -2.0271598657 449.6562667923 321.7618908890
-0.2118470871 -0.0163581002 -1.5873625828 169.9244739801 116.7759723796
2.5258584135 -2.8592762385 -0.6116947642 539.9737629040 405.2713635920
-0.1823780494 -0.8635400208 -2.5844140384 226.9363761386 218.3482195794
-0.7482836631 -2.2901477881 -2.3809329031 197.2490606107 362.2762890954
2.6442776321 -1.9549028644 -2.2435606455 456.1671682892 265.6860184713
2.1800794479 -1.0439377960 -1.9029706145 461.0383046214 222.3017880283
-0.5278049365 -2.9772354716 -1.6874461611 237.0338760455 458.4848134895
-1.8905943680 -2.4627044847 -2.4214448040 47.2100739799 424.1283907454
2.4497479841 -1.5512437600 -2.3657692494 444.8248369242 241.1336975049
2.3241395539 -2.8069241618 -0.5895953926 532.4765682732 413.1440456319
1.4521663042 -0.5399965625 -1.6630885379 430.5157916604 190.5284890378
0.8262230982 -2.7700330224 -2.2296368352 346.5921250107 348.7250950380
2.6912848041 -2.1106228893 -0.6993441011 563.5260235469 347.3507731369
2.9170283047 -1.1525861895 -2.5332101054 464.4427817088 207.6129302463
0.6597325242 -2.7190445851 -1.4226758844 360.1156544697 409.3753354699
1.0749470139 -2.7742481684 -2.6710858845 351.1185510658 321.2365142370
2.8541328387 -2.2616395508 -2.4159725580 454.8826213598 273.4988675636
2.2425741823 -1.7173131963 -2.8670343424 412.1011851860 240.3527319043
2.3235776381 -0.6902499417 -1.1799127502 540.0307132178 210.3251150007
1.6075514943 0.3175726274 -1.9505948349 435.4849290811 79.8559307361
-0.5276153481 -2.5064104042 -2.0030443754 225.9767404824 398.7281196841
0.2277862557 -0.3340403307 -2.6300424523 263.5484827576 157.3068025548
0.7112279187 -0.6943231092 -2.1725083750 331.0526642670 201.7624856218
1.1504892931 -0.6627365524 -2.0403880364 379.0987248627 196.9922989224
-0.1425061998 -1.1158049670 -0.6788600397 244.3133407092 447.0836797033
1.9648604716 -1.5172012612 -1.6765924910 454.6475931731 270.4412881633
0.5258951825 -1.9250366668 -0.8884842334 373.7578397254 423.5647101171
0.7575916053 0.2523891601 -1.0951950878 410.5856782711 52.0337328239
0.0588398480 0.1345663759 -1.9919443238 230.3206438341 91.2165185648
1.6820117367 -2.6908657484 -0.4410075725 509.1746068604 456.4722189554
2.4819671509 -1.0003026340 -0.6462119426 606.1606921762 264.3300472821
-1.2272046121 -1.5636394124 -2.1282380772 85.7494301667 348.5053431107
2.7544963644 -1.4088225197 -2.8622308738 439.3666636011 217.9528441824
2.9010377035 -2.0761523624 -2.9764524155 436.3131547564 248.9440008772
2.4690198210 -0.8218292901 -1.7671497527 492.0611522429 204.2540167089
2.8028733044 -1.8940930289 0.2984196099 734.9972406964 424.9142927729
1.1375885433 -0.0063029323 -2.6361798873 352.5976358613 120.8859319280
0.6126184509 -1.9652231620 -0.7123293042 397.2614498227 446.6968468692
1.5108970396 -1.3615313295 -2.9687420888 369.0391774053 224.9144268128
2.0870307964 0.3507490887 -2.2443769366 453.5677918020 84.3844519653
-1.0103194588 -0.8321822294 -2.8083801352 116.8993358553 220.4872274603
-0.3638610292 -0.9546125156 -1.7797905765 196.2312502743 274.5159710940
0.3303057821 0.2394415897 -2.7978580808 262.7540892582 88.2645366506
0.9955118727 -0.6900885001 -2.2663970244 355.0264192964 195.6048342321
2.5245239422 -1.9046691708 0.2882304037 720.9784005562 445.5892407370
0.7902253300 -0.0498267092 -0.2495925517 651.2272310174 146.1994752262
0.0126243685 -2.0694425955 -2.4142551407 271.9919641193 320.0578716080
2.9691898119 0.8306301282 -1.4718533968 609.2497210568 15.3286480409
2.0562877052 -2.9757796727 -2.6627237828 403.7549574335 311.8422679447
-0.3936100835 -1.1881348723 -1.5631378304 197.3862624231 324.2158511784
1.4706806190 -0.4806013601 -2.0637464314 406.7640971360 175.0664019634
2.3703281476 -2.2094223224 -0.8768088657 525.8938580936 352.6489723705
0.0746601060 0.5852067123 -2.6719971241 219.6115261919 30.2827670436
2.4239824816 0.7568461512 -2.0444246221 502.9506129428 34.0638729548
2.5332886341 0.3624403137 -0.8886724309 656.3214509515 64.5287876410
0.7293110861 -2.4662675618 -1.2961584207 371.9518237257 402.7972357581
0.4923176364 -2.9486591499 -2.4580393176 318.5131142626 354.4234817003
-0.7896994598 -0.6712832293 -1.4482634684 48.0058148324 282.8181115451
0.1761868050 -2.0212782925 -1.2051419420 313.7355961039 412.6371126603
1.6796342927 -1.3761458959 -0.5238268143 548.3578828763 345.8825874350
0.9252734353 -2.1199048929 -1.1736164176 398.1133983096 381.8724233833
1.7040403951 -1.8849249930 -2.4309656511 397.7953351524 270.3630580213
-0.3139309819 -0.3902845608 -2.9588867546 200.0558374738 161.3288574136
-1.2283828643 -2.6822559147 -2.2808022666 149.4231133111 416.8693957171
0.0229598532 -2.2709885252 -1.3699846470 292.9231924621 420.2574854847
0.6570472120 0.4945068807 -1.4712885553 352.6857664852 4.1615507969
1.4842521203 -2.9178812129 -1.7333624324 407.1177224615 366.0515685035
1.5773005481 0.8563350408 -2.8473658583 382.5742926318 28.8401723506
2.5609837967 -2.9277062911 -1.0449301538 506.2874103772 375.7780520563
2.3311839498 -0.9539271198 -2.8889311096 420.6103064986 193.0514815952
0.1346661905 -1.4032030397 -2.7868114016 269.8794760106 252.2664012166
1.1137504699 -0.3175425869 -1.4064089642 419.7941357480 172.0490538988
2.9181215669 -0.3698662499 -2.9485027558 453.2742847300 150.4533518667
0.6772129729 -1.3872812868 -2.0826048477 334.4606497159 269.9659124653
0.5091662389 -1.5917825661 -1.9651756083 323.2055886265 297.2148666523
2.7857291322 0.2667104279 -2.9126554396 455.5060072805 101.7966916480
-0.2655979503 -2.6868276852 -2.0208468826 258.2300717387 396.2050631242
1.0562875771 0.1801981948 -0.5239100279 601.0707753665 54.5208394007
0.6331406616 -0.7213015916 -1.7853225676 337.2771003625 219.2402575935

gimbalangles:
-2.2702893619 -0.2493679131 -1.6254540471

end: