T_CW:
0.8138027696 -0.2960597392 0.5000736777 -0.4019819700
0.3246418126 -0.4821162107 -0.8137393028 0.0343838636
0.4820090723 0.8245681235 -0.2962341372 0.2395606727
0.0000000000 0.0000000000 0.0000000000 1.0000000000

T_CW_cov:
0.0000002722 -0.0000000441 -0.0000000458 0.0000000713 0.0000004346 0.0000000063
-0.0000000441 0.0000002870 0.0000000089 -0.0000005258 -0.0000000614 0.0000000554
-0.0000000458 0.0000000089 0.0000003062 -0.0000000088 -0.0000002721 0.0000000036
0.0000000713 -0.0000005258 -0.0000000088 0.0000015311 0.0000001027 0.0000001573
0.0000004346 -0.0000000614 -0.0000002721 0.0000001027 0.0000012806 0.0000000305
0.0000000063 0.0000000554 0.0000000036 0.0000001573 0.0000000305 0.0000005992

target_points_pix:
2.9185907309 1.9178459633 1.8610296438 586.3609370819 107.9091379343
0.4525511890 1.4771543701 -0.3709931605 286.1188239105 208.4348007618
0.0134727521 1.9966532696 -2.2999075116 175.0045528346 328.7419315009
0.0713589459 2.8688959608 -0.9051086491 238.2341084320 190.5652705217
2.5591223247 -0.0443953625 0.5219552533 743.9306130860 326.8661841154
1.8324549851 0.5136414256 0.1050882143 533.3929261404 286.9105144874
-0.3054732399 1.1553874900 0.2017032538 156.2025678014 46.5864875367
0.8179732118 2.2948193458 -0.2082891874 326.4355718850 180.1973584060
0.4760255981 1.6652719494 -2.0074300235 225.2699701490 340.2596630185
0.4157939103 1.1830938811 0.6503161745 357.6850989266 55.5421083100
-0.0197024909 1.9179607289 -0.7375181316 214.0163854384 204.1022605457
1.6912700364 2.9152958030 2.0943006760 473.8106757757 24.0621116538
1.0143189639 -0.1834378360 0.2340703772 658.2134409782 364.0579780895
2.1243149059 2.5165360083 -1.1599424087 375.1899757215 269.4733838014
2.2027673226 1.2739145926 -2.7746600208 346.5005154800 422.2807755624
2.6388940522 0.2859068827 0.6616028722 685.9341801657 273.0654030155
2.2838413789 1.2710353105 -2.0665887182 378.7247100008 388.4439521497
2.6356910408 1.1581813945 0.7110316627 563.7495735194 213.2172396675
1.3605142988 1.3279683397 -2.8167563008 281.1682510314 422.0088622106
1.6985656786 2.3108705817 2.0575274508 511.1273303848 12.9090740637
0.8606978522 2.4381202060 -0.8605197644 304.7181687185 226.2680813836
2.2974160006 1.1434337072 1.1115312662 583.0324654593 156.3544138833
1.8636994645 0.9851570773 0.8625067980 554.1929827377 163.3065613911
2.8400527988 2.3293742471 -2.5758741647 371.3232590166 348.1598651330
0.6837708879 1.9678359559 0.5759732938 358.2605182270 100.9976243672
2.4952987901 1.9204534977 1.3630564139 536.1597524371 129.8868013676
1.9598271384 2.0807628825 -1.8172077782 352.4152569866 320.0404288654
0.3223913466 0.6572687096 0.3411312926 327.8990586201 107.5302980998
1.2977747122 2.7046068227 -2.0603174099 298.5937216082 293.6311501982
2.8920798147 2.1378650829 -2.5311623147 378.2449910859 356.2801432323
-0.8911796826 2.9815497203 -1.4877817901 129.6859134510 196.9053512647
2.7260240624 2.2495865463 -1.9352716347 385.9098264248 325.1450202906
1.1135292309 2.9590436052 0.6041369903 369.7016221157 118.4363580839
2.6278435143 1.8946618219 1.8255796272 575.4010272289 95.1115276332
0.6336242524 1.1783842050 -1.0552852102 274.3872543830 309.9602151456
2.3667225286 2.8706255632 -2.1373102295 353.3637315650 303.5155249012
1.5404004160 2.0873391010 1.9086104661 509.3461469192 10.5993639774
0.2585293654 0.5934473492 -0.5108773483 225.4830896114 298.7884872259
2.4841714159 1.4051269004 1.6262681959 605.9218413166 107.0177214902
2.1983390802 1.3671984969 -1.0802983766 414.4029445196 324.8397616932
1.0168380356 1.8187565862 1.2681363448 443.3409751565 38.1715754105
2.3406080829 1.6524588336 2.3188796262 632.4830046743 15.8621161211
1.7824561088 1.2368809704 -0.1031601285 446.6676245300 250.9409928822
2.6588510636 -0.1466194073 -0.3037086062 643.8656423220 436.6956883903
1.2383180701 1.3099832525 -2.0678546936 297.4176998608 381.6465083728
0.7871674616 2.0424983208 0.2012990387 346.7129444849 146.8978176913
1.3716637695 0.8792669647 -1.3574988410 348.5620973716 378.2119074688
0.9719223617 1.9689701437 -1.5625638722 290.8084420820 298.1110986876
2.8361755367 1.9949440335 -2.4556373968 380.8808058341 360.8431289280
1.2103062974 0.1184933070 0.6222756592 657.1493894584 194.9420186778
0.9923400970 0.5709656991 -0.1292795507 409.0159497004 276.3877685274
2.6984458114 1.3496573022 0.7124865195 548.7614213400 207.8366681053
0.7575916053 0.2523891601 -1.0951950878 288.3862398237 462.9617942424
0.8962104592 2.8887750237 0.0742970148 336.2407441301 149.9469648261
2.4003927181 0.1999549924 -0.1597382894 587.6545222720 366.5757546541
1.4570043822 2.3114412965 -2.8657043889 288.1445014537 352.5174263487
1.6781638844 1.7635796532 -1.0815039641 366.6219374666 291.5260525694
-1.1012706995 2.9606741992 0.3197833124 137.8661583361 3.0396585725
1.4697371940 1.7050643911 -2.6910499524 294.2775911972 383.6971035840
1.4997362677 2.2552284310 -1.7042058754 324.2558641415 299.4415670481
1.9711161295 2.5320500174 -0.8647562015 376.8033578675 250.3521748836
2.2679231297 1.6166728105 1.6066018340 570.7143192854 94.2199328797
0.6325419191 2.6208530677 -2.3930825352 243.6614134602 305.1188903502
2.2683739193 1.5151538458 1.0720505343 538.7993489037 150.6233453412
2.8407462338 2.6756664027 -1.3199547291 401.5504016875 282.3836236386
0.8583509219 1.9819683117 -2.4177920373 254.7719498269 346.2511735975
0.7902253300 -0.0498267092 -0.2495925517 423.9731923294 431.2934994515
-0.7126786561 1.9834577945 -1.0618160856 100.1748629681 201.7124576734
1.9193600062 2.7960739311 -1.6739447817 344.3115613809 280.5362478656
2.8049534027 1.7549510628 -2.7261348255 374.9974730270 385.2359232837
2.9691898119 0.8306301282 -1.4718533968 464.2863190695 395.3737856584
1.9577623473 1.9570472736 1.2495788176 498.5817772841 111.0097946273
2.4239824816 0.7568461512 -2.0444246221 404.8554097160 433.4526894174
2.5332886341 0.3624403137 -0.8886724309 507.5339494254 407.5953280579
2.7230803671 2.1668952310 -1.0932890004 416.8864173001 289.8153317644
-0.0667491202 2.8893935758 -1.8135267343 203.7720055762 247.0744636480
2.8849499926 1.7528628131 -1.9172862492 406.6176817925 351.5059141628
1.1468270981 2.4561268263 -0.9711199181 322.2899858048 240.2119719651
1.8638170845 2.7136824619 0.0667283887 400.0397158235 187.2548498374
1.7836301664 2.3017608285 -2.5962998189 315.6237177395 343.0692145314
2.0330982211 1.2071025275 -0.3551796497 450.0920650032 281.3939113625
1.1730569531 1.2704948479 -1.1105960248 333.3154638592 317.9710670061
2.9461481719 2.4968893176 2.7161145307 592.2384135506 38.4133629311
0.6570472120 0.4945068807 -1.4712885553 245.6254578709 448.0294091291
0.7279847276 1.9901461379 -1.3627605785 276.1877693443 278.1468372408
1.7827388544 2.9902355627 2.0898483581 474.3832343508 31.7435818320
0.9641042651 2.6882373571 1.1690572800 391.3997779785 61.2785919357
1.5773005481 0.8563350408 -2.8473658583 299.5151984404 472.0180136627
0.7664780110 2.9653914697 -0.1033146028 320.3015054014 155.6289171271
1.7669752855 0.9690625695 -0.5529376649 430.9909121940 309.2433102770
1.4488983111 0.6617484764 1.0469220162 603.4453336681 102.2654622990
1.1060195470 2.4830620612 0.3854567192 371.5516924684 139.4555589320
2.8833560441 2.6773336796 -0.2468877160 439.0896450916 232.0923215137
2.7832056284 2.7310910625 0.6875618561 468.8060778514 176.7156286026
0.4773538111 1.3095008612 -1.5680206608 233.1028412979 339.7539647434
0.7034332180 -0.0654622727 0.4930513506 654.4313516339 171.2881570089
-0.4791536927 2.3891232452 -2.6389828612 128.3752671593 316.3445105383
1.9631750106 0.7384015444 -1.1730532119 419.2684051412 382.9102204331
2.7390766891 1.4458832406 -1.4800111153 425.3914702646 347.8394926140
1.8142779780 2.3081898863 -0.8022692629 374.6885048828 251.8794119776
0.1815827826 2.0076210646 -1.8337579884 206.1042422773 298.8337649586
1.8809823717 2.0841163296 0.5893151287 447.7646154996 164.2754668741
1.0562875771 0.1801981948 -0.5239100279 407.9748712072 404.3716555764
0.5522005358 2.0961738439 -1.3378655295 260.9918085500 266.5144979365

gimbalangles:
1.7149224239 1.1947229288 1.5793616698

end: