T_CW:
0.9334166954 -0.2346257192 0.2714480516 -0.0240338833
0.0736340607 -0.6151850486 -0.7849365459 -0.0488461603
0.3511570844 0.7526606991 -0.5569475506 -0.0623863012
0.0000000000 0.0000000000 0.0000000000 1.0000000000

T_CW_cov:
0.0000005745 -0.0000000039 0.0000000115 -0.0000000215 0.0000012229 -0.0000000875
-0.0000000039 0.0000004494 -0.0000000333 -0.0000011349 0.0000000031 -0.0000001022
0.0000000115 -0.0000000333 0.0000003984 0.0000001649 -0.0000000452 0.0000000023
-0.0000000215 -0.0000011349 0.0000001649 0.0000036359 -0.0000000759 0.0000003507
0.0000012229 0.0000000031 -0.0000000452 -0.0000000759 0.0000033788 -0.0000000497
-0.0000000875 -0.0000001022 0.0000000023 0.0000003507 -0.0000000497 0.0000010041

target_points_pix:
0.7583609253 0.4677505926 -2.4511855211 363.4457105461 446.1910482592
0.4525511890 1.4771543701 -0.3709931605 367.0411817200 131.2679345407
-0.4339811544 0.3604827340 -1.2275564470 98.7878969237 455.9391908058
0.0134727521 1.9966532696 -2.2999075116 277.3168815606 286.6242258555
0.0713589459 2.8688959608 -0.9051086491 294.4907998302 138.5010113661
0.8179732118 2.2948193458 -0.2082891874 391.8307959349 95.0209753969
0.4760255981 1.6652719494 -2.0074300235 325.0465929789 291.8079125692
1.5905470624 0.5227412081 -2.2990225691 454.7977003417 412.2171297422
-0.0197024909 1.9179607289 -0.7375181316 281.5071843500 151.1587538225
-2.2570881565 2.7082349037 -2.0633919600 30.3387362681 212.3131797725
2.1243149059 2.5165360083 -1.1599424087 454.1913723693 199.8143764894
2.2027673226 1.2739145926 -2.7746600208 448.7483930513 352.8989941937
1.7022931842 0.6034113149 -2.4383688156 453.7290663029 406.3663905284
2.2838413789 1.2710353105 -2.0665887182 481.1477124658 321.2047028813
1.3605142988 1.3279683397 -2.8167563008 389.2486856036 357.0525259008
0.8606978522 2.4381202060 -0.8605197644 372.8115290360 162.9246150272
2.8400527988 2.3293742471 -2.5758741647 456.6164410570 283.6888163364
1.9598271384 2.0807628825 -1.8172077782 436.9885087750 257.8910669836
-1.2292746160 0.8858709981 -2.9739817686 86.0234241464 457.8670191489
1.2977747122 2.7046068227 -2.0603174099 374.8426286912 239.7026177696
2.8920798147 2.1378650829 -2.5311623147 465.5916943433 290.4822010405
-0.8911796826 2.9815497203 -1.4877817901 199.7923371390 169.7313094568
2.7260240624 2.2495865463 -1.9352716347 472.2474512875 258.5732273791
0.6336242524 1.1783842050 -1.0552852102 375.8879445471 254.4360649033
2.3667225286 2.8706255632 -2.1373102295 429.8470862311 241.7052350285
0.2585293654 0.5934473492 -0.5108773483 355.9114375052 241.6637374619
2.1983390802 1.3671984969 -1.0802983766 521.3032449378 252.3654891141
1.6075514943 0.3175726274 -1.9505948349 490.5655981033 425.5654401098
1.7824561088 1.2368809704 -0.1031601285 581.6423909448 146.2208175918
1.2383180701 1.3099832525 -2.0678546936 400.7798152794 322.3775387124
0.7871674616 2.0424983208 0.2012990387 417.5611804060 32.2645300961
1.3716637695 0.8792669647 -1.3574988410 465.0530751897 315.7805975795
0.9719223617 1.9689701437 -1.5625638722 375.3478824399 243.1925063372
2.8361755367 1.9949440335 -2.4556373968 469.9360129717 294.4666923397
0.9923400970 0.5709656991 -0.1292795507 600.1115733302 170.1325015468
0.7575916053 0.2523891601 -1.0951950878 453.9078411107 411.2122834153
0.8962104592 2.8887750237 0.0742970148 391.1476148535 55.3391019261
1.4570043822 2.3114412965 -2.8657043889 376.0728767796 296.1831003692
1.6781638844 1.7635796532 -1.0815039641 457.3818644949 223.5805816766
1.4697371940 1.7050643911 -2.6910499524 391.8089692150 323.5771121611
1.4997362677 2.2552284310 -1.7042058754 405.5891475798 240.2387844431
1.9711161295 2.5320500174 -0.8647562015 454.5266421398 176.8366938542
0.6325419191 2.6208530677 -2.3930825352 326.3992568397 258.3495952312
2.0870307964 0.3507490887 -2.2443769366 511.6248514667 422.5510075317
2.8407462338 2.6756664027 -1.3199547291 483.1400980749 210.3709163632
0.8583509219 1.9819683117 -2.4177920373 348.2095600008 293.7766217131
-1.0050947886 1.3796874961 -1.1237346037 67.0172814594 222.3198330780
-0.7126786561 1.9834577945 -1.0618160856 178.2212808910 173.1036813499
1.9193600062 2.7960739311 -1.6739447817 419.1429093853 218.8931432666
2.8049534027 1.7549510628 -2.7261348255 468.2082893827 317.8229799665
2.9691898119 0.8306301282 -1.4718533968 590.0231490103 320.8434961526
0.0746601060 0.5852067123 -2.6719971241 271.0019527870 456.1747977004
2.4239824816 0.7568461512 -2.0444246221 521.2228378843 362.6509023939
2.5332886341 0.3624403137 -0.8886724309 681.0588537862 332.4038609076
2.7230803671 2.1668952310 -1.0932890004 507.6019011423 214.4726451438
-1.6965573658 2.2500304313 -1.4300462053 41.9863453955 181.7623046177
-0.0667491202 2.8893935758 -1.8135267343 277.1769993233 208.0133528233
2.8849499926 1.7528628131 -1.9172862492 501.1623196597 281.9978244832
1.1468270981 2.4561268263 -0.9711199181 393.6665027673 176.2697183950
1.8638170845 2.7136824619 0.0667283887 477.1618414994 87.5383065002
1.7836301664 2.3017608285 -2.5962998189 400.9632936985 284.8380168169
2.0330982211 1.2071025275 -0.3551796497 581.1036914744 189.3370927737
1.1730569531 1.2704948479 -1.1105960248 434.7778572403 255.6342579033
0.6570472120 0.4945068807 -1.4712885553 388.7358698251 390.3833830856
0.7279847276 1.9901461379 -1.3627605785 357.2719091267 224.4300331927
-1.5993342926 1.4370656586 -2.3495525503 34.1996543549 347.9190129640
1.5773005481 0.8563350408 -2.8473658583 417.2696311454 397.0990381886
0.7664780110 2.9653914697 -0.1033146028 371.9434854129 71.2384921251
1.7669752855 0.9690625695 -0.5529376649 564.4561630955 226.9187322178
1.1060195470 2.4830620612 0.3854567192 440.1573695041 20.0044302062
2.8833560441 2.6773336796 -0.2468877160 529.2134197234 139.0133324505
2.7832056284 2.7310910625 0.6875618561 573.1641228882 46.8580991673
0.4773538111 1.3095008612 -1.5680206608 336.9782620331 289.9890037868
-0.4791536927 2.3891232452 -2.6389828612 235.8824008255 280.7823740781
1.9631750106 0.7384015444 -1.1730532119 548.7365839842 313.7201622101
2.7390766891 1.4458832406 -1.4800111153 529.2637208590 276.1665265784
-1.7376268140 2.4434120148 -2.6251467566 105.1800556338 274.6156026919
1.8142779780 2.3081898863 -0.8022692629 455.2647644883 177.6140603866
0.1815827826 2.0076210646 -1.8337579884 297.1978457972 256.0111889661
2.7857291322 0.2667104279 -2.9126554396 527.1255516631 440.7425696827
1.8809823717 2.0841163296 0.5893151287 559.6289971562 21.8142392180
1.0562875771 0.1801981948 -0.5239100279 630.4661734266 347.7766332353
0.5522005358 2.0961738439 -1.3378655295 339.8086315928 215.1546064798

gimbalangles:
-0.6914416504 -0.2507530212 -1.2758488925

end: