T_CW:
-0.522893673917023 0.443425858832895 0.727980572196722 0.007847738477928
-0.734655699483237 0.198667761553951 -0.648700334311567 0.018381510848995
-0.432276773600380 -0.874016377556766 0.221883218762019 -0.017431798965637
0.000000000000000 0.000000000000000 0.000000000000000 1.000000000000000

T_CW_cov:
0.000000469583841 -0.000000080197242 0.000000003504544 0.000000183022407 0.000001050406995 -0.000000006611814
-0.000000080197242 0.000000423922295 0.000000018934539 -0.000001212245271 -0.000000134939489 -0.000000054802692
0.000000003504544 0.000000018934539 0.000000218195238 -0.000000058630114 0.000000016301925 -0.000000002892082
0.000000183022407 -0.000001212245271 -0.000000058630114 0.000004046846796 0.000000281436185 0.000000155399449
0.000001050406995 -0.000000134939489 0.000000016301925 0.000000281436185 0.000002931031234 -0.000000042999925
-0.000000006611814 -0.000000054802692 -0.000000002892082 0.000000155399449 -0.000000042999925 0.000000573140390

target_points_pix:
-0.632075857116941 -2.973430765459143 -0.955153810481301 221.939767206921061 286.391664372205184
-2.636403943417887 -2.332364509038969 1.613121291927358 480.209219176035447 270.184827084639892
-0.374508819722617 -2.792472966053825 1.843083658289599 400.093869403751626 121.880068690824970
-0.793781681869014 -1.641417650998413 0.707186212655561 401.759061568156199 216.441926871318742
-2.756072458789342 -1.219495393230536 1.919283386623296 584.459993956289964 289.999223820383349
-0.255313631190007 -1.971208664170202 0.171534172980832 295.977421226906131 200.826672986595895
0.623470838340239 -1.939885472193345 -0.297269450580715 124.018953366676783 125.676172294255451
-0.155054339981346 -2.413745039848549 0.501455690159033 309.626755671947649 167.925912686141203
-2.117320053338740 -2.144778239556308 -1.406029482561590 290.779059859332563 442.055676548180656
-1.759048822907458 -1.615888020375582 -0.800308399887226 329.850172689720466 424.087927686221519
-2.673456675019535 -2.626516569506575 1.270193793128689 451.166385784412967 281.009622901938201
-0.413245086284756 -1.661924362225200 -0.397513215549922 248.069340046306422 279.150253397263384
-2.800292032162577 -2.717799094036851 0.708725477149321 426.105673976038986 309.414286845550407
-2.249377601482980 -2.392342577632054 1.747230801799331 473.558763347246554 243.947681922030256
-0.461163206633531 -1.237434992763998 0.288399072466669 358.924846595011331 225.766028884032949
0.106097197544578 -1.586979738801300 2.101489332490848 480.471211497749493 4.722913000879743
-0.886320980318775 -2.252044528870325 0.313201569361650 345.162662355301450 241.472879048105256
-2.128984519802631 -2.006397730996573 0.090773271844217 402.161912792027863 341.219486581843853
-1.500622496762984 -2.775612682301848 -1.246983967959819 258.195165315704116 359.461019763026059
-0.180119838378372 -0.547998574933346 1.311464993215246 612.303350614768306 3.957051104905048
-2.393341522250106 -2.814569004139154 2.156870334324788 471.974720198164277 228.459561446865393
-1.941630898137938 -1.117064766151136 2.706488415483634 627.158593762344935 185.843844963284880
-2.592708470432378 -2.649318893019637 -0.851042690634956 343.026961713634364 385.496782376849865
0.968177481878278 -1.826587437244287 -0.050071853227793 92.299021562152063 24.239075786344500
-0.366587018464878 -2.441794519498384 -0.785089722347453 207.813642786601207 275.469939430963848
-0.843157433083838 -1.939594987363949 -1.479914070498307 165.201887294774565 410.672039886711559
-1.805553117322314 -2.343190618164351 2.235872928386049 487.951558816802844 197.801429994374303
0.776788298176784 -2.750128971869528 0.175401666096890 202.785781286814910 99.215451345386782
-2.643756734310544 -2.799498370532331 -2.309197559134637 254.172111116729013 468.989485644332547
-2.774150966978171 -2.040244489095533 -0.175702412079464 410.481225501132599 385.469037732690140
-1.628109365896271 -0.330304979444732 1.007836113164901 667.129785561876133 339.461592956382844
-1.964605240322167 -2.002986343418303 -1.324291796429495 288.929396278576974 442.773309048736110
-0.748283663115107 -2.290147788125121 -2.380932903058135 55.900167519407319 464.885238711908301
-1.955709274983680 -0.185206896822774 1.135840332582000 721.019091394476050 372.301878469608141
-0.527804936517645 -2.977235471612039 -1.687446161140310 150.645306668460051 329.758075391072452
-0.940235149372314 -1.200528897008388 2.439258870325218 588.232091814087767 103.733251342749526
-0.382334628612583 -2.600421760824444 2.813822754511428 462.899865162941637 77.316682583382374
-1.587322028688587 -2.644207986075857 1.292672915320934 420.178744769223442 226.287086923711200
-0.208944366737399 -2.221377258297758 2.752022459203438 479.904523804801784 50.255141306093265
-0.404298251230601 -2.750346876508495 -0.951485710931852 201.043438530465664 279.316519523658542
-2.993300718625375 -2.993441588152542 -2.436948657120517 265.003803296891419 470.714445771745659
-0.115087828265375 -1.621602364932578 0.699433673458384 353.902129307034272 138.145662619471636
0.659732524222695 -2.719044585050702 -1.422675884421720 20.575653450533991 228.067964326144164
-0.359916190317959 -1.993605606062929 1.433919339499767 414.430522690802889 124.786872229678707
-0.466355308972108 -0.896711500698693 0.878429674387935 477.941392929445669 159.072721602516935
-0.950569983694684 -1.106831599491194 -0.218693385412917 348.538755619716142 357.278705811066402
-1.236474659704397 -0.830785729170653 2.230815506240015 641.054912223927886 144.192140067908781
0.497100103581327 -2.928230638126760 1.276408226385758 317.708772174402043 76.802688159895581
-0.527615348138007 -2.506410404176464 -2.003044375395833 92.753437329723056 388.803990132603531
-2.626187839327878 -0.784981490205779 2.754168447227376 679.536544449125131 240.082262440914889
0.197838782858974 -1.704910246678057 0.934131883775398 349.255741201653450 77.006467006032523
-1.926239666853437 -0.533335699225639 0.490041307374430 572.813501669693437 415.236104139518545
-0.142506199836481 -1.115804967001101 -0.678860039736684 122.884613364166427 334.716542480206783
0.525895182455370 -1.925036666790089 -0.888484233352592 30.688007642226410 205.634350477486066
-1.060648147433165 -2.188510001145658 0.350403630248076 360.073424057144564 253.044697118485686
-2.879837611066490 -2.479788945339600 0.613971642821233 434.260824232891878 324.716781358973151
-1.209909797484534 -2.563904803847953 2.815581246720556 486.721130100300343 137.074603264719826
0.419579620992609 -1.974883451879913 -0.326438600900679 155.020161911853279 161.355880096002238
-1.758650262354513 -2.094758788426888 0.162999915595146 386.145847306414339 312.639722667284161
-2.463741830511737 -2.742737599633919 0.021869657707573 382.001806420134756 328.561509812177746
0.612618450857146 -1.965223161977429 -0.712329304173472 52.915669120101484 171.396746759595544
-0.681004562349794 -1.956240429477597 2.261788146036750 486.372246114565542 109.607640154551518
-2.009814778619000 -2.342507873330543 -0.246987044123800 361.694938018965559 340.748736335219064
0.517158653962242 -2.883643548161206 -0.840293530507212 126.478025453970758 194.573620991060977
-0.746155816902931 -2.734851377467177 1.864129576325877 417.473814301001653 147.300462071333016
-2.271497481476198 -1.575480529171234 -0.370820220879510 399.588368239786746 412.432904624691275
-2.016839952752334 -0.793037966466019 1.464671513975834 604.813813302071935 290.248940143046411
0.183324193769693 -1.989900932840795 0.104475338657137 245.423793415092376 155.436899017649409
-1.319972876987399 -0.445411568997927 0.629395593086583 589.569813558161059 349.384565184630787
-2.918840758978614 -1.381001221954439 1.083957041944150 529.000205207624845 346.058058290304984
-1.416100838720206 -2.167485334628920 0.483216133616751 388.227876456300464 268.878904901425869
-1.556350529336756 -2.325977289144970 0.023755922121903 358.001132384893253 301.008805095692480
-2.160587929070460 -0.886840057529803 2.034952546012701 626.466413099431065 251.914129091810850
-1.023196965438885 -0.653288877085203 1.394130223976590 610.269868402680117 190.630334710928878
-1.929668853918614 -1.892056182417536 -1.490816483216828 272.707501323875988 468.725929955599099
-1.855336498531666 -2.237003695717938 -1.384817593866376 273.656829656175432 422.054089721214950
-2.161075681935003 -2.546796773237552 -1.581862751178117 276.254508519258025 423.775348630964970
-2.674875243981055 -2.493223614391089 2.637683235373650 512.915456540299715 225.755274748076488
-0.478434186750731 -2.093550077009114 0.337280236615828 326.218586083337470 208.976342545129256
-1.301598020435731 -0.477598335284593 1.929470689273046 702.450630471011664 174.886780480578977
1.012226148928721 -2.441338738750435 0.622632403358834 222.100636794850999 24.693098588229589
0.176186804999556 -2.021278292489356 -1.205141941973563 55.600591750862634 285.880285219769348
-2.080998288541923 -2.300722040213718 -1.121136592764370 307.561109102159264 405.801324521779406
-0.576605559813063 -2.977722037134996 0.726909826088295 336.376955055372093 189.418116319804881
-0.148800400356136 -2.955341477661065 1.934551525973162 389.789607680690551 104.024228588626301
-1.228382864302860 -2.682255914716023 -2.280802266560253 149.073779587501235 431.621789290017887
-1.249689330409936 -1.217623436223179 0.920169251878598 482.124262630915268 252.753632476800448
-1.118069105508273 -2.377573793499396 1.967446422962650 454.034912658402448 165.813804973348283
0.022959853197840 -2.270988525214225 -1.369984646990615 81.499948144040104 303.786907246128010
-0.881020117602829 -1.105681435850690 1.475228597087851 528.851526069116062 164.982088131723515
-1.652234327487542 -1.166549869125559 1.514010499456546 546.951680655121891 241.724818284300454
0.913573896963790 -2.835395790839471 0.376782895332359 211.800727125371139 75.224889893278487
-0.873138988358957 -0.781452409495700 2.093701557856058 638.724161580914142 102.621556905999711
-1.640450080504410 -1.043767729106053 1.867006338383324 586.432840756569590 216.205014356333578
-1.796204727683419 -1.039718736694517 -0.081401968752361 437.851987897058393 413.187122531845091
-2.573057709165699 -2.343835408398033 1.388591167805596 468.119843839194004 277.566551258233119
-2.432360816910140 -2.813992034274774 -0.851971447985204 332.222295303133819 371.238262581921731
-0.623494181581364 -2.330474922091730 2.540597364417167 472.783017019047975 100.974161339972426
-2.579420744306482 -2.558601798734101 0.537724911964138 418.253275705098702 313.546950367337843
-0.182937951695047 -2.576140804135971 2.024268462690140 413.351879877291537 93.159008317957586
-2.258388008239526 -1.957938364818705 0.267446429815599 420.939158333901901 338.375141771344204
-1.187320759216839 -1.952091227898764 0.602317152338420 396.154182807295399 251.176744281054795
-1.511024147274940 -1.314068298212891 1.452205263423995 521.381691106570202 230.996353760306903
0.863284382710346 -2.195382504927759 0.820935825676513 259.405364356511882 15.494715024272153
-0.907567565523452 -0.514179279084973 2.053742821691218 705.864712485259133 97.983108011423525
-0.726818356871922 -2.503562802336062 0.711441944568031 356.581681163783742 202.360121279388295
-0.265597950294425 -2.686827685160679 -2.020846882635039 70.630664890769765 359.528169721972517

gimbalangles:
-2.812024248631266 -2.326220827287168 -0.867451136798178

end: