T_CW:
-0.1792250633 -0.8508040486 0.4939745413 -0.0183858361
0.7653840070 -0.4360494002 -0.4733373452 -0.0511242382
0.6181146322 0.2932462981 0.7293427933 0.0001351477
0.0000000000 0.0000000000 0.0000000000 1.0000000000

T_CW_cov:
0.0000004538 0.0000000490 -0.0000000051 -0.0000000879 0.0000009119 -0.0000000138
0.0000000490 0.0000002571 -0.0000000167 -0.0000006125 0.0000000868 0.0000000573
-0.0000000051 -0.0000000167 0.0000002343 0.0000000639 -0.0000000148 -0.0000000042
-0.0000000879 -0.0000006125 0.0000000639 0.0000019432 -0.0000001508 -0.0000001572
0.0000009119 0.0000000868 -0.0000000148 -0.0000001508 0.0000023154 0.0000000129
-0.0000000138 0.0000000573 -0.0000000042 -0.0000001572 0.0000000129 0.0000005529

target_points_pix:
1.5213801119 -2.2008710222 2.5041141733 696.5871758321 340.8960490911
0.1742910257 2.9893768659 1.8724033039 203.7579355081 23.0033720482
0.4101131736 0.5362741924 2.2116901022 440.4303748662 118.1670320081
0.3768682695 1.5477426008 2.0531356562 332.1102646682 83.5511199284
2.9185907309 1.9178459633 1.8610296438 293.8554428681 270.0618923737
1.1463216217 -1.7295446098 1.9332112052 706.0096681067 339.0182224924
0.9121584893 0.1426808612 1.2079831403 423.1020490032 241.6371743102
0.9456625691 1.7601532697 2.9743486518 359.1037412557 128.3457391464
2.5591223247 -0.0443953625 0.5219552533 352.7879814487 448.0083591634
1.8324549851 0.5136414256 0.1050882143 245.2028249019 431.2941459967
2.2959027539 -0.3651612911 1.0377432566 421.2512963387 399.8523861429
-0.1910322562 1.2311524432 2.2972743069 388.0885211169 10.1424071116
1.5642042617 -2.1943799157 2.0967586103 715.0191813321 384.5057173227
2.3041003494 -2.2990699818 1.7052507894 662.4104659709 471.2967437711
1.9063566704 -1.8720756095 2.8336165515 611.7235150180 318.7119957757
0.8211055262 1.2423480346 2.5425745515 378.2343169614 136.1274081980
0.4157939103 1.1830938811 0.6503161745 200.7674201901 114.4420576074
2.0176283046 -1.3083910700 2.4854543714 552.5291769204 320.2795548209
1.6912700364 2.9152958030 2.0943006760 250.3492608201 167.7978676111
1.0143189639 -0.1834378360 0.2340703772 398.5495485046 465.3290999043
0.2911990845 0.4534318924 1.9094584180 444.3524924540 107.7623649221
0.4256399553 -1.6947218047 2.8575435986 735.9344437157 195.3323694778
0.8344632586 0.7250167015 1.6089183875 376.5735730798 177.0951226907
2.6388940522 0.2859068827 0.6616028722 330.1061964609 407.9095515094
0.3042496640 -0.7297572688 1.2382640873 695.2740772145 216.0226359475
-0.2146575641 -0.5046357991 1.9549094726 674.2471089824 45.1095093029
2.6356910408 1.1581813945 0.7110316627 265.7284890455 349.0659001791
1.6985656786 2.3108705817 2.0575274508 280.0767388488 184.4063148711
2.2974160006 1.1434337072 1.1115312662 294.9509673012 303.6172091878
1.8636994645 0.9851570773 0.8625067980 286.1497181073 302.3184830845
0.6837708879 1.9678359559 0.5759732938 114.7951808982 127.2923145382
2.4952987901 1.9204534977 1.3630564139 263.7490812393 268.8542974202
0.3223913466 0.6572687096 0.3411312926 199.1481558874 144.2314369157
0.3802981729 -1.2987431511 2.1045967176 733.5583345413 206.5654141765
2.4273031833 1.9853565523 2.7413508252 328.7528571327 218.7978902293
1.1523788830 -2.1628663225 2.9736070176 707.0924553623 279.0011526249
1.1135292309 2.9590436052 0.6041369903 79.7677964876 145.7225718100
0.3581181741 0.7410917287 2.9171161179 443.6238372956 99.8381919670
0.0001974302 0.4256021854 2.6457210473 484.5573686867 64.2913576663
2.6278435143 1.8946618219 1.8255796272 292.4645905074 257.8865508862
1.3518114199 0.7830964934 2.7510300194 409.3684290197 187.3348534656
1.1871005587 -0.8619068936 2.0176006026 560.9185795990 273.8153253505
1.5404004160 2.0873391010 1.9086104661 283.4761824991 183.4855532171
2.2863225682 -1.1407866103 2.4543879926 523.1058124748 327.0922339714
2.4841714159 1.4051269004 1.6262681959 309.5236949551 275.5278821928
1.8480999231 1.0615362460 2.2632808650 364.2990591130 225.9913987787
2.0950124471 -0.5055487376 0.8267820771 436.6394839913 430.4593426281
2.4648997918 0.1336515858 2.7860253487 429.3999151296 270.3167320471
1.0168380356 1.8187565862 1.2681363448 245.5680716967 162.2638279361
0.9146035834 1.0196575720 1.7087156997 351.8362409451 170.4121921346
2.3406080829 1.6524588336 2.3188796262 328.4401242237 234.3082593230
1.7824561088 1.2368809704 -0.1031601285 124.4068923731 382.7072190431
2.2538497045 -0.9608366362 1.2047620648 495.4766809311 424.6281711556
0.7871674616 2.0424983208 0.2012990387 22.8060237092 154.6933675607
0.0114893594 1.4849654352 2.7194465450 380.8729999001 42.4585841952
2.3780720027 -0.0837965984 2.0767695085 428.6737841030 306.6773074707
1.2103062974 0.1184933070 0.6222756592 370.1828529192 342.9497273948
0.9923400970 0.5709656991 -0.1292795507 112.7513411260 423.3084539478
2.6984458114 1.3496573022 0.7124865195 253.5907289901 341.5650369405
1.4393502068 -0.3605422360 0.5295601244 435.6859438069 437.6324074268
2.1326369723 1.5933316956 2.3844999725 335.5371517775 222.5733879647
0.5781786926 0.7674459552 2.0919120920 404.9365204079 132.4775928229
0.3612892001 1.9794375196 1.7997934799 274.7967090328 69.4545719368
1.1655134506 1.3593261429 2.2617282296 351.9088142572 167.7590471760
2.2679231297 1.6166728105 1.6066018340 295.3986658030 257.3197713034
1.5339740108 -0.0088084180 1.0042570867 405.3099707273 333.4284288719
0.8587961988 2.4448778198 2.1427041175 272.3993693219 112.8980556012
0.4245033914 1.0191820396 1.0525622049 294.4848075600 117.3215566433
0.5836029694 -0.4548003720 2.6430373429 551.4217749546 166.1358378946
2.2683739193 1.5151538458 1.0720505343 266.5776980400 286.7784041097
2.1449007298 0.0322231014 2.5423879487 437.9697796804 268.0243849092
1.2202986687 1.9498949965 2.2978520360 313.7481553717 154.5104577608
0.8815263559 -0.9544215061 1.7466657053 610.6190604992 272.8862630837
1.2961433232 -0.2137759639 0.8682376054 438.6726840340 349.6039409042
0.8867691270 -0.1269636338 2.4130534049 494.4768639426 190.1569812265
2.5432224523 -0.6373923841 0.7409534547 429.9351190164 468.8794656466
0.0615378091 1.2928000387 1.6921680272 332.3257942579 39.2235922654
0.3863538972 0.6004048737 2.4777203984 443.2550953955 110.1504122085
1.9577623473 1.9570472736 1.2495788176 248.1485408177 239.8317598808
1.7478756708 0.7464948804 2.7115920619 402.5047739873 215.6638148403
1.4063415740 2.6146316096 2.3857624421 281.0535075589 150.6707571599
0.8374901713 1.4854764911 2.1589736941 340.2036007467 135.9923257149
1.5141529547 1.3550904227 1.7856819041 323.8859792294 209.8104163710
-0.0697798789 0.3330106119 2.1652521284 491.0545122819 51.2215378552
1.9507874860 -0.6407648270 1.0479185312 469.4794642410 405.7732550562
1.3270867205 -0.5234995568 1.3446707796 500.7147040912 321.0824076722
0.0760607588 1.1070308493 1.1084568367 287.6597728884 34.4988562284
1.8638170845 2.7136824619 0.0667283887 57.3022823877 258.9358389996
2.0330982211 1.2071025275 -0.3551796497 91.5669545731 444.6265153426
1.5235769822 -1.1851647188 1.3670204011 586.8663853757 389.0957009269
2.9461481719 2.4968893176 2.7161145307 303.6778395802 230.2596576338
0.5907485963 -0.3012064055 2.8976125351 533.8078865506 154.4643315011
1.7827388544 2.9902355627 2.0898483581 247.6194560637 171.7713718267
0.9641042651 2.6882373571 1.1690572800 169.7648820515 127.2998912617
-0.2705378639 1.4697607094 2.7967741969 392.0009880004 6.1181794017
0.4083008837 1.8891851128 1.7336414602 276.8450666342 77.9912608099
0.8063107787 0.5184446572 1.0431785338 360.0442503891 213.3760153554
1.8439066339 -0.9471699808 1.1522247373 521.1119059791 413.6711408143
1.4488983111 0.6617484764 1.0469220162 332.5445701119 275.1553424192
1.1060195470 2.4830620612 0.3854567192 69.7321163647 172.3656715279
2.8833560441 2.6773336796 -0.2468877160 78.0771377602 351.2516175914
2.7832056284 2.7310910625 0.6875618561 175.0159802950 284.7046289152
0.7034332180 -0.0654622727 0.4930513506 423.6033169195 327.5063544048
1.6947515968 -1.6709432923 1.9441946478 627.3792607635 368.7526434487
1.3192468384 -0.5366856561 1.1335808896 499.1840515277 346.5644179684
2.3746660379 0.5242174031 1.6523616679 368.6959827209 304.3958183948
1.8809823717 2.0841163296 0.5893151287 173.5202987850 261.4655203678

gimbalangles:
0.9952018891 -0.5167433931 0.2074173148

end: