T_CW:
0.6474327798 -0.7480494065 -0.1457836789 -0.0328088385
0.7347930772 0.6634555110 -0.1410883360 -0.0353638872
0.2022620312 -0.0157756245 0.9792043711 0.0065106059
0.0000000000 0.0000000000 0.0000000000 1.0000000000

T_CW_cov:
0.0000004159 -0.0000000522 -0.0000000162 0.0000001555 0.0000009111 -0.0000000124
-0.0000000522 0.0000002610 -0.0000000257 -0.0000006941 -0.0000001317 -0.0000000270
-0.0000000162 -0.0000000257 0.0000002038 0.0000001145 -0.0000000615 0.0000000049
0.0000001555 -0.0000006941 0.0000001145 0.0000023756 0.0000003957 0.0000001485
0.0000009111 -0.0000001317 -0.0000000615 0.0000003957 0.0000025306 0.0000000857
-0.0000000124 -0.0000000270 0.0000000049 0.0000001485 0.0000000857 0.0000005570

target_points_pix:
1.5213801119 -2.2008710222 2.5041141733 568.1422995659 176.4501814058
0.1742910257 2.9893768659 1.8724033039 53.8936335547 479.2848646267
0.4101131736 0.5362741924 2.2116901022 322.4376617015 272.9109212070
0.3768682695 1.5477426008 2.0531356562 229.6190399384 353.9941479179
1.1463216217 -1.7295446098 1.9332112052 568.1437809780 170.8524929438
0.2808005009 -1.1718645692 1.1250327653 551.3702140131 83.1701893800
0.9121584893 0.1426808612 1.2079831403 423.7592754004 338.1583113954
0.0462699197 -0.8578527772 1.6217053210 435.4638851176 120.0370524549
0.9456625691 1.7601532697 2.9743486518 283.4132867300 350.0151176444
2.2959027539 -0.3651612911 1.0377432566 630.5447828482 444.1924183165
-0.1910322562 1.2311524432 2.2972743069 219.8652441072 274.4458444555
1.5642042617 -2.1943799157 2.0967586103 607.6222918789 175.5860673403
2.3041003494 -2.2990699818 1.7052507894 700.5827772640 227.5494586247
1.9063566704 -1.8720756095 2.8336165515 540.9029793015 218.6507655914
0.8211055262 1.2423480346 2.5425745515 301.9545035954 334.1542994876
2.0176283046 -1.3083910700 2.4854543714 534.6025655402 258.8256503198
0.1060971975 -1.5869797388 2.1014893325 480.3167625454 89.8291773274
0.5802513707 -1.4129348864 1.3211278183 578.0722279661 116.4670839837
-0.1801198384 -0.5479985749 1.3114649932 388.5567669893 102.3829723580
0.2911990845 0.4534318924 1.9094584180 317.3459245818 265.9156377525
0.4256399553 -1.6947218047 2.8575435986 465.9702961201 135.9270042654
0.8344632586 0.7250167015 1.6089183875 337.8127169021 355.2362504512
0.3042496640 -0.7297572688 1.2382640873 474.4083376160 151.4621946747
-0.2146575641 -0.5046357991 1.9549094726 365.1104301446 136.4599544481
-0.8437154314 1.5526174756 2.5041567278 150.2894754998 241.8606929522
-1.4715007191 1.0947300271 1.7225109219 14.5777735440 128.4297612741
-0.4403439149 0.7830369850 1.9775365700 218.7315172876 224.0133195441
0.3802981729 -1.2987431511 2.1045967176 473.3926022556 137.3896046018
2.4273031833 1.9853565523 2.7413508252 348.7131256394 445.2061458258
1.1523788830 -2.1628663225 2.9736070176 519.3690788204 160.3667795836
-0.9402351494 -1.2005288970 2.4392588703 364.5040856493 36.5218254460
-0.3089028941 2.6625183818 2.6735419307 124.3686898342 347.7268232778
-0.3823346286 -2.6004217608 2.8138227545 486.6242119025 23.1669340772
0.3581181741 0.7410917287 2.9171161179 310.7073692676 265.0371786088
-0.2089443667 -2.2213772583 2.7520224592 473.3544576286 55.4403352604
0.0001974302 0.4256021854 2.6457210473 306.4952794873 227.7908485827
-1.8400861476 0.6802285019 2.7417002054 151.8179581617 100.9454182554
1.3518114199 0.7830964934 2.7510300194 363.4842835347 328.5366027377
0.0799047365 -1.4043005573 2.5796705873 440.5106504935 119.8695613758
1.1871005587 -0.8619068936 2.0176006026 492.8006931415 237.4481304401
2.2863225682 -1.1407866103 2.4543879926 537.8740948492 284.8774942425
1.8480999231 1.0615362460 2.2632808650 379.0022113418 399.6577989919
-1.2364746597 -0.8307857292 2.2308155062 308.7997566137 15.5401122938
2.0950124471 -0.5055487376 0.8267820771 681.7686679740 443.4718080627
2.4648997918 0.1336515858 2.7860253487 454.3985531363 349.7122597227
0.9146035834 1.0196575720 1.7087156997 316.0756267463 379.8366329081
2.3406080829 1.6524588336 2.3188796262 367.1505420005 457.3867311106
-1.4178930604 0.5616682054 2.3963558138 173.0449436900 116.9909588581
2.2538497045 -0.9608366362 1.2047620648 662.7213690287 358.2626482646
-2.3787147104 0.3569107646 2.5683948238 112.0761208882 12.6727601236
0.0114893594 1.4849654352 2.7194465450 235.3083413981 292.0444704505
2.3780720027 -0.0837965984 2.0767695085 496.7465347717 370.3004525074
-1.0463656283 2.8561966183 2.4513405431 14.8551301990 323.3550870816
1.2103062974 0.1184933070 0.6222756592 536.2176092670 477.4893728285
-2.4055301863 0.9708260692 2.4281034256 32.1401321915 46.6409091234
1.4393502068 -0.3605422360 0.5295601244 696.5156508452 448.0209960313
2.1326369723 1.5933316956 2.3844999725 358.4178013040 437.8337303388
1.5215156292 -2.3620191306 2.0995385183 617.7190387670 161.1343707307
0.5781786926 0.7674459552 2.0919120920 315.0856694997 307.1509279842
0.3612892001 1.9794375196 1.7997934799 169.3128906539 411.8024794855
0.3150226326 -1.7471125294 2.0745693761 508.8258620829 96.9264861677
1.1655134506 1.3593261429 2.2617282296 313.2361642713 378.9748538330
1.5339740108 -0.0088084180 1.0042570867 527.9055945922 415.2064200707
-0.6125680017 0.4219487398 1.6907229199 218.6962585723 169.4372697874
-0.7909341437 1.6858794598 2.4060578815 135.5510899666 257.6295934656
0.8587961988 2.4448778198 2.1427041175 200.5558073127 446.4051861592
0.4245033914 1.0191820396 1.0525622049 228.0581497771 415.2865653715
0.5836029694 -0.4548003720 2.6430373429 401.9544749086 214.5626447941
2.1449007298 0.0322231014 2.5423879487 454.6381391034 338.9242339032
1.2202986687 1.9498949965 2.2978520360 273.9096979260 418.6461789657
0.8815263559 -0.9544215061 1.7466657053 501.5489489712 205.7256021717
1.2961433232 -0.2137759639 0.8682376054 556.2549213063 380.2389277554
-0.5327274467 1.8078641803 2.4510237977 152.9018441654 285.0377680709
0.8867691270 -0.1269636338 2.4130534049 402.2590985427 257.7289490826
0.0615378091 1.2928000387 1.6921680272 198.9855461167 331.4341566250
0.3863538972 0.6004048737 2.4777203984 317.9420800596 268.3127254817
1.7478756708 0.7464948804 2.7115920619 386.9668372670 349.2187771753
1.4063415740 2.6146316096 2.3857624421 241.9058509203 463.6814781132
0.8374901713 1.4854764911 2.1589736941 277.4772891377 374.1245377718
1.5141529547 1.3550904227 1.7856819041 336.5713553161 444.0111195884
-0.0697798789 0.3330106119 2.1652521284 301.5127583883 219.9192078697
-0.8258884787 1.9551499206 2.9404138368 154.0383029184 261.1697341431
1.9507874860 -0.6407648270 1.0479185312 637.2436537114 378.4093872493
1.3270867205 -0.5234995568 1.3446707796 529.7771017634 300.4502795005
0.2999752779 -2.0607219307 2.4452932410 505.8507349538 91.4751458193
0.0760607588 1.1070308493 1.1084568367 159.2865040921 372.4125172710
1.9041661336 -2.7694805772 1.8613690763 696.6632314974 160.7052274752
-1.3015980204 -0.4775983353 1.9294706893 257.3788753081 6.4429227633
-1.4769533415 0.8018814294 2.2416422603 130.1519662117 123.7791758917
-1.2490170593 1.8097791482 2.9824056964 134.8498183672 223.7328363026
1.1641200600 -2.7568952982 2.8068855712 564.5319366554 127.5566534433
1.5235769822 -1.1851647188 1.3670204011 612.6494097704 254.7525953799
0.5907485963 -0.3012064055 2.8976125351 387.7132653026 222.4592788714
1.5116640493 -2.8250780375 1.5329666214 744.4349179454 107.4080052431
-0.8731389884 -0.7814524095 2.0937015579 334.5405446448 49.0309489761
0.6812398773 -2.9641218080 2.8611191676 553.7658982714 85.6055575235
-0.2705378639 1.4697607094 2.7967741969 219.7525410595 270.9764051620
0.4083008837 1.8891851128 1.7336414602 177.8125867221 414.8782056341
0.8063107787 0.5184446572 1.0431785338 364.9201630865 393.7127225739
1.8439066339 -0.9471699808 1.1522247373 645.5600918923 323.5238803533
-0.3200082119 0.9773080063 1.1397837352 111.4274732429 289.9343778729
0.7034332180 -0.0654622727 0.4930513506 528.0986562659 380.4597371587
1.6947515968 -1.6709432923 1.9441946478 590.7810452142 221.2133422987
-0.9075675655 -0.5141792791 2.0537428217 305.0150613595 64.5284153352
0.5875879920 -1.9410979907 2.7733843637 492.8023699099 131.5306503264
1.3192468384 -0.5366856561 1.1335808896 559.0539578421 312.2064912274
2.3746660379 0.5242174031 1.6523616679 475.8324830453 450.0112727182

gimbalangles:
1.4276965056 0.1463050681 -0.7134210271

end: