T_CW:
-0.6252048617 -0.2789891015 -0.7288922844 -0.0482363857
0.6157526116 -0.7501699805 -0.2410263921 -0.0280426616
-0.4795493742 -0.5995081998 0.6407981867 -0.0403218513
0.0000000000 0.0000000000 0.0000000000 1.0000000000

T_CW_cov:
0.0000006848 -0.0000000563 0.0000000519 0.0000001364 0.0000015616 -0.0000001377
-0.0000000563 0.0000004465 -0.0000000420 -0.0000012197 -0.0000001258 -0.0000001248
0.0000000519 -0.0000000420 0.0000003132 0.0000002020 0.0000001524 -0.0000000017
0.0000001364 -0.0000012197 0.0000002020 0.0000040527 0.0000002972 0.0000002359
0.0000015616 -0.0000001258 0.0000001524 0.0000002972 0.0000042674 -0.0000001802
-0.0000001377 -0.0000001248 -0.0000000017 0.0000002359 -0.0000001802 0.0000009602

target_points_pix:
-2.6364039434 -2.3323645090 1.6131212919 446.2046393231 220.7195868293
-0.3745088197 -2.7924729661 1.8430836583 345.2184494446 352.1149925790
1.5213801119 -2.2008710222 2.5041141733 127.0525536929 459.4010439165
-0.7937816819 -1.6414176510 0.7071862127 428.4834992377 313.5528357589
1.1463216217 -1.7295446098 1.9332112052 132.5389958023 456.3737029497
0.2808005009 -1.1718645692 1.1250327653 236.0666030349 385.5357139585
-2.7560724588 -1.2194953932 1.9192833866 421.3091810346 144.7762901907
0.0462699197 -0.8578527772 1.6217053210 209.6640104487 280.2154765462
-0.2553136312 -1.9712086642 0.1715341730 469.6900511846 459.9103008088
-0.1550543400 -2.4137450398 0.5014556902 423.4691436839 450.1124719238
-2.6734566750 -2.6265165695 1.2701937931 470.8605326735 238.8957208385
1.9063566704 -1.8720756095 2.8336165515 35.9012331949 467.3654874275
-2.8002920322 -2.7177990940 0.7087254771 513.7824618053 247.9393570367
-2.2493776015 -2.3923425776 1.7472308018 425.9033843834 236.8706484451
-0.4611632066 -1.2374349928 0.2883990725 457.2469663152 358.9544770369
0.1060971975 -1.5869797388 2.1014893325 243.2670331432 318.7155681485
-0.8863209803 -2.2520445289 0.3132015694 488.3999485971 369.5567104963
-2.1289845198 -2.0063977310 0.0907732718 567.1906140400 254.9718055525
0.5802513707 -1.4129348864 1.3211278183 203.0328286688 427.7177263448
-0.1801198384 -0.5479985749 1.3114649932 228.1756843489 230.7896302214
-2.3933415223 -2.8145690041 2.1568703343 414.2720581267 244.6373771701
0.4256399553 -1.6947218047 2.8575435986 196.2968962012 315.3082412386
-1.9416308981 -1.1170647662 2.7064884155 338.6906293294 163.1056520483
-2.5927084704 -2.6493188930 -0.8510426906 690.9566460453 301.0317201072
0.3042496640 -0.7297572688 1.2382640873 158.1495350662 334.1758894205
-0.2146575641 -0.5046357991 1.9549094726 196.1700634438 201.8407521313
-1.8055531173 -2.3431906182 2.2358729284 381.8612341719 244.8531524805
-2.7741509670 -2.0402444891 -0.1757024121 615.4541848270 223.1334710590
-1.6281093659 -0.3303049794 1.0078361132 425.1204584210 83.0246462231
0.3802981729 -1.2987431511 2.1045967176 189.9816587167 325.0501698635
-1.9557092750 -0.1852068968 1.1358403326 430.7883349246 48.9039155385
1.1523788830 -2.1628663225 2.9736070176 159.4402113216 386.6474652168
-0.9402351494 -1.2005288970 2.4392588703 293.7181414011 213.3903533387
-0.3823346286 -2.6004217608 2.8138227545 296.8047375299 309.2110486508
-1.5873220287 -2.6442079861 1.2926729153 432.5812462275 290.8720372374
-0.2089443667 -2.2213772583 2.7520224592 275.8009543098 304.0705250372
0.0001974302 0.4256021854 2.6457210473 13.0184066200 69.1107302297
-0.1150878283 -1.6216023649 0.6994336735 369.4543485259 399.7579689307
0.0799047365 -1.4043005573 2.5796705873 216.7569159280 285.1191464457
-0.3599161903 -1.9936056061 1.4339193395 341.6492770326 336.6124724031
-0.4663553090 -0.8967115007 0.8784296744 347.5955677232 266.6730251627
-0.9505699837 -1.1068315995 -0.2186933854 636.4260372830 308.9300059242
-1.2364746597 -0.8307857292 2.2308155062 309.6499865143 170.9072478976
0.4971001036 -2.9282306381 1.2764082264 325.4996941666 468.0395766835
-1.8310523068 -0.1889451984 1.5644050636 376.5835973833 67.7599217188
-2.6261878393 -0.7849814902 2.7541684472 361.6183034197 119.0772086452
0.1978387829 -1.7049102467 0.9341318838 313.5968577209 426.2308224508
-1.9262396669 -0.5333356992 0.4900413074 526.6994565627 90.6835723070
-2.3787147104 0.3569107646 2.5683948238 324.6761587206 12.0609438425
-1.0606481474 -2.1885100011 0.3504036302 492.4451358366 345.6468824605
-2.8798376111 -2.4797889453 0.6139716428 525.2503558801 233.0597706993
-1.2099097975 -2.5639048038 2.8155812467 336.0572734472 268.8978905011
-1.7586502624 -2.0947587884 0.1629999156 544.5699161481 286.7596106080
-2.4637418305 -2.7427375996 0.0218696577 568.8761971423 283.3942051458
0.3150226326 -1.7471125294 2.0745693761 235.0271835643 347.8146976989
-0.6810045623 -1.9562404295 2.2617881460 315.0035577671 279.4247717275
-2.0098147786 -2.3425078733 -0.2469870441 602.7170577070 300.8590672792
0.5836029694 -0.4548003720 2.6430373429 50.2946122011 244.8033351781
0.8815263559 -0.9544215061 1.7466657053 59.3106218796 399.1620725014
-0.7461558169 -2.7348513775 1.8641295763 361.4761699700 324.9522878713
-2.2714974815 -1.5754805292 -0.3708202209 661.7919841909 218.2083167589
-2.0168399528 -0.7930379665 1.4646715140 413.2334859529 132.9009142839
-1.3199728770 -0.4454115690 0.6293955931 460.0494932786 113.1136785240
-2.9188407590 -1.3810012220 1.0839570419 490.2797992960 151.7006449747
-1.4161008387 -2.1674853346 0.4832161336 492.4925113967 304.7755830954
-1.5563505293 -2.3259772891 0.0237559221 553.3623931537 325.6131095252
-2.1605879291 -0.8868400575 2.0349525460 380.8869889507 138.6601975762
-1.0231969654 -0.6532888771 1.3941302240 341.7283810413 169.4581473759
-0.0697798789 0.3330106119 2.1652521284 32.1075571449 67.2364929560
0.2999752779 -2.0607219307 2.4452932410 241.9191452754 342.3759989863
-2.6748752440 -2.4932236144 2.6376832354 397.2207947197 215.2048874539
-0.4784341868 -2.0935500770 0.3372802366 461.1564698779 409.7138699205
-1.3015980204 -0.4775983353 1.9294706893 317.1164376511 132.0985238451
-0.5766055598 -2.9777220371 0.7269098261 434.6212824191 402.3316132695
-0.1488004004 -2.9553414777 1.9345515260 332.3444942851 369.3605529321
-1.2496893304 -1.2176234362 0.9201692519 427.0832865983 225.5582613045
1.1641200600 -2.7568952982 2.8068855712 201.3274783080 415.8795528482
-1.1180691055 -2.3775737935 1.9674464230 366.2910068952 284.5143363105
-0.8810201176 -1.1056814359 1.4752285971 342.9431514487 227.9424583573
0.5907485963 -0.3012064055 2.8976125351 30.3135987961 220.1336053520
-1.6522343275 -1.1665498691 1.5140104995 396.1029324019 186.2488628967
-0.8731389884 -0.7814524095 2.0937015579 285.9413397268 186.1823364991
-1.6404500805 -1.0437677291 1.8670063384 366.3265163226 173.1103588918
-1.7962047277 -1.0397187367 -0.0814019688 622.4681495097 181.7508649085
-2.5730577092 -2.3438354084 1.3885911678 458.5851929294 226.7492700110
0.6812398773 -2.9641218080 2.8611191676 246.2625434878 383.0545464124
-2.4323608169 -2.8139920343 -0.8519714480 682.0674031353 323.8149217289
-0.6234941816 -2.3304749221 2.5405973644 312.1559946666 293.0042843651
-2.5794207443 -2.5586017987 0.5377249120 523.7826835960 252.8058990774
-0.1829379517 -2.5761408041 2.0242684627 317.6857282112 348.8910071254
-2.2583880082 -1.9579383648 0.2674464298 549.0611110827 238.1881680262
-1.1873207592 -1.9520912279 0.6023171523 467.7689927696 304.7231466954
-1.5110241473 -1.3140682982 1.4522052634 395.9862372552 206.8282702585
-0.9075675655 -0.5141792791 2.0537428217 275.5530720001 155.9793529864
0.5875879920 -1.9410979907 2.7733843637 200.0850523419 343.0085195945
-0.7268183569 -2.5035628023 0.7114419446 437.8596915011 371.1241240423

gimbalangles:
1.2110963893 0.8168074002 1.1512910329

end: