T_CW:
0.8138825008 -0.2960043766 0.4999766834 -0.4020818628
0.3245349903 -0.4821670746 -0.8137517756 0.0345718173
0.4819463819 0.8245582582 -0.2963635670 0.2399690347
0.0000000000 0.0000000000 0.0000000000 1.0000000000

T_CW_cov:
0.0000002724 -0.0000000442 -0.0000000458 0.0000000715 0.0000004349 0.0000000065
-0.0000000442 0.0000002872 0.0000000089 -0.0000005260 -0.0000000615 0.0000000556
-0.0000000458 0.0000000089 0.0000003064 -0.0000000089 -0.0000002723 0.0000000036
0.0000000715 -0.0000005260 -0.0000000089 0.0000015318 0.0000001030 0.0000001573
0.0000004349 -0.0000000615 -0.0000002723 0.0000001030 0.0000012819 0.0000000307
0.0000000065 0.0000000556 0.0000000036 0.0000001573 0.0000000307 0.0000006004

target_points_pix:
2.9185907309 1.9178459633 1.8610296438 586.2802279052 107.7211342401
0.4525511890 1.4771543701 -0.3709931605 286.2460028708 208.6260388718
0.0134727521 1.9966532696 -2.2999075116 175.0668033697 328.4111291277
0.0713589459 2.8688959608 -0.9051086491 238.4578689277 190.7400661243
2.5591223247 -0.0443953625 0.5219552533 744.0493960526 326.2731904320
1.8324549851 0.5136414256 0.1050882143 533.2667478497 286.9727531607
-0.3054732399 1.1553874900 0.2017032538 156.5908339341 46.6841148814
0.8179732118 2.2948193458 -0.2082891874 326.6887506928 179.9394397221
0.4760255981 1.6652719494 -2.0074300235 225.1075403332 341.1431629029
0.4157939103 1.1830938811 0.6503161745 357.4264016710 55.6785430191
-0.0197024909 1.9179607289 -0.7375181316 214.0326145712 204.3902794502
1.6912700364 2.9152958030 2.0943006760 474.1706982076 24.0397451235
1.0143189639 -0.1834378360 0.2340703772 658.2102826276 364.0890145899
2.1243149059 2.5165360083 -1.1599424087 375.5779549413 269.7722482065
2.2027673226 1.2739145926 -2.7746600208 346.9240601884 422.0383857179
2.6388940522 0.2859068827 0.6616028722 685.7984278668 273.2216473250
2.2838413789 1.2710353105 -2.0665887182 378.8417641234 388.2207218759
2.6356910408 1.1581813945 0.7110316627 564.0089562905 213.0834694574
1.3605142988 1.3279683397 -2.8167563008 281.6846313772 421.3859325047
1.6985656786 2.3108705817 2.0575274508 511.3380947407 13.1797735000
0.8606978522 2.4381202060 -0.8605197644 304.7285153356 226.1181421627
2.2974160006 1.1434337072 1.1115312662 583.1389704927 156.1168962972
1.8636994645 0.9851570773 0.8625067980 554.3925552975 162.8489129107
2.8400527988 2.3293742471 -2.5758741647 371.2960511244 348.3233033083
0.6837708879 1.9678359559 0.5759732938 358.5827190280 100.6265844486
2.4952987901 1.9204534977 1.3630564139 536.0118868437 129.4348930882
1.9598271384 2.0807628825 -1.8172077782 351.8193546774 319.9990675053
0.3223913466 0.6572687096 0.3411312926 327.6802650162 107.7644432585
1.2977747122 2.7046068227 -2.0603174099 298.6684999717 293.5464745467
2.8920798147 2.1378650829 -2.5311623147 378.5128602641 356.3894833100
-0.8911796826 2.9815497203 -1.4877817901 129.6092865138 196.6985036676
2.7260240624 2.2495865463 -1.9352716347 385.9817727690 325.3100990212
1.1135292309 2.9590436052 0.6041369903 370.0187321469 118.3426171256
2.6278435143 1.8946618219 1.8255796272 575.0834796280 95.0920726223
0.6336242524 1.1783842050 -1.0552852102 274.4150849227 309.7518082554
2.3667225286 2.8706255632 -2.1373102295 353.5808006620 303.2346224295
1.5404004160 2.0873391010 1.9086104661 509.6584929977 10.1691244617
0.2585293654 0.5934473492 -0.5108773483 225.7371217691 298.9579692697
2.4841714159 1.4051269004 1.6262681959 606.1764534526 106.1695071275
2.1983390802 1.3671984969 -1.0802983766 414.2811774052 325.2066779542
1.0168380356 1.8187565862 1.2681363448 443.1788292887 37.8641164685
2.3406080829 1.6524588336 2.3188796262 632.5283551499 15.9505729661
1.7824561088 1.2368809704 -0.1031601285 446.5169779860 250.5420161949
2.6588510636 -0.1466194073 -0.3037086062 643.8963410781 436.8449119473
1.2383180701 1.3099832525 -2.0678546936 297.5517784401 381.8002118381
0.7871674616 2.0424983208 0.2012990387 346.5942066344 147.1715853377
1.3716637695 0.8792669647 -1.3574988410 348.6072238846 377.9498040481
0.9719223617 1.9689701437 -1.5625638722 290.7283686527 297.6078981747
2.8361755367 1.9949440335 -2.4556373968 380.6716454140 360.6376682594
1.2103062974 0.1184933070 0.6222756592 657.1692948884 195.1786085500
0.9923400970 0.5709656991 -0.1292795507 409.0712334235 276.1378802986
2.6984458114 1.3496573022 0.7124865195 548.4499438880 208.2249066973
0.7575916053 0.2523891601 -1.0951950878 288.3615142467 462.6820929277
0.8962104592 2.8887750237 0.0742970148 336.2585248844 149.7002487376
2.4003927181 0.1999549924 -0.1597382894 587.2931406602 367.1331648026
1.4570043822 2.3114412965 -2.8657043889 287.7133425077 352.5634944274
1.6781638844 1.7635796532 -1.0815039641 366.9685203643 291.8059204531
-1.1012706995 2.9606741992 0.3197833124 138.3095403663 2.6940382290
1.4697371940 1.7050643911 -2.6910499524 294.2101257194 383.6553249914
1.4997362677 2.2552284310 -1.7042058754 324.2879812365 299.4069477000
1.9711161295 2.5320500174 -0.8647562015 376.8317719606 250.5786836925
2.2679231297 1.6166728105 1.6066018340 570.5170231307 94.2254041776
0.6325419191 2.6208530677 -2.3930825352 243.4642735588 304.6409368878
2.2683739193 1.5151538458 1.0720505343 539.0285923608 150.6727530927
2.8407462338 2.6756664027 -1.3199547291 401.6792247499 282.0638326492
0.8583509219 1.9819683117 -2.4177920373 254.6470452437 346.4988144421
0.7902253300 -0.0498267092 -0.2495925517 424.0550163278 431.1280263668
-0.7126786561 1.9834577945 -1.0618160856 100.2946352327 202.0087160434
1.9193600062 2.7960739311 -1.6739447817 344.5918693400 280.6433614372
2.8049534027 1.7549510628 -2.7261348255 374.8812643490 385.2888433000
2.9691898119 0.8306301282 -1.4718533968 464.7403808219 395.5435699925
1.9577623473 1.9570472736 1.2495788176 498.2061993202 111.2550248621
2.4239824816 0.7568461512 -2.0444246221 405.1279684387 433.8229118040
2.5332886341 0.3624403137 -0.8886724309 507.7880173789 407.2998050898
2.7230803671 2.1668952310 -1.0932890004 416.7235258282 290.5527052070
-0.0667491202 2.8893935758 -1.8135267343 203.7692115853 246.8421733384
2.8849499926 1.7528628131 -1.9172862492 406.2289583245 351.5181230266
1.1468270981 2.4561268263 -0.9711199181 322.2232092183 240.4401801086
1.8638170845 2.7136824619 0.0667283887 399.7902702814 187.3903022197
1.7836301664 2.3017608285 -2.5962998189 315.6172698410 343.4148506935
2.0330982211 1.2071025275 -0.3551796497 449.8606761622 281.5307695219
1.1730569531 1.2704948479 -1.1105960248 332.9718491593 317.7539262089
2.9461481719 2.4968893176 2.7161145307 592.4575588280 38.3610703541
0.6570472120 0.4945068807 -1.4712885553 245.5244798145 447.9996941646
0.7279847276 1.9901461379 -1.3627605785 276.5485052281 277.8878981765
1.7827388544 2.9902355627 2.0898483581 474.4314048588 32.1957990696
0.9641042651 2.6882373571 1.1690572800 391.1021636516 61.0186674648
1.5773005481 0.8563350408 -2.8473658583 300.0174236610 471.9055212754
0.7664780110 2.9653914697 -0.1033146028 319.4865134804 156.2596851732
1.7669752855 0.9690625695 -0.5529376649 431.0643770813 309.1497531771
1.4488983111 0.6617484764 1.0469220162 602.6640729719 102.3848159008
1.1060195470 2.4830620612 0.3854567192 371.1545852314 139.6001378007
2.8833560441 2.6773336796 -0.2468877160 438.7638476601 232.4839426246
2.7832056284 2.7310910625 0.6875618561 468.8792658988 177.1594413796
0.4773538111 1.3095008612 -1.5680206608 232.7810144724 339.5075539189
0.7034332180 -0.0654622727 0.4930513506 654.1169792813 171.5654064817
-0.4791536927 2.3891232452 -2.6389828612 128.2322591970 316.2458037594
1.9631750106 0.7384015444 -1.1730532119 419.8469826799 382.9814073198
2.7390766891 1.4458832406 -1.4800111153 424.7698500637 347.6393353900
1.8142779780 2.3081898863 -0.8022692629 374.3022431358 251.5748278778
0.1815827826 2.0076210646 -1.8337579884 206.4318543545 298.9019974241
1.8809823717 2.0841163296 0.5893151287 447.9527757526 164.1760642975
1.0562875771 0.1801981948 -0.5239100279 407.8595007542 404.1066737025
0.5522005358 2.0961738439 -1.3378655295 261.5020131260 266.6027765729

gimbalangles:
1.2110963893 0.8168074002 1.1512910329

end: