T_CW:
0.272005955393707 -0.462074462566318 0.844097121944155 0.004526680524692
-0.891775573288415 -0.450645769570197 0.040678215971247 -0.033945427922948
0.361592432327441 -0.763809911831820 -0.534645051853088 0.000087426697397
0.000000000000000 0.000000000000000 0.000000000000000 1.000000000000000

T_CW_cov:
0.000000682084680 -0.000000106702117 0.000000022491958 0.000000253505611 0.000001772336241 0.000000049799094
-0.000000106702117 0.000000462693866 -0.000000035948586 -0.000001379217810 -0.000000236897367 0.000000010836419
0.000000022491958 -0.000000035948586 0.000000270931482 0.000000101719549 0.000000070707658 0.000000001760941
0.000000253505611 -0.000001379217810 0.000000101719549 0.000004890953143 0.000000535352868 -0.000000080858852
0.000001772336241 -0.000000236897367 0.000000070707658 0.000000535352868 0.000005382865490 0.000000172054780
0.000000049799094 0.000000010836419 0.000000001760941 -0.000000080858852 0.000000172054780 0.000000932019625

target_points_pix:
-0.632075857116941 -2.973430765459143 -0.955153810481301 413.200474986495465 412.992133753313851
1.490440901540471 -0.857602812689420 -2.635735428124574 243.481479412735268 138.870282849760258
2.846962449674256 -1.270615537643179 -0.426835152527950 484.450493177569967 20.571125597979801
2.441438768696500 -2.585580686672123 -2.614091613098263 355.775321303076055 174.072781065532183
1.295561638623608 -1.416405185858894 0.012519501775890 535.401376120790587 153.318679871341544
1.630490920782114 -0.468318413325145 -1.911111729057764 258.750991860330259 73.175793130069366
-1.283002091526680 -0.747761295642913 -2.974165121150432 17.719621545242319 428.534097063286026
1.508579863193963 -1.191999651563556 -1.727860328718711 325.196354243338988 146.841491488110108
1.539099762354163 -1.542457739152680 -2.417574258766913 302.996413907172666 174.875248194287792
-0.255313631190007 -1.971208664170202 0.171534172980832 556.579619388289757 438.855924281588841
0.623470838340239 -1.939885472193345 -0.297269450580715 481.501034567809313 274.841156039112263
2.663807655548946 -1.133815369660820 -2.994870775135947 285.392784472019002 97.125380576025208
-0.155054339981346 -2.413745039848549 0.501455690159033 614.184810387073412 432.552134088513867
2.630597899395866 -2.533602612630514 1.408948156924308 724.503348196664547 105.689158364226984
0.875119556251225 -2.741255316658835 -2.349777733663343 344.001181972846723 261.031257992104315
0.046936176455136 -0.178364119526615 -2.653583288217773 46.004965772822686 223.663579788165293
-0.413245086284756 -1.661924362225200 -0.397513215549922 434.181405310580772 433.290225347480146
2.238553756143965 -1.820023448938255 -0.706450453503479 455.806892248504198 123.318373335707861
2.875257448580062 -1.580104716223466 -0.199938545484326 513.806928225597630 44.919506448387466
1.393939781164910 -1.454825207433154 -0.263951273261676 490.003155606670930 152.519495672444322
1.023014121125718 -2.028610140369214 -1.693684153345026 357.347864729256401 230.923583758642678
-0.334215531377678 -1.479171923349333 -1.828834616538048 260.047424891109358 343.806577758461799
0.968177481878278 -1.826587437244287 -0.050071853227793 521.269121547441841 229.162113685646119
-0.366587018464878 -2.441794519498384 -0.785089722347453 416.906055273898176 392.552605576947826
-0.843157433083838 -1.939594987363949 -1.479914070498307 304.271942507666495 427.834414208811722
2.751105929663120 -2.169487222688916 -1.967321396887911 381.466006788136838 135.757850782360833
0.776788298176784 -2.750128971869528 0.175401666096890 548.096903205868330 294.520852599911336
2.948641527446762 -2.675864783680576 -1.635841321512470 415.476805137926306 147.054950199795655
2.492059282026440 -2.835224296773397 -2.027159865699708 391.676720602006128 177.735255068677588
2.525858413531298 -2.859276238490948 -0.611694764193029 480.975180507390178 167.326648249865912
-0.182378049409345 -0.863540020795303 -2.584414038416929 151.526909919029606 290.097461014048463
-0.748283663115107 -2.290147788125121 -2.380932903058135 274.154903866553695 377.436244269853091
2.644277632137510 -1.954902864395131 -2.243560645539706 357.605034252875100 133.357772474807291
2.180079447915864 -1.043937795950901 -1.902970614474200 326.374082487071348 92.297943910350511
-0.527804936517645 -2.977235471612039 -1.687446161140310 360.075422140172122 378.082451279241411
2.449747984073098 -1.551243759956139 -2.365769249372333 331.103449418387527 122.409523979102360
2.324139553851023 -2.806924161824119 -0.589595392619374 480.543183405522768 176.117949354188283
1.452166304201032 -0.539996562458149 -1.663088537894960 275.352702122099913 86.878321923414120
0.826223098241711 -2.770033022394376 -2.229636835185319 350.281788714707545 265.509454908627788
-0.404298251230601 -2.750346876508495 -0.951485710931852 410.851919312958501 389.527693946830254
2.691284804056324 -2.110622889317966 -0.699344101124199 466.945723523797710 116.048470159611725
2.917028304662279 -1.152586189496194 -2.533210105366660 315.895185638895214 76.423009738921081
0.659732524222695 -2.719044585050702 -1.422675884421720 394.113297981032360 282.432381264153946
1.074947013871206 -2.774248168446678 -2.671085884537973 333.751454275670824 248.722715504891568
2.854132838740622 -2.261639550812403 -2.415972557993723 362.541747742085647 140.566965185581125
1.588935379757109 -2.370422646866939 0.097837619577064 542.679981416284932 200.302910397629716
2.242574182266596 -1.717313196300812 -2.867034342378257 308.323628211407936 148.489557556217790
2.323577638081192 -0.690249941749447 -1.179912750217281 370.384947296571397 16.503798694302589
0.497100103581327 -2.928230638126760 1.276408226385758 733.779459975415989 364.301120700193337
-0.527615348138007 -2.506410404176464 -2.003044375395833 317.157710696306140 368.051805459597176
0.227786255685149 -0.334040330700011 -2.630042452304986 97.987577954578967 212.723347835599554
0.711227918702385 -0.694323109158741 -2.172508374976872 212.105404288423983 184.510959762568064
1.150489293106945 -0.662736552373609 -2.040388036416765 243.297892472263356 138.137128251484398
-0.142506199836481 -1.115804967001101 -0.678860039736684 356.229439185947513 357.687281925158572
1.964860471576421 -1.517201261240589 -1.676592491004718 359.964026232976778 137.196746453534900
2.968097909654325 -2.451003639501020 1.536477141181445 744.387636995804314 67.185894892963432
0.525895182455370 -1.925036666790089 -0.888484233352592 407.798435102362305 276.763579680392695
1.682011736665465 -2.690865748394387 -0.441007572472939 486.493978337065357 211.268346324509935
0.419579620992609 -1.974883451879913 -0.326438600900679 474.894047289385867 301.336132899287065
2.481967150920621 -1.000302633967113 -0.646211942643163 447.149532856031442 19.909142352445087
-1.227204612053876 -1.563639412415003 -2.128238077156917 195.572487812329172 454.536786660318796
2.754496364365862 -1.408822519692525 -2.862230873769972 307.387539914924901 107.176592532155695
2.901037703456327 -2.076152362372328 -2.976452415458163 331.818958010923552 136.182624745203952
2.469019821030406 -0.821829290121308 -1.767149752680179 332.529788828720768 49.511480884862976
2.802873304445588 -1.894093028882541 0.298419609941055 574.389008800403190 64.244873540685319
1.137588543317841 -0.006302932290946 -2.636179887272596 122.467703792242276 86.842340320356186
0.612618450857146 -1.965223161977429 -0.712329304173472 430.239287828149486 271.345508874463121
1.510897039637619 -1.361531329503495 -2.968742088781331 263.915853872216701 171.851490275926267
-1.010319458838606 -0.832182229422446 -2.808380135190275 67.293641985358022 393.514968249149319
-0.363861029231662 -0.954612515616267 -1.779790576450136 194.860195196781831 340.784449138172135
0.517158653962242 -2.883643548161206 -0.840293530507212 440.743912326272323 305.183938494191636
0.995511872710040 -0.690088500138888 -2.266397024430593 223.301078625161665 158.565121686310988
2.524523942213301 -1.904669170823968 0.288230403661922 573.547166388240157 84.941367654384720
0.012624368451334 -2.069442595465107 -2.414255140724293 284.991897430431436 305.932577090473046
0.183324193769693 -1.989900932840795 0.104475338657137 543.127209759137941 350.755755035095490
2.056287705197733 -2.975779672667076 -2.662723782830376 358.465650766455894 204.978217915186292
-0.393610083524171 -1.188134872323905 -1.563137830369397 243.401282638302149 358.748338824429936
1.470680618967437 -0.480601360141050 -2.063746431437915 240.555534540495785 93.067904580466006
2.370328147576886 -2.209422322424412 -0.876808865732352 449.929039354382553 144.239559380390574
0.729311086125151 -2.466267561761849 -1.296158420739365 396.434167922404981 271.442678355816270
0.492317636367380 -2.948659149863854 -2.458039317552030 338.213804918157962 288.387419112386738
-0.789699459761356 -0.671283229251809 -1.448263468441791 104.200802062349680 460.255277254068915
1.012226148928721 -2.441338738750435 0.622632403358834 621.678702532544548 263.637351387020090
0.176186804999556 -2.021278292489356 -1.205141941973563 371.971368460569806 311.610220653279043
1.679634292697983 -1.376145895919265 -0.523826814346682 457.015766934756812 123.169669109558953
0.925273435265529 -2.119904892941933 -1.173616417561602 398.248558778258086 244.111685247011849
1.704040395111110 -1.884924992965188 -2.430965651079124 323.894779266500905 181.688527223330908
-0.313930981924064 -0.390284560762582 -2.958886754576828 46.963693509408756 280.848353220134129
-1.228382864302860 -2.682255914716023 -2.280802266560253 288.317723440695318 426.053499082092742
0.022959853197840 -2.270988525214225 -1.369984646990615 365.876670923885513 328.797409347876396
1.484252120320850 -2.917881212878771 -1.733362432371336 394.501842512586506 232.155317675800092
2.838451579039968 -2.784543176193911 0.889956194928174 629.519416834326876 124.469339183606635
0.913573896963790 -2.835395790839471 0.376782895332359 573.566855931875352 286.411499542551951
2.560983796689796 -2.927706291115937 -1.044930153789216 451.456878564912017 171.907718252806916
2.331183949755215 -0.953927119794023 -2.888931109551167 269.792947571662808 99.823204862398086
1.949676902265344 -1.610164162764703 0.373257764765000 597.432722008045062 95.759028169678743
0.134666190547252 -1.403203039679276 -2.786811401574405 221.223974257473685 273.379334380879698
1.113750469880303 -0.317542586872190 -1.406408964173092 248.412371560440619 76.636662156901508
2.918121566853679 -0.369866249891826 -2.948502755755053 249.157792451292778 24.647775763069376
0.863284382710346 -2.195382504927759 0.820935825676513 679.014206007252369 273.725348615301243
0.677212972875109 -1.387281286843452 -2.082604847656232 282.442732774503611 229.823404939941526
0.509166238868219 -1.591782566136226 -1.965175608255556 298.276967538226586 254.309925057475994
-0.265597950294425 -2.686827685160679 -2.020846882635039 332.910420187568093 345.617499480187178
0.633140661551747 -0.721301591593278 -1.785322567574259 236.263003103453684 191.299964137855966

gimbalangles:
1.494858105903233 -2.136713601216400 2.609551185609535

end: