T_CW:
0.6180158830 -0.7379939355 -0.2709636867 -0.0355107032
-0.7860004043 -0.5729599783 -0.2322072947 -0.0190655915
0.0161162272 0.3564853635 -0.9341618986 -0.0678594019
0.0000000000 0.0000000000 0.0000000000 1.0000000000

T_CW_cov:
0.0000004367 -0.0000000857 -0.0000000009 0.0000001590 0.0000010399 -0.0000000736
-0.0000000857 0.0000003030 0.0000000011 -0.0000008316 -0.0000001500 0.0000000061
-0.0000000009 0.0000000011 0.0000002072 -0.0000000174 -0.0000000172 0.0000000006
0.0000001590 -0.0000008316 -0.0000000174 0.0000029121 0.0000002287 -0.0000000041
0.0000010399 -0.0000001500 -0.0000000172 0.0000002287 0.0000031052 -0.0000002158
-0.0000000736 0.0000000061 0.0000000006 -0.0000000041 -0.0000002158 0.0000006367

target_points_pix:
1.4904409015 -0.8576028127 -2.6357354281 630.5595254717 229.3942842498
-2.8243573618 2.6628569762 -1.5907718359 30.4997760244 348.4692935686
-2.4509590965 0.8871749841 -2.1853645049 201.7575387238 444.4905268256
0.7583609253 0.4677505926 -2.4511855211 451.0637954106 207.9821290937
1.6304909208 -0.4683184133 -1.9111117291 656.6121933226 149.0553381388
-0.4339811544 0.3604827340 -1.2275564470 327.5508744569 320.5311897582
-1.2830020915 -0.7477612956 -2.9741651212 428.2222574548 449.8447659481
0.0134727521 1.9966532696 -2.2999075116 299.3237230937 183.8021158989
0.0713589459 2.8688959608 -0.9051086491 125.1353690224 37.0776622648
-2.5095895023 1.4537282118 -1.9005724212 137.9695676060 412.6674403870
2.6638076555 -1.1338153697 -2.9948707751 707.9707057487 161.4011619305
-1.3783621819 0.6183489028 -2.2812195003 297.8006105480 372.1073122398
0.4760255981 1.6652719494 -2.0074300235 332.1177727799 151.1635997711
0.0469361765 -0.1783641195 -2.6535832882 462.1800181268 307.9156316110
1.5905470624 0.5227412081 -2.2990225691 500.2060943677 130.2796990190
-0.0197024909 1.9179607289 -0.7375181316 141.0928955665 66.7918149119
-2.2570881565 2.7082349037 -2.0633919600 126.4026056127 298.6509438197
-2.4349464755 0.7633696205 -1.9950480928 188.7600059342 468.7811759625
2.2027673226 1.2739145926 -2.7746600208 467.0691015715 92.3402399029
1.7022931842 0.6034113149 -2.4383688156 497.0533109060 127.3979369180
2.2838413789 1.2710353105 -2.0665887182 477.6314701387 27.7661075005
-2.7312989435 2.6530594031 -1.3942433270 1.2062746381 344.8800766801
1.3605142988 1.3279683397 -2.8167563008 421.7855373668 145.0034891504
-1.2333229781 0.8026401249 -0.6833503019 26.9906476472 427.1845851316
2.8400527988 2.3293742471 -2.5758741647 427.4807086729 14.6132320642
-0.2118470871 -0.0163581002 -1.5873625828 422.7145834148 330.1146368996
1.9598271384 2.0807628825 -1.8172077782 388.0859925276 4.9598213035
-0.1823780494 -0.8635400208 -2.5844140384 516.6843718641 384.7249262398
-1.2292746160 0.8858709981 -2.9739817686 323.3361104123 330.5499174039
1.2977747122 2.7046068227 -2.0603174099 318.1861252689 59.7851535249
2.8920798147 2.1378650829 -2.5311623147 442.2765997263 11.4177871223
-0.8911796826 2.9815497203 -1.4877817901 132.1834518368 170.2666242378
-1.5747020397 0.3647896395 -2.1186734669 290.5156156275 419.6695558429
1.4521663042 -0.5399965625 -1.6630885379 689.6570440259 154.1510688074
0.6336242524 1.1783842050 -1.0552852102 334.6787408782 69.2231277393
0.2585293654 0.5934473492 -0.5108773483 307.6138228320 68.1239237072
-2.5954390840 0.9615306910 -1.9993108423 166.8186881111 462.2403289351
1.6075514943 0.3175726274 -1.9505948349 535.2373736512 109.9721237083
0.2277862557 -0.3340403307 -2.6300424523 488.2029492446 303.7958514028
0.7112279187 -0.6943231092 -2.1725083750 586.1338720371 285.3419305836
1.1504892931 -0.6627365524 -2.0403880364 631.1640545888 228.9585428030
1.2383180701 1.3099832525 -2.0678546936 408.5240043694 109.3347208436
1.3716637695 0.8792669647 -1.3574988410 458.8519294554 36.9764428766
0.9719223617 1.9689701437 -1.5625638722 322.2722525377 62.0126155972
-1.8048953481 1.9335417400 -1.4229821744 99.2717436424 317.5244201025
2.8361755367 1.9949440335 -2.4556373968 449.0769702243 10.5976056807
0.7575916053 0.2523891601 -1.0951950878 499.8306764498 124.0868872254
0.0588398480 0.1345663759 -1.9919443238 433.1333206010 281.6260057342
-2.3495685473 0.3594685558 -2.9255488728 291.0469905736 441.6757251947
1.4570043822 2.3114412965 -2.8657043889 370.9889748665 111.8676984682
1.4697371940 1.7050643911 -2.6910499524 402.2948753138 119.6509102943
1.4997362677 2.2552284310 -1.7042058754 343.1119684441 24.3465731095
1.1375885433 -0.0063029323 -2.6361798873 514.1898553994 209.7423648368
-1.7725763211 0.1321032521 -2.5127218453 317.5889212897 437.6577316972
1.5108970396 -1.3615313295 -2.9687420888 667.2304134095 268.1169341337
0.6325419191 2.6208530677 -2.3930825352 303.3899619841 126.2879973944
2.0870307964 0.3507490887 -2.2443769366 552.9970559805 91.4509121124
-1.0103194588 -0.8321822294 -2.8083801352 452.3926516423 444.7503205553
-0.3638610292 -0.9546125156 -1.7797905765 554.7979949576 477.3745897718
0.8583509219 1.9819683117 -2.4177920373 349.4468815888 133.8807048532
0.3303057821 0.2394415897 -2.7978580808 443.8173227657 261.0177644675
0.9955118727 -0.6900885001 -2.2663970244 602.0354979690 255.6254992354
-2.8070000852 2.1028983329 -1.6509945629 56.0351319558 390.8906912064
-1.0050947886 1.3796874961 -1.1237346037 148.0155785702 279.4470547994
-0.7126786561 1.9834577945 -1.0618160856 128.2768463464 187.3919986373
2.8049534027 1.7549510628 -2.7261348255 463.1816186040 40.1687718850
1.4706806190 -0.4806013601 -2.0637464314 627.6037402420 180.0469542683
0.0746601060 0.5852067123 -2.6719971241 403.1378327819 258.5883392565
2.4239824816 0.7568461512 -2.0444246221 539.0838154572 28.1646958191
-1.0310568987 0.1681308091 -1.9239170579 337.8315305466 395.5019667986
-1.6965573658 2.2500304313 -1.4300462053 96.3419821667 282.2149655766
-0.0667491202 2.8893935758 -1.8135267343 219.0026233644 130.0746867985
1.7836301664 2.3017608285 -2.5962998189 380.5627138769 78.5959574054
-1.7593186310 0.6483982310 -1.4034331411 171.2207655585 460.0972102050
-0.3139309819 -0.3902845608 -2.9588867546 456.9896375150 347.5216930679
1.1730569531 1.2704948479 -1.1105960248 384.1753593145 3.2707587717
0.6570472120 0.4945068807 -1.4712885553 440.8176343124 162.5897674558
-1.1789359356 0.5890362018 -2.6866246034 332.3064771405 349.2915963415
0.7279847276 1.9901461379 -1.3627605785 289.2290358331 61.9120713571
-2.3709911216 0.7873857488 -1.7873182151 166.0358167077 476.9704739028
-2.1351115329 0.3711751050 -2.8548084772 298.5559209198 428.6095610491
-1.5993342926 1.4370656586 -2.3495525503 241.1628845850 328.3923310553
1.5773005481 0.8563350408 -2.8473658583 464.8319871683 149.4822279032
2.3311839498 -0.9539271198 -2.8889311096 675.5685814642 173.5163962910
-1.6020343444 1.0108264512 -2.1461077954 248.6099705341 363.0105334166
0.1346661905 -1.4032030397 -2.7868114016 593.8366027441 397.1165706097
0.4773538111 1.3095008612 -1.5680206608 338.7312262841 138.5780516450
-0.4791536927 2.3891232452 -2.6389828612 272.3470876578 209.7299107153
1.1137504699 -0.3175425869 -1.4064089642 641.2493797326 158.2686049168
2.9181215669 -0.3698662499 -2.9485027558 639.5835039531 108.0651609362
-1.7376268140 2.4434120148 -2.6251467566 210.1571906589 280.9939466619
0.6772129729 -1.3872812868 -2.0826048477 717.4115362047 365.7073378843
0.1815827826 2.0076210646 -1.8337579884 282.3976638669 148.7668148851
2.7857291322 0.2667104279 -2.9126554396 572.4121779251 93.1719105235
0.5522005358 2.0961738439 -1.3378655295 265.3921558420 71.4263819372
0.6331406616 -0.7213015916 -1.7853225676 620.6061717616 295.3082024071

gimbalangles:
-1.2304604660 0.4312921621 -0.5705893006

end: