T_CW:
0.8403627329 -0.4966083645 -0.2171879590 -0.0343379835
-0.1153525993 0.2276594165 -0.9668841543 -0.0584820059
0.5296076426 0.8375866059 0.1340314237 -0.0347155514
0.0000000000 0.0000000000 0.0000000000 1.0000000000

T_CW_cov:
0.0000003633 0.0000000539 -0.0000000170 -0.0000000857 0.0000007925 0.0000000083
0.0000000539 0.0000003501 0.0000000138 -0.0000008725 0.0000000706 0.0000000335
-0.0000000170 0.0000000138 0.0000002553 -0.0000000466 -0.0000000962 -0.0000000000
-0.0000000857 -0.0000008725 -0.0000000466 0.0000027898 -0.0000000742 0.0000000266
0.0000007925 0.0000000706 -0.0000000962 -0.0000000742 0.0000023388 -0.0000000265
0.0000000083 0.0000000335 -0.0000000000 0.0000000266 -0.0000000265 0.0000005876

target_points_pix:
0.1742910257 2.9893768659 1.8724033039 222.2407037178 135.5414673421
2.9185907309 1.9178459633 1.8610296438 451.6059465109 113.1671979272
0.4525511890 1.4771543701 -0.3709931605 321.6026386813 340.9821963441
0.0713589459 2.8688959608 -0.9051086491 248.1703140773 394.3035328230
2.5591223247 -0.0443953625 0.5219552533 736.9667632226 84.2250815979
1.8324549851 0.5136414256 0.1050882143 590.6477290375 195.0881553923
-0.3054732399 1.1553874900 0.2017032538 99.7869860044 253.0971529671
0.8179732118 2.2948193458 -0.2082891874 328.5726423865 299.5831294121
0.4157939103 1.1830938811 0.6503161745 296.4285125171 150.3769231190
-0.0197024909 1.9179607289 -0.7375181316 235.8262368237 420.4121572220
-0.8454043785 2.6955158446 1.3401100284 81.5715924075 159.9029152709
1.6912700364 2.9152958030 2.0943006760 340.8767883195 130.5993315422
2.1243149059 2.5165360083 -1.1599424087 435.1831944312 350.1475729577
2.6388940522 0.2859068827 0.6616028722 647.0019269729 105.4550245001
2.6356910408 1.1581813945 0.7110316627 520.1139132223 160.9958586666
1.6985656786 2.3108705817 2.0575274508 359.9901645534 104.6897939940
0.8606978522 2.4381202060 -0.8605197644 340.9622129289 366.1779488128
2.2974160006 1.1434337072 1.1115312662 490.1691428441 119.3823364193
1.8636994645 0.9851570773 0.8625067980 484.5451484163 126.7086609215
2.8400527988 2.3293742471 -2.5758741647 513.4611574822 446.5262043053
0.6837708879 1.9678359559 0.5759732938 308.9349216417 210.3798717237
2.4952987901 1.9204534977 1.3630564139 439.1518831110 143.1940930533
1.9598271384 2.0807628825 -1.8172077782 469.4886028889 427.8023981426
0.3223913466 0.6572687096 0.3411312926 320.8208460527 148.6496096537
2.4273031833 1.9853565523 2.7413508252 406.4780763409 52.4821023360
1.2977747122 2.7046068227 -2.0603174099 389.9038014619 459.4026579178
2.8920798147 2.1378650829 -2.5311623147 530.0164513446 448.0500705291
-0.3089028941 2.6625183818 2.6735419307 152.9125593362 36.8772037488
2.7260240624 2.2495865463 -1.9352716347 499.7216541178 399.7298290548
1.1135292309 2.9590436052 0.6041369903 320.8282989681 232.0275443365
2.6278435143 1.8946618219 1.8255796272 438.5874663414 110.8537869370
2.3667225286 2.8706255632 -2.1373102295 447.1986482200 412.6668141181
1.5404004160 2.0873391010 1.9086104661 358.7735996462 99.9766510813
2.4841714159 1.4051269004 1.6262681959 465.3508851949 95.8960765484
2.1983390802 1.3671984969 -1.0802983766 530.4355164513 357.8139525965
1.0168380356 1.8187565862 1.2681363448 335.8416321326 130.7212428467
2.3406080829 1.6524588336 2.3188796262 426.0261855204 56.5122412763
1.7824561088 1.2368809704 -0.1031601285 484.5470545998 254.4779348435
0.7871674616 2.0424983208 0.2012990387 326.1179968969 253.2420738003
0.9719223617 1.9689701437 -1.5625638722 393.3225004223 464.9628664445
-0.2121167416 1.7897788713 0.8297268490 163.5031799652 168.5443175003
-1.0463656283 2.8561966183 2.4513405431 50.1901476316 51.6559071543
2.8361755367 1.9949440335 -2.4556373968 538.2017723041 449.7496194560
1.2103062974 0.1184933070 0.6222756592 617.3157517569 2.8286602581
0.9923400970 0.5709656991 -0.1292795507 513.6374512126 260.4541421738
2.6984458114 1.3496573022 0.7124865195 505.0993373280 170.0698605392
0.8962104592 2.8887750237 0.0742970148 313.7126783760 275.1418259236
2.4003927181 0.1999549924 -0.1597382894 710.7415804508 215.8463531688
1.6781638844 1.7635796532 -1.0815039641 456.3267445484 371.8203907689
-1.1012706995 2.9606741992 0.3197833124 57.8203325010 294.4422638532
2.1326369723 1.5933316956 2.3844999725 414.7675626511 42.0568697394
1.4997362677 2.2552284310 -1.7042058754 422.9086201999 432.3573121703
0.3612892001 1.9794375196 1.7997934799 245.2649916422 75.6520689237
-1.2276053261 2.6819769802 0.8135725963 2.4827144403 226.4603778177
1.9711161295 2.5320500174 -0.8647562015 419.5483865901 330.0582853578
2.2679231297 1.6166728105 1.6066018340 438.3824087132 106.3683228235
0.8587961988 2.4448778198 2.1427041175 287.8575673786 92.9378174581
0.4245033914 1.0191820396 1.0525622049 291.1215368656 57.2756780593
2.2683739193 1.5151538458 1.0720505343 458.4496450986 144.7110825852
2.8407462338 2.6756664027 -1.3199547291 464.7759391459 342.1430598890
1.2202986687 1.9498949965 2.2978520360 330.0755748269 52.0501666907
1.9193600062 2.7960739311 -1.6739447817 418.4121014331 393.8081302394
2.9691898119 0.8306301282 -1.4718533968 656.5267759845 383.5022632569
1.9577623473 1.9570472736 1.2495788176 407.0082504138 149.4558025251
1.4063415740 2.6146316096 2.3857624421 324.7743419315 94.4081454239
0.8374901713 1.4854764911 2.1589736941 308.2283915820 2.8134521754
2.5332886341 0.3624403137 -0.8886724309 717.0729232932 335.4353704647
2.7230803671 2.1668952310 -1.0932890004 486.5848540718 332.1567658237
1.5141529547 1.3550904227 1.7856819041 394.9682166100 53.3318743844
2.8849499926 1.7528628131 -1.9172862492 548.5298358420 406.2933163673
1.1468270981 2.4561268263 -0.9711199181 367.4406640026 366.4041375814
0.0760607588 1.1070308493 1.1084568367 205.3843689064 40.9760532010
1.8638170845 2.7136824619 0.0667283887 387.7747428641 260.3354207704
2.0330982211 1.2071025275 -0.3551796497 514.3828910814 278.8324741725
1.1730569531 1.2704948479 -1.1105960248 465.5282117739 427.7594801615
2.9461481719 2.4968893176 2.7161145307 412.5255490568 90.2137260683
0.7279847276 1.9901461379 -1.3627605785 360.3141982804 454.0895374078
1.7827388544 2.9902355627 2.0898483581 344.1147174248 134.6506176499
0.9641042651 2.6882373571 1.1690572800 307.4645537071 182.0544896777
0.7664780110 2.9653914697 -0.1033146028 303.8635948092 292.7672228746
0.4083008837 1.8891851128 1.7336414602 253.6490526873 75.8512536358
1.7669752855 0.9690625695 -0.5529376649 536.2529568568 312.1578600736
1.4488983111 0.6617484764 1.0469220162 481.4293436421 55.2482218978
1.1060195470 2.4830620612 0.3854567192 337.0119698292 240.0514082968
2.8833560441 2.6773336796 -0.2468877160 447.9508600166 269.2082624645
2.7832056284 2.7310910625 0.6875618561 426.1899859166 212.4208006804
1.9631750106 0.7384015444 -1.1730532119 623.3705400746 407.5692242803
2.7390766891 1.4458832406 -1.4800111153 561.4139004383 377.5373784938
1.8142779780 2.3081898863 -0.8022692629 420.6100187626 330.3087199749
2.3746660379 0.5242174031 1.6523616679 547.7115142496 7.2647406785
-1.0390669904 2.4980477584 1.6226163434 24.9615211859 107.9898997576
-0.1459639570 2.6501550755 1.2960006555 189.3304202346 166.1536812174
1.8809823717 2.0841163296 0.5893151287 408.5336530846 207.3612745801
1.0562875771 0.1801981948 -0.5239100279 726.0298122639 386.2840127959
0.5522005358 2.0961738439 -1.3378655295 333.3196194676 456.9725137820

gimbalangles:
0.1377690606 0.2189761857 -1.0370185625

end: