T_CW:
0.9052513037 -0.4164814707 -0.0840432140 -0.0316454854
-0.2153435819 -0.2792329804 -0.9357649729 -0.0532710222
0.3662611350 0.8652006283 -0.3424626312 -0.0528248583
0.0000000000 0.0000000000 0.0000000000 1.0000000000

T_CW_cov:
0.0000003946 0.0000000055 -0.0000000123 0.0000000192 0.0000008481 -0.0000000578
0.0000000055 0.0000003084 -0.0000000054 -0.0000008120 -0.0000000245 -0.0000000133
-0.0000000123 -0.0000000054 0.0000002893 0.0000000842 -0.0000001276 0.0000000056
0.0000000192 -0.0000008120 0.0000000842 0.0000028339 0.0000001297 0.0000001936
0.0000008481 -0.0000000245 -0.0000001276 0.0000001297 0.0000025063 -0.0000000526
-0.0000000578 -0.0000000133 0.0000000056 0.0000001936 -0.0000000526 0.0000006641

target_points_pix:
0.4525511890 1.4771543701 -0.3709931605 342.4600192085 205.1466387017
-1.4021994661 2.7108304751 0.3961482093 12.7410226878 110.2023044340
0.0134727521 1.9966532696 -2.2999075116 310.8051272650 390.3829473395
0.0713589459 2.8688959608 -0.9051086491 280.3168584580 237.5765049129
1.8324549851 0.5136414256 0.1050882143 706.1151516089 77.1124962113
-0.3054732399 1.1553874900 0.2017032538 120.6383705873 82.0236301591
0.8179732118 2.2948193458 -0.2082891874 351.1942030540 168.6643452582
0.4760255981 1.6652719494 -2.0074300235 361.7829238571 374.7766910980
1.5905470624 0.5227412081 -2.2990225691 564.4310951908 459.5945185404
-0.0197024909 1.9179607289 -0.7375181316 272.5925486334 253.3527590592
-2.2570881565 2.7082349037 -2.0633919600 37.6772448126 418.7005170729
2.1243149059 2.5165360083 -1.1599424087 444.2390598927 230.1853358836
2.2027673226 1.2739145926 -2.7746600208 518.7817516668 387.2075272844
1.7022931842 0.6034113149 -2.4383688156 558.8304993563 452.0248546082
2.2838413789 1.2710353105 -2.0665887182 532.1125831589 336.0708168061
2.6356910408 1.1581813945 0.7110316627 637.5702466875 6.6002382603
1.3605142988 1.3279683397 -2.8167563008 458.7947588940 420.9136495104
0.8606978522 2.4381202060 -0.8605197644 357.5398743199 229.2109834029
2.8400527988 2.3293742471 -2.5758741647 486.4528305267 307.7462985819
0.6837708879 1.9678359559 0.5759732938 335.4241236023 56.4967731510
1.9598271384 2.0807628825 -1.8172077782 455.8578834010 290.0264065019
1.2977747122 2.7046068227 -2.0603174099 388.5257888742 298.1494600835
2.8920798147 2.1378650829 -2.5311623147 499.2861174359 310.7402230033
-0.8911796826 2.9815497203 -1.4877817901 200.7858052444 301.8917598894
2.7260240624 2.2495865463 -1.9352716347 488.3532854621 276.4787484986
1.1135292309 2.9590436052 0.6041369903 347.8847989163 89.1187487517
0.6336242524 1.1783842050 -1.0552852102 396.9632148086 312.2320480069
2.3667225286 2.8706255632 -2.1373102295 440.9992629554 277.7116302988
0.2585293654 0.5934473492 -0.5108773483 374.6740905634 306.9349643595
2.1983390802 1.3671984969 -1.0802983766 530.5420777159 250.3181603829
1.6075514943 0.3175726274 -1.9505948349 613.3080297937 458.2781269824
1.7824561088 1.2368809704 -0.1031601285 527.7971777051 142.2886687595
1.2383180701 1.3099832525 -2.0678546936 452.6804232758 374.3228156844
0.7871674616 2.0424983208 0.2012990387 351.9373828196 116.8057137566
1.3716637695 0.8792669647 -1.3574988410 513.5895553040 337.1861863232
0.9719223617 1.9689701437 -1.5625638722 390.4563204836 301.4000013084
2.8361755367 1.9949440335 -2.4556373968 505.3941528709 312.8707959870
0.9923400970 0.5709656991 -0.1292795507 557.5524269813 152.5481520595
2.6984458114 1.3496573022 0.7124865195 608.0273439691 21.2856629197
0.7575916053 0.2523891601 -1.0951950878 564.8197670429 457.7419896134
0.8962104592 2.8887750237 0.0742970148 337.4793515168 140.8252666042
1.4570043822 2.3114412965 -2.8657043889 414.7869910986 356.1766607220
1.6781638844 1.7635796532 -1.0815039641 458.3200212969 249.8918874158
-1.1012706995 2.9606741992 0.3197833124 97.9569697028 125.4046184292
1.4697371940 1.7050643911 -2.6910499524 443.6611083804 379.8970099909
1.4997362677 2.2552284310 -1.7042058754 417.5665057000 286.5441416958
-1.2276053261 2.6819769802 0.8135725963 9.4639489862 35.4517405877
1.9711161295 2.5320500174 -0.8647562015 434.3559664749 210.7853390586
0.6325419191 2.6208530677 -2.3930825352 349.4030542293 337.1766160932
2.0870307964 0.3507490887 -2.2443769366 632.9473461070 442.9086391580
2.8407462338 2.6756664027 -1.3199547291 474.2596602266 228.1668175822
0.8583509219 1.9819683117 -2.4177920373 385.9008960667 366.4295240399
-1.0050947886 1.3796874961 -1.1237346037 78.2399121621 412.8735358894
-0.7126786561 1.9834577945 -1.0618160856 181.6623501190 313.5235604188
1.9193600062 2.7960739311 -1.6739447817 420.5679327981 260.7528934318
2.8049534027 1.7549510628 -2.7261348255 516.8603597866 338.6475694893
2.9691898119 0.8306301282 -1.4718533968 636.0657961842 288.0709906698
2.4239824816 0.7568461512 -2.0444246221 598.2963903873 363.9812822144
2.5332886341 0.3624403137 -0.8886724309 729.3205034092 260.8843995038
2.7230803671 2.1668952310 -1.0932890004 498.1804714470 222.7793534206
-1.6965573658 2.2500304313 -1.4300462053 48.0355468493 379.8298608836
-0.0667491202 2.8893935758 -1.8135267343 284.4520589703 307.2164809005
2.8849499926 1.7528628131 -1.9172862492 528.3834427895 287.5398371359
1.1468270981 2.4561268263 -0.9711199181 380.8649860794 232.9464166631
1.8638170845 2.7136824619 0.0667283887 417.8269659010 135.2184447742
1.7836301664 2.3017608285 -2.5962998189 433.8221010667 333.3254215552
2.0330982211 1.2071025275 -0.3551796497 549.2011975459 175.0231443148
1.1730569531 1.2704948479 -1.1105960248 452.7333651181 288.8952365288
0.6570472120 0.4945068807 -1.4712885553 479.1638708003 465.0985568713
0.7279847276 1.9901461379 -1.3627605785 366.5266749707 290.8590010819
0.9641042651 2.6882373571 1.1690572800 334.3437611733 10.7756379916
1.5773005481 0.8563350408 -2.8473658583 513.3118470883 458.9292351078
0.7664780110 2.9653914697 -0.1033146028 327.0503767498 158.3726726199
1.7669752855 0.9690625695 -0.5529376649 555.8118700105 211.6921298809
1.1060195470 2.4830620612 0.3854567192 365.3807680792 102.1755062550
2.8833560441 2.6773336796 -0.2468877160 480.7323658210 154.9658772100
2.7832056284 2.7310910625 0.6875618561 476.3276562049 78.6420947811
0.4773538111 1.3095008612 -1.5680206608 373.5109650074 367.1917014053
-0.4791536927 2.3891232452 -2.6389828612 266.0454340818 402.9193319255
1.9631750106 0.7384015444 -1.1730532119 593.0241975309 298.4440977926
2.7390766891 1.4458832406 -1.4800111153 551.2272066138 269.7609868586
-1.7376268140 2.4434120148 -2.6251467566 125.3165213665 457.6327492017
1.8142779780 2.3081898863 -0.8022692629 435.4101064241 211.2365759400
0.1815827826 2.0076210646 -1.8337579884 319.4300622209 347.6530675719
2.7857291322 0.2667104279 -2.9126554396 664.3063103792 459.6442640023
1.8809823717 2.0841163296 0.5893151287 456.7432935978 67.5039236676
1.0562875771 0.1801981948 -0.5239100279 698.1417362009 297.0913551709
0.5522005358 2.0961738439 -1.3378655295 346.0785383147 288.9569259986

gimbalangles:
-0.3508312343 0.0841424664 -1.1395975304

end: