T_CW:
-0.0526069314 -0.9589618803 -0.2786119576 -0.0347524614
0.1648696641 -0.2835100614 0.9446904461 0.0147401953
-0.9849114197 0.0037626057 0.1730183175 -0.0136127195
0.0000000000 0.0000000000 0.0000000000 1.0000000000

T_CW_cov:
0.0000003174 -0.0000000106 -0.0000000042 0.0000000341 0.0000006868 -0.0000000152
-0.0000000106 0.0000001870 0.0000000105 -0.0000005566 -0.0000000301 0.0000000625
-0.0000000042 0.0000000105 0.0000001560 -0.0000000347 -0.0000000275 0.0000000045
0.0000000341 -0.0000005566 -0.0000000347 0.0000021726 0.0000000949 -0.0000001803
0.0000006868 -0.0000000301 -0.0000000275 0.0000000949 0.0000020065 -0.0000000692
-0.0000000152 0.0000000625 0.0000000045 -0.0000001803 -0.0000000692 0.0000004464

target_points_pix:
-2.6364039434 -2.3323645090 1.6131212919 535.7919349204 389.0524453291
-2.8948441399 0.6269529752 1.2765981320 308.8609958142 284.5151876580
-1.7842749994 0.3589897521 1.3896783254 293.0092239134 352.9466510038
-1.8989089335 2.7021134331 -0.4054152166 50.3887418641 44.6477540317
-2.7560724588 -1.2194953932 1.9192833866 434.6105074597 376.8079743531
-2.3803740549 2.2241037003 1.1999952244 149.3330680252 251.8946554804
-1.9323731186 -0.3012474738 -0.7481905140 453.0704550722 112.4288381344
-2.1173200533 -2.1447782396 -1.4060294826 710.8156191935 99.0906126297
-1.7590488229 -1.6158880204 -0.8003083999 656.2961681601 151.6159630432
-2.6734566750 -2.6265165695 1.2701937931 569.5823425163 369.7968109037
-1.6797658353 0.4497206555 0.9246442775 289.7559663775 304.9057282907
-1.4132040819 1.7390647207 -0.1303300090 92.6694612766 91.3314547079
-2.7526374896 -2.4282561608 -2.0502608060 687.1392631705 64.8828805175
-2.9630438574 1.2498685434 0.2703220651 280.7196257613 192.8224133180
-2.8002920322 -2.7177990940 0.7087254771 588.7871489650 323.6729046535
-2.2493776015 -2.3923425776 1.7472308018 558.7463865110 430.8529190870
-2.6318751097 -0.2406755511 -1.7765257254 463.0305846186 23.4998815571
-2.1289845198 -2.0063977310 0.0907732718 604.0787800801 276.1571362320
-2.1145543690 2.5368280306 1.6527436758 87.1408284778 291.4783023259
-2.3933415223 -2.8145690041 2.1568703343 570.9451811424 459.0711809145
-2.9891561525 1.0928385460 -1.1234454871 321.4206650957 76.4031090395
-1.9740008485 0.2407913313 0.2379810357 347.2408745467 220.4255740941
-2.1987197781 2.6869103662 1.2249913925 86.2345869205 244.5262424736
-2.5927084704 -2.6493188930 -0.8510426906 667.5786120275 192.3151946190
-1.4003785247 -0.3736922668 -0.7233151088 492.4035088129 84.3251719822
-2.6333375856 2.5260876036 -0.4714651478 164.2071199878 86.9075124010
-1.8036662741 2.9213890742 0.4185609520 1.1368802469 145.9749066270
-1.2333229781 0.8026401249 -0.6833503019 252.9862191545 3.0004830074
-1.4715007191 1.0947300271 1.7225109219 168.2580736432 390.9471581757
-2.7741509670 -2.0402444891 -0.1757024121 566.5127264743 237.1265993350
-1.6281093659 -0.3303049794 1.0078361132 386.8997690867 348.1942561389
-2.4109286583 1.5240721805 0.6122623179 224.9481316950 216.1586048676
-1.9646052403 -2.0029863434 -1.3242917964 713.7680545781 97.4424478437
-1.9557092750 -0.1852068968 1.1358403326 367.0740143494 333.4962928271
-1.5873220287 -2.6442079861 1.2926729153 680.4011280584 475.9532683503
-1.8400861476 0.6802285019 2.7417002054 230.9571830526 463.3374338665
-2.9933007186 -2.9934415882 -2.4369486571 730.0769375226 52.6182803422
-2.2600804841 2.7042386112 2.9957597684 80.1680747659 390.2129344550
-2.2552646269 1.6043643505 1.8194632491 187.9271754872 325.9937914035
-0.9505699837 -1.1068315995 -0.2186933854 687.9588681460 230.2022459872
-0.7198827339 0.7791230628 0.4858749195 103.5467569508 280.9773008835
-1.2146827552 0.4313236250 0.0528315889 294.4844450446 187.8395950781
-1.8310523068 -0.1889451984 1.5644050636 352.3748391091 385.6006291629
-2.4795398100 0.0634801912 0.4110664761 367.6293002819 237.2164105502
-2.6261878393 -0.7849814902 2.7541684472 382.4400065514 430.2903469558
-1.9262396669 -0.5333356992 0.4900413074 429.7039124608 277.8641794070
-2.3787147104 0.3569107646 2.5683948238 290.9892624845 409.4730878382
-0.9856763569 -0.5848182569 -0.8305814883 616.3276768289 11.2631483217
-2.8798376111 -2.4797889453 0.6139716428 567.7359508467 307.6033285187
-2.4055301863 0.9708260692 2.4281034256 243.1598161674 382.0217096393
-1.7586502624 -2.0947587884 0.1629999156 656.5595219858 305.1682591565
-2.4637418305 -2.7427375996 0.0218696577 648.5996553257 280.4970274904
-2.3268183976 1.7937684323 2.5591340519 167.4207560286 375.8889093778
-2.7764038774 2.3680402460 -0.8289858517 194.6233052556 62.2080651252
-2.0098147786 -2.3425078733 -0.2469870441 676.6451895693 253.8458934386
-1.8196517110 0.4238616465 0.7629712756 304.5174137056 279.4136528408
-0.9064956900 1.3399447130 1.3053989599 18.5054475345 396.0240787907
-1.6435711194 1.7206815262 -0.2385074952 139.4435789170 90.4381676596
-1.7250105261 1.3799615575 1.7287495262 162.4973941385 357.8125581112
-2.2714974815 -1.5754805292 -0.3708202209 566.1426725767 209.8431838294
-2.7642033712 2.8377397974 0.0312227722 142.5559362740 131.2405339146
-2.0168399528 -0.7930379665 1.4646715140 421.7284288128 379.9451168874
-1.8473174646 1.5680524798 0.7082291128 170.7800004710 231.2769256577
-1.3199728770 -0.4454115690 0.6293955931 424.6821643338 329.4028199246
-2.9188407590 -1.3810012220 1.0839570419 466.0635211321 315.0380841283
-1.4161008387 -2.1674853346 0.4832161336 704.7526153270 381.2385732143
-0.6100045683 0.5645809022 0.0344290762 150.4162085444 153.0549458605
-1.5563505293 -2.3259772891 0.0237559221 737.9414280075 309.8152695829
-2.1579012616 2.6158550684 1.2160301151 88.4080760522 246.3215831671
-2.1605879291 -0.8868400575 2.0349525460 410.9169643511 419.5096765930
-1.9296688539 -1.8920561824 -1.4908164832 717.6845069416 64.0106767446
-1.1895189559 -0.0584733151 -0.8465864265 451.8616419449 8.8808435763
-1.7178836189 1.5332592184 -0.2148120387 176.5478996717 106.1847242912
-2.4747552270 1.7971304399 1.5320622131 191.1195750490 288.2524752560
-2.8987142952 2.4095418038 2.8717692845 158.8710809148 352.9891400873
-2.6748752440 -2.4932236144 2.6376832354 514.4000485594 458.1303621570
-2.9458023404 -0.1409691835 0.5459986167 383.8610953711 246.2396043742
-2.0809982885 -2.3007220402 -1.1211365928 717.5064848570 142.8789248693
-1.4769533415 0.8018814294 2.2416422603 197.1379503766 458.8259455696
-1.2496893304 -1.2176234362 0.9201692519 541.3414117256 419.6970925578
-2.4005462004 -1.4231052476 -1.7722446267 606.7152941550 43.6111437689
-2.7635838127 2.5758996306 0.1771810151 163.3620256378 151.1536362203
-1.6522343275 -1.1665498691 1.5140104995 472.3335601437 434.2489794325
-2.5526482625 1.6899305882 2.4297630987 193.3978930074 356.3979806257
-2.9155772865 1.8015255028 0.9202060444 226.3759193500 231.1321748459
-2.2550310878 2.7469332465 2.5621232452 78.7365275893 356.5478917680
-2.3524978632 -0.4190901020 -0.6763358060 450.6352969317 140.7300393677
-1.6404500805 -1.0437677291 1.8670063384 442.4743209296 466.7071382580
-1.9208082146 1.6423306677 1.6909841948 155.1145914998 331.8452272142
-1.7962047277 -1.0397187367 -0.0814019688 525.3916427812 231.1813965331
-1.5057213679 1.4881960724 0.1935683238 144.7867093792 163.6245879078
-2.5730577092 -2.3438354084 1.3885911678 547.4679689130 377.2087320477
-2.4323608169 -2.8139920343 -0.8519714480 704.8509347326 196.5853045971
-2.5794207443 -2.5586017987 0.5377249120 598.1088524098 315.9843365860
-2.2583880082 -1.9579383648 0.2674464298 578.4180043126 288.0616985899
-1.1873207592 -1.9520912279 0.6023171523 709.4858431940 421.3147220505
-1.5110241473 -1.3140682982 1.4522052634 501.6497282830 451.3594402833
-2.7196823128 2.1269550887 -0.8836294877 213.0904703191 59.7908863659
-1.4239071394 1.7163547221 -0.1251398761 98.9351920969 94.4740918392
-2.8451823330 1.0493991114 0.7078918140 285.0468558187 232.6861441326
-1.9858815282 -1.4791766923 -1.1752089238 628.5610158485 99.3511984318
-2.2862629253 -0.2226837426 -1.4929258470 462.6904761532 30.2967024549
-2.7921738827 1.8243530301 -1.3223706776 253.0629463519 26.7766808261

gimbalangles:
2.9607383222 0.2822752694 0.0548706560

end: