T_CW:
0.4402864914 -0.6342160044 0.6355453290 0.0089708056
-0.3778397006 0.5112400942 0.7719266330 -0.0336328849
-0.8144844787 -0.5800031257 -0.0145398779 -0.0477948151
0.0000000000 0.0000000000 0.0000000000 1.0000000000

T_CW_cov:
0.0000005609 0.0000000678 -0.0000000295 -0.0000000642 0.0000012300 0.0000000478
0.0000000678 0.0000004297 0.0000000096 -0.0000011538 0.0000000599 0.0000000751
-0.0000000295 0.0000000096 0.0000002729 -0.0000000480 -0.0000001394 -0.0000000009
-0.0000000642 -0.0000011538 -0.0000000480 0.0000037793 0.0000000989 -0.0000000756
0.0000012300 0.0000000599 -0.0000001394 0.0000000989 0.0000033706 0.0000000558
0.0000000478 0.0000000751 -0.0000000009 -0.0000000756 0.0000000558 0.0000006716

target_points_pix:
-0.6320758571 -2.9734307655 -0.9551538105 485.9566376532 14.6846385782
-2.6364039434 -2.3323645090 1.6131212919 470.7255020170 310.9004647298
-0.3745088197 -2.7924729661 1.8430836583 739.7704016566 253.2593811482
-0.7937816819 -1.6414176510 0.7071862127 556.0276049719 235.3192400492
-2.7560724588 -1.2194953932 1.9192833866 441.5381839339 396.4897963800
-1.1698605629 -0.0915581141 -1.3700899405 49.2202610527 67.5830579727
-0.2553136312 -1.9712086642 0.1715341730 608.8312949163 88.3369234357
-0.1550543400 -2.4137450398 0.5014556902 669.7235895803 104.5111318758
-1.9323731186 -0.3012474738 -0.7481905140 215.9246552182 234.7981804415
-2.1173200533 -2.1447782396 -1.4060294826 337.5394887741 123.2917036938
-1.7590488229 -1.6158880204 -0.8003083999 349.3679967588 155.3576443302
-2.6734566750 -2.6265165695 1.2701937931 462.1604712695 280.5235579751
-2.7526374896 -2.4282561608 -2.0502608060 310.7499768128 118.2366640377
-0.4132450863 -1.6619243622 -0.3975132155 495.7829835663 40.7983479406
-2.8002920322 -2.7177990940 0.7087254771 435.6190422327 251.2384924300
-2.2493776015 -2.3923425776 1.7472308018 502.0632924059 312.4341006381
-2.6318751097 -0.2406755511 -1.7765257254 147.7350116125 182.4561929933
-0.4611632066 -1.2374349928 0.2883990725 555.0783154723 176.6334403823
-0.8863209803 -2.2520445289 0.3132015694 527.8025359541 165.2181420582
-2.1289845198 -2.0063977310 0.0907732718 409.1584989753 223.8597200702
-1.5006224968 -2.7756126823 -1.2469839680 402.7752080938 79.9135002058
-2.3933415223 -2.8145690041 2.1568703343 521.1595035044 315.1207194968
-2.9891561525 1.0928385460 -1.1234454871 4.3797512799 347.1373044359
-1.9740008485 0.2407913313 0.2379810357 228.0289662977 413.5384365243
-2.5927084704 -2.6493188930 -0.8510426906 375.7120027582 168.6112990414
-1.4003785247 -0.3736922668 -0.7233151088 223.4497455160 193.4391691505
-1.8055531173 -2.3431906182 2.2358729284 561.6321850754 343.0528433872
-2.6437567343 -2.7994983705 -2.3091975591 321.0616828412 95.1786677519
-2.7741509670 -2.0402444891 -0.1757024121 373.2464121376 227.9949990587
-1.6281093659 -0.3303049794 1.0078361132 399.0944354216 437.2282049056
-1.9646052403 -2.0029863434 -1.3242917964 337.4917690457 120.9795491443
-1.9557092750 -0.1852068968 1.1358403326 373.5528007131 459.5979120161
-1.8905943680 -2.4627044847 -2.4214448040 309.9850981895 39.4550554996
-1.5873220287 -2.6442079861 1.2926729153 533.9352098343 258.1797061102
-2.9933007186 -2.9934415882 -2.4369486571 319.6775239059 105.1550333251
-0.1150878283 -1.6216023649 0.6994336735 730.1488347839 170.2621543968
-0.3599161903 -1.9936056061 1.4339193395 730.2797269442 272.6280853186
-0.4663553090 -0.8967115007 0.8784296744 643.5130979975 343.8841419709
-0.9505699837 -1.1068315995 -0.2186933854 402.6105032034 167.3126419789
-2.4795398100 0.0634801912 0.4110664761 267.3066618687 396.5364579146
-1.9262396669 -0.5333356992 0.4900413074 350.1856826096 345.7629132858
-0.9856763569 -0.5848182569 -0.8305814883 248.0025895757 108.0403612622
-1.0606481474 -2.1885100011 0.3504036302 509.6489239396 183.5469602286
-2.8798376111 -2.4797889453 0.6139716428 421.0564181164 256.4209547027
-1.2099097975 -2.5639048038 2.8155812467 668.7330856899 370.1480589287
-1.7586502624 -2.0947587884 0.1629999156 437.4229570416 209.8765518094
-2.4637418305 -2.7427375996 0.0218696577 421.6337490821 206.3749605546
-2.1679331945 -2.2497089087 -2.4883330897 287.9882098489 59.0377053435
-1.2502089736 -0.4633432231 -1.6307261334 129.4771863268 37.0851922849
-0.6810045623 -1.9562404295 2.2617881460 733.9793870786 385.4876441607
-2.0098147786 -2.3425078733 -0.2469870441 412.0625911420 185.2495969179
-0.7461558169 -2.7348513775 1.8641295763 671.7224038269 272.4162748900
-2.9469886051 -0.0556582209 -2.3291306646 102.3039103783 165.3058821024
-2.2714974815 -1.5754805292 -0.3708202209 354.8744352517 215.9291578363
-2.2906387154 -1.9032725139 -2.9466558645 239.2134898951 42.6010475311
-2.0168399528 -0.7930379665 1.4646715140 441.2125091188 412.6080310792
-1.3199728770 -0.4454115690 0.6293955931 396.3411297452 376.5392224138
-2.9188407590 -1.3810012220 1.0839570419 397.4269993448 332.3995204519
-1.4161008387 -2.1674853346 0.4832161336 485.3598269515 215.9077758872
-2.0786952816 -1.2439389284 -2.8570242590 180.8461676339 29.5918562474
-1.5563505293 -2.3259772891 0.0237559221 451.9198407088 181.8955337709
-2.1605879291 -0.8868400575 2.0349525460 475.6898044692 448.7553298769
-1.0231969654 -0.6532888771 1.3941302240 556.6164956879 471.0233619448
-1.9296688539 -1.8920561824 -1.4908164832 321.2085288584 109.3356745527
-1.8553364985 -2.2370036957 -1.3848175939 351.4480380169 105.4133170131
-1.1895189559 -0.0584733151 -0.8465864265 121.2210307272 172.5447186521
-2.1610756819 -2.5467967732 -1.5818627512 350.1814493892 108.3231002046
-2.6748752440 -2.4932236144 2.6376832354 517.8998015130 358.3942853281
-0.4784341868 -2.0935500770 0.3372802366 584.0930343437 136.6531904779
-2.9458023404 -0.1409691835 0.5459986167 290.2418495933 382.0236794361
-2.0809982885 -2.3007220402 -1.1211365928 362.2423431906 135.5746283468
-0.5766055598 -2.9777220371 0.7269098261 613.4259810283 152.1073635443
-1.2496893304 -1.2176234362 0.9201692519 493.9143420821 316.1512988918
-2.4005462004 -1.4231052476 -1.7722446267 263.2872423121 132.1350376597
-1.1180691055 -2.3775737935 1.9674464230 623.6756701274 314.8521297766
-1.0519031372 -0.6309223896 -1.1260086692 219.0174930909 71.3492567867
-2.5222100225 -0.7635231769 -2.4214857334 165.8038199045 109.2151215705
-0.8810201176 -1.1056814359 1.4752285971 611.3177579889 403.2546788411
-1.6522343275 -1.1665498691 1.5140104995 497.2182094560 383.7285282242
-2.3524978632 -0.4190901020 -0.6763358060 239.5220878240 253.0768301301
-1.6404500805 -1.0437677291 1.8670063384 522.3514259532 433.5353547271
-1.7962047277 -1.0397187367 -0.0814019688 354.3512525975 245.4592004946
-2.5730577092 -2.3438354084 1.3885911678 464.0466043155 297.0433103181
-2.4323608169 -2.8139920343 -0.8519714480 387.6706094595 157.8974086946
-2.5794207443 -2.5586017987 0.5377249120 432.7320542249 242.6622473173
-2.2583880082 -1.9579383648 0.2674464298 410.5169525538 241.3896368206
-1.1873207592 -1.9520912279 0.6023171523 506.2819476385 225.8668459869
-1.5110241473 -1.3140682982 1.4522052634 513.6637021598 363.4851466972
-1.4994475505 -0.9512953885 -2.1558872977 180.0060450108 16.7517804341
-0.7268183569 -2.5035628023 0.7114419446 585.7864719264 179.8819574785
-1.9858815282 -1.4791766923 -1.1752089238 308.6074723595 145.6662419322
-2.2862629253 -0.2226837426 -1.4929258470 153.1159756256 185.9555943186

gimbalangles:
0.0187110043 -2.4529044903 2.5345125977

end: