T_CW:
0.7224304715 -0.6549436562 0.2216822525 -0.0253175445
-0.1710914460 -0.4799604742 -0.8604450362 -0.0521080279
0.6699417370 0.5836837761 -0.4587933289 -0.0584528791
0.0000000000 0.0000000000 0.0000000000 1.0000000000

T_CW_cov:
0.0000004187 -0.0000000069 -0.0000000686 0.0000000399 0.0000008305 0.0000000017
-0.0000000069 0.0000004292 -0.0000000036 -0.0000009668 -0.0000000420 -0.0000000143
-0.0000000686 -0.0000000036 0.0000003907 0.0000000548 -0.0000002189 0.0000000040
0.0000000399 -0.0000009668 0.0000000548 0.0000028506 0.0000001513 0.0000002855
0.0000008305 -0.0000000420 -0.0000002189 0.0000001513 0.0000022657 0.0000000723
0.0000000017 -0.0000000143 0.0000000040 0.0000002855 0.0000000723 0.0000008894

target_points_pix:
0.7583609253 0.4677505926 -2.4511855211 332.4415889285 462.5162728742
1.6304909208 -0.4683184133 -1.9111117291 528.2677853012 466.7734433616
0.4525511890 1.4771543701 -0.3709931605 233.6106925352 141.2230176872
0.0134727521 1.9966532696 -2.2999075116 171.0750947603 347.2015885014
0.0713589459 2.8688959608 -0.9051086491 136.4148528655 162.5017339456
2.5591223247 -0.0443953625 0.5219552533 717.6094994247 79.9465725784
1.8324549851 0.5136414256 0.1050882143 543.0293071403 119.9648969728
0.8179732118 2.2948193458 -0.2082891874 251.6776733267 99.5350570903
0.4760255981 1.6652719494 -2.0074300235 238.5842454541 328.7974764899
1.5905470624 0.5227412081 -2.2990225691 403.0470179936 382.9322538305
0.8980708545 -0.2130090316 -0.3464988306 662.4884175611 321.0272496527
2.2457088193 -0.2690198173 -1.2941584072 566.2214176606 343.1510692656
-0.0197024909 1.9179607289 -0.7375181316 120.6803352397 181.1705103610
2.1243149059 2.5165360083 -1.1599424087 346.8270419867 194.6304636419
2.2027673226 1.2739145926 -2.7746600208 383.4943352029 334.4459470952
1.7022931842 0.6034113149 -2.4383688156 400.7415416037 378.3734671898
2.6388940522 0.2859068827 0.6616028722 658.3159788735 53.4782988717
2.2838413789 1.2710353105 -2.0665887182 400.8343702845 295.0515778510
1.8436071198 -0.3614789899 -0.5329186283 660.1166427979 292.4318686994
2.6356910408 1.1581813945 0.7110316627 525.5272076470 43.1298555309
1.3605142988 1.3279683397 -2.8167563008 330.8411507827 363.9105775619
0.8606978522 2.4381202060 -0.8605197644 251.9595514975 174.4291493765
2.8400527988 2.3293742471 -2.5758741647 371.4098998181 270.4711766979
1.9598271384 2.0807628825 -1.8172077782 347.8127120469 252.5659531050
1.2977747122 2.7046068227 -2.0603174099 279.8479389740 254.1112445165
2.8920798147 2.1378650829 -2.5311623147 381.0753173978 273.6857534507
2.7260240624 2.2495865463 -1.9352716347 377.8219070493 243.6485752156
0.6336242524 1.1783842050 -1.0552852102 285.1284779669 268.1757307549
2.3667225286 2.8706255632 -2.1373102295 336.5774411571 239.8108256832
2.9170283047 -1.1525861895 -2.5332101054 606.0005520337 460.7898386220
0.2585293654 0.5934473492 -0.5108773483 256.8832067717 259.8789799418
2.3235776381 -0.6902499417 -1.1799127502 647.7596109633 372.1088186313
2.1983390802 1.3671984969 -1.0802983766 413.5011830711 225.7329081447
1.6075514943 0.3175726274 -1.9505948349 432.3972387975 377.7173404372
1.7824561088 1.2368809704 -0.1031601285 429.8042078646 130.1280427302
2.6588510636 -0.1466194073 -0.3037086062 637.2451139482 215.6991180066
1.2383180701 1.3099832525 -2.0678546936 331.7577739072 325.8736439610
0.7871674616 2.0424983208 0.2012990387 259.6877220390 32.9191927040
1.3716637695 0.8792669647 -1.3574988410 386.0408130255 295.2023983404
0.9719223617 1.9689701437 -1.5625638722 280.9368062708 257.3787245410
2.8361755367 1.9949440335 -2.4556373968 385.3877879013 275.7408701155
0.9923400970 0.5709656991 -0.1292795507 445.2480413873 146.4244998802
2.6984458114 1.3496573022 0.7124865195 506.3908124346 45.3714507769
0.7575916053 0.2523891601 -1.0951950878 400.3524218140 380.3205766108
0.8962104592 2.8887750237 0.0742970148 237.1105958891 57.0260151115
2.4003927181 0.1999549924 -0.1597382894 589.7241123223 180.9914822610
1.4570043822 2.3114412965 -2.8657043889 299.5217913043 310.8107158281
1.6781638844 1.7635796532 -1.0815039641 355.8912477264 215.7573482859
1.4697371940 1.7050643911 -2.6910499524 323.4141854919 331.0365464414
1.4997362677 2.2552284310 -1.7042058754 311.9896823327 245.5454669945
2.4690198210 -0.8218292901 -1.7671497527 614.4055284115 420.3886366146
1.9711161295 2.5320500174 -0.8647562015 340.4779738192 173.2121516603
0.6325419191 2.6208530677 -2.3930825352 228.5822144632 291.3565271212
2.0870307964 0.3507490887 -2.2443769366 446.2352027684 366.7521214462
2.8407462338 2.6756664027 -1.3199547291 374.1910120553 198.1752719863
0.8583509219 1.9819683117 -2.4177920373 267.5677303641 320.4124834915
0.7902253300 -0.0498267092 -0.2495925517 602.5781601173 261.8966068072
1.9193600062 2.7960739311 -1.6739447817 319.2025093908 220.7534481954
2.8049534027 1.7549510628 -2.7261348255 389.8877450349 296.9284893179
2.9691898119 0.8306301282 -1.4718533968 473.0513465378 263.6426731780
2.4239824816 0.7568461512 -2.0444246221 439.0851405558 315.8600685320
2.5332886341 0.3624403137 -0.8886724309 522.0761403597 250.8317880738
2.7230803671 2.1668952310 -1.0932890004 394.4793435086 197.2974327762
-0.0667491202 2.8893935758 -1.8135267343 138.1643853877 252.8808357869
2.8849499926 1.7528628131 -1.9172862492 406.3904959587 256.3900730447
1.1468270981 2.4561268263 -0.9711199181 279.9265097148 184.3027103647
1.8638170845 2.7136824619 0.0667283887 336.3727363698 86.9763490990
1.7836301664 2.3017608285 -2.5962998189 321.2684821352 290.4248226505
2.0330982211 1.2071025275 -0.3551796497 439.2406477792 164.5163015595
1.1730569531 1.2704948479 -1.1105960248 343.9669659399 250.9371339220
0.6570472120 0.4945068807 -1.4712885553 339.2052203100 394.9083689648
0.7279847276 1.9901461379 -1.3627605785 254.6900090981 244.0121612740
1.5773005481 0.8563350408 -2.8473658583 368.5645499491 387.6493717968
0.7664780110 2.9653914697 -0.1033146028 219.6930548459 75.2099104558
1.7669752855 0.9690625695 -0.5529376649 436.7161932140 196.8114836597
1.1060195470 2.4830620612 0.3854567192 280.3779602229 21.2361776989
2.8833560441 2.6773336796 -0.2468877160 392.2825600226 129.3066680215
2.7832056284 2.7310910625 0.6875618561 402.6506312426 48.9851466804
0.4773538111 1.3095008612 -1.5680206608 252.5239538164 320.9111248503
-0.4791536927 2.3891232452 -2.6389828612 101.3133052290 364.9537004606
1.9631750106 0.7384015444 -1.1730532119 445.8311363302 268.5733753170
2.7390766891 1.4458832406 -1.4800111153 425.0112886515 243.8743208513
1.1137504699 -0.3175425869 -1.4064089642 517.6448371371 475.5894019522
2.9181215669 -0.3698662499 -2.9485027558 508.5520117654 412.0453048376
1.8142779780 2.3081898863 -0.8022692629 341.2455635430 173.8834569351
0.1815827826 2.0076210646 -1.8337579884 187.0951389212 301.4322012189
2.7857291322 0.2667104279 -2.9126554396 460.8053140281 375.1249133012
1.8809823717 2.0841163296 0.5893151287 386.4556241674 27.7128787930
1.0562875771 0.1801981948 -0.5239100279 497.7321418712 271.5348296330
0.5522005358 2.0961738439 -1.3378655295 229.4240487432 239.3975266735

gimbalangles:
-0.4500035067 -0.3806006646 -0.6968146777

end: