T_CW:
0.338177898904211 0.573132337246778 0.746428183213079 -0.032499697495015
0.807259853692151 -0.584339771473704 0.082937085136785 0.012980493070522
0.483701599449143 0.574514016779491 -0.660277522875219 -0.064520394260026
0.000000000000000 0.000000000000000 0.000000000000000 1.000000000000000

T_CW_cov:
0.000000491278557 -0.000000065957802 0.000000049052572 0.000000158473547 0.000001056585349 -0.000000079105451
-0.000000065957802 0.000000330769189 -0.000000019745991 -0.000000879041737 -0.000000120230465 -0.000000019662836
0.000000049052572 -0.000000019745991 0.000000286062553 0.000000097549659 0.000000141182427 -0.000000011677103
0.000000158473547 -0.000000879041737 0.000000097549659 0.000002974935448 0.000000279127503 -0.000000060978844
0.000001056585349 -0.000000120230465 0.000000141182427 0.000000279127503 0.000002893620145 -0.000000115635744
-0.000000079105451 -0.000000019662836 -0.000000011677103 -0.000000060978844 -0.000000115635744 0.000000664675608

target_points_pix:
1.490440901540471 -0.857602812689420 -2.635735428124574 122.829911488158103 429.942023115651864
0.758360925297926 0.467750592604169 -2.451185521122659 227.524066622121950 255.977288539757836
1.630490920782114 -0.468318413325145 -1.911111729057764 209.618871001758663 443.031340741582540
0.452551189003542 1.477154370083086 -0.370993160474207 509.050878969066730 139.637441937139613
-0.433981154400584 0.360482734040993 -1.227556446982552 85.985751828764819 28.093529189190946
0.013472752120028 1.996653269589261 -2.299907511588580 319.602583518748986 115.873295156568261
0.071358945903664 2.868895960760703 -0.905108649050095 480.099937104956666 56.093854793244617
0.817973211799167 2.294819345762404 -0.208289187390903 565.285151946858718 146.867553859865694
0.476025598100615 1.665271949399485 -2.007430023494885 334.228984888433331 166.222990622757351
0.046936176455136 -0.178364119526615 -2.653583288217773 59.443599114997767 229.791264406679289
1.590547062361791 0.522741208091565 -2.299022569101822 287.948784142678562 316.333329973584057
-0.019702490878293 1.917960728927152 -0.737518131556238 456.644375990627282 50.389383818909550
2.124314905889378 2.516536008253327 -1.159942408705877 471.457568308933617 251.843513356732899
2.202767322607175 1.273914592564771 -2.774660020847438 332.638302583642258 294.974571828993135
1.702293184242591 0.603411314944683 -2.438368815603718 292.356421065273480 313.700895099302727
2.283841378883928 1.271035310454307 -2.066588718161386 369.553999216709371 312.283783169430308
1.360514298822771 1.327968339682256 -2.816756300763727 306.564950638842788 247.212493326840104
0.860697852236524 2.438120206036826 -0.860519764356981 480.920858131521015 157.413631071404495
2.840052798843084 2.329374247149249 -2.575874164725013 394.209308672684756 280.219654768538817
-0.211847087088451 -0.016358100223187 -1.587362582759622 15.037744933745955 161.843044461053069
1.959827138418633 2.080762882451776 -1.817207778188205 409.687681610105983 256.421649905410561
-1.229274616003010 0.885870998101303 -2.973981768562813 87.154540196931407 7.013524755522951
1.297774712209653 2.704606822667046 -2.060317409890036 404.396511564637080 191.529588185684474
2.892079814720038 2.137865082943373 -2.531162314746993 391.362132227984375 290.321735812873897
2.726024062390456 2.249586546271820 -1.935271634696742 421.712668104140050 286.276618908366004
1.113529230923907 2.959043605161732 0.604136990276577 714.660913742652156 135.054081510945139
1.452166304201032 -0.539996562458149 -1.663088537894960 189.989869752104539 470.761850402117318
0.633624252448053 1.178384204980633 -1.055285210204363 385.678634160903641 201.901623148146342
2.366722528632731 2.870625563219331 -2.137310229465841 423.049271385476231 243.589068341040075
0.258529365432542 0.593447349207453 -0.510877348310836 379.773547490019212 184.743045545970261
2.198339080206081 1.367198496929817 -1.080298376555421 441.921743397106127 326.635454401431332
1.607551494345595 0.317572627445490 -1.950594834934516 290.781846540789957 346.278744049565944
0.227786255685149 -0.334040330700011 -2.630042452304986 54.371538194541699 266.019100651663393
0.711227918702385 -0.694323109158741 -2.172508374976872 42.106791703346175 389.031072031509211
1.782456108783678 1.236880970419606 -0.103160128504141 559.733300466058722 350.124511170348342
1.150489293106945 -0.662736552373609 -2.040388036416765 118.853448511193164 431.898762394410141
1.238318070079971 1.309983252536109 -2.067854693572801 338.220342095133390 246.465038575828402
0.787167461629051 2.042498320760199 0.201299038701095 652.409654660192700 145.373644828895351
1.371663769460994 0.879266964748105 -1.357498840974314 365.854682813938950 299.281419017853295
0.971922361675591 1.968970143655820 -1.562563872244343 399.606731131487265 194.126264647813116
2.836175536677109 1.994944033462968 -2.455637396822729 389.351650658410449 294.952543168809257
0.992340097043075 0.570965699142008 -0.129279550676452 531.054147268829979 376.625315878423521
2.698445811444329 1.349657302205972 0.712486519507039 717.248789038986843 468.299452668825268
0.757591605268053 0.252389160113320 -1.095195087837854 282.441909890499176 319.406948506987135
0.058839847997918 0.134566375889384 -1.991944323770720 121.679764608221802 206.873766822800832
0.896210459174977 2.888775023719487 0.074297014830876 617.405451213686206 124.056469063194541
1.457004382153908 2.311441296474558 -2.865704388874944 353.099334734597335 214.557112023422462
1.678163884393774 1.763579653176779 -1.081503964129788 447.466502859105049 263.755148810406240
1.469737194049639 1.705064391090432 -2.691049952446784 334.987050179261814 238.139445870166128
1.499736267738784 2.255228431018857 -1.704205875398000 414.142290065075429 221.084383784029626
1.971116129500769 2.532050017386672 -0.864756201505920 494.763033571407391 243.955647827049575
1.137588543317841 -0.006302932290946 -2.636179887272596 199.098151693989081 317.516792783903156
1.510897039637619 -1.361531329503495 -2.968742088781331 45.085318433011935 473.269627182343754
0.632541919085941 2.620853067715426 -2.393082535195631 367.812445739177178 151.876232903830214
2.087030796378828 0.350749088667996 -2.244376936628558 301.578808429075593 359.804908455157033
2.840746233810969 2.675666402683015 -1.319954729083223 471.319789140031673 280.756656711817413
0.858350921909025 1.981968311704984 -2.417792037315026 343.067221017192537 188.401855139085058
0.330305782107455 0.239441589729663 -2.797858080818814 157.626603774166540 228.830726111256013
0.995511872710040 -0.690088500138888 -2.266397024430593 90.998660303575377 404.088396599862676
1.919360006235380 2.796073931111244 -1.673944781698095 440.871649358144055 225.342323505693003
2.804953402716851 1.754951062803924 -2.726134825525947 368.618492158151582 300.068330973582249
2.969189811888704 0.830630128229349 -1.471853396751549 405.210824550809150 394.118569749714425
1.470680618967437 -0.480601360141050 -2.063746431437915 186.768213850483534 422.337694927176415
0.074660105972357 0.585206712272522 -2.671997124096434 180.780553967382019 182.334184953866782
2.423982481611550 0.756846151188032 -2.044424622084699 349.779658636742340 353.108909765474777
2.533288634141132 0.362440313726649 -0.888672430890166 420.863984848521852 458.760825682234156
2.723080367051685 2.166895230984133 -1.093289000372446 474.016378228083170 303.750314357595130
-0.066749120151215 2.889393575750106 -1.813526734269057 396.945393161884624 74.882436986870772
2.884949992613337 1.752862813125280 -1.917286249155953 409.953915450628415 317.322450452655517
1.146827098132877 2.456126826250834 -0.971119918071874 474.039617333587898 184.678966599292863
1.863817084506842 2.713682461887588 0.066728388683226 601.814467274080130 233.128283701786103
1.783630166408887 2.301760828481576 -2.596299818856131 372.251322108967429 232.786652555786105
2.033098221115875 1.207102527469390 -0.355179649729624 516.945567618814948 359.968630030560689
1.173056953141853 1.270494847899332 -1.110596024848202 407.682586502828372 254.997225981579277
0.657047212042162 0.494506880683674 -1.471288555299500 275.081611403479997 260.790877543472277
0.727984727606241 1.990146137895145 -1.362760578457041 410.263102385553168 169.492113030099148
1.577300548123927 0.856335040752280 -2.847365858336513 285.982503945186863 282.869982964641054
0.766478011014490 2.965391469717980 -0.103314602836315 590.499140453084124 110.419636797001118
1.766975285516706 0.969062569477666 -0.552937664872517 475.266321952325768 356.439798432544080
2.331183949755215 -0.953927119794023 -2.888931109551167 180.869495548239257 460.478782890722982
1.106019546979264 2.483062061216136 0.385456719173439 677.499331655301603 164.003104143536689
2.883356044107945 2.677333679565766 -0.246887715954717 558.216902762605741 299.858540589023164
2.783205628436592 2.731091062502096 0.687561856108538 676.726473685593419 312.313208223591289
0.477353811056686 1.309500861198641 -1.568020660815786 339.267042222243617 178.060842675610843
-0.479153692679909 2.389123245166346 -2.638982861176753 307.061206733742381 68.921950411238953
1.963175010556395 0.738401544449355 -1.173053211860219 396.058495483485899 363.643165502779823
2.739076689140502 1.445883240616402 -1.480011115263047 423.978087425573506 338.613003380917235
1.113750469880303 -0.317542586872190 -1.406408964173092 199.366101213528509 433.982498543796794
2.918121566853679 -0.369866249891826 -2.948502755755053 260.800211710995882 423.261953878431825
1.814277977984292 2.308189886267098 -0.802269262856072 493.557123731962179 245.210123888617403
0.181582782636632 2.007621064638244 -1.833757988421209 356.112397230219074 121.481557391659067
2.785729132151983 0.266710427882586 -2.912655439599869 295.245403185457633 373.797372545791234
1.880982371694132 2.084116329559794 0.589315128723995 702.626553114974740 292.584543348785644
1.056287577067055 0.180198194814150 -0.523910027856285 385.252246675408173 433.123671459721493
0.552200535814588 2.096173843931648 -1.337865529537719 412.984471051922924 146.940382743554125

gimbalangles:
-1.695751333172041 -0.842678405884095 -2.608519949421553

end: