T_CW:
0.8137988110 -0.2962040291 0.4999946683 -0.4014095754
0.3245594161 -0.4820333518 -0.8138212538 0.0344631677
0.4820712402 0.8245647463 -0.2961423619 0.2396217760
0.0000000000 0.0000000000 0.0000000000 1.0000000000

T_CW_cov:
0.0000002723 -0.0000000442 -0.0000000458 0.0000000714 0.0000004348 0.0000000063
-0.0000000442 0.0000002872 0.0000000089 -0.0000005263 -0.0000000614 0.0000000554
-0.0000000458 0.0000000089 0.0000003063 -0.0000000088 -0.0000002722 0.0000000036
0.0000000714 -0.0000005263 -0.0000000088 0.0000015325 0.0000001028 0.0000001575
0.0000004348 -0.0000000614 -0.0000002722 0.0000001028 0.0000012812 0.0000000305
0.0000000063 0.0000000554 0.0000000036 0.0000001575 0.0000000305 0.0000005993

target_points_pix:
2.9185907309 1.9178459633 1.8610296438 586.2537988017 108.0214329219
0.4525511890 1.4771543701 -0.3709931605 286.4990393677 208.3364678871
0.0134727521 1.9966532696 -2.2999075116 174.2173820244 328.5389586095
0.0713589459 2.8688959608 -0.9051086491 238.2855582411 190.6747580312
2.5591223247 -0.0443953625 0.5219552533 744.1687176507 326.6265427881
1.8324549851 0.5136414256 0.1050882143 533.6695403053 286.6488265741
-0.3054732399 1.1553874900 0.2017032538 156.6776243707 46.9910483016
0.8179732118 2.2948193458 -0.2082891874 326.6867746014 179.8412096479
0.4760255981 1.6652719494 -2.0074300235 225.2229402474 340.8968748780
0.4157939103 1.1830938811 0.6503161745 357.5767847111 55.7831360377
-0.0197024909 1.9179607289 -0.7375181316 214.0509721028 204.1937771221
1.6912700364 2.9152958030 2.0943006760 473.7158931154 24.0160240911
1.0143189639 -0.1834378360 0.2340703772 659.0343565600 364.1239962009
2.1243149059 2.5165360083 -1.1599424087 375.1630419195 269.1102611688
2.2027673226 1.2739145926 -2.7746600208 346.7604884017 422.1639611905
2.6388940522 0.2859068827 0.6616028722 685.7156954044 273.2511479993
2.2838413789 1.2710353105 -2.0665887182 379.3972016002 388.4099525167
2.6356910408 1.1581813945 0.7110316627 563.6737434529 213.3183182044
1.3605142988 1.3279683397 -2.8167563008 281.1409269728 421.8497605313
1.6985656786 2.3108705817 2.0575274508 511.4257459659 13.1511825897
0.8606978522 2.4381202060 -0.8605197644 304.4889435615 226.1673085919
2.2974160006 1.1434337072 1.1115312662 583.1445001443 155.9591211790
1.8636994645 0.9851570773 0.8625067980 554.6722649243 162.9673835616
2.8400527988 2.3293742471 -2.5758741647 371.4500142600 348.4602562463
0.6837708879 1.9678359559 0.5759732938 358.7469318778 100.5735531702
2.4952987901 1.9204534977 1.3630564139 536.0829624644 129.5745893812
1.9598271384 2.0807628825 -1.8172077782 351.7458414201 319.9592309122
0.3223913466 0.6572687096 0.3411312926 328.1922535207 108.2273528907
1.2977747122 2.7046068227 -2.0603174099 298.6337028661 293.5255860859
2.8920798147 2.1378650829 -2.5311623147 378.4280019412 356.4092324534
-0.8911796826 2.9815497203 -1.4877817901 129.5130301019 196.4726953232
2.7260240624 2.2495865463 -1.9352716347 386.3838569748 325.3309869659
1.1135292309 2.9590436052 0.6041369903 369.9373405312 118.4733219342
2.6278435143 1.8946618219 1.8255796272 575.2771153434 94.7473545942
0.6336242524 1.1783842050 -1.0552852102 274.6401198334 309.6094818932
2.3667225286 2.8706255632 -2.1373102295 353.4846976372 303.3478253944
1.5404004160 2.0873391010 1.9086104661 509.6664750528 10.4039433561
0.2585293654 0.5934473492 -0.5108773483 225.2153646641 299.4589516942
2.4841714159 1.4051269004 1.6262681959 605.9247787280 107.1492558731
2.1983390802 1.3671984969 -1.0802983766 414.1581179129 324.7071949462
1.0168380356 1.8187565862 1.2681363448 442.9853264539 38.2083794942
2.3406080829 1.6524588336 2.3188796262 632.5417145393 15.7217876421
1.7824561088 1.2368809704 -0.1031601285 446.4379293597 250.9042552280
2.6588510636 -0.1466194073 -0.3037086062 643.4266508562 436.8642356592
1.2383180701 1.3099832525 -2.0678546936 297.0391750895 381.8992654610
0.7871674616 2.0424983208 0.2012990387 346.5036483529 146.9007025633
1.3716637695 0.8792669647 -1.3574988410 348.3665580180 378.2342195470
0.9719223617 1.9689701437 -1.5625638722 290.7505522172 297.8137868695
2.8361755367 1.9949440335 -2.4556373968 380.4610807208 360.7976960894
1.2103062974 0.1184933070 0.6222756592 657.6038380450 194.6934501977
0.9923400970 0.5709656991 -0.1292795507 409.4096347759 276.2866489596
2.6984458114 1.3496573022 0.7124865195 548.4683855684 207.9770020508
0.7575916053 0.2523891601 -1.0951950878 288.9175858458 462.7029400798
0.8962104592 2.8887750237 0.0742970148 336.2920290888 149.8565737431
2.4003927181 0.1999549924 -0.1597382894 587.9499036006 366.4279670638
1.4570043822 2.3114412965 -2.8657043889 288.0033709516 352.2715856693
1.6781638844 1.7635796532 -1.0815039641 367.0027742221 292.0550637758
-1.1012706995 2.9606741992 0.3197833124 138.2616427361 3.0701923093
1.4697371940 1.7050643911 -2.6910499524 294.2429687841 383.9717727021
1.4997362677 2.2552284310 -1.7042058754 324.3826394968 299.6113224850
1.9711161295 2.5320500174 -0.8647562015 376.6547647332 250.0294443620
2.2679231297 1.6166728105 1.6066018340 570.8209815809 93.7073757343
0.6325419191 2.6208530677 -2.3930825352 243.6005303665 305.0992923163
2.2683739193 1.5151538458 1.0720505343 538.7542564868 151.0578222112
2.8407462338 2.6756664027 -1.3199547291 401.7623397960 281.9705925640
0.8583509219 1.9819683117 -2.4177920373 254.7043378421 346.2368618972
0.7902253300 -0.0498267092 -0.2495925517 424.0510614745 431.4935765491
-0.7126786561 1.9834577945 -1.0618160856 100.2601500197 201.3572442110
1.9193600062 2.7960739311 -1.6739447817 344.4805800682 280.5527229517
2.8049534027 1.7549510628 -2.7261348255 375.1538253231 385.4464919890
2.9691898119 0.8306301282 -1.4718533968 464.5204732583 395.1150559864
1.9577623473 1.9570472736 1.2495788176 498.0790581411 110.9556507185
2.4239824816 0.7568461512 -2.0444246221 405.2227909367 434.0466834177
2.5332886341 0.3624403137 -0.8886724309 507.7167833052 407.8503042550
2.7230803671 2.1668952310 -1.0932890004 416.5762692498 290.0733221110
-0.0667491202 2.8893935758 -1.8135267343 203.6239019260 246.5498189808
2.8849499926 1.7528628131 -1.9172862492 406.4181613913 351.5297698293
1.1468270981 2.4561268263 -0.9711199181 322.2115586935 240.7042260173
1.8638170845 2.7136824619 0.0667283887 399.9475109264 187.4792069961
1.7836301664 2.3017608285 -2.5962998189 315.2958600845 343.2430657022
2.0330982211 1.2071025275 -0.3551796497 450.2018522298 281.2547093750
1.1730569531 1.2704948479 -1.1105960248 333.2674840183 318.0271841871
2.9461481719 2.4968893176 2.7161145307 592.1036313328 38.6688575237
0.6570472120 0.4945068807 -1.4712885553 246.1246426022 448.4987750839
0.7279847276 1.9901461379 -1.3627605785 276.2768027834 278.1018768789
1.7827388544 2.9902355627 2.0898483581 474.8751311991 31.8820125156
0.9641042651 2.6882373571 1.1690572800 391.4106956566 60.7547443243
1.5773005481 0.8563350408 -2.8473658583 300.1601752986 472.0801821558
0.7664780110 2.9653914697 -0.1033146028 319.7180468857 156.3009737728
1.7669752855 0.9690625695 -0.5529376649 430.5668550491 309.3224650950
1.4488983111 0.6617484764 1.0469220162 603.0511121545 102.4985604526
1.1060195470 2.4830620612 0.3854567192 371.5920139303 139.6238743924
2.8833560441 2.6773336796 -0.2468877160 438.7857928440 232.2427990147
2.7832056284 2.7310910625 0.6875618561 468.5801183220 176.9597777434
0.4773538111 1.3095008612 -1.5680206608 233.2820255503 339.4610401186
0.7034332180 -0.0654622727 0.4930513506 654.0302697760 171.1121971552
-0.4791536927 2.3891232452 -2.6389828612 128.4245913242 316.2984750628
1.9631750106 0.7384015444 -1.1730532119 419.3186156564 383.2125390450
2.7390766891 1.4458832406 -1.4800111153 425.2131101549 347.7986693155
1.8142779780 2.3081898863 -0.8022692629 374.8955838846 251.9136072009
0.1815827826 2.0076210646 -1.8337579884 206.1978888942 298.7507216450
1.8809823717 2.0841163296 0.5893151287 447.8733578151 163.7937678991
1.0562875771 0.1801981948 -0.5239100279 408.0083782894 404.1060486241
0.5522005358 2.0961738439 -1.3378655295 261.0032465172 266.5256789079

gimbalangles:
0.0187110043 -2.4529044903 2.5345125977

end: