T_CW:
0.375197690556175 -0.215343417357847 -0.901584109000351 -0.041993956706619
0.117822299690081 0.975830593228523 -0.184044991822681 -0.024417672630336
0.919426233417915 -0.037173457196154 0.391501641609626 -0.048291442520021
0.000000000000000 0.000000000000000 0.000000000000000 1.000000000000000

T_CW_cov:
0.000000344257091 -0.000000090821645 -0.000000023270503 0.000000186158325 0.000000670866941 -0.000000004416743
-0.000000090821645 0.000000283827570 -0.000000012091987 -0.000000687468985 -0.000000164462529 -0.000000084002887
-0.000000023270503 -0.000000012091987 0.000000227999431 0.000000061357266 -0.000000049509096 0.000000010011422
0.000000186158325 -0.000000687468985 0.000000061357266 0.000002162773998 0.000000338489354 0.000000269975613
0.000000670866941 -0.000000164462529 -0.000000049509096 0.000000338489354 0.000001797783758 0.000000047949554
-0.000000004416743 -0.000000084002887 0.000000010011422 0.000000269975613 0.000000047949554 0.000000578815173

target_points_pix:
2.846962449674256 -1.270615537643179 -0.426835152527950 541.628565318900087 155.602036128913824
2.918590730881187 1.917845963257823 1.861029643800673 299.043644609225794 375.353916332343317
0.912158489264184 0.142680861227956 1.207983140341669 217.708641072359598 239.560086374483006
0.945662569122669 1.760153269745571 2.974348651753882 29.170795923886715 397.920452695750100
2.630597899395866 -2.533602612630514 1.408948156924308 392.948627740276379 43.410179111330109
2.559122324685278 -0.044395362467658 0.521955253318731 419.322630844147568 252.834240143388627
1.832454985117484 0.513641425586870 0.105088214289554 439.472828026049569 337.763114837302737
2.295902753926267 -0.365161291053127 1.037743256567058 371.623137536485046 210.217983901374964
2.304100349350628 -2.299069981759198 1.705250789412906 356.448632931405257 41.646395583684551
1.906356670365998 -1.872075609508802 2.833616551523114 251.277620456589801 59.378313741831647
0.821105526166656 1.242348034614174 2.542574551529467 40.244886177008141 358.856213063091900
0.898070854459469 -0.213009031596738 -0.346498830636345 618.466183344841511 216.227141530906522
2.245708819273801 -0.269019817269763 -1.294158407152367 697.593108939221793 273.916439582026783
2.017628304605564 -1.308391070018593 2.485454371403504 268.900125757705723 109.513866925313039
2.238553756143965 -1.820023448938255 -0.706450453503479 620.609118403829825 50.654887097691244
2.875257448580062 -1.580104716223466 -0.199938545484326 521.514820170790472 127.753983585603052
1.014318963918849 -0.183437836008217 0.234070377196855 416.392805550422509 208.313327317373478
0.834463258621495 0.725016701496996 1.608918387480616 130.905949209982623 328.358771595377277
2.638894052185566 0.285906882712748 0.661602872195694 401.993292192148942 280.430853108045312
1.843607119811643 -0.361478989869854 -0.532918628339249 576.568085211481957 229.259579881859594
2.635691040770782 1.158181394465124 0.711031662702086 380.512388776646389 358.671667496269720
1.698565678553845 2.310870581687825 2.057527450817250 184.939261147706191 461.828218358380354
2.297416000643904 1.143433707157860 1.111531266204481 333.107349601929798 353.524474983071286
1.863699464516614 0.985157077332460 0.862506798001731 334.381882062412501 362.298207612875444
2.948641527446762 -2.675864783680576 -1.635841321512470 730.406789760936363 13.055063369764270
2.495298790138770 1.920453497665155 1.363056413934268 308.459014014810293 408.605419348910345
2.427303183292759 1.985356552318837 2.741350825150290 220.996126666740423 368.323964317144714
2.627843514345666 1.894661821860889 1.825579627154451 286.155945072395582 383.948206411865499
1.351811419852067 0.783096493381664 2.751030019425284 139.760302300117218 281.922402447599382
2.691284804056324 -2.110622889317966 -0.699344101124199 597.845653930732851 61.951166808176197
1.187100558706069 -0.861906893643477 2.017600602608255 215.772981475161743 97.314669718552096
1.540400416017462 2.087339101036768 1.908610466144914 181.291317233733878 458.293156061373224
2.286322568150939 -1.140786610292051 2.454387992603414 284.193097065345853 135.137491784446581
2.484171415875626 1.405126900350028 1.626268195947127 299.919347521096540 354.499542206915066
1.848099923092915 1.061536246002513 2.263280864998368 218.618738765483386 318.266796636890660
2.799155307879877 -1.130392925321729 0.298991441436553 463.768940576784189 162.737598015543369
2.323577638081192 -0.690249941749447 -1.179912750217281 674.317920253196121 209.248357066129927
2.095012447085760 -0.505548737640729 0.826782077146033 386.992100542056960 193.482345131603608
2.464899791767131 0.133651585808758 2.786025348731038 253.917866727850424 231.050633962847314
0.914603583400992 1.019657572042683 1.708715699678023 127.423659580692799 369.339140505931937
2.340608082860999 1.652458833610059 2.318879626214586 243.262255352763987 357.385955341426836
1.782456108783678 1.236880970419606 -0.103160128504141 448.191592166380929 466.539616455516921
2.658851063604756 -0.146619407348651 -0.303708606220830 508.880644241223422 260.933852478364884
2.253849704504971 -0.960836636159451 1.204762064846220 368.054838988840572 151.834258310489588
2.378072002715271 -0.083796598433502 2.076769508457201 293.080396915174845 222.520760503756378
2.968097909654325 -2.451003639501020 1.536477141181445 390.638142813931950 71.126613358868070
2.082169211939505 -1.006513461776345 0.465865074907599 437.427275130476801 141.354195528740860
1.210306297439354 0.118493307029870 0.622275659202526 342.919924879653024 261.696875088483466
0.992340097043075 0.570965699142008 -0.129279550676452 474.173997708137051 445.165181530548352
2.698445811444329 1.349657302205972 0.712486519507039 378.685304047996510 374.010076889521883
1.439350206816805 -0.360542236023234 0.529560124387007 391.167537676041150 190.392370904902066
2.481967150920621 -1.000302633967113 -0.646211942643163 577.516831232387631 168.947776990722275
2.400392718106834 0.199954992395837 -0.159738289424310 486.397514931674436 295.487216059219918
2.132636972288164 1.593331695606723 2.384499972466795 224.723333389890286 356.108587961516491
2.859962333739178 -1.439341424311696 0.813081769980665 425.074682193927288 137.872593286002058
0.578178692579423 0.767445955150868 2.091912091973885 18.994706218056876 316.962130313898058
2.802873304445588 -1.894093028882541 0.298419609941055 477.555370491294298 97.314123083195682
1.165513450568036 1.359326142866921 2.261728229570661 123.226139678443730 372.732726503997014
2.267923129683981 1.616672810512931 1.606601834033495 283.605531043074336 381.087225344981562
1.533974010759609 -0.008808417963443 1.004257086734485 324.310910219819164 234.455045974096578
0.583602969381916 -0.454800371988159 2.643037342913001 44.198405317771858 100.427381153735524
2.268373919334812 1.515153845840254 1.072050534322178 326.547716608361384 393.113630988907289
2.144900729808161 0.032223101409752 2.542387948717812 247.936167150233359 222.312062773669908
1.220298668676579 1.949894996526472 2.297852036002098 111.159093638343904 443.055695094016187
0.881526355925920 -0.954421506133186 1.746665705280744 198.887205679661548 48.007750991923672
2.524523942213301 -1.904669170823968 0.288230403661922 479.206170850264130 78.224987976832523
1.296143323221548 -0.213775963869605 0.868237605375611 327.852801397632163 200.625125109335841
0.790225330020615 -0.049826709174231 -0.249592551683288 578.879788686748725 266.977060783035597
0.886769126975743 -0.126963633753276 2.413053404855960 113.543046831185109 170.811841043346107
2.543222452303324 -0.637392384131150 0.740953454688077 410.713962855414991 194.689933259745203
2.969189811888704 0.830630128229349 -1.471853396751549 634.123174924098294 403.587669883282274
1.957762347262904 1.957047273602196 1.249578817618344 279.851781144399581 449.954569616484605
1.747875670791832 0.746494880401744 2.711592061931588 189.477857502987519 277.901741799332285
2.370328147576886 -2.209422322424412 -0.876808865732352 648.672480321599096 14.533458106239323
0.837490171283028 1.485476491060759 2.158973694053571 56.236522131815150 419.793410105061753
2.533288634141132 0.362440313726649 -0.888672430890166 580.877336075374501 339.273699131084356
1.514152954714303 1.355090422704734 1.785681904146204 208.304052537823964 378.874293196984354
1.950787486001605 -0.640764826982241 1.047918531233533 362.312581560297019 171.569536102763522
1.327086720540587 -0.523499556777523 1.344670779553617 284.651611919012112 151.371297362545619
1.679634292697983 -1.376145895919265 -0.523826814346682 619.801182480525654 46.196811417568199
2.033098221115875 1.207102527469390 -0.355179649729624 490.683879252820475 455.037791157388483
1.523576982212340 -1.185164718831194 1.367020401069782 319.238839804593852 82.685011669476268
2.946148171883929 2.496889317624800 2.716114530653610 247.183346757689208 390.063939125456784
0.590748596256939 -0.301206405545826 2.897612535064620 26.166206065770325 124.267886780360556
2.838451579039968 -2.784543176193911 0.889956194928174 441.117828947941916 33.208763012886692
0.806310778729913 0.518444657202965 1.043178533836483 198.357119590565873 325.502521380566918
1.766975285516706 0.969062569477666 -0.552937664872517 541.689292196094243 464.506372016171042
1.843906633874438 -0.947169980806038 1.152224737288016 354.305191176046264 132.599471338574062
1.448898311056045 0.661748476375488 1.046922016218677 290.547797672610841 326.417727611265548
2.705973980689863 -0.733127119296918 0.728797185143482 416.944103979416354 190.782318457420502
1.949676902265344 -1.610164162764703 0.373257764765000 462.059724809432396 61.649278984355306
0.703433218020132 -0.065462272701852 0.493051350627481 311.764705566512930 210.272192053167117
1.963175010556395 0.738401544449355 -1.173053211860219 678.693442349691850 457.308539179390095
1.694751596750863 -1.670943292273279 1.944194647767804 292.439221406132447 51.614219251677042
1.319246838424638 -0.536685656131526 1.133580889613922 307.930188203889600 150.253443972940715
2.374666037886028 0.524217403115299 1.652361667884851 309.296506455609574 280.087832007454949
1.056287577067055 0.180198194814150 -0.523910027856285 643.265279545566273 366.201090213666589

gimbalangles:
1.131353389223000 1.123417456614450 -1.049754108433139

end: