T_CW:
-0.2214628474 -0.9741517296 -0.0445265656 -0.0308806133
-0.4595903771 0.0639936862 0.8858224954 0.0196790859
-0.8600760969 0.2166407532 -0.4618829847 -0.0394116063
0.0000000000 0.0000000000 0.0000000000 1.0000000000

T_CW_cov:
0.0000005817 -0.0000000562 -0.0000000095 0.0000000243 0.0000012708 0.0000000591
-0.0000000562 0.0000002699 -0.0000000056 -0.0000007480 -0.0000000575 0.0000001229
-0.0000000095 -0.0000000056 0.0000002432 -0.0000000052 -0.0000000730 -0.0000000055
0.0000000243 -0.0000007480 -0.0000000052 0.0000027911 -0.0000001259 -0.0000003135
0.0000012708 -0.0000000575 -0.0000000730 -0.0000001259 0.0000034858 0.0000001633
0.0000000591 0.0000001229 -0.0000000055 -0.0000003135 0.0000001633 0.0000008120

target_points_pix:
-2.8243573618 2.6628569762 -1.5907718359 249.2601250372 244.7286106116
-1.8989089335 2.7021134331 -0.4054152166 147.9187082109 311.7440091017
-2.4509590965 0.8871749841 -2.1853645049 356.4205715104 185.3573154986
-1.1698605629 -0.0915581141 -1.3700899405 433.2158322995 138.1850508589
-1.4021994661 2.7108304751 0.3961482093 9.0353792654 422.5574491845
-0.4339811544 0.3604827340 -1.2275564470 318.1405919308 30.7442163863
-1.2830020915 -0.7477612956 -2.9741651212 493.6872366526 19.2441435051
-2.5095895023 1.4537282118 -1.9005724212 316.3734290877 209.0782123571
-1.9323731186 -0.3012474738 -0.7481905140 467.2850150206 268.2589925473
-2.1173200533 -2.1447782396 -1.4060294826 693.8412109877 191.6023160493
-1.7590488229 -1.6158880204 -0.8003083999 694.1480502019 242.1237074272
-1.3783621819 0.6183489028 -2.2812195003 351.8163825668 101.9310155712
-1.4132040819 1.7390647207 -0.1303300090 164.4243734480 339.2835835658
-2.7526374896 -2.4282561608 -2.0502608060 642.3548630688 179.1407191185
-2.9630438574 1.2498685434 0.2703220651 320.2329621267 394.5185259032
-2.6318751097 -0.2406755511 -1.7765257254 445.2352727932 210.4858056896
-2.2570881565 2.7082349037 -2.0633919600 229.2917515564 197.5787405433
-2.4349464755 0.7633696205 -1.9950480928 364.0085829211 194.9423218686
-2.9891561525 1.0928385460 -1.1234454871 347.0674137359 274.0186378063
-1.9740008485 0.2407913313 0.2379810357 399.6287157179 413.8116571680
-1.4003785247 -0.3736922668 -0.7233151088 490.4862310940 239.3345145235
-2.7312989435 2.6530594031 -1.3942433270 241.7253807954 253.9402152293
-2.6333375856 2.5260876036 -0.4714651478 222.6249936932 318.3386614582
-1.8036662741 2.9213890742 0.4185609520 65.9315647382 413.8711887179
-2.6437567343 -2.7994983705 -2.3091975591 679.0865689370 150.7061050534
-1.2333229781 0.8026401249 -0.6833503019 293.7651642790 244.7760345640
-2.7741509670 -2.0402444891 -0.1757024121 689.3862928002 362.3974792330
-2.4109286583 1.5240721805 0.6122623179 258.0551451225 444.9521611214
-1.9646052403 -2.0029863434 -1.3242917964 694.7244519205 189.4655116511
-1.2292746160 0.8858709981 -2.9739817686 329.4826448895 52.9698011343
-0.8911796826 2.9815497203 -1.4877817901 61.6191601616 157.6392602013
-1.8905943680 -2.4627044847 -2.4214448040 697.6880720625 82.0785980835
-1.5747020397 0.3647896395 -2.1186734669 381.0758027875 126.4083352688
-2.9933007186 -2.9934415882 -2.4369486571 668.8939304634 162.8924091351
-2.5954390840 0.9615306910 -1.9993108423 353.1849752425 203.4116539996
-1.2146827552 0.4313236250 0.0528315889 333.7685889091 386.4251833687
-2.4795398100 0.0634801912 0.4110664761 430.5545257728 432.2748139966
-1.8048953481 1.9335417400 -1.4229821744 239.6993279809 212.7017241559
-0.9856763569 -0.5848182569 -0.8305814883 555.5751988806 171.3439309773
-2.3495685473 0.3594685558 -2.9255488728 394.3975642354 135.3906029509
-1.2272046121 -1.5636394124 -2.1282380772 646.0704625997 35.3903767037
-2.7764038774 2.3680402460 -0.8289858517 249.5997276413 292.7115892129
-2.1679331945 -2.2497089087 -2.4883330897 642.8653203274 110.0198818249
-1.2502089736 -0.4633432231 -1.6307261334 485.5618628239 113.5393951395
-1.7725763211 0.1321032521 -2.5127218453 406.4719123581 114.4872100042
-1.6435711194 1.7206815262 -0.2385074952 201.7453293265 327.3314066688
-2.8070000852 2.1028983329 -1.6509945629 282.0988613846 238.3440966400
-1.0050947886 1.3796874961 -1.1237346037 213.0146733767 176.9247944381
-2.9469886051 -0.0556582209 -2.3291306646 428.2696104399 192.4934975595
-2.2714974815 -1.5754805292 -0.3708202209 655.8657279755 327.5282365845
-2.7642033712 2.8377397974 0.0312227722 195.4710022685 362.9810836135
-0.7126786561 1.9834577945 -1.0618160856 90.6244933046 164.0399071900
-2.2906387154 -1.9032725139 -2.9466558645 582.0595935781 100.1655672090
-0.6100045683 0.5645809022 0.0344290762 192.4238134619 389.4561939178
-2.0786952816 -1.2439389284 -2.8570242590 528.1218859435 98.2284215063
-1.9296688539 -1.8920561824 -1.4908164832 668.9928924864 171.4069569033
-1.8553364985 -2.2370036957 -1.3848175939 745.6922616434 169.2566970733
-1.1895189559 -0.0584733151 -0.8465864265 433.3872463212 206.3073734103
-1.7178836189 1.5332592184 -0.2148120387 228.5069043888 332.3332964052
-2.1610756819 -2.5467967732 -1.5818627512 738.3029677317 172.8314213219
-1.0310568987 0.1681308091 -1.9239170579 391.5671608176 75.8229546677
-1.6965573658 2.2500304313 -1.4300462053 207.3007412386 209.1066210505
-0.7896994598 -0.6712832293 -1.4482634684 554.5921662305 43.4535705069
-2.9458023404 -0.1409691835 0.5459986167 455.6146697505 441.6980157995
-2.0809982885 -2.3007220402 -1.1211365928 747.1580828340 217.1171630822
-1.7593186310 0.6483982310 -1.4034331411 352.7887199003 199.6430097505
-2.4005462004 -1.4231052476 -1.7722446267 562.8186528672 188.2451643771
-1.0519031372 -0.6309223896 -1.1260086692 543.1794687240 136.0009601658
-2.5222100225 -0.7635231769 -2.4214857334 483.4925378530 159.9367849643
-2.7635838127 2.5758996306 0.1771810151 208.8591112002 378.0987014534
-1.1789359356 0.5890362018 -2.6866246034 352.1622508538 55.7574211440
-2.9155772865 1.8015255028 0.9202060444 257.8893248442 467.1796189260
-2.3709911216 0.7873857488 -1.7873182151 359.6812437102 205.3779041112
-2.1351115329 0.3711751050 -2.8548084772 390.9853550695 125.7357542219
-1.5993342926 1.4370656586 -2.3495525503 289.2532177219 130.2946597192
-2.3524978632 -0.4190901020 -0.6763358060 477.1025927291 291.6496659291
-1.7962047277 -1.0397187367 -0.0814019688 629.1796950119 369.2439350106
-1.5057213679 1.4881960724 0.1935683238 187.4985688960 398.5321270861
-1.6020343444 1.0108264512 -2.1461077954 321.6433859976 137.0377321570
-0.4791536927 2.3891232452 -2.6389828612 130.4996190059 16.5426688858
-1.7376268140 2.4434120148 -2.6251467566 230.8243443823 137.3740656743
-2.7196823128 2.1269550887 -0.8836294877 263.7475347644 287.1202834876
-1.4239071394 1.7163547221 -0.1251398761 168.3047129860 340.3746293715
-1.4994475505 -0.9512953885 -2.1558872977 532.2508842375 89.9601325806
-2.8451823330 1.0493991114 0.7078918140 327.6464994887 451.4057940046
-1.9858815282 -1.4791766923 -1.1752089238 618.5826660383 213.5620791842
-2.2862629253 -0.2226837426 -1.4929258470 446.7455167098 214.4889769463
-2.7921738827 1.8243530301 -1.3223706776 294.0760928307 257.3973467508

gimbalangles:
-2.6609585439 0.0445412919 0.2235397813

end: