T_CW:
-0.5296928918 -0.7610790733 0.3744116512 -0.0451769900
0.5459155450 -0.6437504233 -0.5362477136 -0.0449903564
0.6491545719 -0.0796494615 0.7564749204 -0.0148081245
0.0000000000 0.0000000000 0.0000000000 1.0000000000

T_CW_cov:
0.0000005817 0.0000001582 -0.0000000063 -0.0000003802 0.0000013002 0.0000001140
0.0000001582 0.0000004097 0.0000000041 -0.0000010464 0.0000003373 0.0000000387
-0.0000000063 0.0000000041 0.0000002557 -0.0000000252 -0.0000000185 -0.0000000015
-0.0000003802 -0.0000010464 -0.0000000252 0.0000032734 -0.0000008078 -0.0000000949
0.0000013002 0.0000003373 -0.0000000185 -0.0000008078 0.0000035072 0.0000002190
0.0000001140 0.0000000387 -0.0000000015 -0.0000000949 0.0000002190 0.0000008960

target_points_pix:
1.5213801119 -2.2008710222 2.5041141733 515.3572072353 308.0869183787
0.4101131736 0.5362741924 2.2116901022 395.4335470933 65.8084711523
2.9185907309 1.9178459633 1.8610296438 193.9248313120 186.6441650660
1.1463216217 -1.7295446098 1.9332112052 518.8077325027 308.1104060789
0.2808005009 -1.1718645692 1.1250327653 618.4360723937 296.0237760342
0.9121584893 0.1426808612 1.2079831403 345.2371423642 192.9176268092
0.0462699197 -0.8578527772 1.6217053210 595.0291733620 177.3629099827
0.9456625691 1.7601532697 2.9743486518 306.0831177864 38.4499253540
2.6305978994 -2.5336026126 1.4089481569 458.3733913001 424.5356766650
2.5591223247 -0.0443953625 0.5219552533 236.6048428566 369.7151592972
1.8324549851 0.5136414256 0.1050882143 102.1826712050 353.1228882885
2.2959027539 -0.3651612911 1.0377432566 312.5272087114 333.3037590794
1.5642042617 -2.1943799157 2.0967586103 514.1652190741 335.7699038896
2.3041003494 -2.2990699818 1.7052507894 467.3017016854 385.2763467698
1.9063566704 -1.8720756095 2.8336165515 473.6566946713 286.6055345327
0.8211055262 1.2423480346 2.5425745515 326.7720395895 58.1166176643
2.0176283046 -1.3083910700 2.4854543714 435.2981533823 281.3849634565
0.1060971975 -1.5869797388 2.1014893325 633.9903762823 226.9205368943
1.6912700364 2.9152958030 2.0943006760 139.3510037275 29.0705428304
0.5802513707 -1.4129348864 1.3211278183 574.9757980730 316.8879234729
-0.1801198384 -0.5479985749 1.3114649932 632.0523675903 107.3913752111
1.0143189639 -0.1834378360 0.2340703772 272.1375489964 384.9714883229
0.2911990845 0.4534318924 1.9094584180 401.3350402194 55.8057931141
0.4256399553 -1.6947218047 2.8575435986 572.6675843044 215.1876144276
0.8344632586 0.7250167015 1.6089183875 312.7759616092 107.5948882429
2.6388940522 0.2859068827 0.6616028722 218.2198333115 334.6977257616
0.3042496640 -0.7297572688 1.2382640873 542.2479243229 224.7977640970
-0.2146575641 -0.5046357991 1.9549094726 585.2310182639 82.9010509221
2.6356910408 1.1581813945 0.7110316627 142.9163695392 269.3660435153
1.6985656786 2.3108705817 2.0575274508 185.3599978978 71.9080835425
2.2974160006 1.1434337072 1.1115312662 188.3582361936 226.2084103349
1.8636994645 0.9851570773 0.8625067980 175.5732320305 222.7641878406
2.4952987901 1.9204534977 1.3630564139 149.4269916846 176.6574213395
0.3802981729 -1.2987431511 2.1045967176 566.9933558077 223.0015965706
2.4273031833 1.9853565523 2.7413508252 248.7551619215 137.2962396475
1.1523788830 -2.1628663225 2.9736070176 536.7494986600 268.9201059417
-0.3823346286 -2.6004217608 2.8138227545 747.7031627362 228.9760653117
0.3581181741 0.7410917287 2.9171161179 405.2116156374 45.9730791938
-0.2089443667 -2.2213772583 2.7520224592 694.9189463849 216.2185902446
0.0001974302 0.4256021854 2.6457210473 452.0923690721 24.0240196845
2.6278435143 1.8946618219 1.8255796272 193.1672036246 172.7984112077
1.3518114199 0.7830964934 2.7510300194 347.9120077899 131.4719485827
0.0799047365 -1.4043005573 2.5796705873 599.5319261636 184.2067098689
1.1871005587 -0.8619068936 2.0176006026 451.2751472886 247.5417885688
1.5404004160 2.0873391010 1.9086104661 189.9954301706 71.8909191674
2.2863225682 -1.1407866103 2.4543879926 412.9605728993 283.2875862754
2.4841714159 1.4051269004 1.6262681959 212.9759357633 197.9560753886
1.8480999231 1.0615362460 2.2632808650 290.6764150026 159.2788434212
2.7991553079 -1.1303929253 0.2989914414 312.2413081430 473.9125971750
2.0950124471 -0.5055487376 0.8267820771 319.8494443827 357.5889144791
2.4648997918 0.1336515858 2.7860253487 348.2971722164 221.3370741725
1.0168380356 1.8187565862 1.2681363448 127.9574062469 17.4773719851
0.9146035834 1.0196575720 1.7087156997 285.2738545458 88.2264715924
2.3406080829 1.6524588336 2.3188796262 245.7031346896 156.2666033743
2.2538497045 -0.9608366362 1.2047620648 369.5324011473 354.2780560032
2.3780720027 -0.0837965984 2.0767695085 339.5480768004 254.4298538983
2.9680979097 -2.4510036395 1.5364771412 436.2192889545 411.8838994164
2.0821692119 -1.0065134618 0.4658650749 346.9645553994 443.2356489328
1.2103062974 0.1184933070 0.6222756592 269.0130789122 279.8051102646
2.6984458114 1.3496573022 0.7124865195 126.2018638151 259.3221833704
1.4393502068 -0.3605422360 0.5295601244 315.4221993645 363.0538378889
2.4003927181 0.1999549924 -0.1597382894 112.3592571019 449.5690149582
2.1326369723 1.5933316956 2.3844999725 256.7743123265 145.7057081052
1.5215156292 -2.3620191306 2.0995385183 527.7380565364 343.3806255512
2.8599623337 -1.4393414243 0.8130817700 360.3885036006 428.5389133336
0.5781786926 0.7674459552 2.0919120920 355.6078764148 66.3183835981
0.3150226326 -1.7471125294 2.0745693761 616.4226176543 257.1393151809
1.1655134506 1.3593261429 2.2617282296 287.5336172385 85.1545499787
2.2679231297 1.6166728105 1.6066018340 197.2394122334 171.9671990053
1.5339740108 -0.0088084180 1.0042570867 309.2278938508 275.9245828470
0.5836029694 -0.4548003720 2.6430373429 473.8502005042 153.8019444672
2.2683739193 1.5151538458 1.0720505343 150.0030400672 199.1392118346
2.1449007298 0.0322231014 2.5423879487 356.5721530995 220.4610096755
1.2202986687 1.9498949965 2.2978520360 240.5051704299 48.0280947140
0.8815263559 -0.9544215061 1.7466657053 482.4918458053 253.6293569788
1.2961433232 -0.2137759639 0.8682376054 336.0755053366 293.1716557922
0.8867691270 -0.1269636338 2.4130534049 424.2072117174 161.7381748775
2.5432224523 -0.6373923841 0.7409534547 307.6236040258 385.3708089691
0.3863538972 0.6004048737 2.4777203984 401.4875226586 57.8261304493
1.9577623473 1.9570472736 1.2495788176 126.8245648354 132.5556882323
1.7478756708 0.7464948804 2.7115920619 334.4072622182 159.6797116264
1.4063415740 2.6146316096 2.3857624421 192.4598287573 22.5810613515
0.8374901713 1.4854764911 2.1589736941 279.5561721733 38.2259717416
1.5141529547 1.3550904227 1.7856819041 242.8544825752 125.1888323101
-0.0697798789 0.3330106119 2.1652521284 460.9690735535 12.3836318111
1.9507874860 -0.6407648270 1.0479185312 352.4874075694 339.9406669327
1.3270867205 -0.5234995568 1.3446707796 394.4724949491 277.3488759077
0.2999752779 -2.0607219307 2.4452932410 626.6224022217 254.3239578462
1.9041661336 -2.7694805772 1.8613690763 523.9319000901 390.4168787475
1.1641200600 -2.7568952982 2.8068855712 570.5891540239 307.0783607953
1.5235769822 -1.1851647188 1.3670204011 439.7053548658 333.4486445492
2.9461481719 2.4968893176 2.7161145307 214.9096174670 142.5622690472
0.5907485963 -0.3012064055 2.8976125351 465.0517915019 138.5511995496
1.5116640493 -2.8250780375 1.5329666214 568.5073778934 422.0058432157
1.7827388544 2.9902355627 2.0898483581 133.7671911708 33.3712689402
0.6812398773 -2.9641218080 2.8611191676 624.8535438120 299.4566731544
0.8063107787 0.5184446572 1.0431785338 283.5512650706 143.5960974302
1.8439066339 -0.9471699808 1.1522247373 390.3351783469 347.8136278663
1.4488983111 0.6617484764 1.0469220162 241.1950013139 204.5200358237
2.7059739807 -0.7331271193 0.7287971851 308.3466014122 394.8353524458
0.7034332180 -0.0654622727 0.4930513506 321.1524489584 274.0457182714
1.6947515968 -1.6709432923 1.9441946478 470.5304137624 321.5672621343
0.5875879920 -1.9410979907 2.7733843637 574.5008578916 243.3515409047
1.3192468384 -0.5366856561 1.1335808896 387.7607914282 296.9360001587
2.3746660379 0.5242174031 1.6523616679 279.3489168594 242.1519081819

gimbalangles:
0.9545156569 -0.3835456998 0.6083017543

end: