T_CW:
-0.786998575795594 0.504869233119643 0.354598786158230 0.011596544554268
0.310605989062487 -0.172371499806256 0.934779110599427 -0.023467549933230
0.533063937304167 0.845810335420256 -0.021159282645072 -0.048009371541548
0.000000000000000 0.000000000000000 0.000000000000000 1.000000000000000

T_CW_cov:
0.000000354334973 0.000000065728825 -0.000000014059006 -0.000000080945917 0.000000737885735 -0.000000060120479
0.000000065728825 0.000000352995049 -0.000000011194517 -0.000000804086026 0.000000068587581 -0.000000044091529
-0.000000014059006 -0.000000011194517 0.000000268662967 0.000000036039977 0.000000002957297 0.000000002859931
-0.000000080945917 -0.000000804086026 0.000000036039977 0.000002413581814 -0.000000008926661 0.000000065089733
0.000000737885735 0.000000068587581 0.000000002957297 -0.000000008926661 0.000002120297877 -0.000000119947395
-0.000000060120479 -0.000000044091529 0.000000002859931 0.000000065089733 -0.000000119947395 0.000000645411244

target_points_pix:
0.174291025719860 2.989376865873170 1.872403303874899 570.743953519208389 360.384965482866335
2.918590730881187 1.917845963257823 1.861029643800673 323.853832438125039 418.948049568673923
0.452551189003542 1.477154370083086 -0.370993160474207 420.246648391082147 158.807626482976133
0.071358945903664 2.868895960760703 -0.905108649050095 482.812914066686176 106.318572261665452
1.832454985117484 0.513641425586870 0.105088214289554 173.769763999199597 338.265724681895506
-0.305473239932581 1.155387490003378 0.201703253774236 663.074310512020702 198.641781901086745
0.817973211799167 2.294819345762404 -0.208289187390903 422.192783175379873 202.286714561954454
0.415793910281768 1.183093881075663 0.650316174466143 482.042935130494982 345.780764029188049
-0.019702490878293 1.917960728927152 -0.737518131556238 487.674164182208983 78.826231572122992
-0.845404378483952 2.695515844627400 1.340110028364365 722.030754760531977 308.836575526008460
1.691270036428666 2.915295802974492 2.094300675971820 441.382422734168244 384.097116134125599
2.124314905889378 2.516536008253327 -1.159942408705877 315.438445910945802 173.695765057516951
2.202767322607175 1.273914592564771 -2.774660020847438 154.766778222869135 9.446666954132013
2.638894052185566 0.285906882712748 0.661602872195694 118.211676294634117 447.715964246332078
2.283841378883928 1.271035310454307 -2.066588718161386 176.894611864797184 84.717506992586721
2.635691040770782 1.158181394465124 0.711031662702086 247.572113468624821 370.859363523978118
1.698565678553845 2.310870581687825 2.057527450817250 425.176731160032205 416.839637881634360
0.860697852236524 2.438120206036826 -0.860519764356981 400.526838513583129 144.344623968412748
2.297416000643904 1.143433707157860 1.111531266204481 281.168412943816065 414.333135340669571
1.863699464516614 0.985157077332460 0.862506798001731 285.718145163099791 403.310634910663737
2.840052798843084 2.329374247149249 -2.575874164725013 239.412788836301758 104.402614270715333
0.683770887933879 1.967835955911635 0.575973293792091 457.742628984781788 287.249624636697490
2.495298790138770 1.920453497665155 1.363056413934268 333.317500580948774 382.006485072298062
1.959827138418633 2.080762882451776 -1.817207778188205 277.963819548209017 112.184661559763015
0.322391346551007 0.657268709577686 0.341131292632411 451.044986465151965 341.072610682275638
1.297774712209653 2.704606822667046 -2.060317409890036 344.805691058431364 75.950496353493691
2.892079814720038 2.137865082943373 -2.531162314746993 225.160670051074675 105.513714896643307
-0.308902894081003 2.662518381846243 2.673541930749186 685.972195412937936 473.876886036286919
2.726024062390456 2.249586546271820 -1.935271634696742 253.636838174544266 140.362829718256023
1.113529230923907 2.959043605161732 0.604136990276577 442.481616996341529 269.611463321636109
2.627843514345666 1.894661821860889 1.825579627154451 337.749965883620632 419.734616277193368
0.633624252448053 1.178384204980633 -1.055285210204363 326.062164610143327 51.763775499407870
2.366722528632731 2.870625563219331 -2.137310229465841 299.209305118742122 122.724669870348308
1.540400416017462 2.087339101036768 1.908610466144914 426.586497755724054 421.511849248763497
0.258529365432542 0.593447349207453 -0.510877348310836 345.815967034582513 29.629778835750983
2.484171415875626 1.405126900350028 1.626268195947127 309.860186117839532 441.210018695698011
2.198339080206081 1.367198496929817 -1.080298376555421 227.070609921795722 178.010613342379685
1.016838035575660 1.818756586201003 1.268136344806029 445.140278788481282 379.979821761657263
1.782456108783678 1.236880970419606 -0.103160128504141 275.670753066205521 266.914021147675726
0.787167461629051 2.042498320760199 0.201299038701095 432.393483528286652 246.163193845717643
1.371663769460994 0.879266964748105 -1.357498840974314 191.614300456716705 70.423649848042658
0.971922361675591 1.968970143655820 -1.562563872244343 340.336683619143628 69.853846151902275
-0.212116741562556 1.789778871300426 0.829726849022180 624.605779173256678 307.995926564304966
2.836175536677109 1.994944033462968 -2.455637396822729 217.919574902915286 105.020469000241661
0.992340097043075 0.570965699142008 -0.129279550676452 243.431913935054212 255.954195517690380
2.698445811444329 1.349657302205972 0.712486519507039 262.078712271479731 359.500025638885347
0.896210459174977 2.888775023719487 0.074297014830876 441.913674715139109 224.945688535905589
2.400392718106834 0.199954992395837 -0.159738289424310 59.493391121604986 332.298803344628254
1.457004382153908 2.311441296474558 -2.865704388874944 288.537084573248592 6.181617710046083
1.678163884393774 1.763579653176779 -1.081503964129788 293.102947497336800 155.857633893721925
-1.101270699458112 2.960674199173910 0.319783312406470 698.197974397920916 164.639699538964834
1.499736267738784 2.255228431018857 -1.704205875398000 318.346823364813474 101.409891445363399
0.361289200112146 1.979437519624452 1.799793479901044 560.656726938450447 433.788925529199219
1.971116129500769 2.532050017386672 -0.864756201505920 331.847518334787480 189.396599584512558
2.267923129683981 1.616672810512931 1.606601834033495 337.722762017919308 424.199312496623122
0.858796198767202 2.444877819750769 2.142704117515820 507.519386425253344 421.019283991830775
0.424503391425445 1.019182039581089 1.052562204921530 509.585651061319936 457.335778439622459
0.632541919085941 2.620853067715426 -2.393082535195631 374.183713942712586 1.562545502977173
2.268373919334812 1.515153845840254 1.072050534322178 312.467233818086811 381.691850322971789
2.840746233810969 2.675666402683015 -1.319954729083223 288.943365144023460 185.740380256741446
1.220298668676579 1.949894996526472 2.297852036002098 468.650392891746037 477.515476949748404
1.919360006235380 2.796073931111244 -1.673944781698095 326.496182766274899 133.948280897435154
2.804953402716851 1.754951062803924 -2.726134825525947 191.082495949077440 77.496041723172453
2.969189811888704 0.830630128229349 -1.471853396751549 116.438489229706363 173.435210378486772
1.957762347262904 1.957047273602196 1.249578817618344 366.249835816535551 370.004094222506808
1.406341574035144 2.614631609635819 2.385762442061608 465.756680530036419 424.836883716474176
2.423982481611550 0.756846151188032 -2.044424622084699 94.346384067258157 74.925777528339324
2.533288634141132 0.362440313726649 -0.888672430890166 61.133112538336150 220.280384357598336
2.723080367051685 2.166895230984133 -1.093289000372446 269.531754407920005 197.036904387687258
-0.066749120151215 2.889393575750106 -1.813526734269057 463.996778391353132 13.953709673724347
2.884949992613337 1.752862813125280 -1.917286249155953 210.420485712242993 141.491834958648127
1.146827098132877 2.456126826250834 -0.971119918071874 375.710071481894431 148.829657373476039
0.076060758835924 1.107030849292172 1.108456836711084 616.686602555059608 465.424422628476577
1.863817084506842 2.713682461887588 0.066728388683226 370.689557901772218 250.771053410169571
1.783630166408887 2.301760828481576 -2.596299818856131 279.465112459644956 48.612930633147073
2.033098221115875 1.207102527469390 -0.355179649729624 245.815789230556334 247.527405323495884
1.173056953141853 1.270494847899332 -1.110596024848202 279.428697239510143 107.292920010874383
2.946148171883929 2.496889317624800 2.716114530653610 369.650450328746160 442.435409272600964
0.727984727606241 1.990146137895145 -1.362760578457041 370.591734551592538 72.884084859436769
1.782738854381385 2.990235562690588 2.089848358145721 436.640909107315508 380.117172710993259
0.964104265095303 2.688237357101499 1.169057279954943 466.560652524835518 320.228396105564343
0.766478011014490 2.965391469717980 -0.103314602836315 448.481804795359608 206.448099089379582
0.408300883713200 1.889185112811873 1.733641460218463 551.183419712023692 434.958997015867112
1.766975285516706 0.969062569477666 -0.552937664872517 223.058005913012778 217.340001681287845
1.106019546979264 2.483062061216136 0.385456719173439 424.090310371508849 262.744582600779779
2.883356044107945 2.677333679565766 -0.246887715954717 311.356885265046401 251.139078794006650
2.783205628436592 2.731091062502096 0.687561856108538 339.231115077489392 305.232288250462432
1.963175010556395 0.738401544449355 -1.173053211860219 143.878738037833358 145.995284217464047
2.739076689140502 1.445883240616402 -1.480011115263047 199.406709906563350 166.508834698658177
1.814277977984292 2.308189886267098 -0.802269262856072 330.450373767670271 188.675729407299571
-0.145963956970545 2.650155075455251 1.296000655472000 598.119606143143528 319.002587596863009
1.880982371694132 2.084116329559794 0.589315128723995 356.723350729005347 306.843801083259336
1.056287577067055 0.180198194814150 -0.523910027856285 49.318921493331061 162.512427555158439
0.552200535814588 2.096173843931648 -1.337865529537719 394.287851938949132 66.654322841465330

gimbalangles:
0.022631731625458 -2.779107718448732 -1.000411044714663

end: