T_CW:
0.8980611201 0.2536764839 0.3593528434 -0.0221449608
-0.0565337688 -0.7436109699 0.6662181763 0.0171703382
0.4362226009 -0.6186202122 -0.6534668129 -0.0524514510
0.0000000000 0.0000000000 0.0000000000 1.0000000000

T_CW_cov:
0.0000003772 0.0000000683 -0.0000000305 -0.0000002071 0.0000007917 -0.0000000617
0.0000000683 0.0000003349 -0.0000000032 -0.0000008933 0.0000001589 -0.0000001077
-0.0000000305 -0.0000000032 0.0000002534 0.0000000151 -0.0000000987 0.0000000074
-0.0000002071 -0.0000008933 0.0000000151 0.0000029475 -0.0000004818 0.0000004175
0.0000007917 0.0000001589 -0.0000000987 -0.0000004818 0.0000021991 -0.0000001558
-0.0000000617 -0.0000001077 0.0000000074 0.0000004175 -0.0000001558 0.0000005486

target_points_pix:
-0.6320758571 -2.9734307655 -0.9551538105 184.1707347408 423.9192003843
1.4904409015 -0.8576028127 -2.6357354281 388.1489102168 138.9949572765
2.8469624497 -1.2706155376 -0.4268351525 596.1699436294 295.0010057332
2.4414387687 -2.5855806867 -2.6140916131 407.4800072353 242.9404204191
1.2955616386 -1.4164051859 0.0125195018 513.0601122244 415.7045179143
1.6304909208 -0.4683184133 -1.9111117291 445.3493555502 129.4993859548
-1.2830020915 -0.7477612956 -2.9741651212 47.2878962856 59.4879867774
1.5085798632 -1.1919996516 -1.7278603287 415.3322467663 207.0007561935
1.5390997624 -1.5424577392 -2.4175742588 382.9540825220 198.6430775125
0.6234708383 -1.9398854722 -0.2972694506 366.1162713685 423.3667308380
2.6638076555 -1.1338153697 -2.9948707751 439.8738385755 157.0494829520
0.8751195563 -2.7412553167 -2.3497777337 322.5681388362 269.5001162632
0.0469361765 -0.1783641195 -2.6535832882 244.6592239204 23.2822526141
-0.4132450863 -1.6619243622 -0.3975132155 155.7536743023 471.4331508343
0.8980708545 -0.2130090316 -0.3464988306 585.3561928358 202.7938693609
2.2457088193 -0.2690198173 -1.2941584072 557.5367116788 143.2930147496
2.2385537561 -1.8200234489 -0.7064504535 497.8366574338 314.0401633802
-1.5006224968 -2.7756126823 -1.2469839680 41.0180259194 416.5351531437
2.8752574486 -1.5801047162 -0.1999385455 593.8373692319 333.4254636091
1.3939397812 -1.4548252074 -0.2639512733 489.0460220774 365.0000500477
1.0230141211 -2.0286101404 -1.6936841533 355.3873288289 269.3637234372
-0.3342155314 -1.4791719233 -1.8288346165 203.9025347360 229.1417294857
0.9681774819 -1.8265874372 -0.0500718532 433.0396382910 442.7304601185
-0.3665870185 -2.4417945195 -0.7850897223 207.9713652781 417.2516780025
1.8436071198 -0.3614789899 -0.5329186283 622.0226014568 207.9011002372
-0.8431574331 -1.9395949874 -1.4799140705 125.5942884500 311.7368476322
2.7511059297 -2.1694872227 -1.9673213969 451.5961945497 250.0882855927
2.9486415274 -2.6758647837 -1.6358413215 458.3409779423 285.4236362518
2.4920592820 -2.8352242968 -2.0271598657 420.4519707778 276.8503653391
2.5258584135 -2.8592762385 -0.6116947642 473.0738161604 359.3027527010
-0.1823780494 -0.8635400208 -2.5844140384 221.0149751759 117.8654276617
-0.7482836631 -2.2901477881 -2.3809329031 176.5946483369 256.0005790784
2.6442776321 -1.9549028644 -2.2435606455 442.5569899543 228.4658259297
2.1800794479 -1.0439377960 -1.9029706145 460.9131841261 187.7229126087
-0.5278049365 -2.9772354716 -1.6874461611 206.4727895696 342.8545907003
-1.8905943680 -2.4627044847 -2.4214448040 26.3842056737 276.6974515972
2.4497479841 -1.5512437600 -2.3657692494 439.4412296189 202.2122780506
2.3241395539 -2.8069241618 -0.5895953926 464.8036096664 363.5343698810
1.4521663042 -0.5399965625 -1.6630885379 441.4155237850 146.3709148704
0.8262230982 -2.7700330224 -2.2296368352 320.7660102450 277.4513177940
-0.4042982512 -2.7503468765 -0.9514857109 210.7364146649 407.1695302346
2.6912848041 -2.1106228893 -0.6993441011 510.1307381069 320.7905823147
2.9170283047 -1.1525861895 -2.5332101054 469.2953333286 173.6256936096
0.6597325242 -2.7190445851 -1.4226758844 321.7057291627 329.1040429411
1.0749470139 -2.7742481684 -2.6710858845 330.3534683328 254.5245534885
2.8541328387 -2.2616395508 -2.4159725580 439.0258390410 235.3931458233
1.5889353798 -2.3704226469 0.0978376196 474.5608536682 447.3449464495
2.7991553079 -1.1303929253 0.2989914414 709.6758957692 369.5280505807
2.2425741823 -1.7173131963 -2.8670343424 408.2203129388 193.0524209808
2.3235776381 -0.6902499417 -1.1799127502 539.4382062618 196.2174955575
1.6075514943 0.3175726274 -1.9505948349 487.4816344904 14.1739483405
-0.5276153481 -2.5064104042 -2.0030443754 201.4895258554 293.6617702473
0.2277862557 -0.3340403307 -2.6300424523 271.3561670462 55.6745023674
0.7112279187 -0.6943231092 -2.1725083750 336.2242954239 130.0449224133
1.1504892931 -0.6627365524 -2.0403880364 387.3849637709 138.7064238132
-0.1425061998 -1.1158049670 -0.6788600397 214.6031657759 335.1214314197
1.9648604716 -1.5172012612 -1.6765924910 439.6113001737 232.5228405665
2.0821692119 -1.0065134618 0.4658650749 737.8228324715 436.9788495265
0.5258951825 -1.9250366668 -0.8884842334 330.9073782029 342.2246536481
1.6820117367 -2.6908657484 -0.4410075725 434.7192158819 389.1641607300
0.4195796210 -1.9748834519 -0.3264386009 334.5554707505 431.8280184652
2.4819671509 -1.0003026340 -0.6462119426 576.2209459140 261.7731148784
-1.2272046121 -1.5636394124 -2.1282380772 62.9933583021 216.5340046187
2.7544963644 -1.4088225197 -2.8622308738 441.5207490004 177.5438541576
2.9010377035 -2.0761523624 -2.9764524155 429.0129194715 207.6651667944
2.4690198210 -0.8218292901 -1.7671497527 496.9153887504 177.6020420279
2.8028733044 -1.8940930289 0.2984196099 614.3088376941 404.7187427436
1.1375885433 -0.0063029323 -2.6361798873 380.9165825662 39.1164191539
0.6126184509 -1.9652231620 -0.7123293042 346.3903524255 363.2203614456
1.5108970396 -1.3615313295 -2.9687420888 369.7521582338 165.7972022936
2.0870307964 0.3507490887 -2.2443769366 505.4850370453 26.4751872063
-1.0103194588 -0.8321822294 -2.8083801352 95.2569775459 86.1382724940
-0.3638610292 -0.9546125156 -1.7797905765 182.3036785125 170.8641559139
0.5171586540 -2.8836435482 -0.8402935305 318.2278763062 391.3200256713
0.9955118727 -0.6900885001 -2.2663970244 362.8588831297 130.1484879430
2.5245239422 -1.9046691708 0.2882304037 596.5886218237 415.4800348230
0.7902253300 -0.0498267092 -0.2495925517 666.3991643266 161.5956129557
0.0126243685 -2.0694425955 -2.4142551407 254.5306289332 234.9976650086
2.0562877052 -2.9757796727 -2.6627237828 381.4460346802 258.1375256592
-0.3936100835 -1.1881348723 -1.5631378304 179.7541752355 220.8692465067
1.4706806190 -0.4806013601 -2.0637464314 422.3656412607 122.3141999506
2.3703281476 -2.2094223224 -0.8768088657 477.1999578873 317.5559530771
2.5332886341 0.3624403137 -0.8886724309 722.9395954795 70.0530740503
0.7293110861 -2.4662675618 -1.2961584207 333.2421296732 326.3213826098
0.4923176364 -2.9486591499 -2.4580393176 293.7336073034 276.2171526398
-0.7896994598 -0.6712832293 -1.4482634684 18.7582584604 138.3134922633
0.1761868050 -2.0212782925 -1.2051419420 280.3179846523 322.5249684303
1.6796342927 -1.3761458959 -0.5238268143 497.7636136722 316.5651525909
0.9252734353 -2.1199048929 -1.1736164176 360.2788945433 315.1633861304
1.7040403951 -1.8849249930 -2.4309656511 386.2644726611 218.7136762486
-0.3139309819 -0.3902845608 -2.9588867546 196.6634921375 39.0516452900
-1.2283828643 -2.6822559147 -2.2808022666 127.3823791828 292.6018846668
0.0229598532 -2.2709885252 -1.3699846470 260.6611645783 324.4022233131
1.4842521203 -2.9178812129 -1.7333624324 371.7025881982 304.4857598056
2.5609837967 -2.9277062911 -1.0449301538 454.0928781344 331.5443432561
2.3311839498 -0.9539271198 -2.8889311096 430.8765426434 146.1259582789
1.9496769023 -1.6101641628 0.3732577648 602.2061840129 450.6551531061
0.1346661905 -1.4032030397 -2.7868114016 262.3451341297 167.4563987346
1.1137504699 -0.3175425869 -1.4064089642 436.5136288189 122.9752531772
2.9181215669 -0.3698662499 -2.9485027558 478.8124000612 107.9544471192
0.6772129729 -1.3872812868 -2.0826048477 324.7616270628 202.5334356850
0.5091662389 -1.5917825661 -1.9651756083 308.3456742625 225.9606260974
2.7857291322 0.2667104279 -2.9126554396 500.3873829647 49.5566795692
-0.2655979503 -2.6868276852 -2.0208468826 231.8971921720 298.3333392909
1.0562875771 0.1801981948 -0.5239100279 671.8979031748 40.6973461685
0.6331406616 -0.7213015916 -1.7853225676 338.6607929443 151.1139662342

gimbalangles:
-2.4595987730 -0.4117980156 -1.9279078167

end: