T_CW:
-0.157004881627706 0.545937729012919 -0.822983270294898 -0.011187864414830
-0.958495215785134 0.116573137252566 0.260187672629015 0.015378749294345
0.237984008836895 0.829676261990971 0.504976149760175 -0.019322571538802
0.000000000000000 0.000000000000000 0.000000000000000 1.000000000000000

T_CW_cov:
0.000000512607137 0.000000002284395 0.000000014320698 -0.000000010276608 0.000001177947845 0.000000086815722
0.000000002284395 0.000000504259645 -0.000000005300788 -0.000001281781352 -0.000000003164507 -0.000000100455495
0.000000014320698 -0.000000005300788 0.000000309254513 -0.000000007724032 0.000000123484461 0.000000004029748
-0.000000010276608 -0.000001281781352 -0.000000007724032 0.000003952077582 -0.000000004476050 0.000000095220405
0.000001177947845 -0.000000003164507 0.000000123484461 -0.000000004476050 0.000003400215047 0.000000177571374
0.000000086815722 -0.000000100455495 0.000000004029748 0.000000095220405 0.000000177571374 0.000000999113329

target_points_pix:
0.174291025719860 2.989376865873170 1.872403303874899 378.965115422734016 287.547035150917168
0.410113173644941 0.536274192399978 2.211690102196433 138.885282436370431 277.947716483471311
0.376868269491302 1.547742600806341 2.053135656158933 282.726517853341875 276.866815760178724
2.918590730881187 1.917845963257823 1.861029643800673 303.316782563592199 83.091217762338317
0.452551189003542 1.477154370083086 -0.370993160474207 596.304347143130371 165.989684166643542
-1.402199466133277 2.710830475051597 0.396148209289668 532.539618732232157 444.776358390930909
0.912158489264184 0.142680861227956 1.207983140341669 95.676629988710317 101.681807676057105
0.945662569122669 1.760153269745571 2.974348651753882 249.575772970215922 246.288452916010613
0.071358945903664 2.868895960760703 -0.905108649050095 663.467483629135586 245.348955424409610
-0.305473239932581 1.155387490003378 0.201703253774236 500.541594098729490 363.277430004100722
-0.191032256193631 1.231152443164277 2.297274306901333 238.203592488634115 346.942136939545890
0.817973211799167 2.294819345762404 -0.208289187390903 532.672059319206369 171.530014161569710
0.821105526166656 1.242348034614174 2.542574551529467 224.347757996905841 242.938837592446816
0.415793910281768 1.183093881075663 0.650316174466143 381.239223786115303 226.332704266318189
-0.019702490878293 1.917960728927152 -0.737518131556238 708.461279926773955 252.917400505244046
-0.845404378483952 2.695515844627400 1.340110028364365 419.317838687647281 373.280443494878796
1.691270036428666 2.915295802974492 2.094300675971820 349.668018922616454 194.387732906280348
0.291199084492292 0.453431892380420 1.909458418030879 135.087324157481106 289.306916194800976
0.834463258621495 0.725016701496996 1.608918387480616 212.775154745310005 196.862589635486671
1.698565678553845 2.310870581687825 2.057527450817250 323.915706110613883 181.079874605685291
0.860697852236524 2.438120206036826 -0.860519764356981 633.387630971888711 137.401941090675962
2.297416000643904 1.143433707157860 1.111531266204481 296.644659976650075 30.137381116199975
-0.843715431402718 1.552617475551560 2.504156727760964 262.057280473125218 411.339903858880007
1.863699464516614 0.985157077332460 0.862506798001731 306.665972286914723 33.093645991742818
0.683770887933879 1.967835955911635 0.575973293792091 431.655396861709221 209.054450867538037
2.495298790138770 1.920453497665155 1.363056413934268 334.949668308041453 87.325346816433665
-0.440343914850063 0.783036985018339 1.977536569991633 194.054931936877068 405.118373532937483
0.322391346551007 0.657268709577686 0.341131292632411 380.362042464876026 199.540445245815988
2.427303183292759 1.985356552318837 2.741350825150290 269.875542625709784 147.501749277780789
-0.308902894081003 2.662518381846243 2.673541930749186 325.782567010111620 331.494866302455421
1.113529230923907 2.959043605161732 0.604136990276577 450.295463633936265 195.326984182110493
0.358118174141076 0.741091728677766 2.917116117947550 143.556149437647406 297.680686298449757
-0.853723967853528 1.528030534754436 1.009861785902686 394.871020614030158 437.780415613648188
0.000197430235167 0.425602185379799 2.645721047261987 91.937332494853365 348.659153092882150
2.627843514345666 1.894661821860889 1.825579627154451 305.698722999613096 98.536919573670104
1.351811419852067 0.783096493381664 2.751030019425284 162.482222772715801 190.678480059216952
1.540400416017462 2.087339101036768 1.908610466144914 320.895499852204921 182.245312918185107
2.484171415875626 1.405126900350028 1.626268195947127 283.362947409403603 71.441382005744032
1.848099923092915 1.061536246002513 2.263280864998368 218.488620935046100 136.315978483573474
2.464899791767131 0.133651585808758 2.786025348731038 71.587165226801346 53.185646433850053
1.016838035575660 1.818756586201003 1.268136344806029 352.690241342531181 197.018575281338826
0.914603583400992 1.019657572042683 1.708715699678023 247.911793314968975 201.799168153624493
2.340608082860999 1.652458833610059 2.318879626214586 266.515923493440596 127.096228365734135
0.787167461629051 2.042498320760199 0.201299038701095 475.589109386257633 184.325104148784362
-0.212116741562556 1.789778871300426 0.829726849022180 417.001588475335836 324.387169367858974
0.011489359382638 1.484965435225342 2.719446545046375 240.709336469084093 322.256616618625685
-1.046365628292480 2.856196618331841 2.451340543139825 353.189898316484459 383.637463557808587
-1.385389251304131 2.806719883853976 2.543983071641538 348.976032500699716 412.380975971596285
0.896210459174977 2.888775023719487 0.074297014830876 500.809299802716964 194.699961937203511
-1.330024949823912 2.574190105771045 1.125736268335892 444.369823929377390 431.882941224653848
-1.101270699458112 2.960674199173910 0.319783312406470 532.097609260956347 394.767311961955500
2.132636972288164 1.593331695606723 2.384499972466795 259.852185762848706 141.467277965710707
0.578178692579423 0.767445955150868 2.091912091973885 187.732942644842012 252.245301705629998
0.361289200112146 1.979437519624452 1.799793479901044 331.999847665298489 273.578152000944499
-1.227605326131707 2.681976980218303 0.813572596313053 476.852759288868697 418.151513899483234
1.165513450568036 1.359326142866921 2.261728229570661 249.618765834870715 205.619000615393134
1.971116129500769 2.532050017386672 -0.864756201505920 578.185315268999375 33.185653485787412
2.267923129683981 1.616672810512931 1.606601834033495 302.273879031720526 99.142378600724612
-0.790934143675526 1.685879459816040 2.406057881537154 280.115128859994854 399.997251741460389
0.858796198767202 2.444877819750769 2.142704117515820 333.105216056084657 242.116547719696513
0.424503391425445 1.019182039581089 1.052562204921530 311.008510377656080 239.760522334380539
2.268373919334812 1.515153845840254 1.072050534322178 331.222837460538642 61.916935493031133
2.144900729808161 0.032223101409752 2.542387948717812 50.055547618482876 54.952328453902879
-0.906495690038693 1.339944712993076 1.305398959885680 341.950460960163923 456.902142169576109
1.220298668676579 1.949894996526472 2.297852036002098 293.634040515365143 213.463409500943840
-0.532727446652133 1.807864180253997 2.451023797656803 285.900128503387180 367.843574948501896
0.061537809105531 1.292800038686337 1.692168027219357 286.246844390493493 308.433928315628975
0.386353897180372 0.600404873706901 2.477720398410876 138.564544831254068 287.320230456929039
1.957762347262904 1.957047273602196 1.249578817618344 350.344310851896694 122.466712847750884
1.747875670791832 0.746494880401744 2.711592061931588 161.364864001224475 151.613183087202344
-1.040702596941218 1.851191598981524 0.761257738306126 453.743493911021062 448.287831994612986
1.406341574035144 2.614631609635819 2.385762442061608 324.934394448200976 212.882278528876782
0.837490171283028 1.485476491060759 2.158973694053571 268.154457937447148 234.498460907654220
1.514152954714303 1.355090422704734 1.785681904146204 275.277392681165452 156.458757733874336
-0.069779878869687 0.333010611880953 2.165252128368183 85.066930980375503 363.685703752900565
-0.825888478669362 1.955149920554193 2.940413836798625 272.044816678524967 390.148306808110647
1.146827098132877 2.456126826250834 -0.971119918071874 637.002836724484496 98.530664295283145
0.076060758835924 1.107030849292172 1.108456836711084 321.079366360851793 298.507095529655203
1.863817084506842 2.713682461887588 0.066728388683226 475.509498727162736 111.255069475097429
-1.249017059294648 1.809779148238554 2.982405696357302 260.099859478080589 437.256229601287941
2.946148171883929 2.496889317624800 2.716114530653610 296.365769287138050 133.397674718759561
1.782738854381385 2.990235562690588 2.089848358145721 352.053238467393498 190.408954683911134
0.964104265095303 2.688237357101499 1.169057279954943 402.648917925522881 216.332080739592669
0.766478011014490 2.965391469717980 -0.103314602836315 523.192108684104255 201.895382406941906
-0.270537863900404 1.469760709370638 2.796774196941943 235.935011857942783 350.978018111505662
0.408300883713200 1.889185112811873 1.733641460218463 330.120450234988198 267.903665940243400
0.806310778729913 0.518444657202965 1.043178533836483 222.546832570702207 148.429158808096872
1.448898311056045 0.661748476375488 1.046922016218677 247.903860687056465 63.090866166495516
-0.320008211904443 0.977308006341261 1.139783735220228 306.818660212512441 376.822177525430334
1.106019546979264 2.483062061216136 0.385456719173439 457.901446176144361 176.166395487665369
2.883356044107945 2.677333679565766 -0.246887715954717 480.389813270145680 20.727995284656060
2.783205628436592 2.731091062502096 0.687561856108538 410.712225765332960 79.492705364573908
1.814277977984292 2.308189886267098 -0.802269262856072 579.649661682679721 30.302360839285996
2.374666037886028 0.524217403115299 1.652361667884851 181.046900936755577 3.759175020116487
-1.039066990360902 2.498047758366645 1.622616343361779 391.896363948998612 398.458275675602636
-0.145963956970545 2.650155075455251 1.296000655472000 409.149829480813253 308.814834828446578
1.880982371694132 2.084116329559794 0.589315128723995 409.397382938945498 102.505551703205469

gimbalangles:
-1.095025297238943 2.174949808646600 -0.280030665740661

end: