T_CW:
0.6544803626 -0.7537598420 0.0591739432 -0.0287989980
-0.7510128184 -0.6390559287 0.1660941499 -0.0033913384
-0.0873796409 -0.1531457493 -0.9843328593 -0.0683275060
0.0000000000 0.0000000000 0.0000000000 1.0000000000

T_CW_cov:
0.0000004971 -0.0000000604 -0.0000000073 0.0000000956 0.0000012452 -0.0000000487
-0.0000000604 0.0000002758 -0.0000000258 -0.0000008303 -0.0000000835 0.0000001085
-0.0000000073 -0.0000000258 0.0000001974 0.0000001130 -0.0000000919 -0.0000000136
0.0000000956 -0.0000008303 0.0000001130 0.0000031831 0.0000000358 -0.0000002255
0.0000012452 -0.0000000835 -0.0000000919 0.0000000358 0.0000038221 0.0000000033
-0.0000000487 0.0000001085 -0.0000000136 -0.0000002255 0.0000000033 0.0000007025

target_points_pix:
1.4904409015 -0.8576028127 -2.6357354281 512.8201421662 142.6712766978
2.4414387687 -2.5855806867 -2.6140916131 677.9707528141 183.8766405162
-2.4509590965 0.8871749841 -2.1853645049 103.2180442438 341.1184967382
0.7583609253 0.4677505926 -2.4511855211 371.9843811850 99.3763955004
1.6304909208 -0.4683184133 -1.9111117291 552.7465177939 66.5706420994
-1.1698605629 -0.0915581141 -1.3700899405 235.6041093251 361.8611896380
-0.4339811544 0.3604827340 -1.2275564470 233.7050095342 215.4983606795
-1.2830020915 -0.7477612956 -2.9741651212 337.5932055885 313.5581533962
1.5085798632 -1.1919996516 -1.7278603287 627.4317815088 144.5011608978
0.0134727521 1.9966532696 -2.2999075116 162.5552655241 25.5069918255
1.5390997624 -1.5424577392 -2.4175742588 575.5499843058 181.9247737321
2.6638076555 -1.1338153697 -2.9948707751 580.4027486051 87.2021159917
-1.3783621819 0.6183489028 -2.2812195003 207.0796673670 267.8629861887
0.8751195563 -2.7412553167 -2.3497777337 606.2276649548 305.0720728157
0.0469361765 -0.1783641195 -2.6535832882 373.3353759948 205.1373437098
1.5905470624 0.5227412081 -2.2990225691 434.3045727669 5.2701346619
-2.6318751097 -0.2406755511 -1.7765257254 167.2251039329 467.1118225504
-2.4349464755 0.7633696205 -1.9950480928 93.9979822789 361.7648539646
1.0230141211 -2.0286101404 -1.6936841533 650.3010934975 271.9106435148
-0.3342155314 -1.4791719233 -1.8288346165 467.6650790580 347.7620140863
-0.8431574331 -1.9395949874 -1.4799140705 484.4212540350 462.7897604912
1.3605142988 1.3279683397 -2.8167563008 344.2101729921 1.8047137167
-0.2118470871 -0.0163581002 -1.5873625828 335.5270178057 224.0050628340
-0.1823780494 -0.8635400208 -2.5844140384 407.5280138364 263.1812528495
-1.2292746160 0.8858709981 -2.9739817686 231.9948085187 227.5821294901
-0.7482836631 -2.2901477881 -2.3809329031 471.1496751654 385.7461931564
2.6442776321 -1.9549028644 -2.2435606455 708.5053187553 117.7126524629
2.1800794479 -1.0439377960 -1.9029706145 657.7813469379 63.7664161764
-0.5278049365 -2.9772354716 -1.6874461611 579.6531152366 472.2622184450
-1.8905943680 -2.4627044847 -2.4214448040 413.1033812211 458.6249422779
-1.5747020397 0.3647896395 -2.1186734669 207.0689005173 308.0405375470
2.4497479841 -1.5512437600 -2.3657692494 651.0236062324 107.7431820256
1.4521663042 -0.5399965625 -1.6630885379 570.4581687389 76.9304791666
0.8262230982 -2.7700330224 -2.2296368352 616.1262021517 315.2939901029
2.9170283047 -1.1525861895 -2.5332101054 643.1576754755 45.9886167075
0.6597325242 -2.7190445851 -1.4226758844 714.0565878447 382.9647482510
1.0749470139 -2.7742481684 -2.6710858845 593.3886180663 282.9373719572
2.8541328387 -2.2616395508 -2.4159725580 717.0551247368 128.7380297039
-2.5954390840 0.9615306910 -1.9993108423 61.1544127865 361.6811865839
2.2425741823 -1.7173131963 -2.8670343424 595.0997661920 148.1375151700
-0.5276153481 -2.5064104042 -2.0030443754 520.0500659374 411.8362530307
0.2277862557 -0.3340403307 -2.6300424523 395.7967459226 201.8598198167
0.7112279187 -0.6943231092 -2.1725083750 470.3975982848 187.5569311751
1.1504892931 -0.6627365524 -2.0403880364 512.7178567665 142.0276011201
-0.1425061998 -1.1158049670 -0.6788600397 584.9013572268 456.9460003831
1.9648604716 -1.5172012612 -1.6765924910 714.1613443050 123.5540170824
0.0588398480 0.1345663759 -1.9919443238 348.1251313656 179.3910060846
-2.3495685473 0.3594685558 -2.9255488728 211.0840038513 324.9506154799
-1.2272046121 -1.5636394124 -2.1282380772 397.7731540412 398.9593334079
2.7544963644 -1.4088225197 -2.8622308738 612.0302021144 93.3246040284
2.9010377035 -2.0761523624 -2.9764524155 644.6483609104 127.9985423879
1.1375885433 -0.0063029323 -2.6361798873 431.5105547334 110.9148446701
-2.1679331945 -2.2497089087 -2.4883330897 383.6478804304 459.3735218370
-1.2502089736 -0.4633432231 -1.6307261334 291.5712329416 374.9024982398
-1.7725763211 0.1321032521 -2.5127218453 238.4139763038 318.2365490127
1.5108970396 -1.3615313295 -2.9687420888 524.7263378408 176.7493816965
-1.0103194588 -0.8321822294 -2.8083801352 356.2644518237 307.7398444033
-0.3638610292 -0.9546125156 -1.7797905765 420.4039372711 315.4835403094
0.3303057821 0.2394415897 -2.7978580808 360.6361075066 159.3341555685
0.9955118727 -0.6900885001 -2.2663970244 487.1398201853 163.4499933309
-2.9469886051 -0.0556582209 -2.3291306646 175.8526707748 420.0706530916
-2.2906387154 -1.9032725139 -2.9466558645 355.7998441073 417.3947404984
0.0126243685 -2.0694425955 -2.4142551407 504.0030816643 323.3206130737
2.0562877052 -2.9757796727 -2.6627237828 666.2015453152 232.0202781296
-0.3936100835 -1.1881348723 -1.5631378304 449.3699195494 353.1191487670
-2.0786952816 -1.2439389284 -2.8570242590 327.1048420835 385.3453111494
1.4706806190 -0.4806013601 -2.0637464314 524.0714063331 94.6224851439
0.0746601060 0.5852067123 -2.6719971241 318.4711388022 153.5154545762
-1.1895189559 -0.0584733151 -0.8465864265 151.2027950304 456.3096155602
-1.0310568987 0.1681308091 -1.9239170579 254.4414533297 283.5871543757
0.7293110861 -2.4662675618 -1.2961584207 729.8996684680 368.2783540640
0.4923176364 -2.9486591499 -2.4580393176 583.0353376922 336.2303055950
-0.7896994598 -0.6712832293 -1.4482634684 355.4535007501 362.6495518526
0.1761868050 -2.0212782925 -1.2051419420 638.8419785106 403.2830906171
-1.7593186310 0.6483982310 -1.4034331411 65.4199146941 358.1363685693
1.7040403951 -1.8849249930 -2.4309656511 607.2402181288 192.2267121767
-0.3139309819 -0.3902845608 -2.9588867546 365.7796598682 238.7695391596
-1.2283828643 -2.6822559147 -2.2808022666 469.8843730175 441.9023152855
-1.0519031372 -0.6309223896 -1.1260086692 314.5854907274 436.9778574581
0.0229598532 -2.2709885252 -1.3699846470 615.8014391469 418.5289557942
-2.5222100225 -0.7635231769 -2.4214857334 261.5496065595 419.7937363778
0.6570472120 0.4945068807 -1.4712885553 363.9186845420 34.4712487020
-1.1789359356 0.5890362018 -2.6866246034 244.1809753395 245.1109713081
-2.3709911216 0.7873857488 -1.7873182151 65.0802555625 372.5292967403
-2.1351115329 0.3711751050 -2.8548084772 217.3598753774 314.4251235807
-1.5993342926 1.4370656586 -2.3495525503 118.4771535709 227.1743992116
1.5773005481 0.8563350408 -2.8473658583 393.8772717039 22.9462567171
2.3311839498 -0.9539271198 -2.8889311096 557.2759970465 95.0073414627
-1.6020343444 1.0108264512 -2.1461077954 140.9415010106 263.0850859561
0.1346661905 -1.4032030397 -2.7868114016 455.2975859045 267.2435778467
-0.4791536927 2.3891232452 -2.6389828612 123.0992304144 63.1401964594
1.1137504699 -0.3175425869 -1.4064089642 538.6909821026 73.4396496530
2.9181215669 -0.3698662499 -2.9485027558 557.4728920600 14.8943741338
-1.7376268140 2.4434120148 -2.6251467566 41.6849374619 166.1733605818
0.6772129729 -1.3872812868 -2.0826048477 526.7339635994 242.8132816910
-1.4994475505 -0.9512953885 -2.1558872977 331.6226008714 382.0149686708
0.5091662389 -1.5917825661 -1.9651756083 537.8221185023 275.2904281368
-0.2655979503 -2.6868276852 -2.0208468826 550.1451961460 401.5383490759
-2.2862629253 -0.2226837426 -1.4929258470 161.4459924058 477.4191015326
0.6331406616 -0.7213015916 -1.7853225676 489.4940769100 195.9596491365

gimbalangles:
-1.7379594705 -0.0592085312 -0.7150156452

end: