T_CW:
0.8138454127 -0.2962142792 0.4999127374 -0.4016782582
0.3244384899 -0.4820937510 -0.8138336940 0.0345294403
0.4820739678 0.8245257522 -0.2962464743 0.2398175391
0.0000000000 0.0000000000 0.0000000000 1.0000000000

T_CW_cov:
0.0000002724 -0.0000000442 -0.0000000458 0.0000000714 0.0000004350 0.0000000064
-0.0000000442 0.0000002873 0.0000000089 -0.0000005263 -0.0000000615 0.0000000554
-0.0000000458 0.0000000089 0.0000003063 -0.0000000089 -0.0000002722 0.0000000036
0.0000000714 -0.0000005263 -0.0000000089 0.0000015326 0.0000001029 0.0000001575
0.0000004350 -0.0000000615 -0.0000002722 0.0000001029 0.0000012818 0.0000000306
0.0000000064 0.0000000554 0.0000000036 0.0000001575 0.0000000306 0.0000005999

target_points_pix:
2.9185907309 1.9178459633 1.8610296438 586.5606868767 107.8426134297
0.4525511890 1.4771543701 -0.3709931605 286.2877684903 208.4088273250
0.0134727521 1.9966532696 -2.2999075116 175.1931549404 328.4235986560
0.0713589459 2.8688959608 -0.9051086491 238.0066241446 190.5001188410
2.5591223247 -0.0443953625 0.5219552533 743.6156244393 326.6050681047
1.8324549851 0.5136414256 0.1050882143 533.5473883711 286.8735402383
-0.3054732399 1.1553874900 0.2017032538 156.2754278508 47.2066280925
0.8179732118 2.2948193458 -0.2082891874 326.6765580585 179.8894927275
0.4760255981 1.6652719494 -2.0074300235 225.3928292498 340.3994389757
0.4157939103 1.1830938811 0.6503161745 357.6707176002 55.8157410297
-0.0197024909 1.9179607289 -0.7375181316 213.8760472802 204.3022871079
1.6912700364 2.9152958030 2.0943006760 473.9981264544 24.3498140608
1.0143189639 -0.1834378360 0.2340703772 658.2782399996 363.8360926056
2.1243149059 2.5165360083 -1.1599424087 375.1319524248 269.4756813780
2.2027673226 1.2739145926 -2.7746600208 347.1093534366 421.6157170722
2.6388940522 0.2859068827 0.6616028722 685.7024977333 273.1077774304
2.2838413789 1.2710353105 -2.0665887182 379.1090272561 388.0880521281
2.6356910408 1.1581813945 0.7110316627 563.7188509266 212.9779954981
1.3605142988 1.3279683397 -2.8167563008 281.4452113826 421.8304349657
1.6985656786 2.3108705817 2.0575274508 511.2517172480 13.1740230958
0.8606978522 2.4381202060 -0.8605197644 304.5505141667 226.2720475026
2.2974160006 1.1434337072 1.1115312662 583.2142216316 155.9392636308
1.8636994645 0.9851570773 0.8625067980 554.1951610741 162.9194527695
2.8400527988 2.3293742471 -2.5758741647 371.6898451265 348.2918868919
0.6837708879 1.9678359559 0.5759732938 358.6393544883 100.6353301626
2.4952987901 1.9204534977 1.3630564139 535.6682358010 129.6169336344
1.9598271384 2.0807628825 -1.8172077782 351.5900721911 320.5273410347
0.3223913466 0.6572687096 0.3411312926 327.9474351658 107.4089432386
1.2977747122 2.7046068227 -2.0603174099 298.4533358228 293.6999712705
2.8920798147 2.1378650829 -2.5311623147 378.1363389923 356.7089663768
-0.8911796826 2.9815497203 -1.4877817901 129.1082991528 196.8703061199
2.7260240624 2.2495865463 -1.9352716347 386.2778771288 325.1955972991
1.1135292309 2.9590436052 0.6041369903 369.5514029419 118.2547290853
2.6278435143 1.8946618219 1.8255796272 575.0176545502 95.2339077869
0.6336242524 1.1783842050 -1.0552852102 274.6377383625 309.9407864394
2.3667225286 2.8706255632 -2.1373102295 353.5373353855 303.4488018069
1.5404004160 2.0873391010 1.9086104661 509.7253896525 10.3690565655
0.2585293654 0.5934473492 -0.5108773483 225.6739146603 299.2679139070
2.4841714159 1.4051269004 1.6262681959 606.1815435372 106.7495462148
2.1983390802 1.3671984969 -1.0802983766 414.5043447311 324.8416345132
1.0168380356 1.8187565862 1.2681363448 443.4012635621 38.4946854120
2.3406080829 1.6524588336 2.3188796262 632.3925627452 15.7962795415
1.7824561088 1.2368809704 -0.1031601285 446.3995437110 250.4220628783
2.6588510636 -0.1466194073 -0.3037086062 643.6976426090 437.1684194430
1.2383180701 1.3099832525 -2.0678546936 297.4956170059 381.6605745910
0.7871674616 2.0424983208 0.2012990387 346.5074914816 147.0863714203
1.3716637695 0.8792669647 -1.3574988410 348.0630222357 377.8341506616
0.9719223617 1.9689701437 -1.5625638722 290.5460888484 298.0043331771
2.8361755367 1.9949440335 -2.4556373968 380.6249193968 360.7010370024
1.2103062974 0.1184933070 0.6222756592 657.3363566854 194.7503496192
0.9923400970 0.5709656991 -0.1292795507 409.2266242330 275.9395220910
2.6984458114 1.3496573022 0.7124865195 549.0028766757 207.8056059004
0.7575916053 0.2523891601 -1.0951950878 288.2056672813 462.4411602288
0.8962104592 2.8887750237 0.0742970148 335.9535607266 149.7186955761
2.4003927181 0.1999549924 -0.1597382894 587.7792872050 366.8909663887
1.4570043822 2.3114412965 -2.8657043889 288.1060199240 352.2957569442
1.6781638844 1.7635796532 -1.0815039641 367.0844556189 291.5448591392
-1.1012706995 2.9606741992 0.3197833124 137.9841548125 2.7438787776
1.4697371940 1.7050643911 -2.6910499524 294.2802284468 383.7213121538
1.4997362677 2.2552284310 -1.7042058754 324.1776213329 299.1675571988
1.9711161295 2.5320500174 -0.8647562015 376.9030460472 250.3153316261
2.2679231297 1.6166728105 1.6066018340 570.6891830538 94.1813849197
0.6325419191 2.6208530677 -2.3930825352 243.2576339489 305.0183400609
2.2683739193 1.5151538458 1.0720505343 538.5786336577 150.6638305329
2.8407462338 2.6756664027 -1.3199547291 401.6628948849 282.3420555897
0.8583509219 1.9819683117 -2.4177920373 254.7570784957 346.0577902406
0.7902253300 -0.0498267092 -0.2495925517 424.1074903020 431.4662048477
-0.7126786561 1.9834577945 -1.0618160856 99.9366113628 202.2437604383
1.9193600062 2.7960739311 -1.6739447817 344.6805018024 280.5751023764
2.8049534027 1.7549510628 -2.7261348255 375.2828869150 385.5187092992
2.9691898119 0.8306301282 -1.4718533968 464.6460040488 394.9619694621
1.9577623473 1.9570472736 1.2495788176 498.5248008627 111.0249343540
2.4239824816 0.7568461512 -2.0444246221 405.0652378364 434.0226375226
2.5332886341 0.3624403137 -0.8886724309 507.7930102773 407.3619417127
2.7230803671 2.1668952310 -1.0932890004 416.7312495092 290.1722548256
-0.0667491202 2.8893935758 -1.8135267343 203.4831069685 246.8780309827
2.8849499926 1.7528628131 -1.9172862492 406.4095507473 351.3852118617
1.1468270981 2.4561268263 -0.9711199181 322.6228917947 240.4119242861
1.8638170845 2.7136824619 0.0667283887 400.0442533190 187.1550782020
1.7836301664 2.3017608285 -2.5962998189 315.6876565904 343.4778583218
2.0330982211 1.2071025275 -0.3551796497 450.0269593954 281.6442779686
1.1730569531 1.2704948479 -1.1105960248 333.2340297463 318.0840683100
2.9461481719 2.4968893176 2.7161145307 592.5683287332 38.5597970687
0.6570472120 0.4945068807 -1.4712885553 246.1921154362 448.3587092163
0.7279847276 1.9901461379 -1.3627605785 276.4929514466 278.4637893876
1.7827388544 2.9902355627 2.0898483581 474.3987039657 31.9576384948
0.9641042651 2.6882373571 1.1690572800 391.3975338996 60.8333385885
1.5773005481 0.8563350408 -2.8473658583 300.0745982818 471.8581599566
0.7664780110 2.9653914697 -0.1033146028 319.7036057011 156.4877587453
1.7669752855 0.9690625695 -0.5529376649 431.0030718810 309.2276665688
1.4488983111 0.6617484764 1.0469220162 603.1143759887 102.3093625773
1.1060195470 2.4830620612 0.3854567192 371.6513974824 139.8702712393
2.8833560441 2.6773336796 -0.2468877160 439.0425092261 232.1563499300
2.7832056284 2.7310910625 0.6875618561 468.5707242676 176.8616816850
0.4773538111 1.3095008612 -1.5680206608 233.1172159489 339.5686454787
0.7034332180 -0.0654622727 0.4930513506 654.1168111055 171.2055231308
-0.4791536927 2.3891232452 -2.6389828612 128.1678724746 316.0248923856
1.9631750106 0.7384015444 -1.1730532119 419.2277293014 382.9689808373
2.7390766891 1.4458832406 -1.4800111153 424.9385574516 348.4815043467
1.8142779780 2.3081898863 -0.8022692629 374.5661632867 251.6395618598
0.1815827826 2.0076210646 -1.8337579884 206.1873005859 298.6375698679
1.8809823717 2.0841163296 0.5893151287 448.2156853194 164.0249738453
1.0562875771 0.1801981948 -0.5239100279 408.2429504868 404.2921183646
0.5522005358 2.0961738439 -1.3378655295 261.1870541302 266.4514844573

gimbalangles:
-0.2954567112 0.8961674692 -1.3781303494

end: