T_CW:
-0.1707631068 -0.8993252566 -0.4025593673 -0.0367899365
0.1486733113 0.3803647211 -0.9128082632 -0.0551319138
0.9740309070 -0.2157238091 0.0687534024 -0.0377892216
0.0000000000 0.0000000000 0.0000000000 1.0000000000

T_CW_cov:
0.0000003657 0.0000000559 0.0000000434 -0.0000000898 0.0000007647 0.0000000075
0.0000000559 0.0000001904 0.0000000129 -0.0000004822 0.0000000874 0.0000000138
0.0000000434 0.0000000129 0.0000002066 -0.0000000303 0.0000001139 0.0000000021
-0.0000000898 -0.0000004822 -0.0000000303 0.0000017718 -0.0000001035 -0.0000001560
0.0000007647 0.0000000874 0.0000001139 -0.0000001035 0.0000021272 -0.0000000282
0.0000000075 0.0000000138 0.0000000021 -0.0000001560 -0.0000000282 0.0000005800

target_points_pix:
2.8469624497 -1.2706155376 -0.4268351525 439.8888462570 261.8587928162
2.4414387687 -2.5855806867 -2.6140916131 635.6026233344 392.1154155395
1.2955616386 -1.4164051859 0.0125195018 534.9773261220 174.4853740356
2.9185907309 1.9178459633 1.8610296438 86.6483555515 182.6779394763
1.5085798632 -1.1919996516 -1.7278603287 601.8846461448 438.5548305814
2.6305978994 -2.5336026126 1.4089481569 468.8316400285 93.6769561071
2.5591223247 -0.0443953625 0.5219552533 312.9923898161 223.3698914720
1.8324549851 0.5136414256 0.1050882143 249.5979808806 286.2643012088
2.2959027539 -0.3651612911 1.0377432566 321.7185728727 157.1746173057
2.3041003494 -2.2990699818 1.7052507894 456.8233401202 55.4398171028
0.8980708545 -0.2130090316 -0.3464988306 414.9605951854 327.7970134992
2.2457088193 -0.2690198173 -1.2941584072 414.5459130489 394.8279360557
2.2385537561 -1.8200234489 -0.7064504535 521.4403891593 262.1965209870
2.8752574486 -1.5801047162 -0.1999385455 451.8265906217 236.0397320017
1.0143189639 -0.1834378360 0.2340703772 341.4983698396 194.3100014875
1.3939397812 -1.4548252074 -0.2639512733 545.9908332165 215.5587179620
2.6388940522 0.2859068827 0.6616028722 278.0863384384 224.3524097654
0.9681774819 -1.8265874372 -0.0500718532 647.8787194194 134.7958288647
1.8436071198 -0.3614789899 -0.5329186283 400.5977395897 316.0403049772
2.6356910408 1.1581813945 0.7110316627 186.7890995522 252.8797400474
2.7511059297 -2.1694872227 -1.9673213969 557.4379343018 346.9688556275
2.2974160006 1.1434337072 1.1115312662 148.3132441829 204.5928713611
1.8636994645 0.9851570773 0.8625067980 138.5148253826 211.3815536973
2.9486415274 -2.6758647837 -1.6358413215 560.2643567246 302.7393429879
2.4920592820 -2.8352242968 -2.0271598657 620.7096988881 331.3388488670
2.4952987901 1.9204534977 1.3630564139 55.7673915680 216.2880547045
2.5258584135 -2.8592762385 -0.6116947642 564.9622698183 222.5405774595
2.6442776321 -1.9549028644 -2.2435606455 562.9647272836 380.8815391494
2.1800794479 -1.0439377960 -1.9029706145 519.2872924660 418.0944836594
2.4497479841 -1.5512437600 -2.3657692494 556.7974760707 419.6326213560
2.3241395539 -2.8069241618 -0.5895953926 576.7323438539 218.5069208878
2.6278435143 1.8946618219 1.8255796272 59.3006813892 173.5874622804
2.6912848041 -2.1106228893 -0.6993441011 511.3499059470 254.2672223967
2.9170283047 -1.1525861895 -2.5332101054 503.4343559601 429.4648972057
2.2863225682 -1.1407866103 2.4543879926 338.9695497389 17.4824025338
2.8541328387 -2.2616395508 -2.4159725580 571.2152988796 374.9634381561
1.5889353798 -2.3704226469 0.0978376196 588.1037996518 142.8309334979
2.4841714159 1.4051269004 1.6262681959 112.7604714273 169.5866913822
1.8480999231 1.0615362460 2.2632808650 57.7439819786 32.8334982357
2.7991553079 -1.1303929253 0.2989914414 406.3563042430 211.4558356672
2.2425741823 -1.7173131963 -2.8670343424 612.7191515535 473.4016575675
2.3235776381 -0.6902499417 -1.1799127502 444.8705476855 356.1064506500
2.0950124471 -0.5055487376 0.8267820771 344.8284978929 162.6963495005
2.4648997918 0.1336515858 2.7860253487 212.7086060948 31.0866906699
2.3406080829 1.6524588336 2.3188796262 37.5254547180 97.5894436695
1.7824561088 1.2368809704 -0.1031601285 135.7645963092 371.1329697027
2.6588510636 -0.1466194073 -0.3037086062 353.0959211044 292.5822450731
2.2538497045 -0.9608366362 1.2047620648 371.2866605652 122.3915396417
2.3780720027 -0.0837965984 2.0767695085 255.9978118672 78.0024270037
1.9648604716 -1.5172012612 -1.6765924910 568.4674293111 377.2427427060
2.9680979097 -2.4510036395 1.5364771412 447.8305547296 104.3270793796
2.0821692119 -1.0065134618 0.4658650749 410.4976561692 179.8708717779
1.2103062974 0.1184933070 0.6222756592 249.5261204617 156.3189181077
0.9923400970 0.5709656991 -0.1292795507 172.2767960072 369.5165326612
2.6984458114 1.3496573022 0.7124865195 169.5597352390 261.3412118892
1.6820117367 -2.6908657484 -0.4410075725 630.7955501624 191.7196697553
1.4393502068 -0.3605422360 0.5295601244 347.5204460138 164.0144502118
2.4819671509 -1.0003026340 -0.6462119426 441.6575530891 288.9351430320
2.4003927181 0.1999549924 -0.1597382894 314.7328760471 295.8941458874
2.7544963644 -1.4088225197 -2.8622308738 543.1812313340 453.6740701215
2.1326369723 1.5933316956 2.3844999725 11.6524670174 69.3075782151
2.8599623337 -1.4393414243 0.8130817700 409.5596282815 167.7536798118
2.9010377035 -2.0761523624 -2.9764524155 577.2597250805 422.9202264665
2.4690198210 -0.8218292901 -1.7671497527 474.3615094784 400.4099549551
2.8028733044 -1.8940930289 0.2984196099 457.8987389995 190.4732032275
2.2679231297 1.6166728105 1.6066018340 59.7758769070 168.2312432283
1.5339740108 -0.0088084180 1.0042570867 265.1913888576 121.1323505301
2.2683739193 1.5151538458 1.0720505343 95.4874172454 224.5649798730
2.1449007298 0.0322231014 2.5423879487 216.7229505080 16.3771837827
2.5245239422 -1.9046691708 0.2882304037 471.2506686654 183.1212667134
1.2961433232 -0.2137759639 0.8682376054 300.1249753440 105.7881474672
0.7902253300 -0.0498267092 -0.2495925517 366.3037177943 330.2059139322
2.5432224523 -0.6373923841 0.7409534547 357.3484601188 184.2677208187
2.9691898119 0.8306301282 -1.4718533968 309.7375149257 432.0657767045
2.0562877052 -2.9757796727 -2.6627237828 710.4290504075 394.0636725299
2.3703281476 -2.2094223224 -0.8768088657 546.1315621231 262.9332552368
2.5332886341 0.3624403137 -0.8886724309 328.9495937520 373.8367434700
1.9507874860 -0.6407648270 1.0479185312 350.0372317625 126.8467612053
1.3270867205 -0.5234995568 1.3446707796 320.0577363702 26.5715431483
1.0122261489 -2.4413387388 0.6226324034 651.4697390857 16.4229084890
1.6796342927 -1.3761458959 -0.5238268143 521.5316021783 259.1309358631
1.7040403951 -1.8849249930 -2.4309656511 680.0105109858 460.6248453489
2.0330982211 1.2071025275 -0.3551796497 181.8229756709 390.0616687089
1.5235769822 -1.1851647188 1.3670204011 404.7277103885 33.4752897442
2.8384515790 -2.7845431762 0.8899561949 491.2619652086 132.2604270152
0.9135738970 -2.8353957908 0.3767828953 733.2156420242 21.6059479071
0.8063107787 0.5184446572 1.0431785338 13.1068390189 3.4931725177
2.5609837967 -2.9277062911 -1.0449301538 582.1403962476 252.7401732700
1.7669752855 0.9690625695 -0.5529376649 208.8141063961 421.7015593227
1.8439066339 -0.9471699808 1.1522247373 379.5339884970 98.0183962332
1.4488983111 0.6617484764 1.0469220162 133.7883400988 138.3789197759
2.7059739807 -0.7331271193 0.7287971851 364.0359799561 188.0921323111
2.8833560441 2.6773336796 -0.2468877160 59.7969282192 419.2879631340
1.9496769023 -1.6101641628 0.3732577648 475.4972728863 161.7731255524
2.7832056284 2.7310910625 0.6875618561 7.1512188829 327.2433970679
0.7034332180 -0.0654622727 0.4930513506 272.0410974956 91.9495237791
1.9631750106 0.7384015444 -1.1730532119 291.7809430458 474.6817762008
1.3192468384 -0.5366856561 1.1335808896 335.4953345612 55.3227372338
2.3746660379 0.5242174031 1.6523616679 207.2360514825 132.1816726683
1.0562875771 0.1801981948 -0.5239100279 331.2231495282 410.9095485387

gimbalangles:
0.0751195457 0.4143605788 0.1875653779

end: