T_CW:
0.7968728396 0.5103041969 0.3233934200 -0.0228386202
-0.5994675270 0.6013847492 0.5281809042 -0.0047328541
0.0750490613 -0.6147568707 0.7851379677 0.0105687964
0.0000000000 0.0000000000 0.0000000000 1.0000000000

T_CW_cov:
0.0000003957 0.0000000016 -0.0000000393 -0.0000000177 0.0000008210 -0.0000000604
0.0000000016 0.0000003323 -0.0000000034 -0.0000008852 0.0000000047 -0.0000000340
-0.0000000393 -0.0000000034 0.0000002234 0.0000000170 -0.0000001034 0.0000000078
-0.0000000177 -0.0000008852 0.0000000170 0.0000028984 -0.0000000431 0.0000001957
0.0000008210 0.0000000047 -0.0000001034 -0.0000000431 0.0000022235 -0.0000001368
-0.0000000604 -0.0000000340 0.0000000078 0.0000001957 -0.0000001368 0.0000005077

target_points_pix:
-2.6364039434 -2.3323645090 1.6131212919 106.5759520691 338.0649019984
-0.3745088197 -2.7924729661 1.8430836583 286.4939574565 201.7755179686
1.5213801119 -2.2008710222 2.5041141733 436.9362469648 174.9017747164
-0.7937816819 -1.6414176510 0.7071862127 173.4724715759 216.5473429304
0.4101131736 0.5362741924 2.2116901022 591.4651388924 446.6744236878
1.1463216217 -1.7295446098 1.9332112052 432.4636561899 175.4072094160
0.2808005009 -1.1718645692 1.1250327653 370.4657556311 197.4482298843
-2.7560724588 -1.2194953932 1.9192833866 114.5380727416 466.1368733411
0.9121584893 0.1426808612 1.2079831403 675.8668083846 284.0224509627
0.0462699197 -0.8578527772 1.6217053210 389.2987874507 280.5353030385
-0.2553136312 -1.9712086642 0.1715341730 162.2666283408 68.2592170686
-0.1550543400 -2.4137450398 0.5014556902 218.7226000292 98.0585761292
2.6305978994 -2.5336026126 1.4089481569 479.4957246210 40.6861343264
-2.6734566750 -2.6265165695 1.2701937931 67.6075390781 308.4433540859
1.5642042617 -2.1943799157 2.0967586103 435.7520999228 150.2732440682
2.3041003494 -2.2990699818 1.7052507894 473.2682932260 85.6979227822
1.9063566704 -1.8720756095 2.8336165515 475.2113788213 186.5231680720
-2.2493776015 -2.3923425776 1.7472308018 152.6813974081 314.1621807588
-0.4611632066 -1.2374349928 0.2883990725 142.2217213796 159.0323107014
2.0176283046 -1.3083910700 2.4854543714 517.7856231081 182.3498713476
0.1060971975 -1.5869797388 2.1014893325 369.1044394672 247.6593548196
-0.8863209803 -2.2520445289 0.3132015694 102.3766864130 137.7702395458
0.5802513707 -1.4129348864 1.3211278183 393.1227974836 177.3486414104
-0.1801198384 -0.5479985749 1.3114649932 371.7878161261 322.4981215164
0.2911990845 0.4534318924 1.9094584180 579.4068531968 452.2925978767
-2.3933415223 -2.8145690041 2.1568703343 176.6903634633 304.7166641048
0.4256399553 -1.6947218047 2.8575435986 402.6061481786 256.2420895803
-1.9416308981 -1.1170647662 2.7064884155 260.8112938335 412.8611545290
0.3042496640 -0.7297572688 1.2382640873 416.3643744106 244.0415761737
-0.2146575641 -0.5046357991 1.9549094726 398.9448268929 351.6093928059
-1.8055531173 -2.3431906182 2.2358729284 223.1069059919 306.3660418485
0.3802981729 -1.2987431511 2.1045967176 404.1016979246 248.9061906256
1.1523788830 -2.1628663225 2.9736070176 423.8247991287 212.1706278614
-0.9402351494 -1.2005288970 2.4392588703 319.4099142686 344.4730719226
-0.3823346286 -2.6004217608 2.8138227545 327.7499968770 249.6835720628
-1.5873220287 -2.6442079861 1.2926729153 163.1669707749 243.3148409279
0.3581181741 0.7410917287 2.9171161179 580.1897261874 467.9159346030
-0.2089443667 -2.2213772583 2.7520224592 345.8068374865 255.6650242879
0.0001974302 0.4256021854 2.6457210473 514.1411540955 458.0648575798
1.3518114199 0.7830964934 2.7510300194 691.8759062998 389.4123459880
-0.1150878283 -1.6216023649 0.6994336735 263.3585038576 155.0929326541
0.0799047365 -1.4043005573 2.5796705873 388.7640232526 278.4211108538
1.1871005587 -0.8619068936 2.0176006026 499.6823429934 221.2125014553
-0.3599161903 -1.9936056061 1.4339193395 285.7554347052 215.6725971300
-0.4663553090 -0.8967115007 0.8784296744 262.1918213219 279.3191181476
2.2863225682 -1.1407866103 2.4543879926 548.0891046691 173.6866495962
-1.2364746597 -0.8307857292 2.2308155062 296.1903194704 396.8280113850
2.4648997918 0.1336515858 2.7860253487 681.2766632212 246.9286110481
0.4971001036 -2.9282306381 1.2764082264 315.1489837556 121.8429556436
2.2538497045 -0.9608366362 1.2047620648 611.0750948093 56.7573303791
0.1978387829 -1.7049102467 0.9341318838 317.4292687858 151.9110834187
2.3780720027 -0.0837965984 2.0767695085 699.0632478103 190.2055937996
2.9680979097 -2.4510036395 1.5364771412 505.5387316996 38.6848706253
-1.0606481474 -2.1885100011 0.3504036302 83.5418942320 161.9852851084
-1.2099097975 -2.5639048038 2.8155812467 285.0479956191 283.2302599068
1.5215156292 -2.3620191306 2.0995385183 424.5544981740 147.2580865701
0.5781786926 0.7674459552 2.0919120920 672.5208096913 479.0812434074
0.3150226326 -1.7471125294 2.0745693761 376.1903705932 226.3509203991
-0.6810045623 -1.9562404295 2.2617881460 306.5773249129 274.2662770354
0.5836029694 -0.4548003720 2.6430373429 482.0007096515 316.5799902751
2.1449007298 0.0322231014 2.5423879487 659.9161077549 247.6835920160
0.8815263559 -0.9544215061 1.7466657053 465.3353724130 217.4492840509
-0.7461558169 -2.7348513775 1.8641295763 265.2003258451 222.9500876826
1.2961433232 -0.2137759639 0.8682376054 685.5411384862 120.9157940698
0.8867691270 -0.1269636338 2.4130534049 540.4534480038 317.4859401794
0.1833241938 -1.9899009328 0.1044753387 218.8582104580 11.3270314660
0.3863538972 0.6004048737 2.4777203984 583.6953733042 454.0594526158
-1.4161008387 -2.1674853346 0.4832161336 60.5399802570 209.0816435687
1.7478756708 0.7464948804 2.7115920619 725.8012567529 350.1401416756
-2.1605879291 -0.8868400575 2.0349525460 188.8223470721 462.2590573192
-1.0231969654 -0.6532888771 1.3941302240 253.2670825710 400.5653918022
-0.0697798789 0.3330106119 2.1652521284 502.9870136859 462.4396115775
1.9507874860 -0.6407648270 1.0479185312 647.3879574869 62.8095023824
1.3270867205 -0.5234995568 1.3446707796 570.8385089807 173.5309120881
0.2999752779 -2.0607219307 2.4452932410 371.8913881660 229.6381095019
-2.6748752440 -2.4932236144 2.6376832354 192.8020664552 345.0095553138
-0.4784341868 -2.0935500770 0.3372802366 159.3229201944 112.8704787084
1.9041661336 -2.7694805772 1.8613690763 425.2551171336 106.6925171478
-1.3015980204 -0.4775983353 1.9294706893 279.7362328965 451.0557415157
1.0122261489 -2.4413387388 0.6226324034 345.2385659994 35.5393179433
-0.5766055598 -2.9777220371 0.7269098261 194.5371225419 130.5722527730
-0.1488004004 -2.9553414777 1.9345515260 301.1276425981 191.1324061957
-1.2496893304 -1.2176234362 0.9201692519 141.3420031485 326.3058178894
1.1641200600 -2.7568952982 2.8068855712 399.5820680934 186.4344419716
-1.1180691055 -2.3775737935 1.9674464230 252.0780056448 262.1799402340
1.5235769822 -1.1851647188 1.3670204011 504.7025319753 125.4881514034
-0.8810201176 -1.1056814359 1.4752285971 264.9497501224 326.3828148006
0.5907485963 -0.3012064055 2.8976125351 493.2383691209 334.6460424260
1.5116640493 -2.8250780375 1.5329666214 393.9964505808 97.8346029833
-1.6522343275 -1.1665498691 1.5140104995 180.0563637491 385.4397358651
0.9135738970 -2.8353957908 0.3767828953 304.3894557652 4.7120971672
-0.8731389884 -0.7814524095 2.0937015579 323.7260829389 374.8042687366
-1.6404500805 -1.0437677291 1.8670063384 222.5769976899 401.4039778422
-2.5730577092 -2.3438354084 1.3885911678 85.0908182039 328.3537080887
0.6812398773 -2.9641218080 2.8611191676 371.4590320313 199.3835856414
-0.6234941816 -2.3304749221 2.5405973644 312.2041886215 261.7031237423
1.8439066339 -0.9471699808 1.1522247373 572.8350217595 81.1947174657
-0.1829379517 -2.5761408041 2.0242684627 312.2296297389 210.9507040804
-1.1873207592 -1.9520912279 0.6023171523 106.8289204701 217.1080995851
0.7034332180 -0.0654622727 0.4930513506 702.2139444283 138.2552228819
-1.5110241473 -1.3140682982 1.4522052634 188.3259520197 354.6837658472
0.8632843827 -2.1953825049 0.8209358257 352.9346406857 74.6307836857
1.6947515968 -1.6709432923 1.9441946478 474.3113942980 149.5852483028
-0.9075675655 -0.5141792791 2.0537428217 331.1319085328 409.7720815566
0.5875879920 -1.9410979907 2.7733843637 400.1057171869 235.1580692543
1.3192468384 -0.5366856561 1.1335808896 579.3220914366 145.2562657341
-0.7268183569 -2.5035628023 0.7114419446 180.9947161644 156.9345510845

gimbalangles:
2.0829071627 -0.2694448356 -2.0422871708

end: