T_CW:
0.3014962664 -0.9448395153 -0.1279776999 -0.0324773245
-0.9526305382 -0.2928835755 -0.0819406430 -0.0132196669
0.0399381911 0.1466202630 -0.9883862804 -0.0692501467
0.0000000000 0.0000000000 0.0000000000 1.0000000000

T_CW_cov:
0.0000004462 -0.0000001341 0.0000000013 0.0000003198 0.0000010452 0.0000000147
-0.0000001341 0.0000002937 0.0000000204 -0.0000008178 -0.0000003056 0.0000000982
0.0000000013 0.0000000204 0.0000002173 -0.0000001223 -0.0000000380 0.0000000160
0.0000003198 -0.0000008178 -0.0000001223 0.0000029404 0.0000007375 -0.0000002866
0.0000010452 -0.0000003056 -0.0000000380 0.0000007375 0.0000031240 -0.0000001053
0.0000000147 0.0000000982 0.0000000160 -0.0000002866 -0.0000001053 0.0000006874

target_points_pix:
1.4904409015 -0.8576028127 -2.6357354281 528.4998066820 144.9716149204
0.7583609253 0.4677505926 -2.4511855211 381.9800313489 173.3098961485
1.6304909208 -0.4683184133 -1.9111117291 527.9252296844 70.0717092883
-0.4339811544 0.3604827340 -1.2275564470 304.1687562830 320.6026946243
-1.2830020915 -0.7477612956 -2.9741651212 434.8972603898 388.7935359210
1.5085798632 -1.1919996516 -1.7278603287 656.1401190527 87.2710811742
0.0134727521 1.9966532696 -2.2999075116 218.3229181630 198.6578346022
1.5390997624 -1.5424577392 -2.4175742588 621.9445168330 146.4870352709
2.6638076555 -1.1338153697 -2.9948707751 565.3910060107 70.9733418678
-1.3783621819 0.6183489028 -2.2812195003 294.6627795607 381.7471193523
0.4760255981 1.6652719494 -2.0074300235 241.4191031849 151.8471862960
0.0469361765 -0.1783641195 -2.6535832882 422.1200908440 259.8154659413
1.5905470624 0.5227412081 -2.2990225691 400.8163952473 85.4482025701
-2.2570881565 2.7082349037 -2.0633919600 55.8126248949 400.2522584077
-0.3342155314 -1.4791719233 -1.8288346165 615.5851898291 382.0188675421
2.2027673226 1.2739145926 -2.7746600208 357.4863140255 54.3590064787
1.7022931842 0.6034113149 -2.4383688156 396.8497015226 83.4609088164
1.3605142988 1.3279683397 -2.8167563008 333.1311779236 119.8181027269
-0.2118470871 -0.0163581002 -1.5873625828 395.1426734992 292.1131154382
-0.1823780494 -0.8635400208 -2.5844140384 484.2366950687 303.8792875587
-1.2292746160 0.8858709981 -2.9739817686 304.8368608087 333.1705706167
1.2977747122 2.7046068227 -2.0603174099 181.7375705073 52.0420486824
-0.7482836631 -2.2901477881 -2.3809329031 653.9712250492 436.9374722575
2.6442776321 -1.9549028644 -2.2435606455 731.6979692302 21.2339475969
2.1800794479 -1.0439377960 -1.9029706145 632.2586839614 13.9524895098
-1.5747020397 0.3647896395 -2.1186734669 305.5855613401 426.0166819731
2.4497479841 -1.5512437600 -2.3657692494 655.0309617990 47.5242933776
1.4521663042 -0.5399965625 -1.6630885379 550.9787123076 67.9539298098
0.6336242524 1.1783842050 -1.0552852102 206.0864015559 58.8721722881
2.9170283047 -1.1525861895 -2.5332101054 604.7739109293 11.4230540623
1.0749470139 -2.7742481684 -2.6710858845 731.9624814172 238.9264668044
0.2585293654 0.5934473492 -0.5108773483 171.1553892166 61.9446587086
2.2425741823 -1.7173131963 -2.8670343424 620.0173652804 108.3614028963
1.6075514943 0.3175726274 -1.9505948349 424.6224813810 58.0819426310
0.2277862557 -0.3340403307 -2.6300424523 442.1393231114 247.6402261964
0.7112279187 -0.6943231092 -2.1725083750 509.9317779862 202.2389360327
1.1504892931 -0.6627365524 -2.0403880364 528.5589482235 144.1698854878
1.2383180701 1.3099832525 -2.0678546936 306.2830030436 85.9967541264
0.9719223617 1.9689701437 -1.5625638722 187.4669238224 53.3739948537
-1.8048953481 1.9335417400 -1.4229821744 28.3389328063 435.8041306045
1.9648604716 -1.5172012612 -1.6765924910 745.1404633736 21.2597183838
0.7575916053 0.2523891601 -1.0951950878 397.1355170209 78.5976554253
0.0588398480 0.1345663759 -1.9919443238 389.5100269376 246.4311581598
-2.3495685473 0.3594685558 -2.9255488728 313.8766969616 444.7581857297
1.4570043822 2.3114412965 -2.8657043889 267.3408828402 98.4886225025
2.7544963644 -1.4088225197 -2.8622308738 601.9085224418 58.8326429152
1.4697371940 1.7050643911 -2.6910499524 303.8738583260 98.3970364924
1.4997362677 2.2552284310 -1.7042058754 195.2407053540 2.8801149446
2.9010377035 -2.0761523624 -2.9764524155 662.2582613110 66.1162398262
1.1375885433 -0.0063029323 -2.6361798873 436.5561236570 157.1846872252
-1.7725763211 0.1321032521 -2.5127218453 337.3936309632 428.1757793547
1.5108970396 -1.3615313295 -2.9687420888 560.6834625729 167.6469434396
0.6325419191 2.6208530677 -2.3930825352 195.4382858605 133.4274866643
2.0870307964 0.3507490887 -2.2443769366 433.8018511874 36.2121013055
-1.0103194588 -0.8321822294 -2.8083801352 452.1533398369 374.8559729370
-0.3638610292 -0.9546125156 -1.7797905765 530.8484808822 359.1043265872
0.8583509219 1.9819683117 -2.4177920373 253.0483787929 128.6364152204
0.3303057821 0.2394415897 -2.7978580808 392.8143414259 224.6951974558
0.9955118727 -0.6900885001 -2.2663970244 513.9903167646 173.7809904821
-1.0050947886 1.3796874961 -1.1237346037 74.8003290924 366.6210378339
0.0126243685 -2.0694425955 -2.4142551407 643.7506811362 333.0781304140
-0.3936100835 -1.1881348723 -1.5631378304 595.6430826581 397.1621601483
1.4706806190 -0.4806013601 -2.0637464314 514.7023321990 103.2041828836
0.0746601060 0.5852067123 -2.6719971241 355.1967013429 236.2219554851
-1.0310568987 0.1681308091 -1.9239170579 341.1860946308 383.0767864882
-1.6965573658 2.2500304313 -1.4300462053 0.8333112789 399.3442695823
-0.0667491202 2.8893935758 -1.8135267343 87.5839735377 166.5533293757
-0.7896994598 -0.6712832293 -1.4482634684 483.0467025599 446.5166409057
1.7836301664 2.3017608285 -2.5962998189 263.9694627910 58.6223957424
1.7040403951 -1.8849249930 -2.4309656511 668.1523730637 138.8137563109
-0.3139309819 -0.3902845608 -2.9588867546 429.1423385376 295.3636441061
0.6570472120 0.4945068807 -1.4712885553 356.8096077196 131.4204010801
-1.1789359356 0.5890362018 -2.6866246034 319.9494916072 346.1986907357
0.7279847276 1.9901461379 -1.3627605785 145.4609327081 61.3432507974
-2.1351115329 0.3711751050 -2.8548084772 316.4897400075 430.2787404791
-1.5993342926 1.4370656586 -2.3495525503 216.8732695237 368.7696793986
1.5773005481 0.8563350408 -2.8473658583 375.1478641579 113.1525818503
2.3311839498 -0.9539271198 -2.8889311096 546.6912517472 87.8933274618
-1.6020343444 1.0108264512 -2.1461077954 239.8777097738 397.2567490338
0.1346661905 -1.4032030397 -2.7868114016 539.8358292804 288.0229426577
0.4773538111 1.3095008612 -1.5680206608 243.0059686269 136.1931721301
-0.4791536927 2.3891232452 -2.6389828612 198.6141728874 236.1745967293
1.1137504699 -0.3175425869 -1.4064089642 518.9480483249 80.7449280341
2.9181215669 -0.3698662499 -2.9485027558 506.2360706635 36.3156236112
-1.7376268140 2.4434120148 -2.6251467566 157.9310779742 337.6757881274
0.6772129729 -1.3872812868 -2.0826048477 608.6303775075 228.7077964575
0.5091662389 -1.5917825661 -1.9651756083 648.6838310377 258.3571894534
0.1815827826 2.0076210646 -1.8337579884 181.3089822720 165.7664896344
2.7857291322 0.2667104279 -2.9126554396 451.1247167618 34.7596046237
0.5522005358 2.0961738439 -1.3378655295 119.2270891933 80.0682397160
0.6331406616 -0.7213015916 -1.7853225676 535.3009853966 200.8025350340

gimbalangles:
-1.4094587924 0.1610143190 -0.1899702810

end: