T_CW:
-0.219376348967141 0.303257239118524 -0.927312819083214 -0.040501745292130
-0.728533724063643 0.581269549219910 0.362442166492314 -0.030352791531092
0.648931915084940 0.755089900655473 0.093416334290637 -0.012416154359989
0.000000000000000 0.000000000000000 0.000000000000000 1.000000000000000

T_CW_cov:
0.000000371836224 -0.000000084216017 0.000000023720797 0.000000188842968 0.000000676643288 -0.000000001198612
-0.000000084216017 0.000000220947395 0.000000002917469 -0.000000570175630 -0.000000142086326 0.000000031965341
0.000000023720797 0.000000002917469 0.000000196528158 -0.000000019219216 0.000000054756729 0.000000001798246
0.000000188842968 -0.000000570175630 -0.000000019219216 0.000001934106700 0.000000323279679 -0.000000157528240
0.000000676643288 -0.000000142086326 0.000000054756729 0.000000323279679 0.000001683348109 -0.000000046811925
-0.000000001198612 0.000000031965341 0.000000001798246 -0.000000157528240 -0.000000046811925 0.000000372672968

target_points_pix:
0.174291025719860 2.989376865873170 1.872403303874899 288.529409082942095 455.275443779725038
0.376868269491302 1.547742600806341 2.053135656158933 138.720255647484748 442.896461461634829
2.918590730881187 1.917845963257823 1.861029643800673 249.299891395872265 214.207796599181108
0.452551189003542 1.477154370083086 -0.370993160474207 491.101518234525884 304.226261702837974
0.945662569122669 1.760153269745571 2.974348651753882 104.485532347076798 390.922558402312006
0.071358945903664 2.868895960760703 -0.905108649050095 564.278624462997982 383.295697513423875
1.832454985117484 0.513641425586870 0.105088214289554 316.262066530058405 81.532676400977920
0.817973211799167 2.294819345762404 -0.208289187390903 447.798399437038597 308.075456895836965
0.821105526166656 1.242348034614174 2.542574551529467 61.314058762438947 384.329273563975562
0.415793910281768 1.183093881075663 0.650316174466143 300.220829891553649 357.379954596068160
-0.019702490878293 1.917960728927152 -0.737518131556238 594.860862325325115 388.090583360551136
1.691270036428666 2.915295802974492 2.094300675971820 273.209392112949274 322.303423050772039
0.834463258621495 0.725016701496996 1.608918387480616 80.421714401206430 311.777032304726674
2.124314905889378 2.516536008253327 -1.159942408705877 477.317700908238692 198.545186899909481
2.202767322607175 1.273914592564771 -2.774660020847438 653.180374924972739 22.741397821507633
2.638894052185566 0.285906882712748 0.661602872195694 235.106650513926667 50.392107749184220
2.283841378883928 1.271035310454307 -2.066588718161386 565.662206754309295 55.231333932788971
2.635691040770782 1.158181394465124 0.711031662702086 290.335433395671089 146.116238390377333
1.698565678553845 2.310870581687825 2.057527450817250 245.813874023136464 305.180248693465956
0.860697852236524 2.438120206036826 -0.860519764356981 512.430773581292215 286.531633648758259
2.297416000643904 1.143433707157860 1.111531266204481 253.791968225460550 176.611965594288648
1.863699464516614 0.985157077332460 0.862506798001731 261.566633678743074 179.399285546946260
2.840052798843084 2.329374247149249 -2.575874164725013 550.892493803502589 118.301572366722866
0.683770887933879 1.967835955911635 0.575973293792091 359.593158052695856 340.692896164055128
2.495298790138770 1.920453497665155 1.363056413934268 278.857257405532323 221.494903944310806
1.959827138418633 2.080762882451776 -1.817207778188205 543.053865746762199 157.093729799038613
0.322391346551007 0.657268709577686 0.341131292632411 299.135237507555587 319.792053264236131
2.427303183292759 1.985356552318837 2.741350825150290 192.094434297838177 264.999086465860785
1.297774712209653 2.704606822667046 -2.060317409890036 592.417361311026752 225.985295501611603
2.892079814720038 2.137865082943373 -2.531162314746993 548.393158577549457 104.388997888695542
2.726024062390456 2.249586546271820 -1.935271634696742 511.064961653326804 135.406590979168243
1.113529230923907 2.959043605161732 0.604136990276577 379.500656359517563 328.009896165646637
2.627843514345666 1.894661821860889 1.825579627154451 247.868476859619420 226.214832860871581
0.633624252448053 1.178384204980633 -1.055285210204363 610.329142317338096 201.052591139603607
2.366722528632731 2.870625563219331 -2.137310229465841 534.115567171707994 179.946330671881213
1.351811419852067 0.783096493381664 2.751030019425284 1.054688222477353 301.276435517384925
1.540400416017462 2.087339101036768 1.908610466144914 241.602669424663048 305.950343627020970
0.258529365432542 0.593447349207453 -0.510877348310836 617.476647524246800 213.928106113262430
2.484171415875626 1.405126900350028 1.626268195947127 231.893875576171808 202.248079096007189
1.848099923092915 1.061536246002513 2.263280864998368 130.897570117183278 246.228718129950778
2.198339080206081 1.367198496929817 -1.080298376555421 467.427003788130492 112.865403879075956
1.016838035575660 1.818756586201003 1.268136344806029 274.885972541812521 323.872206815751838
0.914603583400992 1.019657572042683 1.708715699678023 132.491761131728026 322.074808940597109
2.340608082860999 1.652458833610059 2.318879626214586 195.915968693596170 244.892911022938591
1.782456108783678 1.236880970419606 -0.103160128504141 379.868183309545145 163.876432911832183
1.238318070079971 1.309983252536109 -2.067854693572801 680.463349168834839 99.288066451723438
0.787167461629051 2.042498320760199 0.201299038701095 401.065567768402104 316.650862239876858
1.371663769460994 0.879266964748105 -1.357498840974314 577.698080512171146 66.807188272497712
0.971922361675591 1.968970143655820 -1.562563872244343 596.564980535714994 219.780640974128289
2.378072002715271 -0.083796598433502 2.076769508457201 9.408685720234757 85.431330798747808
2.836175536677109 1.994944033462968 -2.455637396822729 548.162904631912625 97.252153333940925
1.210306297439354 0.118493307029870 0.622275659202526 152.720342095024080 77.284753633591549
0.992340097043075 0.570965699142008 -0.129279550676452 383.301409850251105 131.762321583672133
2.698445811444329 1.349657302205972 0.712486519507039 299.590883444462122 157.913102983628335
0.896210459174977 2.888775023719487 0.074297014830876 425.282654386160743 329.282908064704145
1.457004382153908 2.311441296474558 -2.865704388874944 676.089826108496140 160.617439313677721
1.678163884393774 1.763579653176779 -1.081503964129788 493.639937293826165 174.592102849535934
2.132636972288164 1.593331695606723 2.384499972466795 181.926032490375746 257.408016065548679
1.469737194049639 1.705064391090432 -2.691049952446784 699.359199583435156 106.815019169605677
1.499736267738784 2.255228431018857 -1.704205875398000 558.259453895243496 198.066251128712423
0.361289200112146 1.979437519624452 1.799793479901044 222.777217093720878 433.249166763982771
1.165513450568036 1.359326142866921 2.261728229570661 133.457863437105829 328.716525185584715
1.971116129500769 2.532050017386672 -0.864756201505920 460.917950900373683 215.520104200754474
2.267923129683981 1.616672810512931 1.606601834033495 243.879271615828770 225.843046661344800
1.533974010759609 -0.008808417963443 1.004257086734485 79.006153616621930 61.243516529708387
0.858796198767202 2.444877819750769 2.142704117515820 237.655135496931848 383.475163782265668
0.424503391425445 1.019182039581089 1.052562204921530 204.065934403946727 375.215712073990687
0.632541919085941 2.620853067715426 -2.393082535195631 693.650630786633542 258.085924325632107
2.268373919334812 1.515153845840254 1.072050534322178 279.319754989511807 202.563165653567239
2.840746233810969 2.675666402683015 -1.319954729083223 464.274442819733508 173.195239331845812
1.220298668676579 1.949894996526472 2.297852036002098 194.094227979119637 342.223737291421742
0.858350921909025 1.981968311704984 -2.417792037315026 723.601178636063082 188.944805959376680
1.919360006235380 2.796073931111244 -1.673944781698095 522.359073513196677 208.453729647084202
2.804953402716851 1.754951062803924 -2.726134825525947 577.319847127343564 67.991612653471918
2.969189811888704 0.830630128229349 -1.471853396751549 468.330852644572474 13.793963240207660
1.957762347262904 1.957047273602196 1.249578817618344 287.503437590513499 250.913843194513248
1.747875670791832 0.746494880401744 2.711592061931588 36.956952624162398 253.659940710901907
1.406341574035144 2.614631609635819 2.385762442061608 237.187626115721343 343.390792650103037
0.837490171283028 1.485476491060759 2.158973694053571 143.672109800749041 370.707201904388171
2.723080367051685 2.166895230984133 -1.093289000372446 451.256695311275678 154.925561418152483
1.514152954714303 1.355090422704734 1.785681904146204 194.167145606422565 273.314643241905742
-0.066749120151215 2.889393575750106 -1.813526734269057 688.282194171049014 368.186626198427973
2.884949992613337 1.752862813125280 -1.917286249155953 507.002968659627413 93.994055111586903
1.146827098132877 2.456126826250834 -0.971119918071874 506.432959818093934 259.903467195721760
0.076060758835924 1.107030849292172 1.108456836711084 189.657965886751811 477.237586567645621
1.863817084506842 2.713682461887588 0.066728388683226 398.460634998049159 255.433539592278208
1.783630166408887 2.301760828481576 -2.596299818856131 620.194495088951498 154.120980922527451
2.033098221115875 1.207102527469390 -0.355179649729624 398.404532390202803 135.679480301465674
1.173056953141853 1.270494847899332 -1.110596024848202 543.716736407743610 156.806747066039577
2.946148171883929 2.496889317624800 2.716114530653610 228.655489773517729 255.082983370847444
0.727984727606241 1.990146137895145 -1.362760578457041 594.954519579935777 253.031142327873170
1.782738854381385 2.990235562690588 2.089848358145721 276.943594894859700 317.986541825225800
0.964104265095303 2.688237357101499 1.169057279954943 329.510419133780488 349.727439515420599
0.766478011014490 2.965391469717980 -0.103314602836315 445.354715946528927 337.355415700408287
0.408300883713200 1.889185112811873 1.733641460218463 222.255627919560851 423.317694922492024
0.806310778729913 0.518444657202965 1.043178533836483 126.699467935197930 254.486673001910077
1.766975285516706 0.969062569477666 -0.552937664872517 425.737865359044065 112.286540720013207
1.448898311056045 0.661748476375488 1.046922016218677 196.337779685737758 188.536395440558948
1.106019546979264 2.483062061216136 0.385456719173439 385.675884815521727 308.616127469328831
2.883356044107945 2.677333679565766 -0.246887715954717 398.345759015020349 197.918868453458856
2.783205628436592 2.731091062502096 0.687561856108538 346.874323118648704 225.912643959996245
0.477353811056686 1.309500861198641 -1.568020660815786 737.322535379076953 200.249407796837232
0.703433218020132 -0.065462272701852 0.493051350627481 6.534960912356269 18.842149226252701
1.963175010556395 0.738401544449355 -1.173053211860219 494.201163022275352 33.494943625622369
2.739076689140502 1.445883240616402 -1.480011115263047 479.330776684382840 86.380209735229698
1.814277977984292 2.308189886267098 -0.802269262856072 461.122263392557102 213.850295814101713
2.374666037886028 0.524217403115299 1.652361667884851 150.176825808453515 139.880986699344021
0.181582782636632 2.007621064638244 -1.833757988421209 747.065184196593691 296.227237006289386
1.880982371694132 2.084116329559794 0.589315128723995 343.942320179661635 241.639892037757193
0.552200535814588 2.096173843931648 -1.337865529537719 605.200291191708175 279.913786839416957

gimbalangles:
2.889341386853968 1.187168304702774 2.515333874837625

end: