T_CW:
0.3913219298 -0.9190418640 0.0472143986 -0.0290445598
0.4203674338 0.2241587504 0.8792292507 0.0108585612
-0.8186320100 -0.3242142916 0.4740535047 -0.0020010943
0.0000000000 0.0000000000 0.0000000000 1.0000000000

T_CW_cov:
0.0000005771 -0.0000001033 -0.0000000348 0.0000002058 0.0000013063 -0.0000001758
-0.0000001033 0.0000003620 -0.0000000019 -0.0000010884 -0.0000001907 0.0000000099
-0.0000000348 -0.0000000019 0.0000002434 0.0000000395 -0.0000001475 0.0000000154
0.0000002058 -0.0000010884 0.0000000395 0.0000040296 0.0000003302 0.0000001529
0.0000013063 -0.0000001907 -0.0000001475 0.0000003302 0.0000036873 -0.0000003810
-0.0000001758 0.0000000099 0.0000000154 0.0000001529 -0.0000003810 0.0000008307

target_points_pix:
-2.6364039434 -2.3323645090 1.6131212919 451.5137770709 226.2859326858
-2.8948441399 0.6269529752 1.2765981320 228.7706925141 244.5374827913
-1.7842749994 0.3589897521 1.3896783254 255.4309995715 307.6307786880
-0.3745088197 -2.7924729661 1.8430836583 662.8983890781 337.9954247658
-0.7937816819 -1.6414176510 0.7071862127 567.1879677164 228.5561533002
-2.7560724588 -1.2194953932 1.9192833866 382.3372025225 257.6706380887
-2.6734566750 -2.6265165695 1.2701937931 468.2082446788 200.7028248663
-1.6797658353 0.4497206555 0.9246442775 221.9376962135 271.2983434657
-2.9630438574 1.2498685434 0.2703220651 113.3727036706 158.7942953583
-2.8002920322 -2.7177990940 0.7087254771 472.2593370358 160.1039564124
-2.2493776015 -2.3923425776 1.7472308018 471.6449604311 244.1499286182
-0.4611632066 -1.2374349928 0.2883990725 624.5416657929 184.8060035677
-0.8863209803 -2.2520445289 0.3132015694 633.2140916483 150.3261738449
-2.1289845198 -2.0063977310 0.0907732718 473.2527459363 114.9744048836
-2.3933415223 -2.8145690041 2.1568703343 482.3444333888 256.3601960377
-1.9740008485 0.2407913313 0.2379810357 226.8864676376 158.0425839378
-1.9416308981 -1.1170647662 2.7064884155 402.6332538612 338.6182561760
-2.5927084704 -2.6493188930 -0.8510426906 502.1324927559 12.2392730957
-1.8055531173 -2.3431906182 2.2358729284 487.0851338291 290.3851280281
-1.4715007191 1.0947300271 1.7225109219 152.9794617250 407.0096533996
-2.7741509670 -2.0402444891 -0.1757024121 439.1753059857 89.4527536462
-1.6281093659 -0.3303049794 1.0078361132 335.5103012767 257.0574335346
-2.4109286583 1.5240721805 0.6122623179 54.5437623701 222.7843407198
-1.9557092750 -0.1852068968 1.1358403326 312.4892259280 255.6241619715
-0.9402351494 -1.2005288970 2.4392588703 461.1764695077 395.4764052151
-0.3823346286 -2.6004217608 2.8138227545 603.1573026542 408.8362996622
-1.5873220287 -2.6442079861 1.2926729153 536.1716260462 229.7293859084
-0.2089443667 -2.2213772583 2.7520224592 602.4622252977 442.9426625332
-1.8400861476 0.6802285019 2.7417002054 258.7445322872 408.1173223131
-0.1150878283 -1.6216023649 0.6994336735 744.4381406752 294.0632022201
-0.3599161903 -1.9936056061 1.4339193395 633.7718115198 340.1857323320
-2.2600804841 2.7042386112 2.9957597684 45.8622452762 472.2646048142
-2.2552646269 1.6043643505 1.8194632491 120.8572849256 352.6320972434
-0.4663553090 -0.8967115007 0.8784296744 520.8225988063 325.4946153702
-0.9505699837 -1.1068315995 -0.2186933854 517.3679432144 45.1278102386
-1.2364746597 -0.8307857292 2.2308155062 412.1188884965 370.6106828182
-1.2146827552 0.4313236250 0.0528315889 127.7114146600 141.2818409391
-1.8310523068 -0.1889451984 1.5644050636 322.9024730112 299.9597970815
-2.4795398100 0.0634801912 0.4110664761 261.2455489421 167.5379451367
-1.4178930604 0.5616682054 2.3963558138 262.2911717464 428.2001803167
-2.6261878393 -0.7849814902 2.7541684472 361.8932572087 314.7403871044
-1.9262396669 -0.5333356992 0.4900413074 342.3596963429 180.0124906806
-2.3787147104 0.3569107646 2.5683948238 282.6808705735 346.6538129978
-1.0606481474 -2.1885100011 0.3504036302 595.1860000901 153.8295843226
-2.8798376111 -2.4797889453 0.6139716428 456.0324318859 154.3483561963
-2.4055301863 0.9708260692 2.4281034256 224.4829377303 356.2166496781
-1.2099097975 -2.5639048038 2.8155812467 527.6143713231 347.1456177885
-1.7586502624 -2.0947587884 0.1629999156 509.2843909083 123.3076741206
-2.4637418305 -2.7427375996 0.0218696577 502.1320143947 105.0958404396
-2.3268183976 1.7937684323 2.5591340519 139.8222699183 400.3600793903
-0.6810045623 -1.9562404295 2.2617881460 547.3413330697 375.8685592704
-2.0098147786 -2.3425078733 -0.2469870441 515.5603472655 72.7729101259
-1.8196517110 0.4238616465 0.7629712756 220.6264889981 241.2306554469
-1.7250105261 1.3799615575 1.7287495262 118.7026725290 390.8816516898
-0.7461558169 -2.7348513775 1.8641295763 607.1046599899 313.0812775221
-2.2714974815 -1.5754805292 -0.3708202209 431.8166790704 60.5070144912
-2.0168399528 -0.7930379665 1.4646715140 373.3949286779 264.9634947910
-1.3199728770 -0.4454115690 0.6293955931 358.3489453705 225.1832791721
-2.9188407590 -1.3810012220 1.0839570419 386.0516399623 198.2114069104
-1.4161008387 -2.1674853346 0.4832161336 541.0305669164 164.8418770844
-1.5563505293 -2.3259772891 0.0237559221 553.4301087187 103.7780042617
-2.1605879291 -0.8868400575 2.0349525460 378.2136156558 295.0884586447
-1.0231969654 -0.6532888771 1.3941302240 408.8051882862 333.0183260140
-2.4747552270 1.7971304399 1.5320622131 87.7534666196 319.9558133199
-2.8987142952 2.4095418038 2.8717692845 109.5595896518 391.7918671440
-2.6748752440 -2.4932236144 2.6376832354 451.6110202224 276.3994535774
-0.4784341868 -2.0935500770 0.3372802366 714.6963342573 168.0892090458
-2.9458023404 -0.1409691835 0.5459986167 283.8084008719 170.1461480775
-1.3015980204 -0.4775983353 1.9294706893 374.3344363597 358.9768351714
-0.5766055598 -2.9777220371 0.7269098261 717.1840883196 204.2543476796
-1.4769533415 0.8018814294 2.2416422603 226.2789487184 424.9777565264
-0.1488004004 -2.9553414777 1.9345515260 705.0500103500 359.1931022573
-1.2496893304 -1.2176234362 0.9201692519 459.4396418831 242.3915932296
-1.1180691055 -2.3775737935 1.9674464230 542.7058218295 307.7543816282
-0.8810201176 -1.1056814359 1.4752285971 472.1901676951 333.4413765687
-1.6522343275 -1.1665498691 1.5140104995 421.5480900794 277.7256785357
-2.5526482625 1.6899305882 2.4297630987 153.6601553369 370.1256604399
-2.9155772865 1.8015255028 0.9202060444 74.4612600505 239.3663877920
-2.2550310878 2.7469332465 2.5621232452 5.4551688957 455.0284194206
-0.8731389884 -0.7814524095 2.0937015579 430.3951545657 401.2688140379
-2.3524978632 -0.4190901020 -0.6763358060 292.3373920558 7.7766163494
-1.6404500805 -1.0437677291 1.8670063384 410.7852622226 308.3070391599
-1.9208082146 1.6423306677 1.6909841948 84.6862548081 378.7121845022
-1.7962047277 -1.0397187367 -0.0814019688 405.3639207058 95.9979810654
-2.5730577092 -2.3438354084 1.3885911678 456.5569886685 213.8002481700
-2.4323608169 -2.8139920343 -0.8519714480 526.8373129210 7.9848477586
-0.6234941816 -2.3304749221 2.5405973644 570.1483723324 382.6389661569
-2.5794207443 -2.5586017987 0.5377249120 476.6320199993 150.6527975337
-0.1829379517 -2.5761408041 2.0242684627 669.4300874592 381.0416542285
-2.2583880082 -1.9579383648 0.2674464298 458.6664816535 133.6515752220
-1.1873207592 -1.9520912279 0.6023171523 545.4756022131 188.8151328428
-1.5110241473 -1.3140682982 1.4522052634 442.8047934121 276.4148086357
-0.9075675655 -0.5141792791 2.0537428217 399.1081288907 409.2477225599
-2.8451823330 1.0493991114 0.7078918140 159.3548096503 205.4580216322
-0.7268183569 -2.5035628023 0.7114419446 655.8921491130 207.5840243582

gimbalangles:
2.6471026942 -0.0472319580 -0.4025424446

end: