T_CW:
0.8137198765 -0.2963003619 0.5000660538 -0.4014144152
0.3245376249 -0.4821335251 -0.8137706028 0.0345108238
0.4822191334 0.8244715638 -0.2961610168 0.2396909874
0.0000000000 0.0000000000 0.0000000000 1.0000000000

T_CW_cov:
0.0000002725 -0.0000000442 -0.0000000458 0.0000000715 0.0000004351 0.0000000064
-0.0000000442 0.0000002873 0.0000000089 -0.0000005266 -0.0000000615 0.0000000553
-0.0000000458 0.0000000089 0.0000003063 -0.0000000089 -0.0000002721 0.0000000036
0.0000000715 -0.0000005266 -0.0000000089 0.0000015332 0.0000001030 0.0000001576
0.0000004351 -0.0000000615 -0.0000002721 0.0000001030 0.0000012818 0.0000000307
0.0000000064 0.0000000553 0.0000000036 0.0000001576 0.0000000307 0.0000005997

target_points_pix:
2.9185907309 1.9178459633 1.8610296438 586.0387838172 107.9561899779
0.4525511890 1.4771543701 -0.3709931605 286.6875745377 208.5064605764
0.0134727521 1.9966532696 -2.2999075116 174.9186119009 328.8017721414
0.0713589459 2.8688959608 -0.9051086491 238.3875422842 190.8219695907
2.5591223247 -0.0443953625 0.5219552533 743.9232579336 326.8622304889
1.8324549851 0.5136414256 0.1050882143 533.5292332478 286.8151257997
-0.3054732399 1.1553874900 0.2017032538 156.5119302544 46.6294193754
0.8179732118 2.2948193458 -0.2082891874 326.5601192387 180.2943575476
0.4760255981 1.6652719494 -2.0074300235 225.2604001460 340.8178015084
0.4157939103 1.1830938811 0.6503161745 358.0691747817 55.5588020805
-0.0197024909 1.9179607289 -0.7375181316 214.1313600114 204.0791514878
1.6912700364 2.9152958030 2.0943006760 474.0539274526 24.5548264720
1.0143189639 -0.1834378360 0.2340703772 658.6735570005 363.8765653455
2.1243149059 2.5165360083 -1.1599424087 375.4911839770 269.7785793009
2.2027673226 1.2739145926 -2.7746600208 346.9282877881 421.6869572542
2.6388940522 0.2859068827 0.6616028722 686.1223288420 273.3507088856
2.2838413789 1.2710353105 -2.0665887182 379.0070495927 388.3172261365
2.6356910408 1.1581813945 0.7110316627 563.7986905076 213.1407146225
1.3605142988 1.3279683397 -2.8167563008 281.3805220344 421.9233308414
1.6985656786 2.3108705817 2.0575274508 511.0885115036 13.1059898217
0.8606978522 2.4381202060 -0.8605197644 304.6075019184 225.8583171518
2.2974160006 1.1434337072 1.1115312662 583.2670151323 156.4141868068
1.8636994645 0.9851570773 0.8625067980 553.7161437596 162.7285391747
2.8400527988 2.3293742471 -2.5758741647 371.3889057735 348.2887205324
0.6837708879 1.9678359559 0.5759732938 358.8037859073 100.7323611699
2.4952987901 1.9204534977 1.3630564139 536.0438336920 129.9804889094
1.9598271384 2.0807628825 -1.8172077782 351.8231957638 320.2190504682
0.3223913466 0.6572687096 0.3411312926 327.5278034077 108.0827635251
1.2977747122 2.7046068227 -2.0603174099 298.4097396238 293.4487179254
2.8920798147 2.1378650829 -2.5311623147 378.3541845527 356.5520150641
-0.8911796826 2.9815497203 -1.4877817901 128.8467953224 196.5281110368
2.7260240624 2.2495865463 -1.9352716347 386.0253439917 325.2248538541
1.1135292309 2.9590436052 0.6041369903 369.6432912732 118.2854482916
2.6278435143 1.8946618219 1.8255796272 575.3335412231 94.9558888458
0.6336242524 1.1783842050 -1.0552852102 274.3036145898 309.6699832923
2.3667225286 2.8706255632 -2.1373102295 353.6560544047 303.5630156786
1.5404004160 2.0873391010 1.9086104661 509.6439462570 10.3052988174
0.2585293654 0.5934473492 -0.5108773483 225.5309448588 299.4514098446
2.4841714159 1.4051269004 1.6262681959 605.9529072123 107.0069470374
2.1983390802 1.3671984969 -1.0802983766 414.2382614799 324.3843166840
1.0168380356 1.8187565862 1.2681363448 443.2739199659 38.3799115833
2.3406080829 1.6524588336 2.3188796262 632.5756273866 15.9201352225
1.7824561088 1.2368809704 -0.1031601285 446.4036755713 251.0870606313
2.6588510636 -0.1466194073 -0.3037086062 643.4104157449 436.9682796984
1.2383180701 1.3099832525 -2.0678546936 297.6144187834 381.6066867155
0.7871674616 2.0424983208 0.2012990387 346.8781329991 147.3628941393
1.3716637695 0.8792669647 -1.3574988410 348.5011775493 377.9398984951
0.9719223617 1.9689701437 -1.5625638722 290.9259381309 297.5454550353
2.8361755367 1.9949440335 -2.4556373968 380.5163718574 360.3378849494
1.2103062974 0.1184933070 0.6222756592 657.4763723455 194.9706109922
0.9923400970 0.5709656991 -0.1292795507 408.9386377624 276.4707167115
2.6984458114 1.3496573022 0.7124865195 548.7609283682 207.9447068189
0.7575916053 0.2523891601 -1.0951950878 288.7327658808 462.6930740131
0.8962104592 2.8887750237 0.0742970148 335.8211651993 149.3331710959
2.4003927181 0.1999549924 -0.1597382894 587.3721856199 366.6528981230
1.4570043822 2.3114412965 -2.8657043889 288.0115484095 352.7843813471
1.6781638844 1.7635796532 -1.0815039641 366.6413810596 291.9348964500
-1.1012706995 2.9606741992 0.3197833124 138.1438295873 2.9401161025
1.4697371940 1.7050643911 -2.6910499524 294.2478378715 383.6746950842
1.4997362677 2.2552284310 -1.7042058754 324.4742875134 299.2044199194
1.9711161295 2.5320500174 -0.8647562015 376.6752562685 250.5410162590
2.2679231297 1.6166728105 1.6066018340 570.4787918109 93.9869398696
0.6325419191 2.6208530677 -2.3930825352 243.6299712341 305.2602052280
2.2683739193 1.5151538458 1.0720505343 538.6328638611 150.4151550507
2.8407462338 2.6756664027 -1.3199547291 401.9294911867 282.4892577958
0.8583509219 1.9819683117 -2.4177920373 254.7831582204 346.0988066604
0.7902253300 -0.0498267092 -0.2495925517 423.9245058363 431.1065942972
-0.7126786561 1.9834577945 -1.0618160856 99.9585359004 201.4189772820
1.9193600062 2.7960739311 -1.6739447817 344.4736314814 280.6354859662
2.8049534027 1.7549510628 -2.7261348255 374.9861753229 385.5058914932
2.9691898119 0.8306301282 -1.4718533968 464.6561231805 394.9153993320
1.9577623473 1.9570472736 1.2495788176 498.5665850849 110.9855041847
2.4239824816 0.7568461512 -2.0444246221 404.7580740455 434.1420670978
2.5332886341 0.3624403137 -0.8886724309 507.6231789390 407.4727782435
2.7230803671 2.1668952310 -1.0932890004 416.6887969880 290.0616215850
-0.0667491202 2.8893935758 -1.8135267343 203.5372953522 247.1422246243
2.8849499926 1.7528628131 -1.9172862492 406.4077384515 351.2382233308
1.1468270981 2.4561268263 -0.9711199181 322.2120503388 240.3917232449
1.8638170845 2.7136824619 0.0667283887 399.9521029583 187.2021893934
1.7836301664 2.3017608285 -2.5962998189 315.5296917359 343.5847605627
2.0330982211 1.2071025275 -0.3551796497 450.0234243720 281.5628500871
1.1730569531 1.2704948479 -1.1105960248 333.1024910017 317.9402048297
2.9461481719 2.4968893176 2.7161145307 592.2925933384 38.2416145824
0.6570472120 0.4945068807 -1.4712885553 246.0899869820 448.0044852977
0.7279847276 1.9901461379 -1.3627605785 276.1361510044 277.8830463231
1.7827388544 2.9902355627 2.0898483581 474.2935106914 31.9099523458
0.9641042651 2.6882373571 1.1690572800 391.4935428513 60.7391105034
1.5773005481 0.8563350408 -2.8473658583 300.1476581960 471.9104777685
0.7664780110 2.9653914697 -0.1033146028 319.7418597334 156.3590012001
1.7669752855 0.9690625695 -0.5529376649 430.9779923569 308.9432791337
1.4488983111 0.6617484764 1.0469220162 603.0115791737 102.2302911494
1.1060195470 2.4830620612 0.3854567192 371.1843142331 139.9868559104
2.8833560441 2.6773336796 -0.2468877160 439.0605395527 231.7845605304
2.7832056284 2.7310910625 0.6875618561 468.6774788264 176.9117690966
0.4773538111 1.3095008612 -1.5680206608 232.6081126157 339.7254775513
0.7034332180 -0.0654622727 0.4930513506 654.2079204144 171.3477635995
-0.4791536927 2.3891232452 -2.6389828612 128.0596604732 316.0207725603
1.9631750106 0.7384015444 -1.1730532119 419.4724150121 383.0853990480
2.7390766891 1.4458832406 -1.4800111153 425.3492218412 348.2527821843
1.8142779780 2.3081898863 -0.8022692629 374.5078209748 251.9298078932
0.1815827826 2.0076210646 -1.8337579884 206.0328634424 298.7885699394
1.8809823717 2.0841163296 0.5893151287 447.4780273442 164.0668425979
1.0562875771 0.1801981948 -0.5239100279 408.3919425667 403.9346494508
0.5522005358 2.0961738439 -1.3378655295 260.8420755002 266.5107080429

gimbalangles:
0.6354007947 -0.1277239356 2.0457827707

end: