T_CW:
0.026062028800219 -0.887184843680569 -0.460677570322565 -0.051233802547797
0.891353083350337 -0.188002165169433 0.412486201821894 -0.027089621885067
-0.452559887149384 -0.421376600008935 0.785895228073212 -0.014498927331863
0.000000000000000 0.000000000000000 0.000000000000000 1.000000000000000

T_CW_cov:
0.000000461169560 0.000000023990809 -0.000000002054558 -0.000000067172516 0.000001081768700 0.000000036247220
0.000000023990809 0.000000318667190 -0.000000008985992 -0.000000926936133 0.000000055351487 -0.000000057624874
-0.000000002054558 -0.000000008985992 0.000000205667959 0.000000034605289 -0.000000033275534 0.000000001065579
-0.000000067172516 -0.000000926936133 0.000000034605289 0.000003282090856 -0.000000154795831 0.000000204696263
0.000001081768700 0.000000055351487 -0.000000033275534 -0.000000154795831 0.000003125329198 0.000000105517357
0.000000036247220 -0.000000057624874 0.000000001065579 0.000000204696263 0.000000105517357 0.000000607458999

target_points_pix:
-2.636403943417887 -2.332364509038969 1.613121291927358 460.354260876164687 149.768394146214177
-1.784274999354633 0.358989752143200 1.389678325383619 227.917589512653791 84.480632103149759
-0.374508819722617 -2.792472966053825 1.843083658289599 511.639179610948418 319.980782519236300
-0.793781681869014 -1.641417650998413 0.707186212655561 536.082908156884628 219.160347809919330
0.410113173644941 0.536274192399978 2.211690102196433 92.290435083855243 451.541566628038481
0.280800500936368 -1.171864569172195 1.125032765287567 468.685779690966342 417.110081350384064
-2.756072458789342 -1.219495393230536 1.919283386623296 380.831431554239316 130.875139013200112
0.046269919670005 -0.857852777220630 1.621705320978712 369.836243095774307 367.162727775935025
-0.255313631190007 -1.971208664170202 0.171534172980832 740.845814947122335 281.904462127291140
-0.155054339981346 -2.413745039848549 0.501455690159033 681.170081165327247 321.240601286550657
-2.673456675019535 -2.626516569506575 1.270193793128689 494.304989180975326 137.530456194094853
-1.679765835343294 0.449720655470374 0.924644277490595 201.838333376223488 8.141734204478212
-2.800292032162577 -2.717799094036851 0.708725477149321 535.745457359812804 98.799213700289300
-2.249377601482980 -2.392342577632054 1.747230801799331 461.580726914755473 177.998334905965237
-0.461163206633531 -1.237434992763998 0.288399072466669 606.734924484822045 217.352019766392658
0.106097197544578 -1.586979738801300 2.101489332490848 417.207551350580843 371.618173469583382
-0.886320980318775 -2.252044528870325 0.313201569361650 647.368329595276577 199.116493923792802
-2.128984519802631 -2.006397730996573 0.090773271844217 586.776920888912969 43.808341073766314
0.580251370663158 -1.412934886423969 1.321127818311631 483.828833806684315 471.473781898158563
-0.180119838378372 -0.547998574933346 1.311464993215246 343.621945699536127 322.641947018702467
0.291199084492292 0.453431892380420 1.909458418030879 99.677099780761523 433.936198583125645
-2.393341522250106 -2.814569004139154 2.156870334324788 460.388610294998500 194.155708275255733
0.425639955333826 -1.694721804660521 2.857543598629928 388.196595223506051 402.080896536402861
-1.941630898137938 -1.117064766151136 2.706488415483634 350.297784087112973 209.429870078453206
0.304249663992359 -0.729757268759560 1.238264087314165 382.501678200450158 430.764933563407055
-0.214657564098442 -0.504635799099989 1.954909472616277 307.976544148826520 329.731823867468563
-1.805553117322314 -2.343190618164351 2.235872928386049 440.094763128379327 220.905778855037141
-0.843715431402718 1.552617475551560 2.504156727760964 0.596560058548334 234.084984246971771
-1.471500719061330 1.094730027126477 1.722510921937721 84.779062020778326 108.908732707958734
-1.628109365896271 -0.330304979444732 1.007836113164901 336.533612367583260 93.225685096992834
-0.440343914850063 0.783036985018339 1.977536569991633 88.880792013078121 282.293734799092988
0.380298172856866 -1.298743151086943 2.104596717599694 392.252945729382645 410.543158198149740
-1.955709274983680 -0.185206896822774 1.135840332582000 314.707043294780874 73.140188361806366
1.152378882989988 -2.162866322483199 2.973607017601903 422.346331647597594 474.384278593721092
-0.940235149372314 -1.200528897008388 2.439258870325218 363.814860893736409 270.863016097469597
-0.382334628612583 -2.600421760824444 2.813822754511428 441.552838396639970 329.012717707694151
-1.587322028688587 -2.644207986075857 1.292672915320934 516.765566396213444 204.436853358910298
0.358118174141076 0.741091728677766 2.917116117947550 101.297872774256689 421.405946595250839
-0.208944366737399 -2.221377258297758 2.752022459203438 424.455066971541953 341.478927120297044
0.000197430235167 0.425602185379799 2.645721047261987 163.910794383776675 365.852349654647355
-1.840086147600242 0.680228501872818 2.741700205366840 198.296825081164371 179.762739966691072
-0.115087828265375 -1.621602364932578 0.699433673458384 577.483377855222898 327.835780820416517
0.079904736471226 -1.404300557266472 2.579670587336606 376.066087325539854 368.786634066959152
-0.359916190317959 -1.993605606062929 1.433919339499767 495.051342258607235 310.270040008824139
-2.255264626852401 1.604364350462638 1.819463249134218 49.376893304907583 21.279404817213674
-0.466355308972108 -0.896711500698693 0.878429674387935 437.908474011387739 256.423595148261086
-1.236474659704397 -0.830785729170653 2.230815506240015 341.118083664388848 234.739932630981230
0.497100103581327 -2.928230638126760 1.276408226385758 614.003511968826047 420.342425874752280
-1.831052306790053 -0.188945198352711 1.564405063598759 301.009492775531896 128.116261117932339
-1.417893060359139 0.561668205419461 2.396355813765268 195.469677678672383 196.161113453031760
-2.626187839327878 -0.784981490205779 2.754168447227376 329.665566519626623 168.093119349266487
0.197838782858974 -1.704910246678057 0.934131883775398 561.124378890678145 392.934774925044849
-1.926239666853437 -0.533335699225639 0.490041307374430 399.348246666149521 1.898734431114633
-2.378714710387544 0.356910764592629 2.568394823819310 242.131612057017492 144.225154123333368
-1.060648147433165 -2.188510001145658 0.350403630248076 622.707026449020304 178.991707077014297
-2.879837611066490 -2.479788945339600 0.613971642821233 529.087731885838252 78.574571423804485
-2.405530186309526 0.970826069224190 2.428103425594758 178.485879812312902 112.471606994655204
-1.209909797484534 -2.563904803847953 2.815581246720556 431.845933998341593 273.566810283052405
-1.758650262354513 -2.094758788426888 0.162999915595146 602.854399962047637 86.579862939984196
-2.463741830511737 -2.742737599633919 0.021869657707573 620.804906877494432 58.867058966937151
0.315022632559829 -1.747112529424197 2.074569376130251 435.627617454824929 396.965819151646997
-2.326818397556014 1.793768432294453 2.559134051889133 71.385281764192541 93.773764026198535
-0.612568001743769 0.421948739754678 1.690722919949404 166.478492137070248 247.260725622998649
-0.681004562349794 -1.956240429477597 2.261788146036750 427.455564207559917 295.250411941825007
-2.009814778619000 -2.342507873330543 -0.246987044123800 674.511656990976007 27.506719240207985
0.583602969381916 -0.454800371988159 2.643037342913001 271.967942083862226 442.377492067730657
-1.725010526060548 1.379961557513223 1.728749526176968 43.530017163714831 65.447717781142615
-0.746155816902931 -2.734851377467177 1.864129576325877 498.400105954708920 288.169192360762793
-2.016839952752334 -0.793037966466019 1.464671513975834 367.674758390020088 130.831002147441382
-1.319972876987399 -0.445411568997927 0.629395593086583 379.024869776007051 75.106163687118681
-2.918840758978614 -1.381001221954439 1.083957041944150 428.111579081768980 69.919377457086910
0.386353897180372 0.600404873706901 2.477720398410876 99.605866255045271 436.678928722020714
-1.416100838720206 -2.167485334628920 0.483216133616751 578.431340750254662 153.564588878077132
-1.556350529336756 -2.325977289144970 0.023755922121903 656.134651329489316 101.025104893638940
-2.160587929070460 -0.886840057529803 2.034952546012701 354.012871075605688 161.575898967541860
-1.023196965438885 -0.653288877085203 1.394130223976590 356.597726564292770 207.498870890042809
-2.898714295171244 2.409541803822898 2.871769284488597 33.533560405285243 60.540523169695433
-0.069779878869687 0.333010611880953 2.165252128368183 169.035447873316429 353.148813243630684
0.299975277917478 -2.060721930650195 2.445293241049091 435.599255935817951 389.492486315623069
-2.674875243981055 -2.493223614391089 2.637683235373650 424.324919758852616 191.715248776503785
-0.478434186750731 -2.093550077009114 0.337280236615828 668.955566568654262 253.759102379564382
-1.301598020435731 -0.477598335284593 1.929470689273046 317.215340231091261 207.742460396819808
-0.576605559813063 -2.977722037134996 0.726909826088295 636.774410615813167 276.749843957437008
-1.476953341479463 0.801881429363502 2.241642260267484 161.809544993850011 173.250611503396442
-0.148800400356136 -2.955341477661065 1.934551525973162 519.071383053976660 342.015681551335774
-1.249017059294648 1.809779148238554 2.982405696357302 27.767119763621338 211.155449201493298
-1.249689330409936 -1.217623436223179 0.920169251878598 452.762121948998981 167.502733804352658
1.164120059996385 -2.756895298247263 2.806885571236954 472.147540993102950 469.482756330810844
-1.118069105508273 -2.377573793499396 1.967446422962650 464.610998969276011 258.254489743993759
-0.881020117602829 -1.105681435850690 1.475228597087851 402.621146687792020 240.047517613987480
0.590748596256939 -0.301206405545826 2.897612535064620 249.525871128751305 439.154574438338557
-1.652234327487542 -1.166549869125559 1.514010499456546 399.640249145699045 173.859363544580532
-2.552648262493129 1.689930588152716 2.429763098690281 92.226530540841111 72.212191464249287
-0.873138988358957 -0.781452409495700 2.093701557856058 339.832773650585978 260.635484349374224
-1.640450080504410 -1.043767729106053 1.867006338383324 372.706367626642361 191.564460813701203
-2.573057709165699 -2.343835408398033 1.388591167805596 474.265365022361948 141.651635325332649
0.681239877289143 -2.964121807961779 2.861119167591760 472.659232807702153 416.127805913023963
-0.623494181581364 -2.330474922091730 2.540597364417167 437.096699323502207 306.862970909991532
-2.579420744306482 -2.558601798734101 0.537724911964138 548.804561952536233 91.596334890945855
-0.182937951695047 -2.576140804135971 2.024268462690140 489.572895353260208 339.068937321045723
-2.258388008239526 -1.957938364818705 0.267446429815599 553.326476662335608 54.662261342247518
-1.187320759216839 -1.952091227898764 0.602317152338420 557.763151570900959 177.069403936992870
-1.511024147274940 -1.314068298212891 1.452205263423995 416.835998664837859 185.566061255088016
-0.907567565523452 -0.514179279084973 2.053742821691218 313.936465405910667 251.270145906976325
0.587587992034352 -1.941097990729944 2.773384363749689 411.649806260368223 418.093660163315803
-0.726818356871922 -2.503562802336062 0.711441944568031 603.940925829090475 250.753344825533702

gimbalangles:
2.054134801389593 0.478758448815208 -0.029367652161700

end: