T_CW:
-0.4206581926 -0.5923635282 0.6871332735 0.0084869529
-0.7224051721 0.6768838663 0.1412763214 -0.0365590273
-0.5487963669 -0.4369595886 -0.7126632203 -0.0088268893
0.0000000000 0.0000000000 0.0000000000 1.0000000000

T_CW_cov:
0.0000007746 -0.0000000100 0.0000000396 -0.0000000273 0.0000018300 -0.0000000129
-0.0000000100 0.0000004737 0.0000000062 -0.0000013190 0.0000000080 0.0000000875
0.0000000396 0.0000000062 0.0000003120 -0.0000000156 0.0000000813 0.0000000012
-0.0000000273 -0.0000013190 -0.0000000156 0.0000044458 -0.0000001523 -0.0000002566
0.0000018300 0.0000000080 0.0000000813 -0.0000001523 0.0000050958 -0.0000000487
-0.0000000129 0.0000000875 0.0000000012 -0.0000002566 -0.0000000487 0.0000010726

target_points_pix:
-0.6320758571 -2.9734307655 -0.9551538105 519.4208216861 59.1834691408
-2.4509590965 0.8871749841 -2.1853645049 279.9365043394 435.0769423909
-1.1698605629 -0.0915581141 -1.3700899405 318.9232870547 320.8926201202
-0.4339811544 0.3604827340 -1.2275564470 154.2018605918 327.9893346900
-1.2830020915 -0.7477612956 -2.9741651212 293.9283034617 236.7534885222
-1.9323731186 -0.3012474738 -0.7481905140 443.5619749816 387.1690263229
-2.1173200533 -2.1447782396 -1.4060294826 469.5272952284 227.4333961552
-1.7590488229 -1.6158880204 -0.8003083999 500.3479303199 242.5411386776
-1.3783621819 0.6183489028 -2.2812195003 220.2745233978 361.2652133928
-2.7526374896 -2.4282561608 -2.0502608060 447.1289823930 241.2290324889
0.0469361765 -0.1783641195 -2.6535832882 159.1476010295 168.8448748623
-0.4132450863 -1.6619243622 -0.3975132155 551.3473579471 58.4102531346
-2.8002920322 -2.7177990940 0.7087254771 734.6835704563 266.2319527657
-2.6318751097 -0.2406755511 -1.7765257254 378.8430036746 364.5039598157
-2.1289845198 -2.0063977310 0.0907732718 639.6950541640 258.3496112711
-2.4349464755 0.7633696205 -1.9950480928 296.3307821345 435.6437149594
-1.5006224968 -2.7756126823 -1.2469839680 493.7244623170 155.3895709403
-0.3342155314 -1.4791719233 -1.8288346165 348.9214653050 119.2832925254
-2.5927084704 -2.6493188930 -0.8510426906 533.8688552038 233.4274448496
-1.4003785247 -0.3736922668 -0.7233151088 429.4521084634 343.7941315997
-0.3665870185 -2.4417945195 -0.7850897223 517.8329964634 35.2701163059
-0.8431574331 -1.9395949874 -1.4799140705 425.9476633274 141.9211004526
-2.6437567343 -2.7994983705 -2.3091975591 442.0804387632 220.2180727249
-2.7741509670 -2.0402444891 -0.1757024121 591.7857435835 293.4156426973
-0.2118470871 -0.0163581002 -1.5873625828 184.2894806016 216.7135900503
-1.9646052403 -2.0029863434 -1.3242917964 468.5488575606 226.2313518234
-0.1823780494 -0.8635400208 -2.5844140384 251.9485889646 150.3245545999
-1.2292746160 0.8858709981 -2.9739817686 168.8300475047 343.4035827262
-0.7482836631 -2.2901477881 -2.3809329031 378.7067689929 131.3794060508
-0.5278049365 -2.9772354716 -1.6874461611 447.9206924645 73.4644878888
-1.8905943680 -2.4627044847 -2.4214448040 413.3645339577 196.7409773199
-1.5747020397 0.3647896395 -2.1186734669 265.6577659052 354.5714901157
-0.4042982512 -2.7503468765 -0.9514857109 508.5542967499 38.3076496873
-2.9933007186 -2.9934415882 -2.4369486571 445.8357365446 226.9499080735
-0.9505699837 -1.1068315995 -0.2186933854 567.2570095384 212.2092489472
-2.5954390840 0.9615306910 -1.9993108423 291.1829906653 460.2358896974
-0.5276153481 -2.5064104042 -2.0030443754 404.4431326187 98.7270443673
0.2277862557 -0.3340403307 -2.6300424523 157.5069503527 137.2295553664
0.7112279187 -0.6943231092 -2.1725083750 146.6960045048 18.4908105351
-0.1425061998 -1.1158049670 -0.6788600397 436.5188578031 57.3505632373
-0.9856763569 -0.5848182569 -0.8305814883 409.8690734287 268.1974700737
0.0588398480 0.1345663759 -1.9919443238 106.8291858454 190.0473052869
-2.8798376111 -2.4797889453 0.6139716428 714.3511035621 288.9578301189
-2.3495685473 0.3594685558 -2.9255488728 282.8200059351 351.6750755177
-1.2272046121 -1.5636394124 -2.1282380772 374.2953995104 196.7287341239
-1.7586502624 -2.0947587884 0.1629999156 664.7649909047 217.3044195928
-2.4637418305 -2.7427375996 0.0218696577 632.1996317133 229.0384889919
-2.1679331945 -2.2497089087 -2.4883330897 408.7933534396 218.2917831394
-1.2502089736 -0.4633432231 -1.6307261334 338.0196740685 277.5356367295
-1.7725763211 0.1321032521 -2.5127218453 280.9661976643 327.0365887738
-2.0098147786 -2.3425078733 -0.2469870441 593.6547974932 218.0467764824
-1.0103194588 -0.8321822294 -2.8083801352 292.2150653146 217.7343102577
-0.3638610292 -0.9546125156 -1.7797905765 311.5585951853 152.9704500082
0.3303057821 0.2394415897 -2.7978580808 62.7960989415 167.0959241181
-2.9469886051 -0.0556582209 -2.3291306646 351.4567113573 365.8944182275
-2.2714974815 -1.5754805292 -0.3708202209 556.4098185584 293.2602197905
-2.2906387154 -1.9032725139 -2.9466558645 379.5808947926 234.3643817850
0.0126243685 -2.0694425955 -2.4142551407 335.4518693922 73.9337835652
-0.3936100835 -1.1881348723 -1.5631378304 349.4817944439 137.8243411519
-2.0786952816 -1.2439389284 -2.8570242590 352.5892523900 253.8164199329
-1.5563505293 -2.3259772891 0.0237559221 645.0330087370 176.4706580453
0.0746601060 0.5852067123 -2.6719971241 41.8651874039 228.4758519029
-1.9296688539 -1.8920561824 -1.4908164832 450.6922518788 228.6657467827
-1.8553364985 -2.2370036957 -1.3848175939 469.6212430119 206.6917413982
-1.1895189559 -0.0584733151 -0.8465864265 367.7486761237 365.5824275668
-2.1610756819 -2.5467967732 -1.5818627512 470.1649555465 210.0508636060
-1.0310568987 0.1681308091 -1.9239170579 247.5236666576 311.5053018194
-0.7896994598 -0.6712832293 -1.4482634684 339.6325647861 222.0257492736
-2.0809982885 -2.3007220402 -1.1211365928 496.7157322332 219.1220459101
-1.7593186310 0.6483982310 -1.4034331411 288.3753374307 453.1265064488
-0.3139309819 -0.3902845608 -2.9588867546 210.6183905493 190.7207155619
-1.2283828643 -2.6822559147 -2.2808022666 413.0739746003 149.9377570677
-2.4005462004 -1.4231052476 -1.7722446267 424.0038905072 276.5316280511
-1.0519031372 -0.6309223896 -1.1260086692 382.6897796281 259.5716215573
0.0229598532 -2.2709885252 -1.3699846470 425.5730113716 17.7296908794
-2.5222100225 -0.7635231769 -2.4214857334 365.6752404949 304.5200588875
-1.1789359356 0.5890362018 -2.6866246034 197.2864532168 327.6370987400
-2.3709911216 0.7873857488 -1.7873182151 300.2125454675 452.5165025786
-2.1351115329 0.3711751050 -2.8548084772 274.1147096610 347.6027830000
-1.5993342926 1.4370656586 -2.3495525503 150.0785937557 461.8209252539
-2.3524978632 -0.4190901020 -0.6763358060 472.2976212368 398.9156490646
-1.7962047277 -1.0397187367 -0.0814019688 590.1481163475 328.4782456740
-2.4323608169 -2.8139920343 -0.8519714480 536.6560864310 216.1915461614
-2.5794207443 -2.5586017987 0.5377249120 711.8149501082 258.9499977523
-2.2583880082 -1.9579383648 0.2674464298 668.9349877685 278.6227276563
-1.6020343444 1.0108264512 -2.1461077954 203.5932505277 425.1455951660
0.1346661905 -1.4032030397 -2.7868114016 266.4056445719 98.0483999876
-1.4994475505 -0.9512953885 -2.1558872977 350.8565469991 248.0975639792
0.5091662389 -1.5917825661 -1.9651756083 293.3549869068 4.3550046616
-1.9858815282 -1.4791766923 -1.1752089238 461.5689030950 261.5903516588
-0.2655979503 -2.6868276852 -2.0208468826 403.7786323968 68.4055543437
-2.2862629253 -0.2226837426 -1.4929258470 383.2586748915 365.3918842638

gimbalangles:
1.3748903605 -2.3840953489 -2.5241163573

end: