T_CW:
-0.1676482219 -0.9540246242 -0.2484574212 -0.0340912385
0.6867844077 -0.2938277586 0.6648251091 -0.0024177727
-0.7072632120 -0.0591799354 0.7044689377 0.0035527704
0.0000000000 0.0000000000 0.0000000000 1.0000000000

T_CW_cov:
0.0000005497 -0.0000000011 -0.0000000086 0.0000000222 0.0000012397 0.0000000187
-0.0000000011 0.0000002966 -0.0000000054 -0.0000009154 -0.0000000117 0.0000000477
-0.0000000086 -0.0000000054 0.0000002038 0.0000000214 -0.0000000294 -0.0000000012
0.0000000222 -0.0000009154 0.0000000214 0.0000034621 0.0000000782 -0.0000001427
0.0000012397 -0.0000000117 -0.0000000294 0.0000000782 0.0000034323 0.0000000531
0.0000000187 0.0000000477 -0.0000000012 -0.0000001427 0.0000000531 0.0000006228

target_points_pix:
-2.6364039434 -2.3323645090 1.6131212919 547.1460698021 235.3956902546
-2.8948441399 0.6269529752 1.2765981320 336.5889079402 129.7176118331
-1.7842749994 0.3589897521 1.3896783254 329.4559419668 194.7755127573
-0.7937816819 -1.6414176510 0.7071862127 685.9433827377 324.1590713313
-2.7560724588 -1.2194953932 1.9192833866 455.1796564596 220.8655133248
-2.3803740549 2.2241037003 1.1999952244 168.3471797087 89.1301674621
-2.6734566750 -2.6265165695 1.2701937931 589.2795572986 221.4007691004
-1.6797658353 0.4497206555 0.9246442775 320.6062118862 150.0296041193
-0.1910322562 1.2311524432 2.2972743069 124.4461800733 388.0328886726
-2.8002920322 -2.7177990940 0.7087254771 635.9850664185 179.1824728892
-2.2493776015 -2.3923425776 1.7472308018 553.7579883952 265.4063949406
-2.1289845198 -2.0063977310 0.0907732718 691.9943429847 123.1457847983
-2.1145543690 2.5368280306 1.6527436758 133.7515195835 133.8409675800
-0.1801198384 -0.5479985749 1.3114649932 418.2405545993 441.3938620695
-2.3933415223 -2.8145690041 2.1568703343 554.9391179288 283.2460104410
-1.9740008485 0.2407913313 0.2379810357 376.4971404753 41.5045277653
-1.9416308981 -1.1170647662 2.7064884155 424.5844650022 297.1165543592
-2.1987197781 2.6869103662 1.2249913925 104.3240299423 80.3806034980
-0.2146575641 -0.5046357991 1.9549094726 374.9788210820 440.3619083134
-1.8055531173 -2.3431906182 2.2358729284 532.6391781375 314.7536486820
-0.8437154314 1.5526174756 2.5041567278 162.8856368750 306.3251736973
-1.4715007191 1.0947300271 1.7225109219 236.7690801752 218.7108513838
-2.7741509670 -2.0402444891 -0.1757024121 673.8507922451 64.0866252952
-1.6281093659 -0.3303049794 1.0078361132 414.5826886992 194.0472310847
-2.4109286583 1.5240721805 0.6122623179 229.6853775562 38.9636708705
-0.4403439149 0.7830369850 1.9775365700 200.7176763530 353.2182242026
-1.9557092750 -0.1852068968 1.1358403326 395.8804770059 180.8440788331
-0.9402351494 -1.2005288970 2.4392588703 440.3627000223 370.0102601986
-0.3823346286 -2.6004217608 2.8138227545 557.0181971242 477.2102629665
-1.5873220287 -2.6442079861 1.2926729153 643.6819208667 299.2205657828
-0.8537239679 1.5280305348 1.0098617859 60.1627762419 167.4552981839
0.0001974302 0.4256021854 2.6457210473 231.3293838342 453.7277484309
-1.8400861476 0.6802285019 2.7417002054 295.1804682939 266.8552596129
-0.3599161903 -1.9936056061 1.4339193395 649.4830786836 464.5287345269
-2.2600804841 2.7042386112 2.9957597684 172.6760045686 215.4392748397
-2.2552646269 1.6043643505 1.8194632491 233.0932159513 168.8818353564
-0.4663553090 -0.8967115007 0.8784296744 539.0954805555 366.0678484953
-0.7198827339 0.7791230628 0.4858749195 142.9566254673 119.0366309776
-1.2364746597 -0.8307857292 2.2308155062 415.2842863491 324.5265994660
-1.8310523068 -0.1889451984 1.5644050636 381.7418393562 222.9403508137
-2.4795398100 0.0634801912 0.4110664761 401.0740494346 68.0048961038
-1.4178930604 0.5616682054 2.3963558138 290.8427325774 280.9715815326
-2.6261878393 -0.7849814902 2.7541684472 404.9371858925 255.7138819453
-1.9262396669 -0.5333356992 0.4900413074 468.9697202524 122.5500081314
-2.3787147104 0.3569107646 2.5683948238 332.6916804522 237.1175623149
0.0114893594 1.4849654352 2.7194465450 93.0839550908 422.4049599283
-1.0463656283 2.8561966183 2.4513405431 39.8573432018 246.7722758122
-1.3853892513 2.8067198839 2.5439830716 86.5536081741 231.6510773052
-2.8798376111 -2.4797889453 0.6139716428 621.3456060241 161.7946107179
-2.4055301863 0.9708260692 2.4281034256 291.7300319005 216.2098532768
-1.2099097975 -2.5639048038 2.8155812467 529.6747095978 384.2460515658
-1.7586502624 -2.0947587884 0.1629999156 736.5556424241 160.4975613220
-2.3268183976 1.7937684323 2.5591340519 231.2449541932 208.5658826516
-0.6125680017 0.4219487398 1.6907229199 261.5170962049 326.2982474893
-0.7909341437 1.6858794598 2.4060578815 139.0314292658 301.8254181880
-0.6810045623 -1.9562404295 2.2617881460 527.6062506653 416.7685221294
-1.8196517110 0.4238616465 0.7629712756 332.4345182211 122.9638126709
-0.9064956900 1.3399447130 1.3053989599 133.5339443778 214.9442377618
-1.7250105261 1.3799615575 1.7287495262 222.4723812838 194.2274277604
-0.7461558169 -2.7348513775 1.8641295763 645.3998302283 423.6044513641
-0.5327274467 1.8078641803 2.4510237977 99.6638779513 327.8105451140
-2.2714974815 -1.5754805292 -0.3708202209 700.9857123784 13.5239366409
-2.0168399528 -0.7930379665 1.4646715140 442.3357685849 222.1612565863
-1.8473174646 1.5680524798 0.7082291128 178.5861538346 61.8708764993
-1.3199728770 -0.4454115690 0.6293955931 453.4960614037 178.0044133351
-2.9188407590 -1.3810012220 1.0839570419 499.9825565375 166.8779546766
-1.4161008387 -2.1674853346 0.4832161336 727.9834277860 236.6419155547
-2.1579012616 2.6158550684 1.2160301151 107.3713188980 83.2012477994
-2.1605879291 -0.8868400575 2.0349525460 428.9185907622 249.7272733456
-1.0231969654 -0.6532888771 1.3941302240 432.7745483538 296.6310151371
-2.4747552270 1.7971304399 1.5320622131 223.0195004619 132.1810948549
-2.8987142952 2.4095418038 2.8717692845 217.9799081296 190.8690540695
-0.0697798789 0.3330106119 2.1652521284 238.8977455784 439.6864905730
-0.8258884787 1.9551499206 2.9404138368 138.1674059226 316.9634966903
-2.6748752440 -2.4932236144 2.6376832354 507.7457832131 279.5707661637
-2.9458023404 -0.1409691835 0.5459986167 419.9324984933 81.4173126593
-1.3015980204 -0.4775983353 1.9294706893 392.0416368744 294.7104956880
-1.4769533415 0.8018814294 2.2416422603 271.5658103310 262.3785680466
-1.2490170593 1.8097791482 2.9824056964 182.8721918441 288.6251245262
-1.2496893304 -1.2176234362 0.9201692519 541.6870290910 256.0045270884
-1.1180691055 -2.3775737935 1.9674464230 576.7395387054 368.8357919831
-0.8810201176 -1.1056814359 1.4752285971 487.2712196093 336.9176854808
-1.6522343275 -1.1665498691 1.5140104995 477.9120974437 261.9499378321
-2.5526482625 1.6899305882 2.4297630987 246.4925094953 194.6670767338
-2.9155772865 1.8015255028 0.9202060444 236.9286992183 61.5898879187
-2.2550310878 2.7469332465 2.5621232452 157.7706370626 190.6998154892
-0.8731389884 -0.7814524095 2.0937015579 413.2687177937 354.6409977725
-1.6404500805 -1.0437677291 1.8670063384 449.1343963490 279.7862378690
-1.9208082146 1.6423306677 1.6909841948 207.8329190649 172.5777280290
-1.7962047277 -1.0397187367 -0.0814019688 617.2656303340 53.0218583106
-2.5730577092 -2.3438354084 1.3885911678 563.4565075466 226.5385103999
-0.2705378639 1.4697607094 2.7967741969 132.6657961466 383.4987110060
-0.6234941816 -2.3304749221 2.5405973644 544.6408252526 438.1599617617
-0.3200082119 0.9773080063 1.1397837352 78.5092714735 301.0293411273
-2.5794207443 -2.5586017987 0.5377249120 652.8243981919 171.5285395897
-2.2583880082 -1.9579383648 0.2674464298 647.5654957322 137.5288669365
-1.1873207592 -1.9520912279 0.6023171523 703.4252084766 266.9181122307
-1.5110241473 -1.3140682982 1.4522052634 498.5867460796 274.2501629697
-0.9075675655 -0.5141792791 2.0537428217 386.8638318469 340.9716882026
-2.8451823330 1.0493991114 0.7078918140 302.9939105988 62.3624174370
-1.0390669904 2.4980477584 1.6226163434 5.9746738865 187.6902319648

gimbalangles:
2.3269689737 0.2509846272 0.1741217329

end: