T_CW:
-0.4464771077 -0.8641671410 0.2321063220 -0.0250847778
-0.7246307605 0.5013727725 0.4727955203 0.0090447065
-0.5249461432 0.0429009958 -0.8500535579 -0.0616471946
0.0000000000 0.0000000000 0.0000000000 1.0000000000

T_CW_cov:
0.0000007299 -0.0000000755 0.0000000090 0.0000001353 0.0000017773 0.0000000641
-0.0000000755 0.0000004073 0.0000000072 -0.0000012143 -0.0000001330 -0.0000000693
0.0000000090 0.0000000072 0.0000002888 -0.0000000311 -0.0000000254 -0.0000000002
0.0000001353 -0.0000012143 -0.0000000311 0.0000044609 0.0000001772 0.0000002536
0.0000017773 -0.0000001330 -0.0000000254 0.0000001772 0.0000051687 0.0000001354
0.0000000641 -0.0000000693 -0.0000000002 0.0000002536 0.0000001354 0.0000009957

target_points_pix:
-2.8243573618 2.6628569762 -1.5907718359 255.1272249043 460.5878634276
-2.4509590965 0.8871749841 -2.1853645049 359.4177881306 332.3115270414
0.7583609253 0.4677505926 -2.4511855211 178.6044385694 24.0499014356
-1.1698605629 -0.0915581141 -1.3700899405 411.7547149943 262.5908969937
-0.4339811544 0.3604827340 -1.2275564470 290.8329611816 224.5381639053
-1.2830020915 -0.7477612956 -2.9741651212 414.4734449915 174.0164785033
0.0134727521 1.9966532696 -2.2999075116 94.3684125965 228.8919688684
-2.5095895023 1.4537282118 -1.9005724212 325.6504443426 376.2451972009
-1.9323731186 -0.3012474738 -0.7481905140 517.1542562630 378.3970909858
-2.1173200533 -2.1447782396 -1.4060294826 650.2101519970 217.4615329558
-1.7590488229 -1.6158880204 -0.8003083999 698.9624057154 255.1950394526
-1.3783621819 0.6183489028 -2.2812195003 331.6957671566 261.5958810144
0.4760255981 1.6652719494 -2.0074300235 21.8656034117 165.3284877897
-2.7526374896 -2.4282561608 -2.0502608060 601.4952031387 224.9106675359
0.0469361765 -0.1783641195 -2.6535832882 318.4656028424 86.3990294527
-2.6318751097 -0.2406755511 -1.7765257254 456.3928917069 321.5315665530
-2.2570881565 2.7082349037 -2.0633919600 226.8822315255 403.3374700860
-2.4349464755 0.7633696205 -1.9950480928 370.2989697762 339.1768582996
-2.9891561525 1.0928385460 -1.1234454871 385.3398026616 450.8258258339
-0.3342155314 -1.4791719233 -1.8288346165 522.6509499470 35.3617213497
-1.4003785247 -0.3736922668 -0.7233151088 518.8450406258 333.5642189886
-0.8431574331 -1.9395949874 -1.4799140705 637.0829255839 75.9985166494
1.3605142988 1.3279683397 -2.8167563008 23.9452894343 2.4308810143
-2.6437567343 -2.7994983705 -2.3091975591 607.1879151039 196.0197101482
-1.2333229781 0.8026401249 -0.6833503019 309.5029617100 437.3284132894
-0.2118470871 -0.0163581002 -1.5873625828 326.0165862362 136.4447988499
-1.9646052403 -2.0029863434 -1.3242917964 649.1807964317 215.7707460537
-0.1823780494 -0.8635400208 -2.5844140384 397.6310404246 72.6986796521
-1.2292746160 0.8858709981 -2.9739817686 303.7094605791 234.7969363439
-0.7482836631 -2.2901477881 -2.3809329031 561.2693718352 54.9524230377
-0.8911796826 2.9815497203 -1.4877817901 32.5333718954 434.0328151228
-1.8905943680 -2.4627044847 -2.4214448040 575.3461649367 155.6424708045
-1.5747020397 0.3647896395 -2.1186734669 363.1951730390 270.6071795721
-2.9933007186 -2.9934415882 -2.4369486571 608.7239139341 206.2989705330
-2.5954390840 0.9615306910 -1.9993108423 362.4590521674 353.0086809023
0.2277862557 -0.3340403307 -2.6300424523 322.1025372094 53.7973880658
-1.8048953481 1.9335417400 -1.4229821744 239.7793510409 418.7202500117
-0.9856763569 -0.5848182569 -0.8305814883 530.0936678399 247.5223178290
0.0588398480 0.1345663759 -1.9919443238 280.4353093032 102.8783339278
-2.3495685473 0.3594685558 -2.9255488728 377.5376466614 273.0520325385
-1.2272046121 -1.5636394124 -2.1282380772 518.8750964297 146.7718714285
-2.1679331945 -2.2497089087 -2.4883330897 555.7491065073 182.9578730109
-1.2502089736 -0.4633432231 -1.6307261334 443.7361745813 228.6733308379
-1.7725763211 0.1321032521 -2.5127218453 380.8216632525 253.3645179694
-1.0103194588 -0.8321822294 -2.8083801352 417.5868506618 153.4765199632
-0.3638610292 -0.9546125156 -1.7797905765 458.2354501474 81.3700589585
0.3303057821 0.2394415897 -2.7978580808 259.7300345916 78.6205375991
-2.8070000852 2.1028983329 -1.6509945629 294.3463051042 432.4267972003
-1.0050947886 1.3796874961 -1.1237346037 207.0945619306 386.2488531848
-2.9469886051 -0.0556582209 -2.3291306646 431.0303064960 310.4888137273
-0.7126786561 1.9834577945 -1.0618160856 65.1056383437 428.9233239246
-2.2906387154 -1.9032725139 -2.9466558645 508.1886630777 193.5214312194
-0.3936100835 -1.1881348723 -1.5631378304 513.7590801847 62.6892756110
-2.0786952816 -1.2439389284 -2.8570242590 468.6830530832 206.9519906278
0.0746601060 0.5852067123 -2.6719971241 244.8192046269 127.7611161383
-1.9296688539 -1.8920561824 -1.4908164832 615.7955049195 211.7152420477
-1.8553364985 -2.2370036957 -1.3848175939 668.2845354955 188.2667355278
-1.1895189559 -0.0584733151 -0.8465864265 443.3181469858 322.9826114959
-2.1610756819 -2.5467967732 -1.5818627512 665.8994679536 192.4386450061
-1.0310568987 0.1681308091 -1.9239170579 357.4363081499 231.6870621779
-1.6965573658 2.2500304313 -1.4300462053 200.8750239794 430.5197215541
-0.7896994598 -0.6712832293 -1.4482634684 464.1529941074 171.1370163469
-2.0809982885 -2.3007220402 -1.1211365928 712.9801316014 218.1931618449
-1.7593186310 0.6483982310 -1.4034331411 360.6892412560 349.3619691775
-0.3139309819 -0.3902845608 -2.9588867546 353.4880824546 113.3090684992
-1.2283828643 -2.6822559147 -2.2808022666 607.5965841669 86.4254941259
-2.4005462004 -1.4231052476 -1.7722446267 545.9025646501 257.6008451848
-1.0519031372 -0.6309223896 -1.1260086692 499.2974999397 226.3874735981
-2.5222100225 -0.7635231769 -2.4214857334 463.4644292304 262.2996435169
-1.1789359356 0.5890362018 -2.6866246034 322.0090972360 230.1533187564
-2.3709911216 0.7873857488 -1.7873182151 369.8214775913 352.4397779685
-2.1351115329 0.3711751050 -2.8548084772 371.4706476225 266.6808454068
-1.5993342926 1.4370656586 -2.3495525503 281.6480250914 305.8660510422
-2.3524978632 -0.4190901020 -0.6763358060 547.2809064552 405.0538314535
-1.6020343444 1.0108264512 -2.1461077954 313.0150759455 300.0610636807
0.1346661905 -1.4032030397 -2.7868114016 428.6862431626 5.1200735311
-0.4791536927 2.3891232452 -2.6389828612 137.9368925350 268.7926729264
-1.7376268140 2.4434120148 -2.6251467566 225.7623647003 334.5931233636
-1.4994475505 -0.9512953885 -2.1558872977 468.1028128290 201.0714419469
0.1815827826 2.0076210646 -1.8337579884 6.8334360931 242.3365299066
-1.9858815282 -1.4791766923 -1.1752089238 610.9216283114 258.6023415002
-2.2862629253 -0.2226837426 -1.4929258470 460.1650429684 325.1204760091
-2.7921738827 1.8243530301 -1.3223706776 313.8594690890 455.0182949719

gimbalangles:
-2.0783833141 -0.2342425852 0.4768834204

end: