T_CW:
-0.214804625826057 -0.685088134255372 0.696069839187291 0.008499920779796
-0.732174050448701 -0.358715808988636 -0.579002701402309 -0.004441880848299
0.646359135909187 -0.634016732179934 -0.424549939044404 0.001874451651862
0.000000000000000 0.000000000000000 0.000000000000000 1.000000000000000

T_CW_cov:
0.000000461105785 -0.000000066219295 0.000000023820906 0.000000241288893 0.000001029240678 -0.000000048587039
-0.000000066219295 0.000000348622251 0.000000002180210 -0.000000932404412 -0.000000193036730 0.000000050832156
0.000000023820906 0.000000002180210 0.000000268303962 -0.000000002401790 0.000000094615609 -0.000000003398627
0.000000241288893 -0.000000932404412 -0.000000002401790 0.000003130203546 0.000000662813613 -0.000000249715140
0.000001029240678 -0.000000193036730 0.000000094615609 0.000000662813613 0.000002921579169 -0.000000143265415
-0.000000048587039 0.000000050832156 -0.000000003398627 -0.000000249715140 -0.000000143265415 0.000000700850609

target_points_pix:
1.490440901540471 -0.857602812689420 -2.635735428124574 231.820785733322225 307.491200566651287
2.846962449674256 -1.270615537643179 -0.426835152527950 372.745726437067390 121.066104329274651
2.441438768696500 -2.585580686672123 -2.614091613098263 343.761595364039181 275.829816413753463
1.295561638623608 -1.416405185858894 0.012519501775890 474.330544434611284 176.421910798671064
1.630490920782114 -0.468318413325145 -1.911111729057764 224.269095693232885 248.093219708221682
1.508579863193963 -1.191999651563556 -1.727860328718711 306.473362185478152 270.854858381006409
1.539099762354163 -1.542457739152680 -2.417574258766913 298.863655622430940 305.795689424357192
-0.255313631190007 -1.971208664170202 0.171534172980832 741.057029029982459 428.103901722993101
0.623470838340239 -1.939885472193345 -0.297269450580715 512.167353313631793 295.474469948488888
2.663807655548946 -1.133815369660820 -2.994870775135947 253.400281351902322 251.676089631986372
2.630597899395866 -2.533602612630514 1.408948156924308 568.024709028481880 75.599918247567615
0.875119556251225 -2.741255316658835 -2.349777733663343 379.888624593620079 363.949246039346406
2.304100349350628 -2.299069981759198 1.705250789412906 622.665498252294128 38.008572010349894
1.590547062361791 0.522741208091565 -2.299022569101822 44.302307731366511 235.902066479519249
0.898070854459469 -0.213009031596738 -0.346498830636345 297.039301568794315 131.868560707322956
2.245708819273801 -0.269019817269763 -1.294158407152367 242.809062512559308 150.221074578301739
2.238553756143965 -1.820023448938255 -0.706450453503479 398.845335225675512 191.109344509443929
2.875257448580062 -1.580104716223466 -0.199938545484326 402.711761103626145 122.447411746297917
1.393939781164910 -1.454825207433154 -0.263951273261676 440.455196377025516 195.827187356736943
1.023014121125718 -2.028610140369214 -1.693684153345026 375.246290132835441 326.119136834273206
1.702293184242591 0.603411314944683 -2.438368815603718 35.142446669186484 231.924645124485664
0.968177481878278 -1.826587437244287 -0.050071853227793 511.411848867189406 235.672196846567857
-0.366587018464878 -2.441794519498384 -0.785089722347453 553.569938732884566 473.801687854386614
1.843607119811643 -0.361478989869854 -0.532918628339249 300.355892482172578 105.201740634688008
2.751105929663120 -2.169487222688916 -1.967321396887911 347.066907399730269 233.420605318596301
0.776788298176784 -2.750128971869528 0.175401666096890 580.940191407536076 274.266460593366276
2.948641527446762 -2.675864783680576 -1.635841321512470 379.201378596074335 225.145100490745961
2.492059282026440 -2.835224296773397 -2.027159865699708 375.538412091977136 260.051000827589746
2.525858413531298 -2.859276238490948 -0.611694764193029 440.462298274839043 208.642852936375220
2.644277632137510 -1.954902864395131 -2.243560645539706 326.828462539032273 243.270829490578421
2.180079447915864 -1.043937795950901 -1.902970614474200 285.513761744919179 229.127865873221538
2.449747984073098 -1.551243759956139 -2.365769249372333 300.708305212937262 248.241864580748654
2.324139553851023 -2.806924161824119 -0.589595392619374 445.215844766578869 215.076332968599758
1.452166304201032 -0.539996562458149 -1.663088537894960 242.596914095146474 250.384727447990883
0.826223098241711 -2.770033022394376 -2.229636835185319 388.481903744494275 364.670822417883073
-0.404298251230601 -2.750346876508495 -0.951485710931852 544.008402164676568 473.849345538261161
2.691284804056324 -2.110622889317966 -0.699344101124199 403.187602615830485 181.337852089007498
2.917028304662279 -1.152586189496194 -2.533210105366660 271.049297988581202 222.539668112105943
0.659732524222695 -2.719044585050702 -1.422675884421720 440.156311582972705 354.664257254190375
1.074947013871206 -2.774248168446678 -2.671085884537973 363.082258876877574 357.496574355196401
2.854132838740622 -2.261639550812403 -2.415972557993723 333.896911958811700 246.080863217358598
1.588935379757109 -2.370422646866939 0.097837619577064 507.297405420128030 203.226978871725805
2.799155307879877 -1.130392925321729 0.298991441436553 414.546846424075511 56.066180256427316
2.242574182266596 -1.717313196300812 -2.867034342378257 292.092409923167565 280.097832184217566
2.323577638081192 -0.690249941749447 -1.179912750217281 292.191396343843394 162.824892110440430
1.607551494345595 0.317572627445490 -1.950594834934516 97.970837103296503 215.497035162247954
0.711227918702385 -0.694323109158741 -2.172508374976872 218.715703208794821 369.740794545504571
1.150489293106945 -0.662736552373609 -2.040388036416765 231.867141524573555 307.691458315782029
2.658851063604756 -0.146619407348651 -0.303708606220830 291.405648849127715 25.048556434978110
-0.142506199836481 -1.115804967001101 -0.678860039736684 463.702820372335282 478.172766266873282
1.964860471576421 -1.517201261240589 -1.676592491004718 330.846504147519397 245.473497574862023
2.968097909654325 -2.451003639501020 1.536477141181445 556.944781896674272 52.039384595845377
2.082169211939505 -1.006513461776345 0.465865074907599 453.068583610393489 45.104126410615606
0.525895182455370 -1.925036666790089 -0.888484233352592 449.594166525558080 341.261604096956376
0.757591605268053 0.252389160113320 -1.095195087837854 44.452199562273904 234.846347474485015
1.682011736665465 -2.690865748394387 -0.441007572472939 471.278851810203719 238.320791563611664
0.419579620992609 -1.974883451879913 -0.326438600900679 527.066250614648311 324.722860092376493
2.481967150920621 -1.000302633967113 -0.646211942643163 347.471129325409095 134.855569349086352
2.754496364365862 -1.408822519692525 -2.862230873769972 275.175390024073295 248.356811801094210
2.859962333739178 -1.439341424311696 0.813081769980665 469.934904190337022 34.207113591147220
2.901037703456327 -2.076152362372328 -2.976452415458163 306.682019197040802 257.996836466849913
2.469019821030406 -0.821829290121308 -1.767149752680179 275.057020001164290 197.904786583520831
2.802873304445588 -1.894093028882541 0.298419609941055 451.648096747468401 109.747450838112570
1.137588543317841 -0.006302932290946 -2.636179887272596 106.615789537244666 329.437808634447492
0.612618450857146 -1.965223161977429 -0.712329304173472 465.680650679778068 322.134689776514563
1.510897039637619 -1.361531329503495 -2.968742088781331 262.248539512530726 325.069780042260618
2.087030796378828 0.350749088667996 -2.244376936628558 114.705615517467606 197.868266997236503
0.517158653962242 -2.883643548161206 -0.840293530507212 498.849679486518653 348.724533514378379
0.995511872710040 -0.690088500138888 -2.266397024430593 220.335052042081173 337.311038443088819
2.524523942213301 -1.904669170823968 0.288230403661922 461.724117703513912 120.675676594060434
0.790225330020615 -0.049826709174231 -0.249592551683288 263.373354622935722 83.096974166284781
0.012624368451334 -2.069442595465107 -2.414255140724293 348.803292922131959 458.703390466740757
0.183324193769693 -1.989900932840795 0.104475338657137 629.343225266152899 332.622745080406503
2.969189811888704 0.830630128229349 -1.471853396751549 109.033227526360918 45.029514432956603
2.056287705197733 -2.975779672667076 -2.662723782830376 361.488673240248033 300.708790117483716
1.470680618967437 -0.480601360141050 -2.063746431437915 214.896088710327973 272.000709607734734
2.370328147576886 -2.209422322424412 -0.876808865732352 404.732005730107687 207.408457803655011
2.423982481611550 0.756846151188032 -2.044424622084699 71.985376937056401 132.403169153144574
2.533288634141132 0.362440313726649 -0.888672430890166 185.429520739185392 39.944620518729721
0.729311086125151 -2.466267561761849 -1.296158420739365 435.040493692784366 342.095528612835665
0.492317636367380 -2.948659149863854 -2.458039317552030 391.131645721562109 397.862688396692306
1.904166133614853 -2.769480577177859 1.861369076269689 682.516743298204801 76.413325838641782
1.012226148928721 -2.441338738750435 0.622632403358834 611.827736031394579 210.846454741744026
0.176186804999556 -2.021278292489356 -1.205141941973563 440.729234257909070 402.936894234326132
1.679634292697983 -1.376145895919265 -0.523826814346682 400.313625534286359 191.105343630193886
0.925273435265529 -2.119904892941933 -1.173616417561602 419.366668213040043 314.640973618308635
1.704040395111110 -1.884924992965188 -2.430965651079124 320.211201556454625 299.959130447092207
0.022959853197840 -2.270988525214225 -1.369984646990615 447.168886864500735 427.844324018082432
1.484252120320850 -2.917881212878771 -1.733362432371336 408.157232167209202 304.966886536428092
1.511664049272254 -2.825078037455202 1.532966621449099 681.853940472068530 127.103620596248462
2.838451579039968 -2.784543176193911 0.889956194928174 519.757265106060231 119.607586156872784
0.913573896963790 -2.835395790839471 0.376782895332359 594.037246090256644 253.189535773682422
2.560983796689796 -2.927706291115937 -1.044930153789216 420.315996876343547 225.857450833163853
2.331183949755215 -0.953927119794023 -2.888931109551167 241.341031925056882 261.553249918470499
1.949676902265344 -1.610164162764703 0.373257764765000 483.734456883564974 117.697422700987488
0.134666190547252 -1.403203039679276 -2.786811401574405 263.516925234819041 464.890924057629320
1.963175010556395 0.738401544449355 -1.173053211860219 52.537345510656110 48.496580460998956
1.113750469880303 -0.317542586872190 -1.406408964173092 217.427779807714614 256.801172701574842
2.918121566853679 -0.369866249891826 -2.948502755755053 202.015058568201880 217.981423561505721
0.863284382710346 -2.195382504927759 0.820935825676513 661.690755740362533 190.640168485711001
0.677212972875109 -1.387281286843452 -2.082604847656232 305.445253106346286 371.644241494240816
0.509166238868219 -1.591782566136226 -1.965175608255556 333.209386449986255 387.676620473627736
2.785729132151983 0.266710427882586 -2.912655439599869 139.309304683875013 201.363424171287164
-0.265597950294425 -2.686827685160679 -2.020846882635039 425.807364202404301 474.580393975801542
1.056287577067055 0.180198194814150 -0.523910027856285 159.736421763165310 75.092250241194137
0.633140661551747 -0.721301591593278 -1.785322567574259 245.001580417075445 362.171204464380139

gimbalangles:
2.508902270441337 -2.371683746471803 -2.837757812061604

end: