T_CW:
-0.299236289216714 0.121671609702916 -0.946389804788763 -0.019773092939296
-0.947760599236057 0.076947734439417 0.309562421331065 0.014704725085651
0.110487509481941 0.989583278737541 0.092290003204767 -0.041258815335264
0.000000000000000 0.000000000000000 0.000000000000000 1.000000000000000

T_CW_cov:
0.000000274638366 0.000000020843568 -0.000000000585911 -0.000000085556137 0.000000601448155 -0.000000000045320
0.000000020843568 0.000000183019098 0.000000002589042 -0.000000527344426 0.000000066392864 -0.000000046447902
-0.000000000585911 0.000000002589042 0.000000162224781 -0.000000021813881 0.000000033945359 -0.000000001933151
-0.000000085556137 -0.000000527344426 -0.000000021813881 0.000002034045559 -0.000000247730448 0.000000097535881
0.000000601448155 0.000000066392864 0.000000033945359 -0.000000247730448 0.000001836835715 -0.000000033961005
-0.000000000045320 -0.000000046447902 -0.000000001933151 0.000000097535881 -0.000000033961005 0.000000453649380

target_points_pix:
0.174291025719860 2.989376865873170 1.872403303874899 260.129411843162416 290.846340355926202
-1.898908933532043 2.702113433106035 -0.405415216554331 503.124497765575029 431.886864940481701
0.376868269491302 1.547742600806341 2.053135656158933 110.121916470818178 297.478987470481968
2.918590730881187 1.917845963257823 1.861029643800673 126.195338132906016 30.943922909074161
0.452551189003542 1.477154370083086 -0.370993160474207 438.538573895767172 169.616930209027203
-1.402199466133277 2.710830475051597 0.396148209289668 409.288745210479192 400.129013723732669
0.013472752120028 1.996653269589261 -2.299907511588580 711.419967163406000 161.501692945494881
0.945662569122669 1.760153269745571 2.974348651753882 37.589143584475266 259.877471870909005
0.071358945903664 2.868895960760703 -0.905108649050095 478.751972333923675 229.583690968615826
-0.305473239932581 1.155387490003378 0.201703253774236 380.026800182235206 340.936767885143922
-0.191032256193631 1.231152443164277 2.297274306901333 23.984760447024257 416.661304370170228
0.817973211799167 2.294819345762404 -0.208289187390903 397.546349741264521 171.402631437011678
-1.413204081926167 1.739064720682327 -0.130330008976248 493.379542087193215 471.195677437511847
0.476025598100615 1.665271949399485 -2.007430023494885 693.645936727842468 87.008518964308280
0.415793910281768 1.183093881075663 0.650316174466143 254.748783367100884 222.531647713770553
-0.019702490878293 1.917960728927152 -0.737518131556238 499.493490249636181 233.156864843816066
-2.257088156451220 2.708234903726857 -2.063391959977727 698.424906624486198 429.138596936995725
-0.845404378483952 2.695515844627400 1.340110028364365 310.902450575302851 370.512607054510454
1.691270036428666 2.915295802974492 2.094300675971820 213.741667014842420 185.881824043034129
2.124314905889378 2.516536008253327 -1.159942408705877 445.540265125931626 36.436595565198616
-1.803666274114781 2.921389074211410 0.418560952012865 418.390234617622809 426.517213871123658
1.698565678553845 2.310870581687825 2.057527450817250 172.973971986085644 167.611783186228536
0.860697852236524 2.438120206036826 -0.860519764356981 459.753231799887658 150.425395554909784
0.683770887933879 1.967835955911635 0.575973293792091 312.278026840114649 203.476554665103265
2.495298790138770 1.920453497665155 1.363056413934268 180.268746960643483 49.074965181095820
0.322391346551007 0.657268709577686 0.341131292632411 246.845424675970008 191.403416890171286
2.427303183292759 1.985356552318837 2.741350825150290 68.679686357532148 112.490130746180213
1.297774712209653 2.704606822667046 -2.060317409890036 550.093426007836001 85.860551559946231
-0.891179682591027 2.981549720298155 -1.487781790121257 557.819512832888222 296.398568514417548
-0.308902894081003 2.662518381846243 2.673541930749186 191.384805618233401 355.060816455558779
1.113529230923907 2.959043605161732 0.604136990276577 330.731587541814974 190.184775194060649
-0.853723967853528 1.528030534754436 1.009861785902686 287.386424001750413 445.933866167730685
2.627843514345666 1.894661821860889 1.825579627154451 132.277606593686130 53.361149227970884
0.633624252448053 1.178384204980633 -1.055285210204363 580.836580080042722 58.450498564931252
2.366722528632731 2.870625563219331 -2.137310229465841 514.133314707843851 14.136979185677404
1.540400416017462 2.087339101036768 1.908610466144914 167.865232993234287 168.785789417503054
0.258529365432542 0.593447349207453 -0.510877348310836 585.567516917072794 82.365111560815450
2.484171415875626 1.405126900350028 1.626268195947127 84.677105525216007 3.927205705984761
1.016838035575660 1.818756586201003 1.268136344806029 216.762555922626063 188.893444534233367
0.914603583400992 1.019657572042683 1.708715699678023 22.993880006285053 191.312393818169085
2.340608082860999 1.652458833610059 2.318879626214586 57.688423553766711 80.559187047103705
0.787167461629051 2.042498320760199 0.201299038701095 352.398662816548665 180.204720082422710
0.971922361675591 1.968970143655820 -1.562563872244343 557.322908042950758 79.393749915377754
-0.212116741562556 1.789778871300426 0.829726849022180 304.231877117369550 322.355152535312641
-1.804895348092697 1.933541740014618 -1.422982174446762 705.153968191562853 464.515375876345161
0.011489359382638 1.484965435225342 2.719446545046375 27.531711419062958 377.723392221899871
-1.046365628292480 2.856196618331841 2.451340543139825 235.042751535126541 405.360780086412547
-1.385389251304131 2.806719883853976 2.543983071641538 231.832847003017690 439.655285170777574
0.896210459174977 2.888775023719487 0.074297014830876 374.720730267906504 190.801725418865516
1.457004382153908 2.311441296474558 -2.865704388874944 661.727832306072514 5.285222386257715
-1.330024949823912 2.574190105771045 1.125736268335892 338.560331210805145 418.462844863468547
-1.101270699458112 2.960674199173910 0.319783312406470 407.055057774668683 359.378966307358951
2.132636972288164 1.593331695606723 2.384499972466795 44.798683708068609 100.392379086992349
1.499736267738784 2.255228431018857 -1.704205875398000 531.328519858124309 45.900822045273912
0.361289200112146 1.979437519624452 1.799793479901044 194.150111598564109 283.046285104305298
-1.227605326131707 2.681976980218303 0.813572596313053 366.178292535992739 394.642061946622221
1.165513450568036 1.359326142866921 2.261728229570661 29.947595490695221 197.545542088803643
1.971116129500769 2.532050017386672 -0.864756201505920 423.319689732453071 60.538129214783595
2.267923129683981 1.616672810512931 1.606601834033495 125.415805821861284 52.617023886173484
-0.790934143675526 1.685879459816040 2.406057881537154 120.606849300664010 464.564416828370440
0.858796198767202 2.444877819750769 2.142704117515820 193.519379410720916 244.294183093012975
0.424503391425445 1.019182039581089 1.052562204921530 153.531754861944137 243.187199377282980
0.632541919085941 2.620853067715426 -2.393082535195631 614.456322708038442 126.363196406016925
2.268373919334812 1.515153845840254 1.072050534322178 170.734195258385455 13.887507110716740
1.220298668676579 1.949894996526472 2.297852036002098 123.990412696310614 209.217680906505336
0.858350921909025 1.981968311704984 -2.417792037315026 679.366358783082774 51.293610137714637
-1.005094788592293 1.379687496078377 -1.123734603676930 705.024556344438452 397.770381507989555
-0.532727446652133 1.807864180253997 2.451023797656803 127.747330776723174 418.580578784871591
-0.712678656145664 1.983457794499143 -1.061816085565241 574.854180952853312 310.828368253224198
1.919360006235380 2.796073931111244 -1.673944781698095 490.883487115700575 56.432897793012160
0.061537809105531 1.292800038686337 1.692168027219357 119.383575633895134 339.639851405023705
1.957762347262904 1.957047273602196 1.249578817618344 206.937892311773084 98.016047078767798
-1.040702596941218 1.851191598981524 0.761257738306126 347.081795036574306 430.620944331451028
1.406341574035144 2.614631609635819 2.385762442061608 178.233277052434318 208.239187467775110
0.837490171283028 1.485476491060759 2.158973694053571 75.452668337871501 240.073874850460527
1.514152954714303 1.355090422704734 1.785681904146204 79.151482881724746 126.432332626217942
-0.825888478669362 1.955149920554193 2.940413836798625 104.972140479152017 456.294532765228723
-1.696557365841088 2.250030431273891 -1.430046205317763 649.439978325111042 414.957164318610069
-0.066749120151215 2.889393575750106 -1.813526734269057 564.511803717254907 215.676021810583507
1.146827098132877 2.456126826250834 -0.971119918071874 460.505026090417005 121.559920060677968
0.076060758835924 1.107030849292172 1.108456836711084 176.617704712605615 316.580520077283438
1.863817084506842 2.713682461887588 0.066728388683226 348.991877950271657 110.661793571778730
2.946148171883929 2.496889317624800 2.716114530653610 120.361142630401275 99.186488352209409
0.727984727606241 1.990146137895145 -1.362760578457041 541.537207300087630 118.305830484118800
1.782738854381385 2.990235562690588 2.089848358145721 216.810384869256126 181.224697307469114
0.964104265095303 2.688237357101499 1.169057279954943 282.444794454988937 211.373161337237008
0.766478011014490 2.965391469717980 -0.103314602836315 392.347826635808758 197.561334143277463
-0.270537863900404 1.469760709370638 2.796774196941943 20.633591027106206 423.752807553431239
0.408300883713200 1.889185112811873 1.733641460218463 190.580321441891925 276.413795940588443
-0.320008211904443 0.977308006341261 1.139783735220228 160.603882498756150 420.783988561811611
1.106019546979264 2.483062061216136 0.385456719173439 336.432052374657871 171.609348096014230
2.883356044107945 2.677333679565766 -0.246887715954717 348.366044871728775 23.983150600176174
2.783205628436592 2.731091062502096 0.687561856108538 281.880361266787361 64.083101485972605
0.477353811056686 1.309500861198641 -1.568020660815786 683.308999004206726 68.492200053038687
-0.479153692679909 2.389123245166346 -2.638982861176753 722.809841888346568 219.961780607921696
-1.423907139449947 1.716354722105354 -0.125139876136535 494.491822257739216 476.428238810990138
1.814277977984292 2.308189886267098 -0.802269262856072 424.019187609790890 58.315672075491705
-1.039066990360902 2.498047758366645 1.622616343361779 283.024380173675013 405.733998564830415
-0.145963956970545 2.650155075455251 1.296000655472000 295.989917538013856 307.867663878941812
0.181582782636632 2.007621064638244 -1.833757988421209 631.867905033754823 162.740738162816626
1.880982371694132 2.084116329559794 0.589315128723995 281.350710219212317 88.601360457596883
0.552200535814588 2.096173843931648 -1.337865529537719 539.277531069142356 146.103520445265758

gimbalangles:
-0.289740786715523 1.899722374056291 -1.184607153765523

end: