T_CW:
0.5653291576 -0.6869019129 0.4566932292 -0.0198004081
0.1117272182 -0.4847895767 -0.8674653279 -0.0589417323
0.8172637103 0.5414285072 -0.1973200431 -0.0489863936
0.0000000000 0.0000000000 0.0000000000 1.0000000000

T_CW_cov:
0.0000003289 -0.0000000264 -0.0000000389 0.0000000346 0.0000006322 -0.0000000045
-0.0000000264 0.0000002776 -0.0000000054 -0.0000006521 -0.0000000311 -0.0000000011
-0.0000000389 -0.0000000054 0.0000002379 0.0000000510 -0.0000000892 0.0000000026
0.0000000346 -0.0000006521 0.0000000510 0.0000020066 0.0000000243 0.0000000676
0.0000006322 -0.0000000311 -0.0000000892 0.0000000243 0.0000016804 0.0000000366
-0.0000000045 -0.0000000011 0.0000000026 0.0000000676 0.0000000366 0.0000004828

target_points_pix:
2.8469624497 -1.2706155376 -0.4268351525 702.7212026464 419.7800570798
2.9185907309 1.9178459633 1.8610296438 468.9207245461 56.3210678985
0.4525511890 1.4771543701 -0.3709931605 183.5126161338 157.8726645912
0.0713589459 2.8688959608 -0.9051086491 47.1823574008 148.0440758000
2.5591223247 -0.0443953625 0.5219552533 589.5823360575 213.9952455914
1.8324549851 0.5136414256 0.1050882143 476.2491016276 212.1674631973
2.2959027539 -0.3651612911 1.0377432566 715.3134830518 150.4105878518
0.8179732118 2.2948193458 -0.2082891874 218.9781163932 124.9194538619
0.4760255981 1.6652719494 -2.0074300235 107.9492699066 376.7169524645
1.5905470624 0.5227412081 -2.2990225691 311.0763920498 465.9467195601
0.8980708545 -0.2130090316 -0.3464988306 556.0798995765 408.1296680193
2.2457088193 -0.2690198173 -1.2941584072 482.7593372298 423.7881341149
-0.0197024909 1.9179607289 -0.7375181316 11.0465335146 163.8226415695
1.0143189639 -0.1834378360 0.2340703772 674.7747894199 216.7791333770
2.1243149059 2.5165360083 -1.1599424087 295.9447472386 236.9017053744
2.2027673226 1.2739145926 -2.7746600208 301.3884823643 399.4935979139
1.7022931842 0.6034113149 -2.4383688156 309.5872914506 459.6210412311
2.6388940522 0.2859068827 0.6616028722 554.3040465163 185.2576195362
2.2838413789 1.2710353105 -2.0665887182 330.1695366178 353.2936232943
1.8436071198 -0.3614789899 -0.5329186283 557.3391004370 378.0907488680
2.6356910408 1.1581813945 0.7110316627 468.9299424544 151.7958289301
1.3605142988 1.3279683397 -2.8167563008 225.4007569527 435.6776727300
0.8606978522 2.4381202060 -0.8605197644 194.6526299190 194.7187335988
2.2974160006 1.1434337072 1.1115312662 484.3307908166 96.0182983641
1.8636994645 0.9851570773 0.8625067980 474.2673533258 97.8723726028
2.8400527988 2.3293742471 -2.5758741647 303.9675188336 320.9114174166
0.6837708879 1.9678359559 0.5759732938 255.9853575841 1.7629095115
2.4952987901 1.9204534977 1.3630564139 436.3568337973 73.9510674879
1.9598271384 2.0807628825 -1.8172077782 282.0160554494 298.0445721252
1.2977747122 2.7046068227 -2.0603174099 200.1680894537 286.7142588474
2.8920798147 2.1378650829 -2.5311623147 314.0767208803 326.4207781705
2.7260240624 2.2495865463 -1.9352716347 317.0845093073 292.5795890395
1.1135292309 2.9590436052 0.6041369903 256.9386894246 44.2001116839
2.6278435143 1.8946618219 1.8255796272 462.6366169831 40.9371528690
0.6336242524 1.1783842050 -1.0552852102 200.0464580572 305.2825217335
2.3667225286 2.8706255632 -2.1373102295 273.0502378234 281.2957025090
0.2585293654 0.5934473492 -0.5108773483 162.1830804841 291.7202702663
2.4841714159 1.4051269004 1.6262681959 491.1711282938 52.5814769641
2.3235776381 -0.6902499417 -1.1799127502 549.4985562566 460.4370987635
2.1983390802 1.3671984969 -1.0802983766 356.6030857091 280.7160944427
1.6075514943 0.3175726274 -1.9505948349 346.0200684237 459.6625775225
2.0950124471 -0.5055487376 0.8267820771 747.6530629035 181.0784803322
1.7824561088 1.2368809704 -0.1031601285 385.8199233532 196.9491803169
2.6588510636 -0.1466194073 -0.3037086062 541.8374624071 304.8211237418
1.2383180701 1.3099832525 -2.0678546936 240.0404992950 383.5516988632
0.7871674616 2.0424983208 0.2012990387 246.1916033611 74.2785994399
1.3716637695 0.8792669647 -1.3574988410 312.9453258187 352.2297143075
0.9719223617 1.9689701437 -1.5625638722 199.9202953776 290.8671207262
2.8361755367 1.9949440335 -2.4556373968 318.0674289841 329.0179092935
1.2103062974 0.1184933070 0.6222756592 613.1042712399 96.3466603225
0.9923400970 0.5709656991 -0.1292795507 395.0234489390 214.7498141731
2.6984458114 1.3496573022 0.7124865195 454.6746270432 149.0686134900
0.7575916053 0.2523891601 -1.0951950878 305.8542644138 463.2661136611
0.8962104592 2.8887750237 0.0742970148 216.2270808216 85.1797776287
2.4819671509 -1.0003026340 -0.6462119426 649.7467658363 434.5059555890
2.4003927181 0.1999549924 -0.1597382894 507.8705896816 269.3810349050
1.4570043822 2.3114412965 -2.8657043889 204.1613309284 359.6628742155
1.6781638844 1.7635796532 -1.0815039641 300.0625330585 260.1290247519
1.4697371940 1.7050643911 -2.6910499524 228.0281680707 389.6164044234
1.4997362677 2.2552284310 -1.7042058754 242.5704187904 283.1238874539
1.9711161295 2.5320500174 -0.8647562015 294.4237270928 214.7424201229
2.2679231297 1.6166728105 1.6066018340 466.1175431597 36.5175260673
1.5339740108 -0.0088084180 1.0042570867 691.9599627964 57.5753339120
0.6325419191 2.6208530677 -2.3930825352 113.2748570374 323.3020888562
2.0870307964 0.3507490887 -2.2443769366 364.3906049677 445.4590962747
2.2683739193 1.5151538458 1.0720505343 446.4225301313 91.9978622970
2.8407462338 2.6756664027 -1.3199547291 323.3719314928 245.9335141435
0.8583509219 1.9819683117 -2.4177920373 155.3782977231 368.5786605617
0.7902253300 -0.0498267092 -0.2495925517 510.6125437723 345.0714787014
1.9193600062 2.7960739311 -1.6739447817 258.6925786309 257.6009950727
2.5432224523 -0.6373923841 0.7409534547 720.5394566114 222.5748110284
2.8049534027 1.7549510628 -2.7261348255 317.5663088877 354.3370786015
2.9691898119 0.8306301282 -1.4718533968 407.6403936699 328.4841207073
1.9577623473 1.9570472736 1.2495788176 407.0861670074 47.9720659651
2.4239824816 0.7568461512 -2.0444246221 366.0831343511 382.2092004494
2.5332886341 0.3624403137 -0.8886724309 451.8702420249 322.6649986227
2.7230803671 2.1668952310 -1.0932890004 343.4068816117 249.7160485769
2.8849499926 1.7528628131 -1.9172862492 344.0475933526 311.0745042187
1.1468270981 2.4561268263 -0.9711199181 224.7051274461 211.8363065959
1.8638170845 2.7136824619 0.0667283887 309.3951157338 138.6155720626
1.7836301664 2.3017608285 -2.5962998189 239.5397293521 337.1443621318
2.0330982211 1.2071025275 -0.3551796497 389.3314535394 228.5324491253
1.1730569531 1.2704948479 -1.1105960248 277.1020630322 295.3991197006
0.7279847276 1.9901461379 -1.3627605785 171.1305603946 270.1424817951
1.5773005481 0.8563350408 -2.8473658583 266.6762165068 471.3647763237
0.7664780110 2.9653914697 -0.1033146028 191.9586401260 94.7741416102
1.7669752855 0.9690625695 -0.5529376649 382.6763247078 257.2967058274
1.4488983111 0.6617484764 1.0469220162 529.9270750647 27.7949574068
1.1060195470 2.4830620612 0.3854567192 269.8629744969 71.4983081792
2.7059739807 -0.7331271193 0.7287971851 725.1211124638 234.9377766303
2.8833560441 2.6773336796 -0.2468877160 353.6970708388 187.3242964694
2.7832056284 2.7310910625 0.6875618561 374.8876110441 126.3096429810
0.4773538111 1.3095008612 -1.5680206608 132.0672579123 367.3461044044
1.9631750106 0.7384015444 -1.1730532119 380.5686348064 330.2485320547
2.7390766891 1.4458832406 -1.4800111153 365.1617276081 301.0466009593
1.8142779780 2.3081898863 -0.8022692629 294.3421136417 215.3288526367
2.3746660379 0.5242174031 1.6523616679 599.7465678739 46.1568667262
0.1815827826 2.0076210646 -1.8337579884 41.8208472980 329.9116819475
2.7857291322 0.2667104279 -2.9126554396 378.7176379593 457.0468100871
1.8809823717 2.0841163296 0.5893151287 364.2350446609 106.9705887500
1.0562875771 0.1801981948 -0.5239100279 426.0296170550 341.1466323407
0.5522005358 2.0961738439 -1.3378655295 139.0968571200 259.2736912599

gimbalangles:
-0.2236681204 -0.4742708413 -0.6885958510

end: