T_CW:
-0.5718200632 -0.6573867571 -0.4907794483 -0.0504414293
0.1052204440 -0.6520634353 0.7508274999 -0.0188576383
-0.8136033883 0.3776981969 0.4420334812 -0.0089713322
0.0000000000 0.0000000000 0.0000000000 1.0000000000

T_CW_cov:
0.0000005818 -0.0000000460 0.0000000199 0.0000001320 0.0000012895 -0.0000000184
-0.0000000460 0.0000004672 0.0000000285 -0.0000011667 -0.0000000822 -0.0000001287
0.0000000199 0.0000000285 0.0000003529 -0.0000001089 0.0000001779 -0.0000000182
0.0000001320 -0.0000011667 -0.0000001089 0.0000036973 0.0000002616 0.0000000706
0.0000012895 -0.0000000822 0.0000001779 0.0000002616 0.0000036373 -0.0000001737
-0.0000000184 -0.0000001287 -0.0000000182 0.0000000706 -0.0000001737 0.0000009835

target_points_pix:
-2.8948441399 0.6269529752 1.2765981320 418.8578740304 256.9266506776
-1.7842749994 0.3589897521 1.3896783254 381.0529803820 306.1403509799
-1.8989089335 2.7021134331 -0.4054152166 320.1768415097 7.0286423567
-2.7560724588 -1.2194953932 1.9192833866 503.0078715652 417.8292347739
-1.4021994661 2.7108304751 0.3961482093 248.3649254577 69.7027080623
-2.3803740549 2.2241037003 1.1999952244 320.7650989241 179.5755912142
-1.9323731186 -0.3012474738 -0.7481905140 725.7066457831 112.9062963216
-0.3054732399 1.1553874900 0.2017032538 143.3150135195 33.1789201063
-1.6797658353 0.4497206555 0.9246442775 395.5084360081 265.2114467629
-0.1910322562 1.2311524432 2.2972743069 96.0754360841 370.7138589215
-1.4132040819 1.7390647207 -0.1303300090 330.2115120726 44.8710167112
-2.9630438574 1.2498685434 0.2703220651 430.7886464492 163.1385686219
-0.8454043785 2.6955158446 1.3401100284 164.1708935311 148.7211154252
-2.1145543690 2.5368280306 1.6527436758 281.2686592592 192.8253029024
-2.9891561525 1.0928385460 -1.1234454871 529.5299654912 44.4599585120
-1.9740008485 0.2407913313 0.2379810357 483.8392265553 211.9092360654
-2.1987197781 2.6869103662 1.2249913925 291.2316411257 160.9263860147
-2.6333375856 2.5260876036 -0.4714651478 377.3843336996 46.6317569195
-1.8036662741 2.9213890742 0.4185609520 273.9209610031 81.0819838544
-0.8437154314 1.5526174756 2.5041567278 190.0714831001 317.1543112223
-1.4715007191 1.0947300271 1.7225109219 296.2084347821 281.1283847026
-1.6281093659 -0.3303049794 1.0078361132 464.1917978199 354.9541311745
-2.4109286583 1.5240721805 0.6122623179 377.4426205610 169.7845990482
-0.4403439149 0.7830369850 1.9775365700 171.0608544890 384.4453399367
-1.9557092750 -0.1852068968 1.1358403326 451.4586368423 329.6969156337
-0.3089028941 2.6625183818 2.6735419307 82.8827654856 261.5028269966
-0.8537239679 1.5280305348 1.0098617859 224.9222238150 190.4645496048
-1.8400861476 0.6802285019 2.7417002054 310.9518355303 354.1803022171
-2.2600804841 2.7042386112 2.9957597684 258.7240544802 253.0989490265
-2.2552646269 1.6043643505 1.8194632491 322.5635526280 244.2006891428
-0.7198827339 0.7791230628 0.4858749195 288.6146497363 186.7037024456
-1.2146827552 0.4313236250 0.0528315889 445.0010171838 158.9844258731
-1.8310523068 -0.1889451984 1.5644050636 415.5605470000 364.5651350213
-2.4795398100 0.0634801912 0.4110664761 497.5964403123 238.3109390713
-1.4178930604 0.5616682054 2.3963558138 296.9319298427 366.3439555747
-2.6261878393 -0.7849814902 2.7541684472 423.9488422378 420.9774427102
-1.9262396669 -0.5333356992 0.4900413074 553.6442600219 315.5758933091
-0.2121167416 1.7897788713 0.8297268490 71.9340143737 122.2035287386
-2.3787147104 0.3569107646 2.5683948238 361.3468026410 347.6482500121
0.0114893594 1.4849654352 2.7194465450 47.0260152167 385.7851996935
-1.0463656283 2.8561966183 2.4513405431 171.3024521094 227.5969669937
-1.3853892513 2.8067198839 2.5439830716 203.0005848296 233.5184677034
-2.4055301863 0.9708260692 2.4281034256 339.4511130734 305.0499401462
-1.3300249498 2.5741901058 1.1257362683 229.8291382108 145.1235496925
-1.1012706995 2.9606741992 0.3197833124 203.7939375434 34.0618471066
-1.2276053261 2.6819769802 0.8135725963 220.3342353191 108.0042188850
-2.3268183976 1.7937684323 2.5591340519 299.5502018275 271.4215645531
-2.7764038774 2.3680402460 -0.8289858517 408.8684277009 23.9854541727
-0.6125680017 0.4219487398 1.6907229199 235.2584968564 396.9713813136
-0.7909341437 1.6858794598 2.4060578815 180.1419018839 302.3286810993
-1.8196517110 0.4238616465 0.7629712756 416.8139076086 249.9557112386
-0.9064956900 1.3399447130 1.3053989599 235.0937849281 238.5796209359
-1.6435711194 1.7206815262 -0.2385074952 359.5877196953 46.4314467915
-1.7250105261 1.3799615575 1.7287495262 300.9999942531 257.6425831769
-0.5327274467 1.8078641803 2.4510237977 139.1822102747 304.3073518887
-2.7642033712 2.8377397974 0.0312227722 349.6614008298 83.8403156229
-2.0168399528 -0.7930379665 1.4646715140 485.9216139906 408.9852110863
0.0615378091 1.2928000387 1.6921680272 12.5993704247 324.8396652953
-1.8473174646 1.5680524798 0.7082291128 337.8713988202 168.5386503506
-1.3199728770 -0.4454115690 0.6293955931 516.9586011419 364.2171983436
-2.9188407590 -1.3810012220 1.0839570419 582.8410113172 383.9930455907
-0.6100045683 0.5645809022 0.0344290762 344.6988268898 95.7532060237
-1.0407025969 1.8511915990 0.7612577383 240.0221768973 140.7629434329
-2.1579012616 2.6158550684 1.2160301151 291.4921667244 163.2211422920
-2.1605879291 -0.8868400575 2.0349525460 455.8921499350 434.1563514292
-1.7178836189 1.5332592184 -0.2148120387 378.9953144829 63.7992315172
-2.4747552270 1.7971304399 1.5320622131 334.0983670740 217.7429223010
-2.8987142952 2.4095418038 2.8717692845 301.1646971400 253.8011953850
-0.8258884787 1.9551499206 2.9404138368 168.4464736063 313.7415560177
-2.9458023404 -0.1409691835 0.5459986167 512.1824858125 255.5716577969
-1.3015980204 -0.4775983353 1.9294706893 383.6902442191 464.9272627005
-1.4769533415 0.8018814294 2.2416422603 293.8546537308 335.4181756823
-1.2490170593 1.8097791482 2.9824056964 215.5518370046 312.5618616489
-2.7635838127 2.5758996306 0.1771810151 357.1050602086 103.4591760354
-2.5526482625 1.6899305882 2.4297630987 317.7852812101 267.3063606495
-2.9155772865 1.8015255028 0.9202060444 374.0672242715 182.7549753470
-2.2550310878 2.7469332465 2.5621232452 264.7447705084 231.9393429127
-2.3524978632 -0.4190901020 -0.6763358060 693.0396887437 155.6669297108
-1.9208082146 1.6423306677 1.6909841948 303.5574790333 237.6825702807
-1.5057213679 1.4881960724 0.1935683238 340.7568907102 109.4552162792
-0.2705378639 1.4697607094 2.7967741969 105.5194878614 371.8559726130
-0.3200082119 0.9773080063 1.1397837352 145.3238845768 275.3115754648
-2.7196823128 2.1269550887 -0.8836294877 425.3314086936 21.7911207722
-1.4239071394 1.7163547221 -0.1251398761 333.3533383738 47.7268409086
-2.8451823330 1.0493991114 0.7078918140 418.7895284370 201.6162552969
-1.0390669904 2.4980477584 1.6226163434 191.6662009091 187.5054613787
-0.1459639570 2.6501550755 1.2960006555 38.4526182091 126.3620394827

gimbalangles:
2.6092973879 0.5130357242 0.7161690500

end: