T_CW:
0.5985061033 -0.7818926922 -0.1744541837 -0.0333357366
0.4775538462 0.1733699452 0.8613275719 0.0083494591
-0.6432206218 -0.5988210751 0.4771588328 -0.0028629984
0.0000000000 0.0000000000 0.0000000000 1.0000000000

T_CW_cov:
0.0000006150 -0.0000000870 -0.0000000207 0.0000001779 0.0000014021 -0.0000000404
-0.0000000870 0.0000005529 -0.0000000140 -0.0000014962 -0.0000001503 0.0000000127
-0.0000000207 -0.0000000140 0.0000003071 0.0000000689 -0.0000000993 0.0000000025
0.0000001779 -0.0000014962 0.0000000689 0.0000047641 0.0000002742 0.0000000536
0.0000014021 -0.0000001503 -0.0000000993 0.0000002742 0.0000039097 -0.0000000513
-0.0000000404 0.0000000127 0.0000000025 0.0000000536 -0.0000000513 0.0000008216

target_points_pix:
-0.6320758571 -2.9734307655 -0.9551538105 666.3170001182 11.2465229233
-2.6364039434 -2.3323645090 1.6131212919 370.9579662081 222.9210610334
-2.8948441399 0.6269529752 1.2765981320 88.8133376455 220.4026590900
-1.7842749994 0.3589897521 1.3896783254 128.6480102661 302.6493840722
-0.3745088197 -2.7924729661 1.8430836583 514.3834632959 320.4468020108
-0.7937816819 -1.6414176510 0.7071862127 461.4952992931 233.4574480992
0.2808005009 -1.1718645692 1.1250327653 571.2190042325 447.7846918968
-2.7560724588 -1.2194953932 1.9192833866 299.9341294080 249.0465526886
-0.2553136312 -1.9712086642 0.1715341730 600.4276648815 187.3111341956
-0.1550543400 -2.4137450398 0.5014556902 602.5008552861 232.4734262097
-2.6734566750 -2.6265165695 1.2701937931 387.6151457577 200.4732119986
-1.6797658353 0.4497206555 0.9246442775 74.9349329681 255.1610188262
-0.4132450863 -1.6619243622 -0.3975132155 621.5976644040 54.0566532294
-2.8002920322 -2.7177990940 0.7087254771 394.0489559721 163.1213332653
-2.2493776015 -2.3923425776 1.7472308018 387.4161218257 241.1529038390
-0.4611632066 -1.2374349928 0.2883990725 500.6894479151 202.8435180198
0.1060971975 -1.5869797388 2.1014893325 491.5129895130 444.4177736763
-0.8863209803 -2.2520445289 0.3132015694 509.0711178232 176.8442331860
-2.1289845198 -2.0063977310 0.0907732718 398.0117454547 121.1956279116
-0.1801198384 -0.5479985749 1.3114649932 388.5541765431 456.4954743941
-2.3933415223 -2.8145690041 2.1568703343 395.6868634421 252.9489154174
-1.9740008485 0.2407913313 0.2379810357 92.6530974913 105.0360435896
-1.9416308981 -1.1170647662 2.7064884155 315.3778237723 331.4903373896
-2.5927084704 -2.6493188930 -0.8510426906 429.2501890751 33.6661897629
-0.3665870185 -2.4417945195 -0.7850897223 703.7660180489 7.6393506214
-1.8055531173 -2.3431906182 2.2358729284 397.1516599686 283.9388162339
-2.7741509670 -2.0402444891 -0.1757024121 369.6668670095 88.6615828440
-1.6281093659 -0.3303049794 1.0078361132 245.3949950057 245.4135879501
-1.9557092750 -0.1852068968 1.1358403326 215.9156072178 242.1801663502
-0.9402351494 -1.2005288970 2.4392588703 367.2099408655 380.9244613525
-0.3823346286 -2.6004217608 2.8138227545 473.8011393276 377.9762351678
-1.5873220287 -2.6442079861 1.2926729153 439.8083433409 232.4506317853
-0.2089443667 -2.2213772583 2.7520224592 471.0190651891 404.6370107794
-1.8400861476 0.6802285019 2.7417002054 126.0752461996 426.5230070826
-0.1150878283 -1.6216023649 0.6994336735 558.7396972828 287.8523182746
-0.3599161903 -1.9936056061 1.4339193395 496.9663701751 322.9084032324
-0.4663553090 -0.8967115007 0.8784296744 420.7191611512 314.2152703647
-0.9505699837 -1.1068315995 -0.2186933854 437.7306501086 68.4067183417
-1.2364746597 -0.8307857292 2.2308155062 322.5862446368 362.3575260334
0.4971001036 -2.9282306381 1.2764082264 651.6651829107 338.8628003429
-1.8310523068 -0.1889451984 1.5644050636 226.1572411049 292.9002892955
-2.4795398100 0.0634801912 0.4110664761 148.8207752381 127.5325160157
-1.4178930604 0.5616682054 2.3963558138 130.1889387855 449.9193274238
-2.6261878393 -0.7849814902 2.7541684472 272.7108921728 308.5841646479
0.1978387829 -1.7049102467 0.9341318838 602.4188257830 350.2868355324
-1.9262396669 -0.5333356992 0.4900413074 259.7549995978 160.9100577743
-2.3787147104 0.3569107646 2.5683948238 167.2199294507 348.7820875908
-1.0606481474 -2.1885100011 0.3504036302 485.3787457307 175.0080181487
-2.8798376111 -2.4797889453 0.6139716428 380.2749307219 155.0198621810
-2.4055301863 0.9708260692 2.4281034256 72.5352875714 367.1623728244
-1.2099097975 -2.5639048038 2.8155812467 425.3226972212 332.9711357155
-1.7586502624 -2.0947587884 0.1629999156 426.7455071785 135.9333362821
-2.4637418305 -2.7427375996 0.0218696577 422.5981888256 118.0715381094
0.3150226326 -1.7471125294 2.0745693761 528.4565927196 456.6135021833
-0.6810045623 -1.9562404295 2.2617881460 437.7840378254 355.9242640080
-2.0098147786 -2.3425078733 -0.2469870441 435.2557746382 92.0595215951
-1.8196517110 0.4238616465 0.7629712756 74.9097876818 214.9646442181
-0.7461558169 -2.7348513775 1.8641295763 482.6174887506 302.6448120311
-2.2714974815 -1.5754805292 -0.3708202209 364.8132675885 58.1227749738
-2.0168399528 -0.7930379665 1.4646715140 289.4525442211 256.1545316168
0.1833241938 -1.9899009328 0.1044753387 723.6287662913 205.2286881613
-1.3199728770 -0.4454115690 0.6293955931 275.1822237794 212.6778092936
-2.9188407590 -1.3810012220 1.0839570419 308.4373388117 187.6190796715
-1.4161008387 -2.1674853346 0.4832161336 447.7030639083 177.2787502975
-1.5563505293 -2.3259772891 0.0237559221 460.8265561879 127.0426783329
-2.1605879291 -0.8868400575 2.0349525460 292.5611299610 287.7536498937
-1.0231969654 -0.6532888771 1.3941302240 321.8513875190 325.3729573485
0.2999752779 -2.0607219307 2.4452932410 521.2650680574 448.0361181115
-2.6748752440 -2.4932236144 2.6376832354 367.4357352495 270.4469268837
-0.4784341868 -2.0935500770 0.3372802366 552.2920075254 198.4124282096
-2.9458023404 -0.1409691835 0.5459986167 182.6622455462 136.5681258611
-1.3015980204 -0.4775983353 1.9294706893 283.3808771038 354.0247149754
-0.5766055598 -2.9777220371 0.7269098261 551.7916034732 224.3511554423
-1.4769533415 0.8018814294 2.2416422603 70.6498489714 455.6569207160
-0.1488004004 -2.9553414777 1.9345515260 535.9837961300 334.3105426267
-1.2496893304 -1.2176234362 0.9201692519 376.5398631787 238.7100900386
-1.1180691055 -2.3775737935 1.9674464230 439.1702986446 299.0212079556
-0.8810201176 -1.1056814359 1.4752285971 381.1138513738 323.1077667727
-1.6522343275 -1.1665498691 1.5140104995 338.7989576033 270.8748086503
-0.8731389884 -0.7814524095 2.0937015579 338.2505226261 389.9172282757
-1.6404500805 -1.0437677291 1.8670063384 325.8630462339 300.9788196331
-1.7962047277 -1.0397187367 -0.0814019688 336.1066850990 86.3620213008
-2.5730577092 -2.3438354084 1.3885911678 376.3914255672 211.5484765846
0.6812398773 -2.9641218080 2.8611191676 571.7815508417 444.2448789024
-2.4323608169 -2.8139920343 -0.8519714480 448.4952995900 37.3272591084
-0.6234941816 -2.3304749221 2.5405973644 453.5270778244 359.8437292419
-2.5794207443 -2.5586017987 0.5377249120 398.4229463895 155.0451344171
-0.1829379517 -2.5761408041 2.0242684627 515.2638969490 351.8550059138
-2.2583880082 -1.9579383648 0.2674464298 384.0112056341 135.8463659209
-1.1873207592 -1.9520912279 0.6023171523 449.1648963379 198.2998411025
-1.5110241473 -1.3140682982 1.4522052634 359.1264335373 270.1603089961
-0.9075675655 -0.5141792791 2.0537428217 306.3283522097 401.9609100738
-0.7268183569 -2.5035628023 0.7114419446 518.6240227702 222.7654139151

gimbalangles:
2.5448716932 0.2251863019 -0.6376739354

end: