T_CW:
0.8137777858 -0.2962159705 0.5000218137 -0.4017219470
0.3244740266 -0.4822184695 -0.8137456321 0.0350212999
0.4821642058 0.8244522100 -0.2963042897 0.2399393053
0.0000000000 0.0000000000 0.0000000000 1.0000000000

T_CW_cov:
0.0000002726 -0.0000000443 -0.0000000458 0.0000000717 0.0000004353 0.0000000066
-0.0000000443 0.0000002874 0.0000000089 -0.0000005266 -0.0000000617 0.0000000554
-0.0000000458 0.0000000089 0.0000003064 -0.0000000089 -0.0000002722 0.0000000035
0.0000000717 -0.0000005266 -0.0000000089 0.0000015332 0.0000001036 0.0000001575
0.0000004353 -0.0000000617 -0.0000002722 0.0000001036 0.0000012825 0.0000000312
0.0000000066 0.0000000554 0.0000000035 0.0000001575 0.0000000312 0.0000006005

target_points_pix:
2.9185907309 1.9178459633 1.8610296438 586.2442295138 107.6077348110
0.4525511890 1.4771543701 -0.3709931605 286.3922147710 208.5359886178
0.0134727521 1.9966532696 -2.2999075116 175.1147239699 328.7457302463
0.0713589459 2.8688959608 -0.9051086491 238.1753857571 190.4125958879
2.5591223247 -0.0443953625 0.5219552533 744.3163659870 326.5098395627
1.8324549851 0.5136414256 0.1050882143 533.1328529296 287.1547235655
-0.3054732399 1.1553874900 0.2017032538 156.6697727066 46.7453462323
0.8179732118 2.2948193458 -0.2082891874 326.7049970121 180.1360294262
0.4760255981 1.6652719494 -2.0074300235 224.9472665778 340.6386361982
0.4157939103 1.1830938811 0.6503161745 357.9575887526 55.8946947014
-0.0197024909 1.9179607289 -0.7375181316 213.7711963946 203.9928100486
1.6912700364 2.9152958030 2.0943006760 473.9786868854 24.1577614208
1.0143189639 -0.1834378360 0.2340703772 658.4815432176 364.4427437039
2.1243149059 2.5165360083 -1.1599424087 375.4343145794 269.2225316090
2.2027673226 1.2739145926 -2.7746600208 346.8974517051 421.9552595461
2.6388940522 0.2859068827 0.6616028722 685.4612674263 273.0106536290
2.2838413789 1.2710353105 -2.0665887182 379.2295214631 388.2411817162
2.6356910408 1.1581813945 0.7110316627 563.6108777300 213.1475834884
1.3605142988 1.3279683397 -2.8167563008 281.1302299800 421.7081019919
1.6985656786 2.3108705817 2.0575274508 511.2999385937 13.2888200318
0.8606978522 2.4381202060 -0.8605197644 304.3109175238 226.1712003256
2.2974160006 1.1434337072 1.1115312662 582.6846220826 156.2870122654
1.8636994645 0.9851570773 0.8625067980 553.9106068068 163.1003759065
2.8400527988 2.3293742471 -2.5758741647 371.4427232841 348.2157514497
0.6837708879 1.9678359559 0.5759732938 358.4201627726 100.8091556910
2.4952987901 1.9204534977 1.3630564139 536.2673668741 129.6216308139
1.9598271384 2.0807628825 -1.8172077782 351.9125796524 319.9409806824
0.3223913466 0.6572687096 0.3411312926 327.4490150167 108.0546757581
1.2977747122 2.7046068227 -2.0603174099 298.4034335461 293.7337238477
2.8920798147 2.1378650829 -2.5311623147 378.1529758644 356.0386831916
-0.8911796826 2.9815497203 -1.4877817901 129.5692713355 196.8578757168
2.7260240624 2.2495865463 -1.9352716347 386.5284831766 325.7323057411
1.1135292309 2.9590436052 0.6041369903 369.8369959982 118.0928035076
2.6278435143 1.8946618219 1.8255796272 575.0475478868 95.1985439401
0.6336242524 1.1783842050 -1.0552852102 274.7028743005 310.0352896041
2.3667225286 2.8706255632 -2.1373102295 353.4169229660 303.1750488705
1.5404004160 2.0873391010 1.9086104661 509.6395818192 10.8423927122
0.2585293654 0.5934473492 -0.5108773483 225.4540702403 299.5186894815
2.4841714159 1.4051269004 1.6262681959 605.8111938813 106.9880990835
2.1983390802 1.3671984969 -1.0802983766 414.2268425149 324.8994000629
1.0168380356 1.8187565862 1.2681363448 443.1717303701 38.0770671299
2.3406080829 1.6524588336 2.3188796262 632.1642143816 15.9604916567
1.7824561088 1.2368809704 -0.1031601285 446.3964633012 250.3873021388
2.6588510636 -0.1466194073 -0.3037086062 643.4964360277 436.8076155279
1.2383180701 1.3099832525 -2.0678546936 297.3474567247 381.5983715657
0.7871674616 2.0424983208 0.2012990387 346.5117474924 147.1878525295
1.3716637695 0.8792669647 -1.3574988410 348.6526689390 378.2317722882
0.9719223617 1.9689701437 -1.5625638722 290.8896691458 297.9777571779
2.8361755367 1.9949440335 -2.4556373968 380.7016325881 360.5506343132
1.2103062974 0.1184933070 0.6222756592 657.7510501197 195.1629995240
0.9923400970 0.5709656991 -0.1292795507 409.0441196040 276.4075132514
2.6984458114 1.3496573022 0.7124865195 548.6528241923 207.8457140167
0.7575916053 0.2523891601 -1.0951950878 288.6835946931 462.6520743177
0.8962104592 2.8887750237 0.0742970148 336.1024920491 149.3497108247
2.4003927181 0.1999549924 -0.1597382894 587.7177185909 366.9204182375
1.4570043822 2.3114412965 -2.8657043889 288.0996294370 352.4226581460
1.6781638844 1.7635796532 -1.0815039641 366.5477351679 291.6233427994
-1.1012706995 2.9606741992 0.3197833124 138.4227068442 2.8184597816
1.4697371940 1.7050643911 -2.6910499524 294.6327849273 384.2571505667
1.4997362677 2.2552284310 -1.7042058754 324.4502233637 299.1961390971
1.9711161295 2.5320500174 -0.8647562015 376.7386904542 250.6965419329
2.2679231297 1.6166728105 1.6066018340 570.1399535268 94.3060577863
0.6325419191 2.6208530677 -2.3930825352 243.5443630713 304.9396270242
2.2683739193 1.5151538458 1.0720505343 538.8974268526 150.7627710422
2.8407462338 2.6756664027 -1.3199547291 401.7312831878 282.3351376165
0.8583509219 1.9819683117 -2.4177920373 254.5252543984 346.1426962229
0.7902253300 -0.0498267092 -0.2495925517 423.9432046506 431.2730130986
-0.7126786561 1.9834577945 -1.0618160856 100.3669500090 201.4855501506
1.9193600062 2.7960739311 -1.6739447817 344.2845645155 280.6637263264
2.8049534027 1.7549510628 -2.7261348255 374.7910037908 385.1794555648
2.9691898119 0.8306301282 -1.4718533968 465.0652154097 394.6310864949
1.9577623473 1.9570472736 1.2495788176 498.5719597602 110.8892334942
2.4239824816 0.7568461512 -2.0444246221 405.0710550385 434.3653230875
2.5332886341 0.3624403137 -0.8886724309 507.5803219700 407.3183642406
2.7230803671 2.1668952310 -1.0932890004 416.7367789692 290.3575226938
-0.0667491202 2.8893935758 -1.8135267343 203.8590100737 247.1470692949
2.8849499926 1.7528628131 -1.9172862492 406.5309914485 351.5337352649
1.1468270981 2.4561268263 -0.9711199181 322.2042253189 240.7376180647
1.8638170845 2.7136824619 0.0667283887 399.4644383126 187.4574489440
1.7836301664 2.3017608285 -2.5962998189 315.3522252257 343.0965201838
2.0330982211 1.2071025275 -0.3551796497 449.8540010119 281.5945474462
1.1730569531 1.2704948479 -1.1105960248 333.1844021900 317.9682524976
2.9461481719 2.4968893176 2.7161145307 592.4515944862 38.2981515650
0.6570472120 0.4945068807 -1.4712885553 246.3078521323 447.8336499610
0.7279847276 1.9901461379 -1.3627605785 276.2346151850 277.7447910628
1.7827388544 2.9902355627 2.0898483581 474.3750365788 32.0716431275
0.9641042651 2.6882373571 1.1690572800 391.2556116378 60.7561999865
1.5773005481 0.8563350408 -2.8473658583 299.8463821482 472.2240603308
0.7664780110 2.9653914697 -0.1033146028 319.7567969318 155.9710910456
1.7669752855 0.9690625695 -0.5529376649 430.8653400793 309.2037126386
1.4488983111 0.6617484764 1.0469220162 603.0898056023 102.2513578027
1.1060195470 2.4830620612 0.3854567192 371.3501375518 139.8142252963
2.8833560441 2.6773336796 -0.2468877160 438.7543876006 232.1335952640
2.7832056284 2.7310910625 0.6875618561 467.9458568830 177.2660823336
0.4773538111 1.3095008612 -1.5680206608 232.9867043487 339.6091898786
0.7034332180 -0.0654622727 0.4930513506 653.8307777310 171.6629441729
-0.4791536927 2.3891232452 -2.6389828612 128.2255443795 315.9116120434
1.9631750106 0.7384015444 -1.1730532119 419.3779181029 382.7444017367
2.7390766891 1.4458832406 -1.4800111153 425.1862808010 348.3252116881
1.8142779780 2.3081898863 -0.8022692629 374.5172933622 251.8296892972
0.1815827826 2.0076210646 -1.8337579884 206.2752606982 298.3575143423
1.8809823717 2.0841163296 0.5893151287 447.7225924514 164.0594648010
1.0562875771 0.1801981948 -0.5239100279 407.8292959161 404.5307576301
0.5522005358 2.0961738439 -1.3378655295 260.9728723424 266.4057372154

gimbalangles:
2.6092973879 0.5130357242 0.7161690500

end: