T_CW:
-0.6976258350 -0.2449814797 0.6732772601 0.0083923153
-0.0640627836 -0.9146312834 -0.3991811308 0.0173809720
0.7135924286 -0.3216110851 0.6223762173 -0.0368266628
0.0000000000 0.0000000000 0.0000000000 1.0000000000

T_CW_cov:
0.0000004574 0.0000000432 -0.0000000036 -0.0000000907 0.0000009889 -0.0000000245
0.0000000432 0.0000003895 0.0000000278 -0.0000009865 0.0000000664 0.0000000760
-0.0000000036 0.0000000278 0.0000002634 -0.0000000785 -0.0000000452 0.0000000077
-0.0000000907 -0.0000009865 -0.0000000785 0.0000030843 -0.0000001298 -0.0000001317
0.0000009889 0.0000000664 -0.0000000452 -0.0000001298 0.0000027254 -0.0000000923
-0.0000000245 0.0000000760 0.0000000077 -0.0000001317 -0.0000000923 0.0000006792

target_points_pix:
1.5213801119 -2.2008710222 2.5041141733 460.9055300719 307.3988695705
2.8469624497 -1.2706155376 -0.4268351525 154.3510962718 371.7476400454
0.4101131736 0.5362741924 2.2116901022 554.0371587790 10.5745425732
1.2955616386 -1.4164051859 0.0125195018 278.5421961151 458.9595676682
1.1463216217 -1.7295446098 1.9332112052 464.1277230240 311.1428992469
0.2808005009 -1.1718645692 1.1250327653 542.0987386974 360.7818817092
0.9121584893 0.1426808612 1.2079831403 402.8425786023 120.0452394321
0.0462699197 -0.8578527772 1.6217053210 616.3743217717 268.2606690697
2.6305978994 -2.5336026126 1.4089481569 357.7167995430 349.3772316823
2.5591223247 -0.0443953625 0.5219552533 214.3913461742 203.9519747754
1.8324549851 0.5136414256 0.1050882143 101.3160601990 113.1390133116
2.2959027539 -0.3651612911 1.0377432566 292.8334084284 218.0129718334
1.5642042617 -2.1943799157 2.0967586103 443.2167620389 324.7250588103
2.3041003494 -2.2990699818 1.7052507894 383.1302299511 331.4237864262
1.9063566704 -1.8720756095 2.8336165515 443.6597125969 270.5869761463
2.0176283046 -1.3083910700 2.4854543714 417.5999148442 246.2545977206
0.1060971975 -1.5869797388 2.1014893325 601.7487512546 320.8856824671
0.5802513707 -1.4129348864 1.3211278183 498.1703581235 348.7965925235
-0.1801198384 -0.5479985749 1.3114649932 711.9246284975 241.3606011146
2.8752574486 -1.5801047162 -0.1999385455 199.4627519583 376.4148680706
1.0143189639 -0.1834378360 0.2340703772 240.5635747615 246.7425688910
0.2911990845 0.4534318924 1.9094584180 570.2289628190 4.8528320624
0.4256399553 -1.6947218047 2.8575435986 566.3553324908 276.9196117134
2.6388940522 0.2859068827 0.6616028722 212.4956224108 163.8744752637
0.3042496640 -0.7297572688 1.2382640873 540.5228347427 274.5025827039
1.8436071198 -0.3614789899 -0.5329186283 23.2312488455 339.9165580133
-0.2146575641 -0.5046357991 1.9549094726 700.5089188044 181.1413263004
2.6356910408 1.1581813945 0.7110316627 168.6723283582 50.7418935300
2.2974160006 1.1434337072 1.1115312662 233.8865593805 36.1128465383
1.8636994645 0.9851570773 0.8625067980 222.8565790995 23.9473623733
0.3802981729 -1.2987431511 2.1045967176 557.5269934598 281.5249613040
1.1523788830 -2.1628663225 2.9736070176 500.9966664996 292.8212326535
-0.3823346286 -2.6004217608 2.8138227545 673.5032334767 377.2685446728
-0.2089443667 -2.2213772583 2.7520224592 650.4103669360 343.5076832443
0.0001974302 0.4256021854 2.6457210473 651.8965449709 4.8589342215
1.3518114199 0.7830964934 2.7510300194 448.9586053299 48.3957290663
0.0799047365 -1.4043005573 2.5796705873 611.9893766759 270.7900418761
2.6912848041 -2.1106228893 -0.6993441011 167.7875444595 473.2074964610
1.1871005587 -0.8619068936 2.0176006026 452.6671666140 231.8780590202
2.2863225682 -1.1407866103 2.4543879926 399.3684950086 235.1781566680
2.4841714159 1.4051269004 1.6262681959 272.8793193419 21.2160731028
1.8480999231 1.0615362460 2.2632808650 373.9887671674 36.1021758208
2.7991553079 -1.1303929253 0.2989914414 233.9629736377 312.1847742171
2.0950124471 -0.5055487376 0.8267820771 287.3881035670 241.2591539903
2.4648997918 0.1336515858 2.7860253487 384.6152170684 142.3030872341
2.6588510636 -0.1466194073 -0.3037086062 91.8673971269 254.1033037565
2.2538497045 -0.9608366362 1.2047620648 328.0123416971 264.4873431941
0.1978387829 -1.7049102467 0.9341318838 555.2274609867 473.2282848351
2.3780720027 -0.0837965984 2.0767695085 356.3466926290 167.5927408002
2.9680979097 -2.4510036395 1.5364771412 348.1282797418 331.6864473658
2.0821692119 -1.0065134618 0.4658650749 272.0319972578 312.1365942564
1.2103062974 0.1184933070 0.6222756592 284.0535349435 153.7406860234
2.6984458114 1.3496573022 0.7124865195 155.1989490205 26.3985157333
1.4393502068 -0.3605422360 0.5295601244 282.3835838428 247.1437849040
2.4819671509 -1.0003026340 -0.6462119426 95.8097963384 390.0800085022
2.4003927181 0.1999549924 -0.1597382894 84.0144820149 198.6711043704
1.5215156292 -2.3620191306 2.0995385183 448.4787564198 336.0178860861
2.8599623337 -1.4393414243 0.8130817700 287.1074536159 306.7555751561
2.8028733044 -1.8940930289 0.2984196099 262.5748666832 366.9889172717
0.3150226326 -1.7471125294 2.0745693761 566.3561533500 330.5073428625
1.5339740108 -0.0088084180 1.0042570867 320.4840685982 171.5771812331
0.5836029694 -0.4548003720 2.6430373429 541.3038350063 166.1117070008
2.1449007298 0.0322231014 2.5423879487 392.5276632795 147.9233346885
0.8815263559 -0.9544215061 1.7466657053 473.0680377324 256.1772782541
2.5245239422 -1.9046691708 0.2882304037 271.8503802262 380.1970227726
1.2961433232 -0.2137759639 0.8682376054 333.2718912106 204.4640426706
0.8867691270 -0.1269636338 2.4130534049 493.6820114138 139.2341569708
2.5432224523 -0.6373923841 0.7409534547 265.3682037427 253.5047090900
0.3863538972 0.6004048737 2.4777203984 567.2366853699 4.0586518336
1.7478756708 0.7464948804 2.7115920619 414.4452800733 70.2178653858
1.9507874860 -0.6407648270 1.0479185312 321.4767980616 245.9292739053
1.3270867205 -0.5234995568 1.3446707796 390.2266034097 223.5999966729
0.2999752779 -2.0607219307 2.4452932410 574.8242132220 332.3925472284
1.9041661336 -2.7694805772 1.8613690763 418.5852506621 360.5646682310
-0.1488004004 -2.9553414777 1.9345515260 632.3372946996 474.9229179013
1.1641200600 -2.7568952982 2.8068855712 499.3250790596 334.2228563354
1.5235769822 -1.1851647188 1.3670204011 391.6412617585 288.2243273657
0.5907485963 -0.3012064055 2.8976125351 546.9075553620 144.3381062750
1.5116640493 -2.8250780375 1.5329666214 431.4935587144 397.0252723322
2.8384515790 -2.7845431762 0.8899561949 326.7903278719 381.9551063851
0.6812398773 -2.9641218080 2.8611191676 541.1544352063 356.5609604997
-0.6234941816 -2.3304749221 2.5405973644 732.0590675401 393.0230644477
0.8063107787 0.5184446572 1.0431785338 380.1440872434 20.0364916903
1.8439066339 -0.9471699808 1.1522247373 346.9572752178 271.7945548484
1.4488983111 0.6617484764 1.0469220162 297.9525542711 54.7526100264
-0.1829379517 -2.5761408041 2.0242684627 643.3603063503 438.2085860609
2.7059739807 -0.7331271193 0.7287971851 262.3825506357 260.5756321225
1.9496769023 -1.6101641628 0.3732577648 294.2024082533 379.5469973233
0.7034332180 -0.0654622727 0.4930513506 334.3641762007 189.5974969457
0.8632843827 -2.1953825049 0.8209358257 442.3525566544 460.6119097307
1.6947515968 -1.6709432923 1.9441946478 420.0856203682 294.8488605693
0.5875879920 -1.9410979907 2.7733843637 547.2965006303 297.1077573262
1.3192468384 -0.5366856561 1.1335808896 372.9287570299 235.6897005533
2.3746660379 0.5242174031 1.6523616679 311.6070031116 117.0859334834

gimbalangles:
-2.1407875866 -2.4030272824 -1.9083089305

end: