T_CW:
0.6511113577 -0.7187536956 -0.2438178110 -0.0346185898
-0.5542004170 -0.2307469090 -0.7997610655 -0.0450361948
0.5185710151 0.6558574457 -0.5485755310 -0.0592127616
0.0000000000 0.0000000000 0.0000000000 1.0000000000

T_CW_cov:
0.0000004712 0.0000001010 -0.0000000695 -0.0000002476 0.0000009561 -0.0000000792
0.0000001010 0.0000003512 0.0000000056 -0.0000008234 0.0000001678 0.0000000736
-0.0000000695 0.0000000056 0.0000003790 -0.0000000020 -0.0000003145 0.0000000294
-0.0000002476 -0.0000008234 -0.0000000020 0.0000027102 -0.0000004548 0.0000001916
0.0000009561 0.0000001678 -0.0000003145 -0.0000004548 0.0000026445 -0.0000002527
-0.0000000792 0.0000000736 0.0000000294 0.0000001916 -0.0000002527 0.0000008274

target_points_pix:
1.4904409015 -0.8576028127 -2.6357354281 707.8225458689 456.7372863721
0.7583609253 0.4677505926 -2.4511855211 463.1351439777 408.5488853775
1.6304909208 -0.4683184133 -1.9111117291 665.1697297998 348.1610303969
0.4525511890 1.4771543701 -0.3709931605 247.7881081994 178.4679190646
0.0134727521 1.9966532696 -2.2999075116 288.9580724600 366.8890050816
0.0713589459 2.8688959608 -0.9051086491 187.9215468616 237.1862477645
2.6638076555 -1.1338153697 -2.9948707751 728.4469235412 363.2646027398
0.8179732118 2.2948193458 -0.2082891874 240.9820735137 134.8117677531
0.4760255981 1.6652719494 -2.0074300235 331.2955945387 332.3788706443
1.5905470624 0.5227412081 -2.2990225691 496.4471653696 320.7001158083
2.2457088193 -0.2690198173 -1.2941584072 660.9938298201 211.0031071644
-0.0197024909 1.9179607289 -0.7375181316 185.8782965036 256.8512193547
2.1243149059 2.5165360083 -1.1599424087 361.8335334194 175.6598764561
2.2027673226 1.2739145926 -2.7746600208 456.6426723988 285.7533436542
1.7022931842 0.6034113149 -2.4383688156 492.0556600132 317.6020444377
2.2838413789 1.2710353105 -2.0665887182 457.1991409043 243.6568596019
1.3605142988 1.3279683397 -2.8167563008 420.9721146318 329.8985042264
0.8606978522 2.4381202060 -0.8605197644 275.1851611917 200.4736059708
2.8400527988 2.3293742471 -2.5758741647 418.0056190440 234.1707670833
1.9598271384 2.0807628825 -1.8172077782 389.2894630307 228.1097354839
1.2977747122 2.7046068227 -2.0603174099 332.3606141102 257.5326903473
2.8920798147 2.1378650829 -2.5311623147 428.4014396577 232.9424127924
-0.8911796826 2.9815497203 -1.4877817901 117.8296487322 341.1305837833
2.7260240624 2.2495865463 -1.9352716347 412.2457296676 206.7798911338
1.1135292309 2.9590436052 0.6041369903 194.9113075483 32.0149273554
1.4521663042 -0.5399965625 -1.6630885379 704.7222591269 356.5402845567
0.6336242524 1.1783842050 -1.0552852102 343.4617020213 266.1320942284
2.3667225286 2.8706255632 -2.1373102295 373.2888573578 221.6118998399
0.2585293654 0.5934473492 -0.5108773483 320.2719685494 266.6005927159
2.1983390802 1.3671984969 -1.0802983766 439.1332122101 172.2809917751
1.6075514943 0.3175726274 -1.9505948349 523.6141894582 304.2591191660
1.7824561088 1.2368809704 -0.1031601285 411.9171597833 67.2718158031
1.1504892931 -0.6627365524 -2.0403880364 709.2672764616 457.6029356911
2.6588510636 -0.1466194073 -0.3037086062 701.8175101744 23.6288450054
1.2383180701 1.3099832525 -2.0678546936 406.8528016270 297.6132780847
0.7871674616 2.0424983208 0.2012990387 216.3518286767 68.7044045453
1.3716637695 0.8792669647 -1.3574988410 443.6011426650 249.2703108589
0.9719223617 1.9689701437 -1.5625638722 334.8782519826 259.2790094667
2.8361755367 1.9949440335 -2.4556373968 433.2463190524 232.9783498330
0.9923400970 0.5709656991 -0.1292795507 437.5851913869 72.0736146623
0.7575916053 0.2523891601 -1.0951950878 494.9369644685 316.9242363535
0.8962104592 2.8887750237 0.0742970148 209.6421248108 103.6701735923
2.4003927181 0.1999549924 -0.1597382894 620.7122716400 16.9218101323
1.4570043822 2.3114412965 -2.8657043889 372.3861079740 297.5180447229
1.6781638844 1.7635796532 -1.0815039641 380.5938066897 190.7648221310
1.4697371940 1.7050643911 -2.6910499524 400.9933067056 305.6277110139
1.4997362677 2.2552284310 -1.7042058754 354.9914251876 236.8038413568
1.9711161295 2.5320500174 -0.8647562015 347.2647572418 159.5046613794
1.1375885433 -0.0063029323 -2.6361798873 541.3869376204 415.3545296153
0.6325419191 2.6208530677 -2.3930825352 307.7960554288 306.5382106693
2.0870307964 0.3507490887 -2.2443769366 533.1628903739 289.4909081351
2.8407462338 2.6756664027 -1.3199547291 388.6511359769 166.0113541315
0.8583509219 1.9819683117 -2.4177920373 350.0253571022 316.4636674978
0.7902253300 -0.0498267092 -0.2495925517 681.7249969619 94.9354747566
-0.7126786561 1.9834577945 -1.0618160856 98.3363061349 363.2086309868
1.9193600062 2.7960739311 -1.6739447817 349.8612855578 212.5704411208
2.8049534027 1.7549510628 -2.7261348255 446.6242080996 250.1388752462
2.9691898119 0.8306301282 -1.4718533968 517.1242902790 179.5521806711
1.4706806190 -0.4806013601 -2.0637464314 657.0374008096 382.7378567052
2.4239824816 0.7568461512 -2.0444246221 504.1136870648 245.4805251713
2.5332886341 0.3624403137 -0.8886724309 567.6664445213 139.1181598893
2.7230803671 2.1668952310 -1.0932890004 407.3780380479 155.0419231049
-0.0667491202 2.8893935758 -1.8135267343 227.1661782361 306.3034097063
2.8849499926 1.7528628131 -1.9172862492 445.1908351042 205.4001843897
1.1468270981 2.4561268263 -0.9711199181 301.5863124546 196.9990404453
1.8638170845 2.7136824619 0.0667283887 303.4620698354 79.2531880421
1.7836301664 2.3017608285 -2.5962998189 381.9137488420 271.9799406847
2.0330982211 1.2071025275 -0.3551796497 437.2321261149 97.5631063682
1.1730569531 1.2704948479 -1.1105960248 385.7854427722 227.7044555664
0.6570472120 0.4945068807 -1.4712885553 443.4051129250 351.3177416591
0.7279847276 1.9901461379 -1.3627605785 307.7915584248 258.0737821859
1.5773005481 0.8563350408 -2.8473658583 465.1338083370 337.0950486443
0.7664780110 2.9653914697 -0.1033146028 205.4218256207 128.7712783158
1.7669752855 0.9690625695 -0.5529376649 450.0132266292 131.3771788702
2.3311839498 -0.9539271198 -2.8889311096 704.3801750352 376.4781313835
1.1060195470 2.4830620612 0.3854567192 225.8548182540 46.5056376823
2.8833560441 2.6773336796 -0.2468877160 373.8541248506 90.0843867321
2.7832056284 2.7310910625 0.6875618561 344.7160364141 0.0758664607
0.4773538111 1.3095008612 -1.5680206608 339.5844275940 321.1446071277
-0.4791536927 2.3891232452 -2.6389828612 248.3322595246 398.8329525354
1.9631750106 0.7384015444 -1.1730532119 491.3392738472 196.9247833642
2.7390766891 1.4458832406 -1.4800111153 458.2088618278 184.3666827304
1.1137504699 -0.3175425869 -1.4064089642 657.5849781933 359.3040144854
2.9181215669 -0.3698662499 -2.9485027558 619.0501588228 306.2163234683
1.8142779780 2.3081898863 -0.8022692629 348.2764017126 159.3056253479
0.1815827826 2.0076210646 -1.8337579884 281.5813983529 327.5142492524
2.7857291322 0.2667104279 -2.9126554396 551.1159150643 291.3635624084
1.0562875771 0.1801981948 -0.5239100279 551.5055978341 171.2138683025
0.5522005358 2.0961738439 -1.3378655295 286.4315027223 264.1672162913

gimbalangles:
-0.6014051632 0.2462938623 -0.7361046707

end: