T_CW:
0.8500844854 0.2889094383 -0.4403268153 -0.0377849120
-0.5156379644 0.2865384773 -0.8074733375 -0.0545486646
-0.1071160932 0.9134697792 0.3925545886 -0.0243232043
0.0000000000 0.0000000000 0.0000000000 1.0000000000

T_CW_cov:
0.0000004752 -0.0000000009 0.0000000095 -0.0000000361 0.0000010290 0.0000000988
-0.0000000009 0.0000003061 -0.0000000046 -0.0000007312 0.0000000069 -0.0000000717
0.0000000095 -0.0000000046 0.0000002818 -0.0000000119 0.0000000968 0.0000000100
-0.0000000361 -0.0000007312 -0.0000000119 0.0000024008 -0.0000001010 -0.0000000101
0.0000010290 0.0000000069 0.0000000968 -0.0000001010 0.0000028641 0.0000001913
0.0000000988 -0.0000000717 0.0000000100 -0.0000000101 0.0000001913 0.0000008937

target_points_pix:
0.1742910257 2.9893768659 1.8724033039 385.8510006395 183.0524848202
-1.8989089335 2.7021134331 -0.4054152166 307.9360861691 436.5222126336
0.3768682695 1.5477426008 2.0531356562 355.7195417017 75.3488364266
0.4525511890 1.4771543701 -0.3709931605 575.6858989111 332.5841447383
-1.4021994661 2.7108304751 0.3961482093 320.8141293694 338.2682973652
0.9456625691 1.7601532697 2.9743486518 372.0825716074 16.8981009476
0.0713589459 2.8688959608 -0.9051086491 510.6802581750 397.8464153027
-2.3803740549 2.2241037003 1.1999952244 202.9888901218 314.0002573914
-0.3054732399 1.1553874900 0.2017032538 364.1777380715 296.9457996203
-0.1910322562 1.2311524432 2.2972743069 272.9145543243 65.1841767585
0.8179732118 2.2948193458 -0.2082891874 554.8195313664 283.9870361852
-1.4132040819 1.7390647207 -0.1303300090 276.5721473028 425.2289083028
0.4157939103 1.1830938811 0.6503161745 446.1209106038 152.7083796416
-0.0197024909 1.9179607289 -0.7375181316 513.7117814025 424.4081858149
-0.8454043785 2.6955158446 1.3401100284 330.3249007471 245.2395111338
1.6912700364 2.9152958030 2.0943006760 472.6283836700 108.1231301462
-2.1145543690 2.5368280306 1.6527436758 235.5687012138 272.2514221849
-2.1987197781 2.6869103662 1.2249913925 246.9119362994 305.6696904024
-1.8036662741 2.9213890742 0.4185609520 301.8522677735 350.3234049717
1.6985656786 2.3108705817 2.0575274508 479.4157642450 67.4975081545
0.8606978522 2.4381202060 -0.8605197644 617.7403488807 361.6845185034
-0.8437154314 1.5526174756 2.5041567278 237.1536510963 122.2637080952
-1.4715007191 1.0947300271 1.7225109219 143.9248362563 189.7118185608
-2.4109286583 1.5240721805 0.6122623179 126.9273592571 386.1183021499
0.6837708879 1.9678359559 0.5759732938 483.0717566444 200.8468749551
2.4952987901 1.9204534977 1.3630564139 622.0294675706 10.5572450429
-0.4403439149 0.7830369850 1.9775365700 206.5268226082 47.9291539050
0.3223913466 0.6572687096 0.3411312926 474.0959809220 129.3121936285
-0.3089028941 2.6625183818 2.6735419307 326.1952864963 150.0969950733
1.1135292309 2.9590436052 0.6041369903 504.8116308871 216.3305742675
-0.8537239679 1.5280305348 1.0098617859 275.5465034349 240.6163357061
-1.8400861476 0.6802285019 2.7417002054 37.4285360382 94.1357104933
-2.2600804841 2.7042386112 2.9957597684 218.9922333280 206.1860070656
-2.2552646269 1.6043643505 1.8194632491 143.9557663789 249.5457071755
1.5404004160 2.0873391010 1.9086104661 476.7021623746 63.8645780445
-0.7198827339 0.7791230628 0.4858749195 213.5894654838 276.9313260647
1.0168380356 1.8187565862 1.2681363448 470.0333337568 110.4289656683
-1.4178930604 0.5616682054 2.3963558138 48.5765927642 71.7065572900
0.7871674616 2.0424983208 0.2012990387 524.5035692291 234.5968704825
-0.2121167416 1.7897788713 0.8297268490 367.0879635777 226.9350105092
0.0114893594 1.4849654352 2.7194465450 294.9672357023 54.9402874807
-1.0463656283 2.8561966183 2.4513405431 297.1859937691 194.8847962538
-1.3853892513 2.8067198839 2.5439830716 275.2464389752 200.8489610677
-2.4055301863 0.9708260692 2.4281034256 40.3233043802 181.6344003936
0.8962104592 2.8887750237 0.0742970148 520.1495378797 263.4038722945
-1.3300249498 2.5741901058 1.1257362683 298.8224050974 277.7688783900
-1.1012706995 2.9606741992 0.3197833124 353.8227147886 330.8505957506
0.3612892001 1.9794375196 1.7997934799 380.0886257281 128.3900494573
-1.2276053261 2.6819769802 0.8135725963 319.3876495661 297.5853298736
-2.3268183976 1.7937684323 2.5591340519 153.9669781340 205.2277324259
-0.6125680017 0.4219487398 1.6907229199 113.3104169873 21.5330817316
-0.7909341437 1.6858794598 2.4060578815 253.3922704897 134.4097185423
0.8587961988 2.4448778198 2.1427041175 412.4938679205 114.7158596772
0.4245033914 1.0191820396 1.0525622049 404.5206137919 81.7919121640
-0.9064956900 1.3399447130 1.3053989599 242.1240122932 205.1761271212
1.2202986687 1.9498949965 2.2978520360 428.0053991321 50.0954971120
-1.6435711194 1.7206815262 -0.2385074952 251.6981797975 458.9756202257
-1.7250105261 1.3799615575 1.7287495262 160.2482002513 220.4938809078
-0.5327274467 1.8078641803 2.4510237977 279.5364034985 126.1475058371
-2.7642033712 2.8377397974 0.0312227722 242.2927726997 421.0936074009
0.0615378091 1.2928000387 1.6921680272 327.6797413224 95.2949649712
-1.8473174646 1.5680524798 0.7082291128 186.9472796379 339.1181364810
-0.6100045683 0.5645809022 0.0344290762 202.0731234643 406.6594392270
1.9577623473 1.9570472736 1.2495788176 569.5191362307 60.6386102654
-1.0407025969 1.8511915990 0.7612577383 291.1073834934 285.8926598160
-2.1579012616 2.6158550684 1.2160301151 245.2971921312 304.5463423783
1.4063415740 2.6146316096 2.3857624421 441.5151656356 89.3056362200
0.8374901713 1.4854764911 2.1589736941 392.9456991890 30.8355260828
-1.7178836189 1.5332592184 -0.2148120387 217.8732843673 476.2035165349
-2.4747552270 1.7971304399 1.5320622131 151.6146524854 288.1945028961
-2.8987142952 2.4095418038 2.8717692845 169.8347152212 226.9662609464
-0.8258884787 1.9551499206 2.9404138368 256.9624506298 123.4188257288
1.1468270981 2.4561268263 -0.9711199181 667.7844984978 358.3028127639
0.0760607588 1.1070308493 1.1084568367 351.0975504188 124.6800440329
1.8638170845 2.7136824619 0.0667283887 619.2824809756 208.6157765127
-1.4769533415 0.8018814294 2.2416422603 91.5418750120 118.6211383418
-1.2490170593 1.8097791482 2.9824056964 219.4543999624 132.3674412192
-2.7635838127 2.5758996306 0.1771810151 220.7984262853 416.0087842331
-2.5526482625 1.6899305882 2.4297630987 129.6505953390 220.5423449306
-2.9155772865 1.8015255028 0.9202060444 122.2321656557 368.3584603549
1.7827388544 2.9902355627 2.0898483581 478.3159938167 108.7633251780
0.9641042651 2.6882373571 1.1690572800 465.8568551628 176.6155303112
-2.2550310878 2.7469332465 2.5621232452 226.9257290063 228.3226587381
-1.9208082146 1.6423306677 1.6909841948 175.1523548606 243.8010521096
-1.5057213679 1.4881960724 0.1935683238 225.6056525449 392.1548569708
0.7664780110 2.9653914697 -0.1033146028 518.4101926996 285.2005531817
-0.2705378639 1.4697607094 2.7967741969 268.9827955768 66.2422519762
0.4083008837 1.8891851128 1.7336414602 384.7715860076 123.3386980179
-0.3200082119 0.9773080063 1.1397837352 280.4544089676 144.6487367002
1.1060195470 2.4830620612 0.3854567192 529.3289831442 215.7061412922
2.7832056284 2.7310910625 0.6875618561 654.0100875554 114.5560118126
-1.4239071394 1.7163547221 -0.1251398761 272.8842241400 426.4479947799
-1.0390669904 2.4980477584 1.6226163434 301.7490717827 230.4584666577
-0.1459639570 2.6501550755 1.2960006555 378.0248508601 217.5079556479
1.8809823717 2.0841163296 0.5893151287 616.4530418821 125.1617576523

gimbalangles:
0.4525077729 0.4559626436 -1.8984090453

end: