T_CW:
0.9448420942 -0.0064819146 -0.3274620616 -0.0359978845
-0.1442329405 0.8894057562 -0.4337675181 -0.0452375771
0.2940582866 0.4570726263 0.8394130917 -0.0029437802
0.0000000000 0.0000000000 0.0000000000 1.0000000000

T_CW_cov:
0.0000005486 -0.0000000372 -0.0000000341 -0.0000000360 0.0000011265 -0.0000001528
-0.0000000372 0.0000002867 0.0000000105 -0.0000007340 -0.0000000174 -0.0000001144
-0.0000000341 0.0000000105 0.0000002670 0.0000000237 -0.0000000732 0.0000000090
-0.0000000360 -0.0000007340 0.0000000237 0.0000025038 -0.0000002275 0.0000003921
0.0000011265 -0.0000000174 -0.0000000732 -0.0000002275 0.0000029061 -0.0000003366
-0.0000001528 -0.0000001144 0.0000000090 0.0000003921 -0.0000003366 0.0000008082

target_points_pix:
0.1742910257 2.9893768659 1.8724033039 334.4767648849 383.4196350103
0.4101131736 0.5362741924 2.2116901022 334.2798936911 175.6178570341
0.3768682695 1.5477426008 2.0531356562 340.7684403069 276.3784555324
2.9185907309 1.9178459633 1.8610296438 529.4555134194 271.3079210336
0.9121584893 0.1426808612 1.2079831403 452.5193696814 136.3300003150
0.9456625691 1.7601532697 2.9743486518 366.6328818090 245.9025304441
2.2959027539 -0.3651612911 1.0377432566 690.8517964307 37.2547662829
-0.1910322562 1.2311524432 2.2972743069 278.1429998515 247.6053645091
0.8211055262 1.2423480346 2.5425745515 366.9886180043 226.2752916537
0.4157939103 1.1830938811 0.6503161745 402.6055677456 372.9278380585
-0.8454043785 2.6955158446 1.3401100284 226.9662706489 457.0078688686
1.6912700364 2.9152958030 2.0943006760 433.1212134947 333.7027672071
-2.1145543690 2.5368280306 1.6527436758 49.1767287342 465.9548556062
0.2911990845 0.4534318924 1.9094584180 325.5645651668 174.1143924218
0.8344632586 0.7250167015 1.6089183875 403.0431208121 212.0851162578
2.6388940522 0.2859068827 0.6616028722 746.4014308079 163.5561428450
-0.2146575641 -0.5046357991 1.9549094726 217.7219210683 3.6722837842
2.6356910408 1.1581813945 0.7110316627 657.3621253238 277.3157442113
1.6985656786 2.3108705817 2.0575274508 440.1847563490 303.9129260341
2.2974160006 1.1434337072 1.1115312662 575.6672089805 257.5485507749
-0.8437154314 1.5526174756 2.5041567278 218.1796970609 274.6228181054
1.8636994645 0.9851570773 0.8625067980 577.2943270280 266.0173988382
-1.4715007191 1.0947300271 1.7225109219 55.4659256535 302.5685783761
0.6837708879 1.9678359559 0.5759732938 437.8026094702 447.0812504089
2.4952987901 1.9204534977 1.3630564139 538.9571726445 302.0957811770
-0.4403439149 0.7830369850 1.9775365700 233.5719175622 221.2128852279
0.3223913466 0.6572687096 0.3411312926 429.6842526671 362.4791791296
2.4273031833 1.9853565523 2.7413508252 458.3961126545 250.7576266982
-0.3089028941 2.6625183818 2.6735419307 287.6116993895 326.3090164219
1.1135292309 2.9590436052 0.6041369903 463.7723707664 479.1911306909
0.3581181741 0.7410917287 2.9171161179 320.2361414527 180.7189879736
-0.8537239679 1.5280305348 1.0098617859 153.8014265322 426.5428089009
0.0001974302 0.4256021854 2.6457210473 284.5572867921 157.9235930519
-1.8400861476 0.6802285019 2.7417002054 62.2602815684 196.9898494941
2.6278435143 1.8946618219 1.8255796272 515.5057904839 275.3698876185
1.3518114199 0.7830964934 2.7510300194 401.7704432734 181.3450436224
-2.2600804841 2.7042386112 2.9957597684 126.6112712665 348.3284657152
1.5404004160 2.0873391010 1.9086104661 438.1101045558 300.8080755554
2.4841714159 1.4051269004 1.6262681959 531.7698099815 252.0160264252
1.8480999231 1.0615362460 2.2632808650 454.8259286037 210.6812283714
2.4648997918 0.1336515858 2.7860253487 482.1869926279 124.0914683451
1.0168380356 1.8187565862 1.2681363448 430.2012070956 336.1904593899
0.9146035834 1.0196575720 1.7087156997 404.5338494399 238.2887171343
2.3406080829 1.6524588336 2.3188796262 475.6409142730 245.3524862536
-1.4178930604 0.5616682054 2.3963558138 92.1116521050 189.7590932490
-0.2121167416 1.7897788713 0.8297268490 288.5448586723 442.7226668047
0.0114893594 1.4849654352 2.7194465450 299.7251319457 247.2620103505
2.3780720027 -0.0837965984 2.0767695085 529.5253610864 102.2233334347
-1.0463656283 2.8561966183 2.4513405431 229.0259149254 364.9692404387
1.2103062974 0.1184933070 0.6222756592 610.2625617966 139.5549557418
-1.3853892513 2.8067198839 2.5439830716 198.6904132612 363.9884614853
2.6984458114 1.3496573022 0.7124865195 649.2287916741 294.6684432345
2.1326369723 1.5933316956 2.3844999725 460.9394605045 241.7278715466
0.5781786926 0.7674459552 2.0919120920 356.1668723608 201.9697127746
0.3612892001 1.9794375196 1.7997934799 346.7793712992 324.3057406178
1.1655134506 1.3593261429 2.2617282296 401.9909743115 240.8006064657
-2.3268183976 1.7937684323 2.5591340519 48.2438882003 321.8201380219
2.2679231297 1.6166728105 1.6066018340 513.3112845447 271.9714117361
1.5339740108 -0.0088084180 1.0042570867 579.0879845424 106.1596614110
-0.6125680017 0.4219487398 1.6907229199 177.0585966543 186.2550686553
-0.7909341437 1.6858794598 2.4060578815 225.4968322728 289.2328538478
0.8587961988 2.4448778198 2.1427041175 379.7077243028 321.7711979472
0.4245033914 1.0191820396 1.0525622049 377.5523171663 296.0249821101
0.5836029694 -0.4548003720 2.6430373429 336.7581219541 53.0825009814
2.2683739193 1.5151538458 1.0720505343 562.4670100402 294.2476373727
2.1449007298 0.0322231014 2.5423879487 476.1391055430 115.1126649534
-0.9064956900 1.3399447130 1.3053989599 151.9215695252 359.0980451875
1.2202986687 1.9498949965 2.2978520360 402.0800753061 278.8829766998
-1.7250105261 1.3799615575 1.7287495262 30.4317756392 344.3708394752
1.2961433232 -0.2137759639 0.8682376054 592.3261434629 48.1142498254
-0.5327274467 1.8078641803 2.4510237977 255.0956235353 290.7382689380
0.8867691270 -0.1269636338 2.4130534049 376.6404122929 94.7133342943
0.0615378091 1.2928000387 1.6921680272 310.7897740091 282.7368145300
0.3863538972 0.6004048737 2.4777203984 327.5744301885 176.6006477611
1.9577623473 1.9570472736 1.2495788176 509.0767088641 323.2878381496
1.7478756708 0.7464948804 2.7115920619 431.1549178261 176.9743493937
1.4063415740 2.6146316096 2.3857624421 408.4333593801 309.4468937343
0.8374901713 1.4854764911 2.1589736941 378.7037767197 258.9074476288
-2.8987142952 2.4095418038 2.8717692845 35.6165903148 355.2123207238
1.5141529547 1.3550904227 1.7856819041 450.9515749623 255.3435850164
-0.0697798789 0.3330106119 2.1652521284 274.2354155506 155.2865697848
-0.8258884787 1.9551499206 2.9404138368 236.1991600259 281.2751310634
0.0760607588 1.1070308493 1.1084568367 319.7470101232 313.9234369638
-1.4769533415 0.8018814294 2.2416422603 85.3626967036 227.3643483456
-1.2490170593 1.8097791482 2.9824056964 195.1793426008 276.4023632564
2.9461481719 2.4968893176 2.7161145307 479.2643820785 271.8796959239
0.5907485963 -0.3012064055 2.8976125351 333.6134848732 77.1830338498
1.7827388544 2.9902355627 2.0898483581 438.0129735207 335.8970837181
0.9641042651 2.6882373571 1.1690572800 421.3786633027 404.6106793511
-2.2550310878 2.7469332465 2.5621232452 108.4143496489 381.8326914088
-1.9208082146 1.6423306677 1.6909841948 10.7125407991 384.3254529541
-0.2705378639 1.4697607094 2.7967741969 275.0609366878 246.8013906170
0.4083008837 1.8891851128 1.7336414602 352.4281441409 321.3971824265
0.8063107787 0.5184446572 1.0431785338 443.6822694828 212.1040208345
1.4488983111 0.6617484764 1.0469220162 523.9031561509 221.5107909749
-0.3200082119 0.9773080063 1.1397837352 242.3673326079 309.1304548456
2.7832056284 2.7310910625 0.6875618561 590.5780998586 393.8049122120
0.7034332180 -0.0654622727 0.4930513506 567.6691942904 67.2643153181
2.3746660379 0.5242174031 1.6523616679 548.5269636679 173.0855586925
-1.0390669904 2.4980477584 1.6226163434 202.8319948847 418.3276577139
-0.1459639570 2.6501550755 1.2960006555 309.2186220246 429.6291649218
1.8809823717 2.0841163296 0.5893151287 561.1192178226 394.7349221141

gimbalangles:
1.3668108548 0.4227751824 -1.8242739127

end: