T_CW:
0.9440915948 0.2337212626 0.2325197453 -0.0247610648
-0.0780902724 0.8437432309 -0.5310360343 -0.0514637378
-0.3203013736 0.4831891263 0.8148222495 -0.0008101605
0.0000000000 0.0000000000 0.0000000000 1.0000000000

T_CW_cov:
0.0000003886 0.0000000079 -0.0000000198 -0.0000000354 0.0000007412 0.0000000363
0.0000000079 0.0000002442 -0.0000000103 -0.0000006025 0.0000000345 0.0000000240
-0.0000000198 -0.0000000103 0.0000002352 0.0000000607 -0.0000000922 -0.0000000053
-0.0000000354 -0.0000006025 0.0000000607 0.0000019893 -0.0000001113 0.0000000204
0.0000007412 0.0000000345 -0.0000000922 -0.0000001113 0.0000019194 0.0000001364
0.0000000363 0.0000000240 -0.0000000053 0.0000000204 0.0000001364 0.0000004477

target_points_pix:
-2.8948441399 0.6269529752 1.2765981320 128.6859168978 242.2196094151
-1.7842749994 0.3589897521 1.3896783254 207.5488287237 195.1071015472
0.1742910257 2.9893768659 1.8724033039 481.3451191559 361.1548649401
0.4101131736 0.5362741924 2.2116901022 500.8384994641 138.3517652966
0.3768682695 1.5477426008 2.0531356562 498.4588646785 253.5249195443
0.9121584893 0.1426808612 1.2079831403 741.1029365999 34.9020913448
0.9456625691 1.7601532697 2.9743486518 535.5220899255 221.6438477095
-2.3803740549 2.2241037003 1.1999952244 248.8825533238 357.4783111096
-1.6797658353 0.4497206555 0.9246442775 168.3944735750 234.5220175939
-0.1910322562 1.2311524432 2.2972743069 434.4049325690 218.4806156096
-2.9630438574 1.2498685434 0.2703220651 38.3036786125 388.3105828389
0.8211055262 1.2423480346 2.5425745515 539.0895890301 197.5343959752
0.4157939103 1.1830938811 0.6503161745 574.1723597551 381.5849389726
-0.8454043785 2.6955158446 1.3401100284 385.9120331693 382.3158654462
1.6912700364 2.9152958030 2.0943006760 632.5521313379 348.9451006414
-2.1145543690 2.5368280306 1.6527436758 297.3758675973 342.4009850104
0.2911990845 0.4534318924 1.9094584180 490.1940221365 137.9995906928
0.8344632586 0.7250167015 1.6089183875 602.2640848847 176.9604367950
-2.1987197781 2.6869103662 1.2249913925 279.7056033388 379.3844471402
1.6985656786 2.3108705817 2.0575274508 654.6841140486 312.0393883675
-0.8437154314 1.5526174756 2.5041567278 385.2877336548 239.3159128282
-1.4715007191 1.0947300271 1.7225109219 298.9132431671 246.6938637755
-1.6281093659 -0.3303049794 1.0078361132 87.9948845461 88.6400377149
-2.4109286583 1.5240721805 0.6122623179 157.9309528061 372.0680191242
-0.4403439149 0.7830369850 1.9775365700 398.1567957363 193.3001263453
0.3223913466 0.6572687096 0.3411312926 627.4938068736 385.5979048113
2.4273031833 1.9853565523 2.7413508252 712.5051099303 237.3897419963
-1.9557092750 -0.1852068968 1.1358403326 101.9585007687 130.5721882623
-0.3089028941 2.6625183818 2.6735419307 438.1268720251 294.0224103506
0.3581181741 0.7410917287 2.9171161179 482.6825557632 147.1357244341
-0.8537239679 1.5280305348 1.0098617859 344.0604572741 341.3995730081
0.0001974302 0.4256021854 2.6457210473 445.9649152791 127.4066488661
-1.8400861476 0.6802285019 2.7417002054 301.0147451424 178.8383643301
1.3518114199 0.7830964934 2.7510300194 604.6703512162 133.7891515924
-2.2600804841 2.7042386112 2.9957597684 330.6434716235 283.8594425691
-2.2552646269 1.6043643505 1.8194632491 265.3809683965 281.1438820307
1.5404004160 2.0873391010 1.9086104661 651.0514267866 306.8318197368
1.8480999231 1.0615362460 2.2632808650 717.0968113048 171.0042746486
-0.7198827339 0.7791230628 0.4858749195 275.9170737027 337.3615411427
1.0168380356 1.8187565862 1.2681363448 628.0397376782 350.8974636916
0.9146035834 1.0196575720 1.7087156997 599.2466221151 213.7912778259
-1.8310523068 -0.1889451984 1.5644050636 179.2897045673 116.5103900250
-1.4178930604 0.5616682054 2.3963558138 314.2380471993 172.5656445839
-2.6261878393 -0.7849814902 2.7541684472 191.9496144767 63.2084368279
-0.2121167416 1.7897788713 0.8297268490 433.5271918713 395.3064110116
-2.3787147104 0.3569107646 2.5683948238 248.2084809630 165.0482970845
0.0114893594 1.4849654352 2.7194465450 454.9924272243 219.6533517828
-1.0463656283 2.8561966183 2.4513405431 390.2826272237 313.7518925507
-1.3853892513 2.8067198839 2.5439830716 370.1434912574 307.0186452991
-2.4055301863 0.9708260692 2.4281034256 262.1473768680 214.3941418995
-1.3300249498 2.5741901058 1.1257362683 336.3477481821 391.3478508999
2.1326369723 1.5933316956 2.3844999725 722.8928999551 223.0056245846
0.5781786926 0.7674459552 2.0919120920 527.1729400396 167.7353497657
0.3612892001 1.9794375196 1.7997934799 501.1872870853 306.2663251541
-1.2276053261 2.6819769802 0.8135725963 337.5211896390 432.3535068592
1.1655134506 1.3593261429 2.2617282296 593.8341506192 216.9531837995
-2.3268183976 1.7937684323 2.5591340519 296.4562893103 258.2875631113
-0.6125680017 0.4219487398 1.6907229199 360.2611432783 165.6548212989
-0.7909341437 1.6858794598 2.4060578815 389.7475689838 251.9650586294
0.8587961988 2.4448778198 2.1427041175 545.0053859233 313.0935860012
0.4245033914 1.0191820396 1.0525622049 546.4168100626 282.3912059696
-1.8196517110 0.4238616465 0.7629712756 123.4497019547 246.8971577384
-0.9064956900 1.3399447130 1.3053989599 343.3243900225 294.9811947151
1.2202986687 1.9498949965 2.2978520360 586.7500687388 267.5513671416
-1.7250105261 1.3799615575 1.7287495262 289.6719507641 269.7863601889
-0.5327274467 1.8078641803 2.4510237977 412.7491443170 256.5071644004
0.8867691270 -0.1269636338 2.4130534049 576.0990800895 13.6615039002
-2.0168399528 -0.7930379665 1.4646715140 80.4608352383 16.4809546934
0.0615378091 1.2928000387 1.6921680272 464.2238844133 256.0924919753
-1.8473174646 1.5680524798 0.7082291128 219.5357456634 369.9505412153
0.3863538972 0.6004048737 2.4777203984 492.0837714363 140.8122662234
-0.6100045683 0.5645809022 0.0344290762 150.5914353712 461.4098180840
1.7478756708 0.7464948804 2.7115920619 668.0881710992 119.6300418010
-1.0407025969 1.8511915990 0.7612577383 322.6436745841 395.0557879486
-2.1579012616 2.6158550684 1.2160301151 279.3795322796 377.2040550781
1.4063415740 2.6146316096 2.3857624421 591.9129888596 307.6989937012
-2.1605879291 -0.8868400575 2.0349525460 148.8598101093 23.8708294330
0.8374901713 1.4854764911 2.1589736941 552.0503174747 238.5044148897
-2.4747552270 1.7971304399 1.5320622131 243.7773079173 310.0204766159
-2.8987142952 2.4095418038 2.8717692845 292.4017496258 276.9196420075
1.5141529547 1.3550904227 1.7856819041 693.6089035572 243.2611135955
-0.0697798789 0.3330106119 2.1652521284 436.0484829276 125.9087086996
-0.8258884787 1.9551499206 2.9404138368 397.7776731201 246.3001347439
0.0760607588 1.1070308493 1.1084568367 471.7486105371 288.9653618978
-1.3015980204 -0.4775983353 1.9294706893 249.3765084969 50.4188767497
-1.4769533415 0.8018814294 2.2416422603 311.3442316436 198.9652896394
-1.2490170593 1.8097791482 2.9824056964 369.7476827465 238.5066200805
-2.7635838127 2.5758996306 0.1771810151 163.2590579211 477.9011123762
0.5907485963 -0.3012064055 2.8976125351 510.7484094907 13.9961586786
-2.5526482625 1.6899305882 2.4297630987 276.8189899449 258.3797825729
-2.9155772865 1.8015255028 0.9202060444 172.3476143905 354.2372785274
1.7827388544 2.9902355627 2.0898483581 642.3424949005 354.5323940349
0.9641042651 2.6882373571 1.1690572800 597.9281404590 428.8043184947
-2.2550310878 2.7469332465 2.5621232452 321.2641155046 302.9719372377
-1.9208082146 1.6423306677 1.6909841948 283.3086145437 290.3824397775
-1.5057213679 1.4881960724 0.1935683238 187.6018863673 456.7707333881
-0.2705378639 1.4697607094 2.7967741969 431.4533059004 217.8597256519
0.4083008837 1.8891851128 1.7336414602 508.2393687489 304.6460012164
0.8063107787 0.5184446572 1.0431785338 691.4850990328 173.2924023855
-0.3200082119 0.9773080063 1.1397837352 401.9375986192 270.6847322749
-0.9075675655 -0.5141792791 2.0537428217 301.6747515302 27.5867493307
-2.8451823330 1.0493991114 0.7078918140 96.2171736076 321.9366243334
-1.0390669904 2.4980477584 1.6226163434 371.8330782675 347.0564580397
-0.1459639570 2.6501550755 1.2960006555 452.3816058600 392.9749635586

gimbalangles:
1.1165646890 -0.3975735127 -1.8675988458

end: