T_CW:
0.1341341575 -0.9890897781 -0.0609051618 -0.0311995388
-0.4991028444 -0.1205256380 0.8581199924 0.0189408320
-0.8560983463 -0.0847052628 -0.5098241265 -0.0415036827
0.0000000000 0.0000000000 0.0000000000 1.0000000000

T_CW_cov:
0.0000005283 0.0000000084 -0.0000000096 -0.0000000497 0.0000012762 -0.0000000548
0.0000000084 0.0000002863 -0.0000000008 -0.0000008649 0.0000000303 0.0000000397
-0.0000000096 -0.0000000008 0.0000002165 -0.0000000085 -0.0000000627 0.0000000010
-0.0000000497 -0.0000008649 -0.0000000085 0.0000032953 -0.0000001494 -0.0000000629
0.0000012762 0.0000000303 -0.0000000627 -0.0000001494 0.0000037670 -0.0000001460
-0.0000000548 0.0000000397 0.0000000010 -0.0000000629 -0.0000001460 0.0000006876

target_points_pix:
-2.8243573618 2.6628569762 -1.5907718359 134.6362790458 218.5455341677
-2.4509590965 0.8871749841 -2.1853645049 289.0017303023 181.7518306705
-1.1698605629 -0.0915581141 -1.3700899405 373.2334513053 158.0136730375
-0.4339811544 0.3604827340 -1.2275564470 278.2581572077 14.4402659752
-1.2830020915 -0.7477612956 -2.9741651212 441.0983318400 74.1870102245
-2.5095895023 1.4537282118 -1.9005724212 236.8580378724 195.7736374249
-1.9323731186 -0.3012474738 -0.7481905140 381.6445774374 284.7918954296
-2.1173200533 -2.1447782396 -1.4060294826 546.6765043552 251.1327765433
-1.7590488229 -1.6158880204 -0.8003083999 541.3775722480 288.3034710407
-1.3783621819 0.6183489028 -2.2812195003 301.2169195983 97.0606717532
-2.7526374896 -2.4282561608 -2.0502608060 519.4930755100 234.5538511276
-2.9630438574 1.2498685434 0.2703220651 194.6637389981 409.2054341945
-2.6318751097 -0.2406755511 -1.7765257254 372.3548372535 227.0066541425
-2.2570881565 2.7082349037 -2.0633919600 117.9420091344 154.7437368439
-2.1289845198 -2.0063977310 0.0907732718 586.3439114982 417.4917965821
-2.4349464755 0.7633696205 -1.9950480928 295.2389958510 193.5628280255
-1.5006224968 -2.7756126823 -1.2469839680 671.4634603145 243.2711542227
-2.9891561525 1.0928385460 -1.1234454871 258.7238308529 273.0562764707
-0.3342155314 -1.4791719233 -1.8288346165 653.5649654337 15.7110372001
-1.9740008485 0.2407913313 0.2379810357 287.2119758114 428.8840315065
-2.5927084704 -2.6493188930 -0.8510426906 570.8328740963 316.4803421463
-1.4003785247 -0.3736922668 -0.7233151088 405.5008378944 261.6487484043
-2.7312989435 2.6530594031 -1.3942433270 120.0413346020 227.9164044380
-2.6333375856 2.5260876036 -0.4714651478 66.9976235424 306.9881886805
-0.8431574331 -1.9395949874 -1.4799140705 657.2512394295 149.3606335240
-2.6437567343 -2.7994983705 -2.3091975591 543.1513637155 219.2326848156
-1.2333229781 0.8026401249 -0.6833503019 198.0241840715 230.4809266302
-2.7741509670 -2.0402444891 -0.1757024121 526.7245407001 379.2023125464
-2.4109286583 1.5240721805 0.6122623179 84.7657166576 478.7850769337
-1.9646052403 -2.0029863434 -1.3242917964 547.2555072098 249.7361854403
-1.2292746160 0.8858709981 -2.9739817686 287.3798590551 39.6948049926
-0.7482836631 -2.2901477881 -2.3809329031 649.8844075696 73.8979074951
-1.8905943680 -2.4627044847 -2.4214448040 559.3557487243 174.0162716419
-1.5747020397 0.3647896395 -2.1186734669 326.5988478229 131.0328960342
-2.9933007186 -2.9934415882 -2.4369486571 536.4331937703 226.4712739729
-0.9505699837 -1.1068315995 -0.2186933854 610.1796704050 348.2133367511
-2.5954390840 0.9615306910 -1.9993108423 281.5389074270 199.4510491157
-0.5276153481 -2.5064104042 -2.0030443754 743.0147270504 72.6305039275
-1.2146827552 0.4313236250 0.0528315889 213.8609632038 399.5851601735
-2.4795398100 0.0634801912 0.4110664761 316.7541470923 447.1269341601
-1.8048953481 1.9335417400 -1.4229821744 129.4688155457 176.9903936669
-0.9856763569 -0.5848182569 -0.8305814883 463.5851741434 214.6549447164
-2.8798376111 -2.4797889453 0.6139716428 583.4762793654 477.3732432415
-2.3495685473 0.3594685558 -2.9255488728 338.3631042814 143.5425356932
-1.2272046121 -1.5636394124 -2.1282380772 536.0906349198 130.2478602788
-1.7586502624 -2.0947587884 0.1629999156 653.8463762842 439.6240658021
-2.4637418305 -2.7427375996 0.0218696577 623.5848566303 408.4200635534
-2.7764038774 2.3680402460 -0.8289858517 120.3761077708 278.1409133140
-2.1679331945 -2.2497089087 -2.4883330897 527.0898694767 183.1815529372
-1.2502089736 -0.4633432231 -1.6307261334 420.9586782039 150.3572743133
-1.7725763211 0.1321032521 -2.5127218453 353.5617958411 127.8332154709
-2.0098147786 -2.3425078733 -0.2469870441 620.4986274459 371.4503724888
-1.0103194588 -0.8321822294 -2.8083801352 461.3316041588 53.7845988783
-0.3638610292 -0.9546125156 -1.7797905765 562.2375264717 6.6537997145
-1.6435711194 1.7206815262 -0.2385074952 25.6593490046 316.5937183848
-2.8070000852 2.1028983329 -1.6509945629 184.4298623906 219.5567123413
-1.0050947886 1.3796874961 -1.1237346037 97.9038988434 123.8512935751
-2.9469886051 -0.0556582209 -2.3291306646 360.1664089620 206.5043816268
-2.2714974815 -1.5754805292 -0.3708202209 510.5781513548 350.8832547043
-2.2906387154 -1.9032725139 -2.9466558645 491.6251756265 162.8168309965
-0.3936100835 -1.1881348723 -1.5631378304 615.7972761907 40.3302475604
-2.0786952816 -1.2439389284 -2.8570242590 455.4890313547 148.2952205022
-1.5563505293 -2.3259772891 0.0237559221 712.7573287771 419.2601943226
-1.9296688539 -1.8920561824 -1.4908164832 535.0887723946 232.9523429289
-1.8553364985 -2.2370036957 -1.3848175939 575.0120011928 242.1636678499
-1.1895189559 -0.0584733151 -0.8465864265 361.3599239636 221.2925744745
-1.7178836189 1.5332592184 -0.2148120387 72.2557261063 326.6443107686
-2.1610756819 -2.5467967732 -1.5818627512 571.3064973894 243.5883518238
-1.0310568987 0.1681308091 -1.9239170579 346.0330928085 87.3589290384
-1.6965573658 2.2500304313 -1.4300462053 77.8649539820 161.0746621324
-0.7896994598 -0.6712832293 -1.4482634684 479.3235306898 112.8993740039
-2.9458023404 -0.1409691835 0.5459986167 340.3068170132 455.2944263139
-2.0809982885 -2.3007220402 -1.1211365928 571.5107689684 275.5401402024
-1.7593186310 0.6483982310 -1.4034331411 281.6158774989 195.7014482288
-1.2283828643 -2.6822559147 -2.2808022666 636.8785619449 138.6048792684
-2.4005462004 -1.4231052476 -1.7722446267 467.8277255461 229.0396548318
-1.0519031372 -0.6309223896 -1.1260086692 459.9400549374 183.2295657643
-2.5222100225 -0.7635231769 -2.4214857334 413.0208360328 189.4440333551
-2.7635838127 2.5758996306 0.1771810151 20.0844294990 388.3220524616
-1.1789359356 0.5890362018 -2.6866246034 310.9656554316 52.5236860884
-2.3709911216 0.7873857488 -1.7873182151 288.2661593486 203.1677496320
-2.1351115329 0.3711751050 -2.8548084772 336.7958816741 133.3457479562
-1.5993342926 1.4370656586 -2.3495525503 221.9409219144 101.4979119169
-2.3524978632 -0.4190901020 -0.6763358060 386.4830408493 307.7448751688
-1.7962047277 -1.0397187367 -0.0814019688 488.5233227274 384.0033194393
-2.4323608169 -2.8139920343 -0.8519714480 596.1256783024 314.5272266912
-2.5794207443 -2.5586017987 0.5377249120 618.4569197513 477.6276443050
-2.2583880082 -1.9579383648 0.2674464298 574.9469475524 442.4330800013
-1.6020343444 1.0108264512 -2.1461077954 259.9432138500 121.1511048515
-1.7376268140 2.4434120148 -2.6251467566 138.7034648953 83.7034264177
-2.7196823128 2.1269550887 -0.8836294877 143.9365951938 273.7806828947
-1.4994475505 -0.9512953885 -2.1558872977 459.1593010967 142.8927495489
-2.8451823330 1.0493991114 0.7078918140 189.4616796161 478.3827695207
-1.9858815282 -1.4791766923 -1.1752089238 500.8335448099 257.8265251185
-2.2862629253 -0.2226837426 -1.4929258470 372.8878677274 231.1109245941
-2.7921738827 1.8243530301 -1.3223706776 195.7180403817 244.4479907867

gimbalangles:
-2.6055097294 0.0609428788 -0.1347914272

end: