T_CW:
0.8687639288 -0.2540340332 -0.4251069818 -0.0377074186
-0.4908782163 -0.5552362333 -0.6713801472 -0.0385280907
-0.0654813927 0.7919466114 -0.6070689845 -0.0601272300
0.0000000000 0.0000000000 0.0000000000 1.0000000000

T_CW_cov:
0.0000004439 -0.0000000759 -0.0000000012 0.0000001929 0.0000009841 -0.0000000253
-0.0000000759 0.0000002384 -0.0000000028 -0.0000007113 -0.0000001501 0.0000000034
-0.0000000012 -0.0000000028 0.0000001943 0.0000000131 -0.0000000390 -0.0000000000
0.0000001929 -0.0000007113 0.0000000131 0.0000027377 0.0000003716 0.0000000468
0.0000009841 -0.0000001501 -0.0000000390 0.0000003716 0.0000027980 -0.0000000594
-0.0000000253 0.0000000034 -0.0000000000 0.0000000468 -0.0000000594 0.0000005607

target_points_pix:
-2.8243573618 2.6628569762 -1.5907718359 186.9600560758 310.4242765504
-1.8989089335 2.7021134331 -0.4054152166 157.9434947104 206.7218286129
0.7583609253 0.4677505926 -2.4511855211 589.0447281321 374.1868014985
0.4525511890 1.4771543701 -0.3709931605 400.5915747316 85.5032884942
-1.4021994661 2.7108304751 0.3961482093 111.3483679129 99.8578234980
-0.4339811544 0.3604827340 -1.2275564470 379.0187956323 432.9795064794
0.0134727521 1.9966532696 -2.2999075116 412.1462777816 271.6584645287
0.0713589459 2.8688959608 -0.9051086491 347.3639446153 146.6572139599
-2.5095895023 1.4537282118 -1.9005724212 196.7470716237 406.2981475062
-1.3783621819 0.6183489028 -2.2812195003 321.4269812834 471.3298730198
-0.3054732399 1.1553874900 0.2017032538 155.9586893708 25.5152453023
0.8179732118 2.2948193458 -0.2082891874 398.9483286535 31.5769688250
-1.4132040819 1.7390647207 -0.1303300090 107.0046723695 203.0282189375
0.4760255981 1.6652719494 -2.0074300235 454.9275690345 254.6040651007
1.5905470624 0.5227412081 -2.2990225691 697.0558576500 303.7286528317
-0.0197024909 1.9179607289 -0.7375181316 346.3099869255 163.8008645962
-2.2570881565 2.7082349037 -2.0633919600 249.8614634544 305.5476239477
-2.9891561525 1.0928385460 -1.1234454871 25.4521939769 465.9839932743
2.1243149059 2.5165360083 -1.1599424087 535.8649435288 75.2137602937
2.2027673226 1.2739145926 -2.7746600208 640.9999287647 242.9030713118
1.7022931842 0.6034113149 -2.4383688156 689.7587018308 297.8180796315
2.2838413789 1.2710353105 -2.0665887182 670.1719502285 183.0704143302
-2.7312989435 2.6530594031 -1.3942433270 178.5528802902 299.8712788858
-2.6333375856 2.5260876036 -0.4714651478 96.3780937899 256.4069006639
-1.8036662741 2.9213890742 0.4185609520 86.9342355409 119.0457327483
1.3605142988 1.3279683397 -2.8167563008 561.2196814842 280.6045254284
0.8606978522 2.4381202060 -0.8605197644 422.3118368205 111.5444460189
-1.2333229781 0.8026401249 -0.6833503019 144.3683334788 370.5866936595
2.8400527988 2.3293742471 -2.5758741647 599.3323150195 163.1583367034
1.9598271384 2.0807628825 -1.8172077782 555.3040093317 151.6835749929
-1.2292746160 0.8858709981 -2.9739817686 368.9188102177 437.3185800520
1.2977747122 2.7046068227 -2.0603174099 470.4682053353 180.5944441687
2.8920798147 2.1378650829 -2.5311623147 618.9719517043 162.6500583846
-0.8911796826 2.9815497203 -1.4877817901 305.5161992108 220.5359945630
2.7260240624 2.2495865463 -1.9352716347 604.9574962377 121.5034823933
0.6336242524 1.1783842050 -1.0552852102 484.2994121188 191.2214177619
2.3667225286 2.8706255632 -2.1373102295 533.8194263834 141.4987600472
0.2585293654 0.5934473492 -0.5108773483 462.3927021448 187.1869667459
-2.5954390840 0.9615306910 -1.9993108423 179.4334819943 476.7963139749
2.1983390802 1.3671984969 -1.0802983766 688.0249455733 58.4048561180
1.2383180701 1.3099832525 -2.0678546936 553.3604301004 241.2241205788
1.3716637695 0.8792669647 -1.3574988410 641.5526849139 188.3957173936
0.9719223617 1.9689701437 -1.5625638722 473.8909806979 182.7411130865
-1.8048953481 1.9335417400 -1.4229821744 228.4989253684 311.1895014836
2.8361755367 1.9949440335 -2.4556373968 629.1182641884 163.4581379611
0.7575916053 0.2523891601 -1.0951950878 702.4133913713 298.7809214203
0.0588398480 0.1345663759 -1.9919443238 534.7649257008 470.5612060008
1.4570043822 2.3114412965 -2.8657043889 506.7741719908 231.2747263632
1.6781638844 1.7635796532 -1.0815039641 558.8361504663 96.4285440639
-1.1012706995 2.9606741992 0.3197833124 164.7439642535 87.9547834739
1.4697371940 1.7050643911 -2.6910499524 542.5609117447 248.2101702085
1.4997362677 2.2552284310 -1.7042058754 503.5618500239 159.3791033407
-1.2276053261 2.6819769802 0.8135725963 62.5017279531 23.9621935019
1.9711161295 2.5320500174 -0.8647562015 519.6135615426 50.3168579159
-2.7764038774 2.3680402460 -0.8289858517 114.4485323024 293.9209668055
1.1375885433 -0.0063029323 -2.6361798873 718.4565364050 434.2771998410
0.6325419191 2.6208530677 -2.3930825352 436.2217325473 225.5965446849
2.8407462338 2.6756664027 -1.3199547291 584.5080809401 55.7971604070
-1.6435711194 1.7206815262 -0.2385074952 95.1113438687 235.1987537285
0.8583509219 1.9819683117 -2.4177920373 477.2734979934 244.7389048392
0.3303057821 0.2394415897 -2.7978580808 559.8530409297 446.3381358540
-2.8070000852 2.1028983329 -1.6509945629 175.2422565064 350.4423519245
-1.0050947886 1.3796874961 -1.1237346037 268.9961488789 300.2385524143
-2.7642033712 2.8377397974 0.0312227722 48.5140189414 210.8970037978
-0.7126786561 1.9834577945 -1.0618160856 297.0965798694 231.1529877230
1.9193600062 2.7960739311 -1.6739447817 504.6333840446 127.7775355107
2.8049534027 1.7549510628 -2.7261348255 644.4743194764 191.5132697009
0.0746601060 0.5852067123 -2.6719971241 497.0993628117 406.4173986406
-1.7178836189 1.5332592184 -0.2148120387 58.4302275320 256.4775444571
2.7230803671 2.1668952310 -1.0932890004 628.8402126541 31.4725197111
-1.6965573658 2.2500304313 -1.4300462053 243.2965263809 284.8039431013
-0.0667491202 2.8893935758 -1.8135267343 371.1266611297 211.2170909602
2.8849499926 1.7528628131 -1.9172862492 673.5367629354 119.6397529084
1.1468270981 2.4561268263 -0.9711199181 450.4869487516 107.1924297685
1.7836301664 2.3017608285 -2.5962998189 527.8030298645 205.7821684483
-1.7593186310 0.6483982310 -1.4034331411 182.2460034054 479.1830382261
1.1730569531 1.2704948479 -1.1105960248 552.5080299322 149.4618800156
0.6570472120 0.4945068807 -1.4712885553 587.0482088764 311.7578443151
-2.7635838127 2.5758996306 0.1771810151 2.1926121404 212.1999591058
-1.1789359356 0.5890362018 -2.6866246034 367.4058596482 469.9327610708
0.7279847276 1.9901461379 -1.3627605785 445.4032850602 177.8387420624
-1.5993342926 1.4370656586 -2.3495525503 301.6737409621 380.8552628129
1.5773005481 0.8563350408 -2.8473658583 626.2129922942 306.3107503517
0.7664780110 2.9653914697 -0.1033146028 366.9090806870 30.3278389375
-1.6020343444 1.0108264512 -2.1461077954 288.2231927144 423.1308011539
0.4773538111 1.3095008612 -1.5680206608 466.0567961705 246.4236825488
-0.4791536927 2.3891232452 -2.6389828612 379.4797907291 284.5984856932
2.7390766891 1.4458832406 -1.4800111153 724.4020920293 79.8598850066
-1.7376268140 2.4434120148 -2.6251467566 304.5563438675 322.1311113006
-2.7196823128 2.1269550887 -0.8836294877 110.1166098312 312.9514863224
-1.4239071394 1.7163547221 -0.1251398761 102.2743064713 204.9923970302
1.8142779780 2.3081898863 -0.8022692629 521.7156852106 50.2846267866
0.1815827826 2.0076210646 -1.8337579884 411.1780886897 238.5711068008
0.5522005358 2.0961738439 -1.3378655295 424.2229475365 180.9197643658
-2.7921738827 1.8243530301 -1.3223706776 133.8232706391 362.7795417033

gimbalangles:
-0.7870269349 0.4232502523 -1.3314319899

end: