T_CW:
-0.5092126240 -0.8167429407 -0.2713548827 0.0060459792
-0.3698962597 -0.0769953838 0.9258771344 -0.0093113184
-0.7770966868 0.5718414812 -0.2629031375 -0.0497273774
0.0000000000 0.0000000000 0.0000000000 1.0000000000

T_CW_cov:
0.0000005279 -0.0000000698 -0.0000000104 0.0000000462 0.0000011579 0.0000000447
-0.0000000698 0.0000005328 -0.0000000263 -0.0000012983 -0.0000000250 0.0000000427
-0.0000000104 -0.0000000263 0.0000003462 0.0000000998 -0.0000000311 -0.0000000039
0.0000000462 -0.0000012983 0.0000000998 0.0000039317 -0.0000002152 -0.0000001174
0.0000011579 -0.0000000250 -0.0000000311 -0.0000002152 0.0000033122 0.0000001820
0.0000000447 0.0000000427 -0.0000000039 -0.0000001174 0.0000001820 0.0000008740

target_points_pix:
-2.8948441399 0.6269529752 1.2765981320 442.5009044125 478.5448578594
-2.8243573618 2.6628569762 -1.5907718359 357.6441559587 201.5405493992
-1.8989089335 2.7021134331 -0.4054152166 286.7824028299 248.2657989491
-2.4509590965 0.8871749841 -2.1853645049 467.9618648966 141.0235072733
-1.1698605629 -0.0915581141 -1.3700899405 592.3781870118 66.1540121149
-1.4021994661 2.7108304751 0.3961482093 219.3710574795 304.2379000997
0.0713589459 2.8688959608 -0.9051086491 84.6699500077 90.3376808213
-2.5095895023 1.4537282118 -1.9005724212 421.2496051258 168.5649348259
-2.3803740549 2.2241037003 1.1999952244 294.3422559298 398.4316289718
-1.9323731186 -0.3012474738 -0.7481905140 611.0716203155 245.3650967294
-1.3783621819 0.6183489028 -2.2812195003 476.1269123535 36.4819337900
-0.3054732399 1.1553874900 0.2017032538 120.6557451276 300.8903129206
-1.4132040819 1.7390647207 -0.1303300090 298.4970400958 269.8859090223
-2.9630438574 1.2498685434 0.2703220651 410.6304705881 343.0425565355
-2.6318751097 -0.2406755511 -1.7765257254 585.8262403093 170.6592851962
-0.0197024909 1.9179607289 -0.7375181316 115.1533503450 79.2852128458
-2.2570881565 2.7082349037 -2.0633919600 343.8984241158 157.3614968116
-0.8454043785 2.6955158446 1.3401100284 88.8490259172 419.6338098710
-2.4349464755 0.7633696205 -1.9950480928 475.5643698601 151.9807769780
-2.1145543690 2.5368280306 1.6527436758 241.9567760404 435.0047849558
-2.9891561525 1.0928385460 -1.1234454871 446.7503474878 237.7270386138
-1.9740008485 0.2407913313 0.2379810357 491.4442697916 383.0908695248
-2.1987197781 2.6869103662 1.2249913925 257.3751379170 385.7586591207
-1.4003785247 -0.3736922668 -0.7233151088 665.9539380233 207.8573361973
-2.7312989435 2.6530594031 -1.3942433270 350.9956107846 209.2835376607
-2.6333375856 2.5260876036 -0.4714651478 335.4418996250 262.2495179836
-1.8036662741 2.9213890742 0.4185609520 244.7191351221 307.6135180721
-1.2333229781 0.8026401249 -0.6833503019 401.2114584267 200.7999775893
-2.4109286583 1.5240721805 0.6122623179 358.1554861638 366.8425502767
-0.8911796826 2.9815497203 -1.4877817901 236.6272814311 125.9890925124
-1.5747020397 0.3647896395 -2.1186734669 510.1813840337 62.9524284303
-0.8537239679 1.5280305348 1.0098617859 161.0418013740 461.9857348391
-0.7198827339 0.7791230628 0.4858749195 259.7186798951 428.4415728420
-2.5954390840 0.9615306910 -1.9993108423 461.4534901689 161.9740273843
-1.2146827552 0.4313236250 0.0528315889 430.6069366261 337.3985176106
-2.4795398100 0.0634801912 0.4110664761 523.4197654911 411.2067410341
-1.8048953481 1.9335417400 -1.4229821744 352.5753421536 170.6167931507
-2.3495685473 0.3594685558 -2.9255488728 525.0719690696 74.7690528010
-1.3300249498 2.5741901058 1.1257362683 182.1577761249 388.3000422891
-1.1012706995 2.9606741992 0.3197833124 181.2190649689 286.2683132844
-1.2276053261 2.6819769802 0.8135725963 181.7277286484 347.2071765722
-2.7764038774 2.3680402460 -0.8289858517 356.5600493934 243.7761090162
-1.2502089736 -0.4633432231 -1.6307261334 701.4936997741 12.2590942590
-1.7725763211 0.1321032521 -2.5127218453 549.3279166657 41.2195857351
-1.8196517110 0.4238616465 0.7629712756 440.4422507261 469.6857036304
-1.6435711194 1.7206815262 -0.2385074952 322.2274155255 265.6377821067
-2.8070000852 2.1028983329 -1.6509945629 385.9404389212 197.3015379012
-1.0050947886 1.3796874961 -1.1237346037 334.8820571936 135.1809720905
-2.9469886051 -0.0556582209 -2.3291306646 562.5466843468 147.6394496037
-2.7642033712 2.8377397974 0.0312227722 315.7360450229 292.8731910967
-0.7126786561 1.9834577945 -1.0618160856 253.8533568577 128.5001914871
-1.8473174646 1.5680524798 0.7082291128 314.8529761570 378.7797212970
-0.6100045683 0.5645809022 0.0344290762 324.9288394509 306.5737996890
-1.0407025969 1.8511915990 0.7612577383 198.5153885251 379.9209704034
-2.1579012616 2.6158550684 1.2160301151 257.3892021980 387.1218625629
-1.1895189559 -0.0584733151 -0.8465864265 577.4855856339 160.2741958303
-1.7178836189 1.5332592184 -0.2148120387 341.0541741881 273.4566140878
-2.4747552270 1.7971304399 1.5320622131 315.6312093232 451.1168117739
-1.6965573658 2.2500304313 -1.4300462053 327.6967652941 167.1662565258
-0.0667491202 2.8893935758 -1.8135267343 167.9796103150 25.2894661399
-2.9458023404 -0.1409691835 0.5459986167 552.1207504392 431.3161431717
-1.7593186310 0.6483982310 -1.4034331411 463.9349412271 156.1941732358
-2.5222100225 -0.7635231769 -2.4214857334 669.8464721620 95.4061729395
-2.7635838127 2.5758996306 0.1771810151 324.4032545612 306.7301224119
-2.9155772865 1.8015255028 0.9202060444 357.0057812388 383.4039164708
-2.3709911216 0.7873857488 -1.7873182151 469.2882023060 164.0478245994
-2.1351115329 0.3711751050 -2.8548084772 522.5613971792 61.5435901919
-1.5993342926 1.4370656586 -2.3495525503 401.2684471853 82.9040254984
-2.3524978632 -0.4190901020 -0.6763358060 619.0824171249 276.7802194759
-1.5057213679 1.4881960724 0.1935683238 312.9950159409 316.6255228984
-1.6020343444 1.0108264512 -2.1461077954 434.9309707876 86.2721036849
-1.7376268140 2.4434120148 -2.6251467566 347.4154342690 97.6279624219
-2.7196823128 2.1269550887 -0.8836294877 367.6894247003 240.7279754277
-1.4239071394 1.7163547221 -0.1251398761 301.0044405320 271.1656109482
-2.8451823330 1.0493991114 0.7078918140 413.6385672340 391.7126736583
-1.0390669904 2.4980477584 1.6226163434 108.1062612899 471.1094805760
-2.2862629253 -0.2226837426 -1.4929258470 588.6198010241 175.1831416030
-2.7921738827 1.8243530301 -1.3223706776 395.8556501488 216.0090250994

gimbalangles:
0.2767982523 2.8666999603 -2.5841066756

end: