T_CW:
-0.3547967849 -0.8850105468 -0.3014557571 -0.0355639168
0.1282939743 0.2732965771 -0.9533360568 -0.0562234518
0.9260992914 -0.3769155250 0.0165767735 -0.0393716519
0.0000000000 0.0000000000 0.0000000000 1.0000000000

T_CW_cov:
0.0000003546 0.0000000620 0.0000000460 -0.0000001280 0.0000006960 -0.0000000255
0.0000000620 0.0000002678 0.0000000132 -0.0000006853 0.0000001030 0.0000000898
0.0000000460 0.0000000132 0.0000002178 -0.0000000187 0.0000000858 -0.0000000013
-0.0000001280 -0.0000006853 -0.0000000187 0.0000022496 -0.0000002031 -0.0000003040
0.0000006960 0.0000001030 0.0000000858 -0.0000002031 0.0000018495 -0.0000000574
-0.0000000255 0.0000000898 -0.0000000013 -0.0000003040 -0.0000000574 0.0000005129

target_points_pix:
2.8469624497 -1.2706155376 -0.4268351525 391.6364271213 268.6224118074
2.4414387687 -2.5855806867 -2.6140916131 542.0953138871 396.2508080145
1.2955616386 -1.4164051859 0.0125195018 482.9790162186 198.3107650516
1.5085798632 -1.1919996516 -1.7278603287 511.9660182237 437.9664700180
0.6234708383 -1.9398854722 -0.2972694506 671.7439412259 196.9050321058
2.6305978994 -2.5336026126 1.4089481569 436.0958844103 113.8485743084
2.5591223247 -0.0443953625 0.5219552533 266.3013848475 215.1718133812
1.8324549851 0.5136414256 0.1050882143 181.9020763937 275.7130472719
2.2959027539 -0.3651612911 1.0377432566 284.6728160289 147.7727782271
2.3041003494 -2.2990699818 1.7052507894 429.2972459386 76.5624984055
0.8980708545 -0.2130090316 -0.3464988306 358.1991535744 331.9487415742
2.2457088193 -0.2690198173 -1.2941584072 351.9984526959 398.3668493216
2.2385537561 -1.8200234489 -0.7064504535 464.0513365735 275.9218594478
2.8752574486 -1.5801047162 -0.1999385455 405.5924117407 244.9392879296
1.0143189639 -0.1834378360 0.2340703772 299.8006402803 190.0081877517
1.3939397812 -1.4548252074 -0.2639512733 488.0257843395 236.4211480339
1.0230141211 -2.0286101404 -1.6936841533 655.7962310398 406.5268365829
2.6388940522 0.2859068827 0.6616028722 226.0045281986 211.2417053609
0.9681774819 -1.8265874372 -0.0500718532 571.3809124117 179.5310747752
1.8436071198 -0.3614789899 -0.5329186283 347.1127844598 318.9882599564
2.6356910408 1.1581813945 0.7110316627 104.8786935575 229.8516132181
2.7511059297 -2.1694872227 -1.9673213969 485.5414042426 355.5470721111
0.7767882982 -2.7501289719 0.1754016661 666.4287323498 116.4349132566
2.2974160006 1.1434337072 1.1115312662 58.0755363132 166.1516431680
1.8636994645 0.9851570773 0.8625067980 42.6255029661 172.2344376691
2.9486415274 -2.6758647837 -1.6358413215 492.4709046044 315.3150987585
2.4920592820 -2.8352242968 -2.0271598657 536.3922412040 343.6175639483
2.5258584135 -2.8592762385 -0.6116947642 503.3579892186 244.5623987969
2.6442776321 -1.9549028644 -2.2435606455 486.7336898680 386.4076939500
2.1800794479 -1.0439377960 -1.9029706145 446.4002007113 420.5710665397
2.4497479841 -1.5512437600 -2.3657692494 478.2503840541 421.6955256123
2.3241395539 -2.8069241618 -0.5895953926 513.1324211111 242.3909365612
2.6912848041 -2.1106228893 -0.6993441011 456.6008690646 267.8809217758
2.9170283047 -1.1525861895 -2.5332101054 431.7536635890 431.0310760954
1.0749470139 -2.7742481684 -2.6710858845 726.6154767966 470.6099706966
2.2863225682 -1.1407866103 2.4543879926 320.5231091529 10.4312221619
2.8541328387 -2.2616395508 -2.4159725580 494.3423906935 380.8154145606
1.5889353798 -2.3704226469 0.0978376196 527.9576288507 177.8881167469
2.4841714159 1.4051269004 1.6262681959 10.7121854174 115.2513572740
2.7991553079 -1.1303929253 0.2989914414 365.6835889960 215.9734191288
2.2425741823 -1.7173131963 -2.8670343424 517.7007799376 468.4232259247
2.3235776381 -0.6902499417 -1.1799127502 386.2397553953 360.6571473100
2.0950124471 -0.5055487376 0.8267820771 308.5631701624 157.5530064307
1.7824561088 1.2368809704 -0.1031601285 9.0269660701 368.3488801994
2.6588510636 -0.1466194073 -0.3037086062 301.1936868069 291.8235123105
2.2538497045 -0.9608366362 1.2047620648 340.6398696361 122.2993790957
2.3780720027 -0.0837965984 2.0767695085 219.9845828224 49.2533761026
1.9648604716 -1.5172012612 -1.6765924910 491.3538507814 383.1201165767
2.9680979097 -2.4510036395 1.5364771412 416.0930880504 119.9090212525
2.0821692119 -1.0065134618 0.4658650749 372.7344196254 185.5522037925
1.2103062974 0.1184933070 0.6222756592 200.3342020242 132.9023693071
0.5258951825 -1.9250366668 -0.8884842334 740.5008710968 308.9135325517
0.9923400970 0.5709656991 -0.1292795507 63.4110916981 367.5236105021
2.6984458114 1.3496573022 0.7124865195 79.2665370644 237.0517662828
1.6820117367 -2.6908657484 -0.4410075725 555.5411951549 224.6823872731
0.4195796210 -1.9748834519 -0.3264386009 744.6437588549 188.2410354671
1.4393502068 -0.3605422360 0.5295601244 310.2377074017 159.6990469707
2.4819671509 -1.0003026340 -0.6462119426 390.3829723583 295.2889699730
2.4003927181 0.1999549924 -0.1597382894 258.5752752503 292.2519326306
2.7544963644 -1.4088225197 -2.8622308738 463.8520516524 452.8185499187
2.8599623337 -1.4393414243 0.8130817700 373.6356695770 174.0189089141
2.9010377035 -2.0761523624 -2.9764524155 494.7549329320 424.5969427885
2.4690198210 -0.8218292901 -1.7671497527 408.6271585310 404.2084511082
2.8028733044 -1.8940930289 0.2984196099 416.3640993893 202.7342214208
1.5339740108 -0.0088084180 1.0042570867 224.2893480331 98.1595907715
0.6126184509 -1.9652231620 -0.7123293042 702.6181664680 271.1972668340
2.5245239422 -1.9046691708 0.2882304037 428.7184952859 197.3255944968
1.2961433232 -0.2137759639 0.8682376054 265.9052592762 90.1137146502
0.7902253300 -0.0498267092 -0.2495925517 308.0363960886 331.7449868409
2.5432224523 -0.6373923841 0.7409534547 319.0489342617 182.0757207037
2.9691898119 0.8306301282 -1.4718533968 234.5780033208 438.8223100679
2.0562877052 -2.9757796727 -2.6627237828 594.8478519108 398.4393851033
2.3703281476 -2.2094223224 -0.8768088657 484.5131230929 278.5985417018
2.5332886341 0.3624403137 -0.8886724309 264.4995645152 375.9125191115
1.9507874860 -0.6407648270 1.0479185312 318.3995066047 122.5720992325
1.3270867205 -0.5234995568 1.3446707796 298.3134134092 14.5717780787
0.7293110861 -2.4662675618 -1.2961584207 732.2651771323 333.3901704536
1.9041661336 -2.7694805772 1.8613690763 477.1458181693 37.0626945881
1.0122261489 -2.4413387388 0.6226324034 584.0340810096 82.5417839189
1.6796342927 -1.3761458959 -0.5238268143 464.1328325234 273.2955043122
0.9252734353 -2.1199048929 -1.1736164176 657.8818587479 330.7296351437
1.7040403951 -1.8849249930 -2.4309656511 568.0873235017 454.7009516207
2.0330982211 1.2071025275 -0.3551796497 74.7260829182 392.3026300928
1.5235769822 -1.1851647188 1.3670204011 383.2517727063 44.0913030341
1.4842521203 -2.9178812129 -1.7333624324 630.8623981807 338.9988929571
1.5116640493 -2.8250780375 1.5329666214 519.9780890209 32.7374771102
2.8384515790 -2.7845431762 0.8899561949 451.6375828623 153.4093480623
0.9135738970 -2.8353957908 0.3767828953 636.9970212949 101.6289563284
2.5609837967 -2.9277062911 -1.0449301538 514.0852060296 272.7047884243
1.7669752855 0.9690625695 -0.5529376649 107.5376184112 429.9649577715
1.8439066339 -0.9471699808 1.1522247373 351.7547843550 100.3221142267
1.4488983111 0.6617484764 1.0469220162 47.4401424468 84.2073114331
2.7059739807 -0.7331271193 0.7287971851 325.5482611549 186.5232890260
1.9496769023 -1.6101641628 0.3732577648 434.7682712487 178.3734086209
0.7034332180 -0.0654622727 0.4930513506 234.3325695100 69.3379671083
0.8632843827 -2.1953825049 0.8209358257 579.7468669694 38.9568101294
1.6947515968 -1.6709432923 1.9441946478 403.5109763192 2.4735493886
1.3192468384 -0.5366856561 1.1335808896 311.4527359956 47.5297197886
2.3746660379 0.5242174031 1.6523616679 151.5881444286 95.6896146677
1.0562875771 0.1801981948 -0.5239100279 259.7504336747 415.7233211639

gimbalangles:
-0.0675957102 0.4093730892 0.1903066633

end: