T_CW:
0.8138366353 -0.2961842410 0.4999448234 -0.4016182136
0.3245149483 -0.4820363104 -0.8138372342 0.0343771766
0.4820373216 0.8245701249 -0.2961825953 0.2400385925
0.0000000000 0.0000000000 0.0000000000 1.0000000000

T_CW_cov:
0.0000002726 -0.0000000442 -0.0000000458 0.0000000714 0.0000004352 0.0000000064
-0.0000000442 0.0000002874 0.0000000089 -0.0000005266 -0.0000000615 0.0000000555
-0.0000000458 0.0000000089 0.0000003064 -0.0000000089 -0.0000002723 0.0000000036
0.0000000714 -0.0000005266 -0.0000000089 0.0000015333 0.0000001029 0.0000001575
0.0000004352 -0.0000000615 -0.0000002723 0.0000001029 0.0000012826 0.0000000305
0.0000000064 0.0000000555 0.0000000036 0.0000001575 0.0000000305 0.0000006006

target_points_pix:
2.9185907309 1.9178459633 1.8610296438 586.3092632525 107.8938415517
0.4525511890 1.4771543701 -0.3709931605 286.1895107931 208.1638156319
0.0134727521 1.9966532696 -2.2999075116 174.9044674727 328.5764086959
0.0713589459 2.8688959608 -0.9051086491 238.3476664212 190.5197410072
2.5591223247 -0.0443953625 0.5219552533 744.1707426578 326.4718132499
1.8324549851 0.5136414256 0.1050882143 533.4025752922 286.3456348224
-0.3054732399 1.1553874900 0.2017032538 156.3491240099 46.8948948148
0.8179732118 2.2948193458 -0.2082891874 326.6866131672 180.2800931317
0.4760255981 1.6652719494 -2.0074300235 225.6399043104 340.6365312927
0.4157939103 1.1830938811 0.6503161745 357.4579164094 55.8179060811
-0.0197024909 1.9179607289 -0.7375181316 213.9836512021 204.3221394458
1.6912700364 2.9152958030 2.0943006760 473.8383831174 23.8891682282
1.0143189639 -0.1834378360 0.2340703772 658.5881253698 363.9254676074
2.1243149059 2.5165360083 -1.1599424087 375.1709381968 269.3007387285
2.2027673226 1.2739145926 -2.7746600208 347.0372889263 421.8876473767
2.6388940522 0.2859068827 0.6616028722 685.9182114842 273.1992563352
2.2838413789 1.2710353105 -2.0665887182 378.5909415327 388.2199034992
2.6356910408 1.1581813945 0.7110316627 563.4580094302 212.9967162785
1.3605142988 1.3279683397 -2.8167563008 281.0362543995 421.7538239899
1.6985656786 2.3108705817 2.0575274508 511.4331767359 13.5249664138
0.8606978522 2.4381202060 -0.8605197644 304.6439307551 226.1447346673
2.2974160006 1.1434337072 1.1115312662 582.8400967437 156.2730491199
1.8636994645 0.9851570773 0.8625067980 554.5162665609 162.8704458864
2.8400527988 2.3293742471 -2.5758741647 371.6918754262 348.1839061792
0.6837708879 1.9678359559 0.5759732938 358.5319542774 100.5504767024
2.4952987901 1.9204534977 1.3630564139 535.6766179982 129.5707636610
1.9598271384 2.0807628825 -1.8172077782 351.8940138439 319.7462626041
0.3223913466 0.6572687096 0.3411312926 327.9164706738 107.7570724217
1.2977747122 2.7046068227 -2.0603174099 298.4914100620 293.4614661610
2.8920798147 2.1378650829 -2.5311623147 378.3413160436 356.4890084528
-0.8911796826 2.9815497203 -1.4877817901 129.8154893365 196.4447746332
2.7260240624 2.2495865463 -1.9352716347 386.3249810907 325.3652478639
1.1135292309 2.9590436052 0.6041369903 369.7987515724 118.4299784698
2.6278435143 1.8946618219 1.8255796272 574.9179811446 94.7610851768
0.6336242524 1.1783842050 -1.0552852102 274.6716450219 309.5794059053
2.3667225286 2.8706255632 -2.1373102295 353.3658239543 303.4225751935
1.5404004160 2.0873391010 1.9086104661 509.1201359033 10.3658933797
0.2585293654 0.5934473492 -0.5108773483 225.9432747397 299.2446969152
2.4841714159 1.4051269004 1.6262681959 605.9967095724 106.9855693329
2.1983390802 1.3671984969 -1.0802983766 414.1838408072 324.6600363058
1.0168380356 1.8187565862 1.2681363448 442.9099347531 38.1279506099
2.3406080829 1.6524588336 2.3188796262 632.1932866625 16.0141988228
1.7824561088 1.2368809704 -0.1031601285 446.1103653700 250.9585420552
2.6588510636 -0.1466194073 -0.3037086062 643.9756391580 436.2785625335
1.2383180701 1.3099832525 -2.0678546936 297.1370975421 381.8118966711
0.7871674616 2.0424983208 0.2012990387 346.5966142699 147.0113649691
1.3716637695 0.8792669647 -1.3574988410 348.7315438321 377.9709423676
0.9719223617 1.9689701437 -1.5625638722 291.1438948174 297.6878091336
2.8361755367 1.9949440335 -2.4556373968 380.5493754051 360.9717505010
1.2103062974 0.1184933070 0.6222756592 657.4481820951 194.8116415340
0.9923400970 0.5709656991 -0.1292795507 409.1400541049 276.4931496952
2.6984458114 1.3496573022 0.7124865195 548.5758707585 207.6896337321
0.7575916053 0.2523891601 -1.0951950878 288.5356564180 462.5144114173
0.8962104592 2.8887750237 0.0742970148 336.3813079499 149.6312947707
2.4003927181 0.1999549924 -0.1597382894 587.8222064725 366.7314576155
1.4570043822 2.3114412965 -2.8657043889 287.8402535488 352.4471904263
1.6781638844 1.7635796532 -1.0815039641 366.5103306741 292.0231443372
-1.1012706995 2.9606741992 0.3197833124 138.2857920030 2.8396773672
1.4697371940 1.7050643911 -2.6910499524 294.4155886739 383.9249333196
1.4997362677 2.2552284310 -1.7042058754 324.3693645159 299.2927025706
1.9711161295 2.5320500174 -0.8647562015 376.6146334207 250.3996942831
2.2679231297 1.6166728105 1.6066018340 570.6362609894 94.3480799321
0.6325419191 2.6208530677 -2.3930825352 243.7569930945 304.7387685545
2.2683739193 1.5151538458 1.0720505343 538.9687125367 150.8830127938
2.8407462338 2.6756664027 -1.3199547291 401.2501531156 282.1243729048
0.8583509219 1.9819683117 -2.4177920373 254.8948950178 346.2904337492
0.7902253300 -0.0498267092 -0.2495925517 423.8310729390 431.2726956475
-0.7126786561 1.9834577945 -1.0618160856 100.2371044930 201.3607442417
1.9193600062 2.7960739311 -1.6739447817 344.2861381917 280.7795816825
2.8049534027 1.7549510628 -2.7261348255 375.2743651506 385.0744594080
2.9691898119 0.8306301282 -1.4718533968 464.8126160554 395.3330063215
1.9577623473 1.9570472736 1.2495788176 498.8778006354 110.8356526082
2.4239824816 0.7568461512 -2.0444246221 404.9789641139 434.1566224590
2.5332886341 0.3624403137 -0.8886724309 507.8830425847 407.8818048147
2.7230803671 2.1668952310 -1.0932890004 416.4314146217 289.6420071632
-0.0667491202 2.8893935758 -1.8135267343 204.0505274015 247.0969250915
2.8849499926 1.7528628131 -1.9172862492 406.5961451254 351.2356075875
1.1468270981 2.4561268263 -0.9711199181 322.2731423937 240.5450304717
1.8638170845 2.7136824619 0.0667283887 400.1091380411 187.6246598298
1.7836301664 2.3017608285 -2.5962998189 315.6799401195 343.4975175890
2.0330982211 1.2071025275 -0.3551796497 450.0584330190 281.4797554288
1.1730569531 1.2704948479 -1.1105960248 333.1311067587 317.9016744094
2.9461481719 2.4968893176 2.7161145307 592.1589865660 38.0115036520
0.6570472120 0.4945068807 -1.4712885553 245.9571277426 447.8951139073
0.7279847276 1.9901461379 -1.3627605785 275.9841041751 278.1574570443
1.7827388544 2.9902355627 2.0898483581 474.5985936368 32.1893946992
0.9641042651 2.6882373571 1.1690572800 391.6834797639 61.1497888833
1.5773005481 0.8563350408 -2.8473658583 299.6449184171 471.9974355013
0.7664780110 2.9653914697 -0.1033146028 319.7711196811 156.4632214656
1.7669752855 0.9690625695 -0.5529376649 430.7933798247 309.4280139206
1.4488983111 0.6617484764 1.0469220162 602.9146822046 102.2604924383
1.1060195470 2.4830620612 0.3854567192 371.3491549193 139.6506136986
2.8833560441 2.6773336796 -0.2468877160 438.7070160067 232.2810925256
2.7832056284 2.7310910625 0.6875618561 468.5304944653 177.3310581506
0.4773538111 1.3095008612 -1.5680206608 232.8905077772 339.9826041597
0.7034332180 -0.0654622727 0.4930513506 653.9314558978 171.5663382550
-0.4791536927 2.3891232452 -2.6389828612 128.2844368458 316.0103035999
1.9631750106 0.7384015444 -1.1730532119 419.5716793503 383.2405009110
2.7390766891 1.4458832406 -1.4800111153 424.9798790866 348.0819547227
1.8142779780 2.3081898863 -0.8022692629 374.1960925900 251.6374300880
0.1815827826 2.0076210646 -1.8337579884 206.1865269991 298.7261376009
1.8809823717 2.0841163296 0.5893151287 448.0045635944 164.4346014201
1.0562875771 0.1801981948 -0.5239100279 408.3342459461 403.7605683813
0.5522005358 2.0961738439 -1.3378655295 261.2229102007 266.4910787810

gimbalangles:
0.2767982523 2.8666999603 -2.5841066756

end: