T_CW:
-0.633199784175664 0.574972717547266 -0.518135510649680 0.000477601094865
0.555322673619430 -0.128820850234849 -0.821597174233784 -0.030830552908426
-0.539142617017113 -0.807967550475316 -0.237726052200545 -0.012976200708881
0.000000000000000 0.000000000000000 0.000000000000000 1.000000000000000

T_CW_cov:
0.000000456802032 0.000000088028621 0.000000013245406 -0.000000167013335 0.000001036364157 -0.000000029060501
0.000000088028621 0.000000454528061 -0.000000026042964 -0.000001259287162 0.000000112451521 -0.000000132769769
0.000000013245406 -0.000000026042964 0.000000235524863 0.000000101572192 0.000000066448550 0.000000008392335
-0.000000167013335 -0.000001259287162 0.000000101572192 0.000004110865388 -0.000000133229923 0.000000330007342
0.000001036364157 0.000000112451521 0.000000066448550 -0.000000133229923 0.000002978797475 0.000000001179896
-0.000000029060501 -0.000000132769769 0.000000008392335 0.000000330007342 0.000000001179896 0.000000663599459

target_points_pix:
-0.632075857116941 -2.973430765459143 -0.955153810481301 308.705922955390974 303.846576363879876
-2.636403943417887 -2.332364509038969 1.613121291927358 333.133229198323363 30.095283804747794
-0.374508819722617 -2.792472966053825 1.843083658289599 95.345469093623763 71.655748216471522
-0.793781681869014 -1.641417650998413 0.707186212655561 251.190678586845991 110.229632507976021
-1.169860562919528 -0.091558114088769 -1.370089940519724 707.730660724999552 348.199832499079548
-1.283002091526680 -0.747761295642913 -2.974165121150432 609.124678124019511 457.928732003887546
-0.255313631190007 -1.971208664170202 0.171534172980832 222.346691436037332 230.967407923217820
0.623470838340239 -1.939885472193345 -0.297269450580715 120.893922130351541 391.474538255679590
-0.155054339981346 -2.413745039848549 0.501455690159033 178.268919486175804 211.841521844132131
-1.932373118625581 -0.301247473780037 -0.748190514007685 615.211199154795963 164.444292372184862
-2.117320053338740 -2.144778239556308 -1.406029482561590 438.590561382034139 256.584898956947711
-1.759048822907458 -1.615888020375582 -0.800308399887226 434.959438882989105 225.442682379755865
-2.673456675019535 -2.626516569506575 1.270193793128689 339.917339274730239 74.231021822252075
-2.752637489574927 -2.428256160831602 -2.050260806049639 462.243247729868642 266.580292770431242
-0.413245086284756 -1.661924362225200 -0.397513215549922 303.703626038288633 280.737327324886735
-2.800292032162577 -2.717799094036851 0.708725477149321 364.558326492267042 114.793243098942852
-2.249377601482980 -2.392342577632054 1.747230801799331 299.086701255130492 25.298544276499058
-2.631875109736306 -0.240675551070411 -1.776525725434079 668.120947799917531 239.354411043248462
-0.461163206633531 -1.237434992763998 0.288399072466669 257.462535143390198 164.024314668565381
-0.886320980318775 -2.252044528870325 0.313201569361650 277.283392662001916 185.914786497345176
-2.128984519802631 -2.006397730996573 0.090773271844217 388.363625469787337 148.529539414345663
-1.500622496762984 -2.775612682301848 -1.246983967959819 375.345567743338336 277.126381600905688
-2.393341522250106 -2.814569004139154 2.156870334324788 278.184146254864459 19.137856036808586
-0.334215531377678 -1.479171923349333 -1.828834616538048 416.896412890192209 438.307987146700839
-2.592708470432378 -2.649318893019637 -0.851042690634956 411.606244047232451 211.659973736442709
-1.400378524680470 -0.373692266792882 -0.723315108802065 583.568912950954086 206.531114443106844
-0.366587018464878 -2.441794519498384 -0.785089722347453 296.395659211552129 314.387695249145054
-0.843157433083838 -1.939594987363949 -1.479914070498307 394.334244738750840 338.615773207406164
0.776788298176784 -2.750128971869528 0.175401666096890 76.017436295969560 324.041308716181220
-2.643756734310544 -2.799498370532331 -2.309197559134637 447.518890178689730 283.028702887104998
-2.774150966978171 -2.040244489095533 -0.175702412079464 426.737508692249605 150.822738152966167
-1.964605240322167 -2.002986343418303 -1.324291796429495 438.517591393437328 257.770602680612740
-0.748283663115107 -2.290147788125121 -2.380932903058135 408.988526722034408 395.087724916895866
-0.527804936517645 -2.977235471612039 -1.687446161140310 335.774425764226237 353.182030815734777
-1.890594367962302 -2.462704484665416 -2.421444803966614 445.452545075519765 322.585217570765394
-1.587322028688587 -2.644207986075857 1.292672915320934 268.056207704486837 91.681922093058546
-0.404298251230601 -2.750346876508495 -0.951485710931852 299.452039116891569 319.844934715144689
-2.993300718625375 -2.993441588152542 -2.436948657120517 450.877219759034006 276.105046392871259
-0.115087828265375 -1.621602364932578 0.699433673458384 127.654968528811395 146.207583693441848
0.659732524222695 -2.719044585050702 -1.422675884421720 236.455923066769714 446.624541387799809
-0.359916190317959 -1.993605606062929 1.433919339499767 98.429516343886860 47.539461685667305
-0.950569983694684 -1.106831599491194 -0.218693385412917 388.546831798698690 200.012843852700144
0.497100103581327 -2.928230638126760 1.276408226385758 14.244485178095147 181.696563652140725
-0.527615348138007 -2.506410404176464 -2.003044375395833 369.288896495155825 383.036036896360883
0.197838782858974 -1.704910246678057 0.934131883775398 4.227003005120537 130.096339479187719
-0.142506199836481 -1.115804967001101 -0.678860039736684 332.544023286454774 366.538241049951353
-0.985676356892964 -0.584818256916840 -0.830581488334668 521.552623978311317 276.107076392305828
0.525895182455370 -1.925036666790089 -0.888484233352592 214.210783079745710 443.441788173303053
-1.060648147433165 -2.188510001145658 0.350403630248076 292.518430067454233 172.111239623054416
-2.879837611066490 -2.479788945339600 0.613971642821233 380.981618142465152 110.347486754511408
0.419579620992609 -1.974883451879913 -0.326438600900679 167.569508780114177 361.806279670494177
-1.227204612053876 -1.563639412415003 -2.128238077156917 473.430104543243317 363.367177539625345
-1.758650262354513 -2.094758788426888 0.162999915595146 358.948937541301575 158.147628166085610
-2.463741830511737 -2.742737599633919 0.021869657707573 373.374323234648500 166.610266372127029
-2.167933194451803 -2.249708908730160 -2.488333089730405 468.157320890283984 314.158701207982404
-1.250208973576321 -0.463343223077262 -1.630726133430340 608.230095289659062 354.183390161209672
0.612618450857146 -1.965223161977429 -0.712329304173472 178.853665026193624 435.906548040072380
-2.009814778619000 -2.342507873330543 -0.246987044123800 379.618806638230637 188.165578658814866
-1.010319458838606 -0.832182229422446 -2.808380135190275 584.210512723640591 475.092053925959590
-0.363861029231662 -0.954612515616267 -1.779790576450136 481.356100993349401 476.999403253638206
0.517158653962242 -2.883643548161206 -0.840293530507212 207.801408674643255 382.037971448393591
-0.746155816902931 -2.734851377467177 1.864129576325877 143.563846576716344 57.319142631919618
-2.946988605128144 -0.055658220898970 -2.329130664628035 713.553815300228734 267.753445665810489
-2.271497481476198 -1.575480529171234 -0.370820220879510 443.444721733853953 165.805207090662861
-2.290638715420272 -1.903272513875875 -2.946655864466461 506.922578419033357 334.855770525147250
0.183324193769693 -1.989900932840795 0.104475338657137 159.271153541172282 279.267739564451404
-2.918840758978614 -1.381001221954439 1.083957041944150 424.579669294524365 3.143736536745621
-0.393610083524171 -1.188134872323905 -1.563137830369397 434.765462080879047 427.254633256360989
-1.416100838720206 -2.167485334628920 0.483216133616751 314.538171894976529 144.821697532319035
-2.078695281559237 -1.243938928372355 -2.857024258985406 555.624048029467190 354.122925097175994
-1.556350529336756 -2.325977289144970 0.023755922121903 342.697297938017016 184.472209540912360
-1.929668853918614 -1.892056182417536 -1.490816483216828 450.646062681081787 269.995527889704874
-1.855336498531666 -2.237003695717938 -1.384817593866376 422.245219836794320 267.810272890479951
-1.189518955913883 -0.058473315080941 -0.846586426509932 694.893377918129090 242.791009299130394
-2.161075681935003 -2.546796773237552 -1.581862751178117 424.124553450812698 266.331029233429149
0.729311086125151 -2.466267561761849 -1.296158420739365 221.099413486560564 463.837515571040967
0.492317636367380 -2.948659149863854 -2.458039317552030 309.330685395801368 477.254382168076120
-0.789699459761356 -0.671283229251809 -1.448263468441791 536.272031420092503 389.771573893899358
-0.478434186750731 -2.093550077009114 0.337280236615828 235.208018102868380 199.966849992005507
0.176186804999556 -2.021278292489356 -1.205141941973563 288.659385149018249 415.463656343950561
-2.080998288541923 -2.300722040213718 -1.121136592764370 418.370315621564544 241.888684724227147
-0.576605559813063 -2.977722037134996 0.726909826088295 210.615061647232920 185.606917018147016
-0.148800400356136 -2.955341477661065 1.934551525973162 59.261682397076470 79.287039081162277
-1.228382864302860 -2.682255914716023 -2.280802266560253 405.370626661640074 348.049063712419354
-1.249689330409936 -1.217623436223179 0.920169251878598 309.959021817902851 14.983509057489982
-2.400546200419020 -1.423105247647779 -1.772244626728804 512.691310250530819 262.926605454104333
-1.118069105508273 -2.377573793499396 1.967446422962650 176.639385543083819 7.318395429198461
-1.051903137170449 -0.630922389568663 -1.126008669157361 536.429067718120336 310.663401055257566
0.022959853197840 -2.270988525214225 -1.369984646990615 306.187178880556417 398.155837248110061
-2.522210022458577 -0.763523176943374 -2.421485733435911 605.124864970904127 302.082737847523276
0.913573896963790 -2.835395790839471 0.376782895332359 32.485295785518531 315.470439914507040
-2.352497863176354 -0.419090101970517 -0.676335805967986 595.753826473620279 139.284164487617318
-1.796204727683419 -1.039718736694517 -0.081401968752361 452.871866546202568 129.288009629217981
-2.573057709165699 -2.343835408398033 1.388591167805596 339.274362127604377 50.331231367872959
-2.432360816910140 -2.813992034274774 -0.851971447985204 398.613584860660410 219.120079617194051
-2.579420744306482 -2.558601798734101 0.537724911964138 366.825903318264409 124.696616983015090
-0.182937951695047 -2.576140804135971 2.024268462690140 28.993588078031223 29.577780526542711
-2.258388008239526 -1.957938364818705 0.267446429815599 390.040274373176032 128.318463314288977
-1.187320759216839 -1.952091227898764 0.602317152338420 295.232594511753405 130.020725049209886
-1.499447550469543 -0.951295388520147 -2.155887297687875 552.321071323483238 359.570324113455513
-0.726818356871922 -2.503562802336062 0.711441944568031 229.310595163154005 164.116187931102900
-1.985881528151988 -1.479176692346613 -1.175208923824978 472.360748317138359 241.712420438574583
-0.265597950294425 -2.686827685160679 -2.020846882635039 346.662977513039550 398.530359118976151
-2.286262925337196 -0.222683742643781 -1.492925846979627 663.901836178705025 233.339482186922510

gimbalangles:
2.859938382091885 2.596923074058397 -0.833555233728843

end: