T_CW:
0.8138671302 -0.2959758100 0.5000186140 -0.4017751256
0.3247058136 -0.4819640665 -0.8138038911 0.0341910196
0.4818572704 0.8246871883 -0.2961496455 0.2398186872
0.0000000000 0.0000000000 0.0000000000 1.0000000000

T_CW_cov:
0.0000002723 -0.0000000441 -0.0000000458 0.0000000712 0.0000004348 0.0000000062
-0.0000000441 0.0000002871 0.0000000089 -0.0000005260 -0.0000000614 0.0000000556
-0.0000000458 0.0000000089 0.0000003063 -0.0000000087 -0.0000002723 0.0000000036
0.0000000712 -0.0000005260 -0.0000000087 0.0000015317 0.0000001025 0.0000001573
0.0000004348 -0.0000000614 -0.0000002723 0.0000001025 0.0000012813 0.0000000303
0.0000000062 0.0000000556 0.0000000036 0.0000001573 0.0000000303 0.0000005997

target_points_pix:
2.9185907309 1.9178459633 1.8610296438 586.2155800001 107.9918859735
0.4525511890 1.4771543701 -0.3709931605 286.2279527953 208.4953061904
0.0134727521 1.9966532696 -2.2999075116 174.8931848500 328.6735146422
0.0713589459 2.8688959608 -0.9051086491 238.5366740518 190.7613688594
2.5591223247 -0.0443953625 0.5219552533 744.1527849432 327.0011205406
1.8324549851 0.5136414256 0.1050882143 533.3776451791 287.2020434776
-0.3054732399 1.1553874900 0.2017032538 156.2988289978 46.6903951412
0.8179732118 2.2948193458 -0.2082891874 326.8704443073 180.1954902815
0.4760255981 1.6652719494 -2.0074300235 225.4394046781 340.7382980649
0.4157939103 1.1830938811 0.6503161745 357.8013102735 55.8131668132
-0.0197024909 1.9179607289 -0.7375181316 214.1977558786 204.0014028292
1.6912700364 2.9152958030 2.0943006760 474.2817844444 24.5808657955
1.0143189639 -0.1834378360 0.2340703772 658.4738731843 364.2292104162
2.1243149059 2.5165360083 -1.1599424087 375.4342319821 269.7136528300
2.2027673226 1.2739145926 -2.7746600208 347.0006341278 422.0618746483
2.6388940522 0.2859068827 0.6616028722 685.3517248494 272.9800297211
2.2838413789 1.2710353105 -2.0665887182 379.0104032910 387.9939605619
2.6356910408 1.1581813945 0.7110316627 563.4674919444 213.1814851630
1.3605142988 1.3279683397 -2.8167563008 281.3299035421 421.8994105933
1.6985656786 2.3108705817 2.0575274508 511.2173333496 13.6537021932
0.8606978522 2.4381202060 -0.8605197644 304.4829423120 226.3040863637
2.2974160006 1.1434337072 1.1115312662 583.3200423808 156.0645461347
1.8636994645 0.9851570773 0.8625067980 554.3939617495 162.8677056793
2.8400527988 2.3293742471 -2.5758741647 371.4820782703 348.5942065630
0.6837708879 1.9678359559 0.5759732938 358.7040849367 100.3964432240
2.4952987901 1.9204534977 1.3630564139 536.2978689647 130.0954381943
1.9598271384 2.0807628825 -1.8172077782 351.9619318609 320.5036447989
0.3223913466 0.6572687096 0.3411312926 328.0856921810 108.1671254753
1.2977747122 2.7046068227 -2.0603174099 298.2767471044 293.9630016467
2.8920798147 2.1378650829 -2.5311623147 378.5144096126 356.3825844875
-0.8911796826 2.9815497203 -1.4877817901 129.4319061971 196.7695344506
2.7260240624 2.2495865463 -1.9352716347 386.2911938014 324.9216350812
1.1135292309 2.9590436052 0.6041369903 370.0933927126 117.9685369456
2.6278435143 1.8946618219 1.8255796272 575.1310201704 94.9959544791
0.6336242524 1.1783842050 -1.0552852102 274.4311511596 310.0226394151
2.3667225286 2.8706255632 -2.1373102295 353.4528103096 303.5780226081
1.5404004160 2.0873391010 1.9086104661 509.5128177581 10.1054806144
0.2585293654 0.5934473492 -0.5108773483 225.3136554391 299.1169296376
2.4841714159 1.4051269004 1.6262681959 606.1299115041 107.0313468698
2.1983390802 1.3671984969 -1.0802983766 414.2751381065 324.7581955784
1.0168380356 1.8187565862 1.2681363448 443.4939957982 37.7415409603
2.3406080829 1.6524588336 2.3188796262 632.4697545095 15.7786209179
1.7824561088 1.2368809704 -0.1031601285 446.6784920239 250.6952716325
2.6588510636 -0.1466194073 -0.3037086062 643.6383230066 436.7076724122
1.2383180701 1.3099832525 -2.0678546936 296.8797428683 382.0366044389
0.7871674616 2.0424983208 0.2012990387 346.8314604368 146.8209272041
1.3716637695 0.8792669647 -1.3574988410 348.5928166216 378.1230193197
0.9719223617 1.9689701437 -1.5625638722 290.8811772281 297.6852446943
2.8361755367 1.9949440335 -2.4556373968 380.9584895615 360.5243494289
1.2103062974 0.1184933070 0.6222756592 657.8692683348 194.5042905742
0.9923400970 0.5709656991 -0.1292795507 409.4719250175 276.5810705173
2.6984458114 1.3496573022 0.7124865195 548.5295466474 207.9744195359
0.7575916053 0.2523891601 -1.0951950878 288.8807865679 462.8340804028
0.8962104592 2.8887750237 0.0742970148 336.3391074548 149.7943155142
2.4003927181 0.1999549924 -0.1597382894 587.6768386474 367.1503881610
1.4570043822 2.3114412965 -2.8657043889 288.2294532564 352.5950991060
1.6781638844 1.7635796532 -1.0815039641 366.8836099138 291.8999658480
-1.1012706995 2.9606741992 0.3197833124 138.1622967362 2.9354303620
1.4697371940 1.7050643911 -2.6910499524 294.2639524584 384.2688937525
1.4997362677 2.2552284310 -1.7042058754 324.3150866195 299.1530056633
1.9711161295 2.5320500174 -0.8647562015 376.5157474967 250.0524552969
2.2679231297 1.6166728105 1.6066018340 570.7853079501 94.3538795234
0.6325419191 2.6208530677 -2.3930825352 243.5135516300 304.6738850459
2.2683739193 1.5151538458 1.0720505343 538.6551292862 150.7420614645
2.8407462338 2.6756664027 -1.3199547291 402.0341532284 281.8786145652
0.8583509219 1.9819683117 -2.4177920373 254.3920469611 346.1373181665
0.7902253300 -0.0498267092 -0.2495925517 423.7178164865 431.0429825052
-0.7126786561 1.9834577945 -1.0618160856 100.4201564122 201.9487559597
1.9193600062 2.7960739311 -1.6739447817 344.8431905456 280.5718892771
2.8049534027 1.7549510628 -2.7261348255 374.8825710321 385.3857700754
2.9691898119 0.8306301282 -1.4718533968 464.5253838681 395.2533116442
1.9577623473 1.9570472736 1.2495788176 498.4942861347 110.8231714658
2.4239824816 0.7568461512 -2.0444246221 405.3720234250 433.9876385585
2.5332886341 0.3624403137 -0.8886724309 508.0986747734 407.2429517960
2.7230803671 2.1668952310 -1.0932890004 416.5041748785 289.9052370150
-0.0667491202 2.8893935758 -1.8135267343 203.8677449903 247.2583474419
2.8849499926 1.7528628131 -1.9172862492 406.5141558385 351.9676109821
1.1468270981 2.4561268263 -0.9711199181 322.5295025089 240.3194719974
1.8638170845 2.7136824619 0.0667283887 400.2474938661 187.8264007125
1.7836301664 2.3017608285 -2.5962998189 315.7364478838 343.0689697755
2.0330982211 1.2071025275 -0.3551796497 450.3708668216 281.1389059640
1.1730569531 1.2704948479 -1.1105960248 333.4694193158 317.7095815985
2.9461481719 2.4968893176 2.7161145307 592.0751587514 38.7905646656
0.6570472120 0.4945068807 -1.4712885553 245.6403348075 447.8438699076
0.7279847276 1.9901461379 -1.3627605785 275.9034140032 278.0379843184
1.7827388544 2.9902355627 2.0898483581 474.9305752256 31.7351987646
0.9641042651 2.6882373571 1.1690572800 391.2806959227 60.9258378746
1.5773005481 0.8563350408 -2.8473658583 299.9332531603 472.0016634746
0.7664780110 2.9653914697 -0.1033146028 320.1384288682 156.4819303194
1.7669752855 0.9690625695 -0.5529376649 431.1252535127 309.2047584151
1.4488983111 0.6617484764 1.0469220162 603.0457626901 102.0923357748
1.1060195470 2.4830620612 0.3854567192 371.4864214758 139.6359736933
2.8833560441 2.6773336796 -0.2468877160 438.7010517682 232.3007451174
2.7832056284 2.7310910625 0.6875618561 468.2134012476 177.0932760716
0.4773538111 1.3095008612 -1.5680206608 232.9359205860 339.5849462622
0.7034332180 -0.0654622727 0.4930513506 654.0287849985 171.0257264908
-0.4791536927 2.3891232452 -2.6389828612 128.7440568746 316.2387890312
1.9631750106 0.7384015444 -1.1730532119 419.3642370619 383.0371010719
2.7390766891 1.4458832406 -1.4800111153 425.1920260963 347.8231787559
1.8142779780 2.3081898863 -0.8022692629 374.3050880873 251.9034206534
0.1815827826 2.0076210646 -1.8337579884 206.1533858299 298.9538037479
1.8809823717 2.0841163296 0.5893151287 447.8813322770 164.3460949456
1.0562875771 0.1801981948 -0.5239100279 408.0423790183 404.4459922912
0.5522005358 2.0961738439 -1.3378655295 261.1376462050 266.3856501606

gimbalangles:
-1.7013139147 2.1620235829 1.7240462646

end: