T_CW:
0.9485369804 -0.3159719830 0.0209595498 -0.0287660033
-0.1528025013 -0.3987256572 0.9042506544 0.0205649101
-0.2773607621 -0.8609178569 -0.4264873402 -0.0382523182
0.0000000000 0.0000000000 0.0000000000 1.0000000000

T_CW_cov:
0.0000006014 -0.0000000435 0.0000000092 0.0000001729 0.0000014950 0.0000000521
-0.0000000435 0.0000003634 -0.0000000128 -0.0000010624 -0.0000001350 0.0000000876
0.0000000092 -0.0000000128 0.0000002480 0.0000000373 0.0000000206 -0.0000000024
0.0000001729 -0.0000010624 0.0000000373 0.0000038034 0.0000005072 -0.0000002884
0.0000014950 -0.0000001350 0.0000000206 0.0000005072 0.0000044110 0.0000001429
0.0000000521 0.0000000876 -0.0000000024 -0.0000002884 0.0000001429 0.0000008576

target_points_pix:
-0.6320758571 -2.9734307655 -0.9551538105 397.8736553359 273.6816744729
2.4414387687 -2.5855806867 -2.6140916131 656.2732351505 83.9633897129
-1.2830020915 -0.7477612956 -2.9741651212 259.1361001790 3.8131359873
1.5390997624 -1.5424577392 -2.4175742588 613.8827559648 11.6177765139
-0.2553136312 -1.9712086642 0.1715341730 427.5864830061 385.8338084109
0.6234708383 -1.9398854722 -0.2972694506 554.0138039838 304.9998684029
-0.1550543400 -2.4137450398 0.5014556902 452.5710728876 428.5497072994
-2.1173200533 -2.1447782396 -1.4060294826 263.3523594895 233.5035519781
-1.7590488229 -1.6158880204 -0.8003083999 241.5184847577 262.6438880195
0.8751195563 -2.7412553167 -2.3497777337 502.1302700717 149.6233981735
-2.7526374896 -2.4282561608 -2.0502608060 249.8274025298 210.0589409896
-0.4132450863 -1.6619243622 -0.3975132155 389.0099328576 295.5176412003
-2.8002920322 -2.7177990940 0.7087254771 217.6516283903 428.7157280803
-2.6318751097 -0.2406755511 -1.7765257254 12.2512889790 80.6788474022
-0.4611632066 -1.2374349928 0.2883990725 359.5324878676 437.6432052672
-0.8863209803 -2.2520445289 0.3132015694 357.2205070846 400.5484709406
-2.1289845198 -2.0063977310 0.0907732718 222.7831710325 372.2458979497
-1.5006224968 -2.7756126823 -1.2469839680 331.3965731374 256.6026016037
1.0230141211 -2.0286101404 -1.6936841533 550.1158362868 143.0453023272
-0.3342155314 -1.4791719233 -1.8288346165 385.1124427490 125.4001512008
-2.5927084704 -2.6493188930 -0.8510426906 254.1182339514 290.8570950948
-1.4003785247 -0.3736922668 -0.7233151088 65.6925202540 172.4688481992
0.9681774819 -1.8265874372 -0.0500718532 650.6063158030 343.6489529976
-0.3665870185 -2.4417945195 -0.7850897223 411.8095592152 272.4935568218
-0.8431574331 -1.9395949874 -1.4799140705 351.0653769702 199.2750189509
0.7767882982 -2.7501289719 0.1754016661 562.7846245245 376.8947757294
-2.6437567343 -2.7994983705 -2.3091975591 274.8052785703 207.0581207882
2.4920592820 -2.8352242968 -2.0271598657 674.6658750198 139.3713709890
-2.7741509670 -2.0402444891 -0.1757024121 185.0199800232 342.9816346008
-1.9646052403 -2.0029863434 -1.3242917964 263.9386689005 233.2539456903
-0.7482836631 -2.2901477881 -2.3809329031 370.2194269263 154.7695925553
-0.5278049365 -2.9772354716 -1.6874461611 401.8405656390 222.6293034944
-1.8905943680 -2.4627044847 -2.4214448040 302.3166181920 179.9537554968
2.3241395539 -2.8069241618 -0.5895953926 746.8672894731 270.5984323592
0.8262230982 -2.7700330224 -2.2296368352 499.8213052467 159.3426691440
-0.4042982512 -2.7503468765 -0.9514857109 412.2916701629 266.7231831310
-2.9933007186 -2.9934415882 -2.4369486571 266.8907451222 210.3210003008
0.6597325242 -2.7190445851 -1.4226758844 501.4969077679 214.4810181696
1.0749470139 -2.7742481684 -2.6710858845 512.5895126265 129.2111231555
1.5889353798 -2.3704226469 0.0978376196 729.9175901987 369.1216381511
-0.9505699837 -1.1068315995 -0.2186933854 264.1214438913 316.9377073390
-0.5276153481 -2.5064104042 -2.0030443754 392.1692859641 184.7339827710
-0.1425061998 -1.1158049670 -0.6788600397 408.6258266416 215.3037314207
-0.9856763569 -0.5848182569 -0.8305814883 199.0209926298 162.7324792982
0.5258951825 -1.9250366668 -0.8884842334 513.6179112562 226.8960891630
-1.0606481474 -2.1885100011 0.3504036302 334.7825176368 406.3717430033
-2.8798376111 -2.4797889453 0.6139716428 194.9731572632 423.6062299373
1.6820117367 -2.6908657484 -0.4410075725 666.4497837953 292.2965391339
0.4195796210 -1.9748834519 -0.3264386009 516.7595520668 304.1923084324
-1.2272046121 -1.5636394124 -2.1282380772 305.0128580229 136.0928451208
-1.7586502624 -2.0947587884 0.1629999156 260.9847017629 380.3867332732
-2.4637418305 -2.7427375996 0.0218696577 254.5346216884 361.6603844669
-2.1679331945 -2.2497089087 -2.4883330897 278.4960772511 171.3034258289
-1.2502089736 -0.4633432231 -1.6307261334 185.1137122711 53.6077569070
0.6126184509 -1.9652231620 -0.7123293042 531.9284525836 248.2847341519
-2.0098147786 -2.3425078733 -0.2469870441 265.5843635741 334.5119633566
-1.0103194588 -0.8321822294 -2.8083801352 287.2618015847 11.4377861279
-0.3638610292 -0.9546125156 -1.7797905765 359.3982110390 70.3377790218
0.5171586540 -2.8836435482 -0.8402935305 498.6260949598 269.9794396258
-2.2714974815 -1.5754805292 -0.3708202209 180.8823042065 315.5030538135
-2.2906387154 -1.9032725139 -2.9466558645 260.2310106084 133.0721545821
0.0126243685 -2.0694425955 -2.4142551407 426.6027598422 122.7672842318
0.1833241938 -1.9899009328 0.1044753387 493.8846755903 374.3645395169
2.0562877052 -2.9757796727 -2.6627237828 594.8574473518 121.0108617949
-0.3936100835 -1.1881348723 -1.5631378304 367.0346879618 121.4621633577
-1.4161008387 -2.1674853346 0.4832161336 293.9250341006 424.4697644777
-2.0786952816 -1.2439389284 -2.8570242590 232.3683841750 89.5591591282
-1.5563505293 -2.3259772891 0.0237559221 297.0918887296 362.2120306172
-1.9296688539 -1.8920561824 -1.4908164832 262.1485491703 215.1605877480
-1.8553364985 -2.2370036957 -1.3848175939 285.5364214805 234.9988208535
-2.1610756819 -2.5467967732 -1.5818627512 283.1928574419 234.8180888649
0.7293110861 -2.4662675618 -1.2961584207 515.3996611019 211.8964530291
0.4923176364 -2.9486591499 -2.4580393176 468.6604072622 161.5655293399
-0.7896994598 -0.6712832293 -1.4482634684 270.4985462049 81.1978228571
-0.4784341868 -2.0935500770 0.3372802366 400.7859241112 409.5077099973
1.0122261489 -2.4413387388 0.6226324034 649.0415569380 463.0538664087
0.1761868050 -2.0212782925 -1.2051419420 459.3294413150 207.2927559677
-2.0809982885 -2.3007220402 -1.1211365928 270.4220470758 259.2211881915
-0.5766055598 -2.9777220371 0.7269098261 413.5757345681 438.3568137966
0.9252734353 -2.1199048929 -1.1736164176 553.0689807346 199.6560454631
1.7040403951 -1.8849249930 -2.4309656511 615.2175716308 49.9315050443
-1.2283828643 -2.6822559147 -2.2808022666 348.7588657551 187.0094824818
-2.4005462004 -1.4231052476 -1.7722446267 199.6762128595 179.5516717603
-1.0519031372 -0.6309223896 -1.1260086692 213.9956638222 128.7490887690
0.0229598532 -2.2709885252 -1.3699846470 441.9578359328 208.9164181208
-2.5222100225 -0.7635231769 -2.4214857334 145.7203758696 87.6584778487
1.4842521203 -2.9178812129 -1.7333624324 570.9040281172 187.0918332866
0.9135738970 -2.8353957908 0.3767828953 587.2628245076 403.8260223659
-1.7962047277 -1.0397187367 -0.0814019688 130.5524799232 350.3681989732
-2.4323608169 -2.8139920343 -0.8519714480 271.6919072761 292.3088293425
2.5609837967 -2.9277062911 -1.0449301538 735.5849488813 223.5825418234
-2.5794207443 -2.5586017987 0.5377249120 224.1550098839 414.5510465013
-2.2583880082 -1.9579383648 0.2674464298 202.1640165178 395.0354766963
-1.1873207592 -1.9520912279 0.6023171523 301.3130092387 454.5831198970
0.1346661905 -1.4032030397 -2.7868114016 425.9189279314 35.3969897278
0.6772129729 -1.3872812868 -2.0826048477 506.6306293959 55.2500345217
-1.4994475505 -0.9512953885 -2.1558872977 238.5376343393 88.9307304015
0.5091662389 -1.5917825661 -1.9651756083 484.2007259328 96.7566052363
-0.7268183569 -2.5035628023 0.7114419446 385.7553234543 452.5650423254
-1.9858815282 -1.4791766923 -1.1752089238 219.7253990222 223.7041049133
-0.2655979503 -2.6868276852 -2.0208468826 414.9029133927 187.2489848966
-2.2862629253 -0.2226837426 -1.4929258470 8.9211926944 88.4952618294

gimbalangles:
-2.8091003120 -0.1634578160 -1.4197983638

end: