T_CW:
0.0130129611 -0.9971694740 -0.0740520290 -0.0314535844
-0.9991525818 -0.0100752208 -0.0399074959 -0.0115768738
0.0390484462 0.0745085906 -0.9964555629 -0.0695733375
0.0000000000 0.0000000000 0.0000000000 1.0000000000

T_CW_cov:
0.0000002987 -0.0000000063 0.0000000156 0.0000000431 0.0000007112 0.0000000456
-0.0000000063 0.0000002303 0.0000000166 -0.0000006708 -0.0000000624 0.0000001043
0.0000000156 0.0000000166 0.0000001789 -0.0000000947 0.0000000248 0.0000000172
0.0000000431 -0.0000006708 -0.0000000947 0.0000025312 0.0000002572 -0.0000003780
0.0000007112 -0.0000000624 0.0000000248 0.0000002572 0.0000022727 -0.0000000103
0.0000000456 0.0000001043 0.0000000172 -0.0000003780 -0.0000000103 0.0000005722

target_points_pix:
1.4904409015 -0.8576028127 -2.6357354281 473.7199195752 108.0765042852
2.4414387687 -2.5855806867 -2.6140916131 650.3032735197 9.3465551723
0.7583609253 0.4677505926 -2.4511855211 344.8681152654 172.4684059510
1.6304909208 -0.4683184133 -1.9111117291 452.9310448119 37.1374907206
-1.1698605629 -0.0915581141 -1.3700899405 403.7027669449 475.5426297352
-0.4339811544 0.3604827340 -1.2275564470 311.7449391591 336.7232071677
-1.2830020915 -0.7477612956 -2.9741651212 454.8907137471 360.7111108986
1.5085798632 -1.1919996516 -1.7278603287 569.8093516843 25.1867687576
0.0134727521 1.9966532696 -2.2999075116 186.4021039504 244.3225965751
1.5390997624 -1.5424577392 -2.4175742588 555.8583565934 87.3989896158
2.6638076555 -1.1338153697 -2.9948707751 487.0217445969 30.0179283903
-1.3783621819 0.6183489028 -2.2812195003 320.5318651266 399.3283670699
0.8751195563 -2.7412553167 -2.3497777337 707.5527355101 151.5852509206
0.4760255981 1.6652719494 -2.0074300235 195.9710860859 190.1228539430
0.0469361765 -0.1783641195 -2.6535832882 407.6972391295 244.2116580823
1.5905470624 0.5227412081 -2.2990225691 337.6051258173 81.8594425143
1.0230141211 -2.0286101404 -1.6936841533 717.1786310646 87.7794854331
-0.3342155314 -1.4791719233 -1.8288346165 608.9964517249 300.4579846497
2.2027673226 1.2739145926 -2.7746600208 285.5030092495 61.7475719492
1.7022931842 0.6034113149 -2.4383688156 333.1601582308 80.9200037295
1.3605142988 1.3279683397 -2.8167563008 280.7410014670 133.0941640801
-0.2118470871 -0.0163581002 -1.5873625828 391.3210814586 281.9955034569
1.9598271384 2.0807628825 -1.8172077782 136.6670331419 4.3932993787
-0.1823780494 -0.8635400208 -2.5844140384 476.4951178969 267.6346726108
-1.2292746160 0.8858709981 -2.9739817686 316.2599013677 349.7408344252
1.2977747122 2.7046068227 -2.0603174099 98.4401632382 103.9798974099
-0.7482836631 -2.2901477881 -2.3809329031 653.4557408374 337.8004594368
-1.8905943680 -2.4627044847 -2.4214448040 674.3105664895 471.3307861029
-1.5747020397 0.3647896395 -2.1186734669 344.0970989491 437.4973697416
1.4521663042 -0.5399965625 -1.6630885379 473.1479203326 29.8776284723
0.8262230982 -2.7700330224 -2.2296368352 730.6866298349 151.5030473711
0.6336242524 1.1783842050 -1.0552852102 127.7614488010 103.7926994669
2.3667225286 2.8706255632 -2.1373102295 98.8299462203 2.4599325297
1.0749470139 -2.7742481684 -2.6710858845 668.9018549490 144.8003472734
0.2585293654 0.5934473492 -0.5108773483 90.2081284833 114.4346213991
2.2425741823 -1.7173131963 -2.8670343424 544.5561191749 52.8554747401
1.6075514943 0.3175726274 -1.9505948349 352.7353049957 49.1983450199
-0.5276153481 -2.5064104042 -2.0030443754 742.4110250688 326.9100659895
0.2277862557 -0.3340403307 -2.6300424523 422.9235090231 227.0837389009
0.7112279187 -0.6943231092 -2.1725083750 472.3228485879 166.1758034220
1.1504892931 -0.6627365524 -2.0403880364 473.4870905377 107.1014374292
1.2383180701 1.3099832525 -2.0678546936 243.0281917352 106.0641886922
1.3716637695 0.8792669647 -1.3574988410 239.0392862980 8.9882730769
0.9719223617 1.9689701437 -1.5625638722 105.3013381538 103.5772428464
0.7575916053 0.2523891601 -1.0951950878 331.8492234176 75.1727228634
0.0588398480 0.1345663759 -1.9919443238 373.1030714537 240.5420251827
-2.3495685473 0.3594685558 -2.9255488728 357.5520148318 452.5956100440
-1.2272046121 -1.5636394124 -2.1282380772 589.2886223761 408.1778854066
1.4570043822 2.3114412965 -2.8657043889 206.4089077826 129.1654457413
2.7544963644 -1.4088225197 -2.8622308738 516.0685622071 10.7103430147
1.4697371940 1.7050643911 -2.6910499524 244.3945200714 119.3555835254
1.4997362677 2.2552284310 -1.7042058754 96.9929029481 48.6046332131
2.9010377035 -2.0761523624 -2.9764524155 569.8788048074 4.8585928865
1.1375885433 -0.0063029323 -2.6361798873 392.4695150570 142.5937006796
-1.2502089736 -0.4633432231 -1.6307261334 463.1970198160 454.3677955613
-1.7725763211 0.1321032521 -2.5127218453 375.2639502911 428.8365755658
1.5108970396 -1.3615313295 -2.9687420888 508.3341606661 121.5326239024
0.6325419191 2.6208530677 -2.3930825352 140.6270192745 184.7553846923
2.0870307964 0.3507490887 -2.2443769366 355.3062777495 25.7414413042
-1.0103194588 -0.8321822294 -2.8083801352 466.7099279277 342.5159442214
-0.3638610292 -0.9546125156 -1.7797905765 531.8131051328 304.2136522022
0.8583509219 1.9819683117 -2.4177920373 200.8909363063 163.5125733266
0.3303057821 0.2394415897 -2.7978580808 370.1148001182 219.1241970769
0.9955118727 -0.6900885001 -2.2663970244 468.3565905650 138.5595177673
-1.0050947886 1.3796874961 -1.1237346037 84.9094838837 461.8603429925
-2.2906387154 -1.9032725139 -2.9466558645 563.8653776363 461.1034214194
0.0126243685 -2.0694425955 -2.4142551407 620.3210731910 249.8742920981
2.8049534027 1.7549510628 -2.7261348255 246.0174818030 11.4536963691
2.0562877052 -2.9757796727 -2.6627237828 688.2067889849 48.4477358520
-0.3936100835 -1.1881348723 -1.5631378304 596.1459331510 319.2578926429
-2.0786952816 -1.2439389284 -2.8570242590 504.7374078155 443.1964615974
1.4706806190 -0.4806013601 -2.0637464314 449.9132701347 71.7221795022
0.0746601060 0.5852067123 -2.6719971241 337.1472986614 240.9014509810
-1.0310568987 0.1681308091 -1.9239170579 365.9710732272 384.9268563521
-0.0667491202 2.8893935758 -1.8135267343 30.6007837255 251.7677911502
0.4923176364 -2.9486591499 -2.4580393176 719.0301658011 197.8732756894
-0.7896994598 -0.6712832293 -1.4482634684 512.7812884425 397.1070919750
1.7836301664 2.3017608285 -2.5962998189 190.1821489084 89.3573088017
1.7040403951 -1.8849249930 -2.4309656511 592.8898693719 69.9483224878
-0.3139309819 -0.3902845608 -2.9588867546 424.1027391725 275.7169413783
-1.2283828643 -2.6822559147 -2.2808022666 721.1481817138 404.5525487158
1.1730569531 1.2704948479 -1.1105960248 128.6342773607 2.9274112604
0.6570472120 0.4945068807 -1.4712885553 307.8024153357 137.7266286529
-1.1789359356 0.5890362018 -2.6866246034 334.8800116236 357.2453269206
0.7279847276 1.9901461379 -1.3627605785 60.6951228816 123.2445439790
-2.1351115329 0.3711751050 -2.8548084772 355.8967809381 438.0739303752
-1.5993342926 1.4370656586 -2.3495525503 238.3594425824 413.4972269864
1.5773005481 0.8563350408 -2.8473658583 320.6084837950 115.6262645228
2.3311839498 -0.9539271198 -2.8889311096 474.7985478690 50.1258196416
-1.6020343444 1.0108264512 -2.1461077954 270.5580954595 432.9667092196
0.1346661905 -1.4032030397 -2.7868114016 521.4258997825 237.6402344651
0.4773538111 1.3095008612 -1.5680206608 192.6669303200 173.5591727010
-0.4791536927 2.3891232452 -2.6389828612 177.4199513732 288.3439389717
1.1137504699 -0.3175425869 -1.4064089642 447.5417398534 48.9901358769
2.9181215669 -0.3698662499 -2.9485027558 423.8764617434 9.9020669248
-1.7376268140 2.4434120148 -2.6251467566 166.5373604634 403.6346416824
0.6772129729 -1.3872812868 -2.0826048477 565.2558308471 165.4392409490
-1.4994475505 -0.9512953885 -2.1558872977 506.4710156352 435.8906196219
0.5091662389 -1.5917825661 -1.9651756083 606.0733742568 182.0238433978
0.1815827826 2.0076210646 -1.8337579884 135.8342838597 221.8725206172
2.7857291322 0.2667104279 -2.9126554396 371.5683402640 20.5722261954
0.5522005358 2.0961738439 -1.3378655295 37.0713363616 150.4534511275
0.6331406616 -0.7213015916 -1.7853225676 494.4942261015 158.1494014263

gimbalangles:
-1.5589906209 0.2081261489 -0.0769631770

end: