T_CW:
-0.4340871052 -0.4150694787 0.7995534459 -0.0297669412
0.9003881339 -0.2289474798 0.3699787288 -0.0031672772
0.0294888683 0.8805114305 0.4731067822 0.0154286406
0.0000000000 0.0000000000 0.0000000000 1.0000000000

T_CW_cov:
0.0000004824 -0.0000001294 -0.0000000158 0.0000002968 0.0000011215 -0.0000000872
-0.0000001294 0.0000004063 -0.0000000113 -0.0000010818 -0.0000002576 0.0000001304
-0.0000000158 -0.0000000113 0.0000002551 0.0000000657 -0.0000001307 -0.0000000011
0.0000002968 -0.0000010818 0.0000000657 0.0000035777 0.0000005715 -0.0000001818
0.0000011215 -0.0000002576 -0.0000001307 0.0000005715 0.0000033084 -0.0000001333
-0.0000000872 0.0000001304 -0.0000000011 -0.0000001818 -0.0000001333 0.0000009460

target_points_pix:
0.1742910257 2.9893768659 1.8724033039 385.6663612828 250.8551455732
0.4101131736 0.5362741924 2.2116901022 584.8142394135 405.4298170322
0.3768682695 1.5477426008 2.0531356562 458.1573299578 315.8826334021
0.4525511890 1.4771543701 -0.3709931605 137.4203156638 224.5956714535
-1.4021994661 2.7108304751 0.3961482093 353.6991402048 74.3408559630
0.9456625691 1.7601532697 2.9743486518 472.5337256016 363.9055717731
0.0713589459 2.8688959608 -0.9051086491 149.2434228082 133.3045566575
-2.3803740549 2.2241037003 1.1999952244 476.9423929416 23.1418436514
-0.3054732399 1.1553874900 0.2017032538 329.0119948941 138.4247923915
-0.1910322562 1.2311524432 2.2972743069 528.0274156122 282.9447318408
0.8179732118 2.2948193458 -0.2082891874 189.5406516748 255.7899372251
0.8211055262 1.2423480346 2.5425745515 492.3495921745 384.0096245994
0.4157939103 1.1830938811 0.6503161745 343.3131462402 299.6390666207
-0.0197024909 1.9179607289 -0.7375181316 123.9603292842 108.9355053874
-0.8454043785 2.6955158446 1.3401100284 398.8373941205 167.9580859746
1.6912700364 2.9152958030 2.0943006760 355.3585642660 348.3259111175
-2.1145543690 2.5368280306 1.6527436758 469.5538787356 86.7493713612
0.2911990845 0.4534318924 1.9094584180 590.4829405128 396.5593516745
0.8344632586 0.7250167015 1.6089183875 474.8230105383 437.6866715248
-2.1987197781 2.6869103662 1.2249913925 440.9084347573 60.4248991036
-1.8036662741 2.9213890742 0.4185609520 364.2244051271 50.0355561143
1.6985656786 2.3108705817 2.0575274508 368.6835499121 377.7821016862
0.8606978522 2.4381202060 -0.8605197644 89.6563250911 225.5391815533
-0.8437154314 1.5526174756 2.5041567278 536.2310380361 221.2439936215
-1.4715007191 1.0947300271 1.7225109219 586.9092751461 109.3099083284
0.6837708879 1.9678359559 0.5759732938 294.6108649448 284.2731856135
2.4952987901 1.9204534977 1.3630564139 293.5969057885 469.7301287127
-0.4403439149 0.7830369850 1.9775365700 586.0463191937 262.2213195827
0.3223913466 0.6572687096 0.3411312926 321.7421562033 322.5016862535
2.4273031833 1.9853565523 2.7413508252 397.1136347493 451.3157785853
-0.3089028941 2.6625183818 2.6735419307 451.3245782368 246.0048685350
1.1135292309 2.9590436052 0.6041369903 271.8306792409 284.3843028224
0.3581181741 0.7410917287 2.9171161179 591.5193603029 383.6219527417
-0.8537239679 1.5280305348 1.0098617859 443.8600371565 139.5680642079
0.0001974302 0.4256021854 2.6457210473 656.2504904626 368.8739485264
-1.8400861476 0.6802285019 2.7417002054 723.9844545932 135.0759905388
2.6278435143 1.8946618219 1.8255796272 329.7064606074 479.4843655905
-2.2600804841 2.7042386112 2.9957597684 519.0226649914 139.4423234695
-2.2552646269 1.6043643505 1.8194632491 564.6149746121 51.6322878901
1.5404004160 2.0873391010 1.9086104661 371.9030288307 378.7757677882
-0.7198827339 0.7791230628 0.4858749195 467.6458443739 67.0323185846
1.0168380356 1.8187565862 1.2681363448 352.4279773520 343.4821098489
0.9146035834 1.0196575720 1.7087156997 446.9309284660 408.3310291432
2.3406080829 1.6524588336 2.3188796262 386.2357497445 476.2956372500
-1.4178930604 0.5616682054 2.3963558138 718.1598002962 161.0923855030
0.7871674616 2.0424983208 0.2012990387 242.8592269338 278.4766119263
-0.2121167416 1.7897788713 0.8297268490 373.3712766461 203.2933233961
0.0114893594 1.4849654352 2.7194465450 516.3430628334 301.8838584782
-1.0463656283 2.8561966183 2.4513405431 454.1570073169 193.9696594625
-1.3853892513 2.8067198839 2.5439830716 470.5198387020 176.4945482693
-2.4055301863 0.9708260692 2.4281034256 692.2989650706 54.3659660814
0.8962104592 2.8887750237 0.0742970148 231.3648607734 255.3442717576
-1.3300249498 2.5741901058 1.1257362683 408.6921130979 119.6066964531
-1.1012706995 2.9606741992 0.3197833124 328.6775949204 102.7211046209
2.1326369723 1.5933316956 2.3844999725 401.8361075164 465.0507032070
0.5781786926 0.7674459552 2.0919120920 528.0950339340 398.4203873623
0.3612892001 1.9794375196 1.7997934799 415.0115988538 288.8266042428
-1.2276053261 2.6819769802 0.8135725963 378.9678803448 113.0178515980
1.1655134506 1.3593261429 2.2617282296 449.2137029202 404.0754732967
1.9711161295 2.5320500174 -0.8647562015 39.9102724338 350.5672788918
-2.3268183976 1.7937684323 2.5591340519 577.1697970095 101.9766975654
-0.6125680017 0.4219487398 1.6907229199 667.7981332112 234.1135014913
-0.7909341437 1.6858794598 2.4060578815 517.4309646756 219.9452255406
0.8587961988 2.4448778198 2.1427041175 397.7361813563 315.3251080579
0.4245033914 1.0191820396 1.0525622049 409.9610575894 330.3121850877
-0.9064956900 1.3399447130 1.3053989599 490.4424900194 152.4374811312
1.2202986687 1.9498949965 2.2978520360 414.9867864848 366.3398392573
-1.7250105261 1.3799615575 1.7287495262 560.5520528248 89.9748464507
-0.5327274467 1.8078641803 2.4510237977 499.1483688760 240.5540528152
0.0615378091 1.2928000387 1.6921680272 468.9479738250 287.0976467967
0.3863538972 0.6004048737 2.4777203984 590.2049822088 396.8392189629
1.9577623473 1.9570472736 1.2495788176 305.0195533841 419.1035898413
-1.0407025969 1.8511915990 0.7612577383 407.0839607967 106.9958657343
-2.1579012616 2.6158550684 1.2160301151 442.8202839375 60.6699829445
1.4063415740 2.6146316096 2.3857624421 387.6915815336 346.8381080027
0.8374901713 1.4854764911 2.1589736941 448.4233115310 363.2060240683
-2.4747552270 1.7971304399 1.5320622131 538.7765697164 16.1663474290
-2.8987142952 2.4095418038 2.8717692845 554.1337813965 90.6466383694
1.5141529547 1.3550904227 1.7856819041 395.6892782863 436.8041225712
-0.0697798789 0.3330106119 2.1652521284 665.0467757556 359.5087087378
-0.8258884787 1.9551499206 2.9404138368 521.0096377706 231.2027844219
1.1468270981 2.4561268263 -0.9711199181 54.4610537633 254.5684150154
0.0760607588 1.1070308493 1.1084568367 433.4765237724 274.7060633678
1.8638170845 2.7136824619 0.0667283887 189.5062588109 344.1610308505
-1.4769533415 0.8018814294 2.2416422603 663.4618559212 143.7538241376
-1.2490170593 1.8097791482 2.9824056964 549.1635944159 204.3370862976
2.9461481719 2.4968893176 2.7161145307 363.6225949947 447.7155783634
-2.5526482625 1.6899305882 2.4297630987 592.8817240318 71.6258045146
1.7827388544 2.9902355627 2.0898483581 350.9161398187 350.4398389743
0.9641042651 2.6882373571 1.1690572800 323.7785562720 295.3825660588
-2.2550310878 2.7469332465 2.5621232452 500.9062527123 123.6519145207
-1.9208082146 1.6423306677 1.6909841948 536.9742539582 76.6183737740
0.7664780110 2.9653914697 -0.1033146028 219.4543005894 236.4069444186
-0.2705378639 1.4697607094 2.7967741969 533.3520511626 281.6604145287
0.4083008837 1.8891851128 1.7336414602 413.4880398827 294.5928511417
-0.3200082119 0.9773080063 1.1397837352 480.8810207940 223.3504401205
1.1060195470 2.4830620612 0.3854567192 252.4073523486 296.7229275460
2.8833560441 2.6773336796 -0.2468877160 107.6946722635 434.6576701364
2.7832056284 2.7310910625 0.6875618561 219.2123147463 422.1184356919
1.8142779780 2.3081898863 -0.8022692629 35.6863454402 352.7153585913
-1.0390669904 2.4980477584 1.6226163434 431.3411573398 165.2597601226
-0.1459639570 2.6501550755 1.2960006555 372.8488033019 218.4472131018
1.8809823717 2.0841163296 0.5893151287 237.7808236368 397.8791082872

gimbalangles:
2.2345634501 -0.9265246761 0.8080541068

end: