T_CW:
0.8137626861 -0.2962997372 0.4999967565 -0.4013886078
0.3245192179 -0.4820468827 -0.8138292696 0.0343538501
0.4821592765 0.8245224488 -0.2961168071 0.2397851558
0.0000000000 0.0000000000 0.0000000000 1.0000000000

T_CW_cov:
0.0000002725 -0.0000000442 -0.0000000458 0.0000000714 0.0000004351 0.0000000064
-0.0000000442 0.0000002874 0.0000000089 -0.0000005266 -0.0000000615 0.0000000554
-0.0000000458 0.0000000089 0.0000003064 -0.0000000089 -0.0000002722 0.0000000036
0.0000000714 -0.0000005266 -0.0000000089 0.0000015333 0.0000001028 0.0000001576
0.0000004351 -0.0000000615 -0.0000002722 0.0000001028 0.0000012820 0.0000000305
0.0000000064 0.0000000554 0.0000000036 0.0000001576 0.0000000305 0.0000005999

target_points_pix:
2.9185907309 1.9178459633 1.8610296438 586.2128302951 107.8708672730
0.4525511890 1.4771543701 -0.3709931605 286.2841200160 208.5994686724
0.0134727521 1.9966532696 -2.2999075116 174.6384008028 329.0383646717
0.0713589459 2.8688959608 -0.9051086491 238.4378275008 190.4614883655
2.5591223247 -0.0443953625 0.5219552533 744.4069000590 326.5878162314
1.8324549851 0.5136414256 0.1050882143 533.4080031716 286.7409956681
-0.3054732399 1.1553874900 0.2017032538 156.6585165790 46.9752051075
0.8179732118 2.2948193458 -0.2082891874 326.7043658187 180.2459511706
0.4760255981 1.6652719494 -2.0074300235 225.0619900867 340.9496566188
0.4157939103 1.1830938811 0.6503161745 357.8699577695 55.5533057764
-0.0197024909 1.9179607289 -0.7375181316 213.5260956424 204.1094085141
1.6912700364 2.9152958030 2.0943006760 473.6887005371 24.2719203410
1.0143189639 -0.1834378360 0.2340703772 658.4918363199 364.0404830399
2.1243149059 2.5165360083 -1.1599424087 375.5729820197 269.5856244083
2.2027673226 1.2739145926 -2.7746600208 346.8399662615 421.5080447038
2.6388940522 0.2859068827 0.6616028722 685.9807711929 272.5789417722
2.2838413789 1.2710353105 -2.0665887182 379.1475277379 388.3461226788
2.6356910408 1.1581813945 0.7110316627 563.5830268851 213.5457673297
1.3605142988 1.3279683397 -2.8167563008 281.2314821013 421.7907212341
1.6985656786 2.3108705817 2.0575274508 511.1981868481 13.5390356722
0.8606978522 2.4381202060 -0.8605197644 304.8139663947 226.0258304279
2.2974160006 1.1434337072 1.1115312662 583.2442104393 156.6122695685
1.8636994645 0.9851570773 0.8625067980 554.4207764427 162.6086101173
2.8400527988 2.3293742471 -2.5758741647 371.3758722790 348.2386374749
0.6837708879 1.9678359559 0.5759732938 358.4749740895 100.4538491872
2.4952987901 1.9204534977 1.3630564139 536.0503164373 129.6329122342
1.9598271384 2.0807628825 -1.8172077782 352.2122917417 320.2158736188
0.3223913466 0.6572687096 0.3411312926 327.6585047144 107.6794856782
1.2977747122 2.7046068227 -2.0603174099 298.5251977617 293.4494459546
2.8920798147 2.1378650829 -2.5311623147 378.3870185059 356.4810930814
-0.8911796826 2.9815497203 -1.4877817901 129.6179420937 196.3836959323
2.7260240624 2.2495865463 -1.9352716347 386.7014268747 325.4106271792
1.1135292309 2.9590436052 0.6041369903 369.9928799606 118.6557352474
2.6278435143 1.8946618219 1.8255796272 575.2527904555 95.1294004806
0.6336242524 1.1783842050 -1.0552852102 274.5786971237 309.8314053589
2.3667225286 2.8706255632 -2.1373102295 353.6137239676 303.7608704135
1.5404004160 2.0873391010 1.9086104661 509.7333739102 10.6972505552
0.2585293654 0.5934473492 -0.5108773483 225.6269734892 299.3792886334
2.4841714159 1.4051269004 1.6262681959 606.1277012423 106.6592461699
2.1983390802 1.3671984969 -1.0802983766 414.2763532871 324.7545846401
1.0168380356 1.8187565862 1.2681363448 443.4702736051 38.2370902542
2.3406080829 1.6524588336 2.3188796262 632.4263881503 15.9972434347
1.7824561088 1.2368809704 -0.1031601285 446.2201601098 250.8557968653
2.6588510636 -0.1466194073 -0.3037086062 643.5789690087 436.6801878667
1.2383180701 1.3099832525 -2.0678546936 297.4427709188 381.7061217951
0.7871674616 2.0424983208 0.2012990387 346.9084624566 147.1929490855
1.3716637695 0.8792669647 -1.3574988410 348.3620419469 377.8613473621
0.9719223617 1.9689701437 -1.5625638722 290.8869326864 297.7963700397
2.8361755367 1.9949440335 -2.4556373968 380.5706594539 360.5079952140
1.2103062974 0.1184933070 0.6222756592 657.2660527046 194.8806497066
0.9923400970 0.5709656991 -0.1292795507 409.0500974621 276.3708478352
2.6984458114 1.3496573022 0.7124865195 548.7023231013 207.9626641041
0.7575916053 0.2523891601 -1.0951950878 288.8901851145 462.9669526792
0.8962104592 2.8887750237 0.0742970148 336.2614221265 149.1833134245
2.4003927181 0.1999549924 -0.1597382894 587.9330537618 367.0190197435
1.4570043822 2.3114412965 -2.8657043889 288.1664417530 352.2304121109
1.6781638844 1.7635796532 -1.0815039641 366.3816751390 291.4314279980
-1.1012706995 2.9606741992 0.3197833124 137.8038643059 2.7216284583
1.4697371940 1.7050643911 -2.6910499524 294.2132384901 383.8029399614
1.4997362677 2.2552284310 -1.7042058754 324.4897039578 299.1666038535
1.9711161295 2.5320500174 -0.8647562015 376.7047824747 250.5926687959
2.2679231297 1.6166728105 1.6066018340 570.3670745624 94.2441720302
0.6325419191 2.6208530677 -2.3930825352 243.6298363828 305.3049217517
2.2683739193 1.5151538458 1.0720505343 538.5294880808 150.7627798750
2.8407462338 2.6756664027 -1.3199547291 401.6935076494 282.3810849702
0.8583509219 1.9819683117 -2.4177920373 254.8378540503 346.1267137493
0.7902253300 -0.0498267092 -0.2495925517 424.0360811476 431.0899074892
-0.7126786561 1.9834577945 -1.0618160856 99.9602301532 201.4923964235
1.9193600062 2.7960739311 -1.6739447817 344.2605147213 280.8879319641
2.8049534027 1.7549510628 -2.7261348255 375.1679971427 385.2684645316
2.9691898119 0.8306301282 -1.4718533968 464.6122594643 395.0801121257
1.9577623473 1.9570472736 1.2495788176 498.4906915695 111.4082115670
2.4239824816 0.7568461512 -2.0444246221 404.9650262798 433.9711884670
2.5332886341 0.3624403137 -0.8886724309 507.8113261090 407.3417582355
2.7230803671 2.1668952310 -1.0932890004 416.9050457639 290.1115473986
-0.0667491202 2.8893935758 -1.8135267343 203.7040613632 247.1178512352
2.8849499926 1.7528628131 -1.9172862492 406.2947308920 351.8376422431
1.1468270981 2.4561268263 -0.9711199181 321.9529601473 240.4767963721
1.8638170845 2.7136824619 0.0667283887 399.7207295567 187.6618152686
1.7836301664 2.3017608285 -2.5962998189 315.5364331919 343.1626256863
2.0330982211 1.2071025275 -0.3551796497 449.7119845462 281.1485211977
1.1730569531 1.2704948479 -1.1105960248 333.4589775402 317.9695647905
2.9461481719 2.4968893176 2.7161145307 592.1968429077 38.2875679595
0.6570472120 0.4945068807 -1.4712885553 245.9876370749 447.5228252014
0.7279847276 1.9901461379 -1.3627605785 275.8502410988 277.8929395626
1.7827388544 2.9902355627 2.0898483581 474.1692421020 31.8732249244
0.9641042651 2.6882373571 1.1690572800 391.5257347541 61.0760954972
1.5773005481 0.8563350408 -2.8473658583 299.7075602828 472.0179720241
0.7664780110 2.9653914697 -0.1033146028 319.6290795073 156.1161623042
1.7669752855 0.9690625695 -0.5529376649 430.9431126189 308.9371919856
1.4488983111 0.6617484764 1.0469220162 602.5547105319 102.1269409184
1.1060195470 2.4830620612 0.3854567192 371.4623534967 139.7799178070
2.8833560441 2.6773336796 -0.2468877160 439.1269432542 232.2294521199
2.7832056284 2.7310910625 0.6875618561 468.4858990982 176.9347858423
0.4773538111 1.3095008612 -1.5680206608 233.1875802005 339.7156977237
0.7034332180 -0.0654622727 0.4930513506 654.2784919388 171.3145967244
-0.4791536927 2.3891232452 -2.6389828612 128.2067785852 316.5436012780
1.9631750106 0.7384015444 -1.1730532119 419.2991693511 383.1404191130
2.7390766891 1.4458832406 -1.4800111153 425.0565445201 347.6687015639
1.8142779780 2.3081898863 -0.8022692629 374.2385674214 251.6533831393
0.1815827826 2.0076210646 -1.8337579884 206.1749002559 298.5112393981
1.8809823717 2.0841163296 0.5893151287 447.8596178469 163.9980138342
1.0562875771 0.1801981948 -0.5239100279 408.3472113109 404.1232978071
0.5522005358 2.0961738439 -1.3378655295 261.0167326794 266.0194167097

gimbalangles:
2.2345634501 -0.9265246761 0.8080541068

end: