T_CW:
0.4679181016 -0.7567011811 -0.4565697896 -0.0364378980
-0.4620357564 -0.6498457149 0.6035093260 0.0094455568
-0.7533761411 -0.0714413701 -0.6536975758 -0.0475777266
0.0000000000 0.0000000000 0.0000000000 1.0000000000

T_CW_cov:
0.0000006326 0.0000001494 0.0000000196 -0.0000004016 0.0000014985 0.0000000019
0.0000001494 0.0000004619 0.0000000131 -0.0000013293 0.0000003324 0.0000000204
0.0000000196 0.0000000131 0.0000002822 -0.0000000470 0.0000000249 0.0000000010
-0.0000004016 -0.0000013293 -0.0000000470 0.0000046010 -0.0000008878 -0.0000000865
0.0000014985 0.0000003324 0.0000000249 -0.0000008878 0.0000043260 -0.0000000156
0.0000000019 0.0000000204 0.0000000010 -0.0000000865 -0.0000000156 0.0000008819

target_points_pix:
-2.8243573618 2.6628569762 -1.5907718359 156.8195523416 126.1152139269
-2.4509590965 0.8871749841 -2.1853645049 309.6870884769 182.0484091032
-1.1698605629 -0.0915581141 -1.3700899405 391.0906062727 208.8587703461
-0.4339811544 0.3604827340 -1.2275564470 386.2827811129 64.6981312577
-1.2830020915 -0.7477612956 -2.9741651212 482.1273804441 180.9512359191
-2.5095895023 1.4537282118 -1.9005724212 258.0057042123 164.8894071060
-1.9323731186 -0.3012474738 -0.7481905140 329.1283602851 321.1212622023
-2.1173200533 -2.1447782396 -1.4060294826 489.5251766725 381.3952593057
-1.7590488229 -1.6158880204 -0.8003083999 466.9766877628 414.7391098558
-1.3783621819 0.6183489028 -2.2812195003 364.8920603323 127.0077104253
-2.7526374896 -2.4282561608 -2.0502608060 474.0166315017 349.8964373783
0.0469361765 -0.1783641195 -2.6535832882 568.6991966413 22.1165142649
-2.9630438574 1.2498685434 0.2703220651 61.3334042784 331.5510219980
-2.6318751097 -0.2406755511 -1.7765257254 354.2156586736 263.7847581741
-2.2570881565 2.7082349037 -2.0633919600 186.0414778990 71.3968473905
-2.4349464755 0.7633696205 -1.9950480928 308.0579588612 194.4637033871
-1.5006224968 -2.7756126823 -1.2469839680 598.3793836268 441.6963008171
-2.9891561525 1.0928385460 -1.1234454871 227.2782800452 239.6872263272
-0.3342155314 -1.4791719233 -1.8288346165 658.6171407068 242.6336303129
-1.9740008485 0.2407913313 0.2379810357 136.3876128960 413.1444196903
-2.5927084704 -2.6493188930 -0.8510426906 479.4267013821 459.8727617021
-1.4003785247 -0.3736922668 -0.7233151088 362.7861327077 313.6613332200
-2.7312989435 2.6530594031 -1.3942433270 137.6457953674 125.2480923716
-2.6333375856 2.5260876036 -0.4714651478 27.6879088494 157.5428506374
-0.8431574331 -1.9395949874 -1.4799140705 619.6546547147 349.0457929801
-2.6437567343 -2.7994983705 -2.3091975591 500.8730446448 349.3423772527
-1.2333229781 0.8026401249 -0.6833503019 202.1654054094 171.8478226757
-0.2118470871 -0.0163581002 -1.5873625828 501.5267558781 63.1439751119
-1.9646052403 -2.0029863434 -1.3242917964 490.5720754102 380.1710249044
-0.1823780494 -0.8635400208 -2.5844140384 600.2885165749 120.5975390187
-1.2292746160 0.8858709981 -2.9739817686 382.2171468062 82.3284119247
-0.7482836631 -2.2901477881 -2.3809329031 638.7457493997 283.4358833594
-1.8905943680 -2.4627044847 -2.4214448040 533.1028439356 317.6379004159
-1.5747020397 0.3647896395 -2.1186734669 367.0133185423 164.0910218409
-2.9933007186 -2.9934415882 -2.4369486571 492.1269714582 352.0955032688
-2.5954390840 0.9615306910 -1.9993108423 293.2373464226 191.9213684548
-0.5276153481 -2.5064104042 -2.0030443754 707.7613435160 327.8312248567
0.2277862557 -0.3340403307 -2.6300424523 617.3912053734 6.7099624926
-1.2146827552 0.4313236250 0.0528315889 87.0443372355 336.6325917448
-2.4795398100 0.0634801912 0.4110664761 151.3976174142 452.5765798320
-1.8048953481 1.9335417400 -1.4229821744 180.6338121885 93.5347559808
-0.9856763569 -0.5848182569 -0.8305814883 436.3799329086 304.1646347447
-2.3495685473 0.3594685558 -2.9255488728 370.7225629486 179.0244952757
-1.2272046121 -1.5636394124 -2.1282380772 532.0878905724 271.0526196107
-2.7764038774 2.3680402460 -0.8289858517 99.8912595832 164.9314365820
-2.1679331945 -2.2497089087 -2.4883330897 503.3454568094 309.6476038397
-1.2502089736 -0.4633432231 -1.6307261334 432.8508224078 227.8645765062
-1.7725763211 0.1321032521 -2.5127218453 390.5155571391 175.1721028304
-1.0103194588 -0.8321822294 -2.8083801352 505.5331598547 177.1877870666
-0.3638610292 -0.9546125156 -1.7797905765 595.8410937460 193.7859354089
-2.8070000852 2.1028983329 -1.6509945629 198.7314898080 154.2075136575
-1.0050947886 1.3796874961 -1.1237346037 188.9974071684 41.6811837303
-2.9469886051 -0.0556582209 -2.3291306646 354.9057942151 239.7544364485
-2.2714974815 -1.5754805292 -0.3708202209 406.4813902472 462.6152618738
-2.2906387154 -1.9032725139 -2.9466558645 483.5967659646 273.1464584824
-0.3936100835 -1.1881348723 -1.5631378304 623.5998017454 243.4838581572
-2.0786952816 -1.2439389284 -2.8570242590 461.3772853748 243.7463890779
-1.9296688539 -1.8920561824 -1.4908164832 488.5569410613 357.7684174407
-1.8553364985 -2.2370036957 -1.3848175939 517.3219367837 388.1447292332
-1.1895189559 -0.0584733151 -0.8465864265 347.3393529944 254.5688121108
-1.7178836189 1.5332592184 -0.2148120387 15.1608651527 178.6656585701
-2.1610756819 -2.5467967732 -1.5818627512 513.3758026146 387.4258225919
-1.0310568987 0.1681308091 -1.9239170579 403.6491298596 143.9812690195
-1.6965573658 2.2500304313 -1.4300462053 148.6037582184 54.5048811544
-0.7896994598 -0.6712832293 -1.4482634684 494.7579759941 229.8047617854
-2.9458023404 -0.1409691835 0.5459986167 169.0007454763 477.1085649888
-2.0809982885 -2.3007220402 -1.1211365928 499.3030370574 418.5848227686
-1.7593186310 0.6483982310 -1.4034331411 295.4109741712 189.5202522110
-0.3139309819 -0.3902845608 -2.9588867546 539.7641384815 84.8269963837
-1.2283828643 -2.6822559147 -2.2808022666 607.9111676454 328.6466954394
-2.4005462004 -1.4231052476 -1.7722446267 433.5249264220 317.4755007726
-1.0519031372 -0.6309223896 -1.1260086692 448.7633377980 275.1051345484
-2.5222100225 -0.7635231769 -2.4214857334 407.7079980246 254.0576464921
-1.1789359356 0.5890362018 -2.6866246034 393.7129239189 102.2034017171
-2.3709911216 0.7873857488 -1.7873182151 296.5888158648 198.5561067942
-2.1351115329 0.3711751050 -2.8548084772 374.2069810057 170.7832943080
-1.5993342926 1.4370656586 -2.3495525503 300.5318437876 89.5709616358
-2.3524978632 -0.4190901020 -0.6763358060 318.8414062300 345.1714320133
-2.4323608169 -2.8139920343 -0.8519714480 503.0708505893 472.6824993632
-1.6020343444 1.0108264512 -2.1461077954 319.8567044309 122.3807929774
0.1346661905 -1.4032030397 -2.7868114016 697.2487639546 127.0063259774
-1.7376268140 2.4434120148 -2.6251467566 246.0111635732 36.0211247158
-2.7196823128 2.1269550887 -0.8836294877 124.4878677699 174.8474838735
-1.4994475505 -0.9512953885 -2.1558872977 466.3599505878 241.6932412906
-1.9858815282 -1.4791766923 -1.1752089238 446.8570110729 362.4803454648
-2.2862629253 -0.2226837426 -1.4929258470 351.9152139748 267.4511899922
-2.7921738827 1.8243530301 -1.3223706776 191.7020311998 180.1955096982

gimbalangles:
-2.3775332741 0.3355552620 -0.5029791398

end: