T_CW:
0.379658757589125 0.769507697602772 0.513533962962493 -0.040606738413836
-0.921826086433602 0.267820933228715 0.280193886612483 -0.019535715929919
0.078076207364289 -0.579767066203817 0.811032832127669 0.010384541101301
0.000000000000000 0.000000000000000 0.000000000000000 1.000000000000000

T_CW_cov:
0.000000557621877 -0.000000105774832 0.000000016720811 0.000000225757254 0.000001257973439 -0.000000036112625
-0.000000105774832 0.000000541330174 -0.000000021853099 -0.000001509747102 -0.000000172155502 -0.000000014917963
0.000000016720811 -0.000000021853099 0.000000261407863 0.000000085814669 0.000000083022893 -0.000000000078221
0.000000225757254 -0.000001509747102 0.000000085814669 0.000004888742707 0.000000321819936 -0.000000054716088
0.000001257973439 -0.000000172155502 0.000000083022893 0.000000321819936 0.000003510280237 -0.000000044401914
-0.000000036112625 -0.000000014917963 -0.000000000078221 -0.000000054716088 -0.000000044401914 0.000000767759554

target_points_pix:
-2.636403943417887 -2.332364509038969 1.613121291927358 178.271632111009325 459.161894656725565
-0.374508819722617 -2.792472966053825 1.843083658289599 267.035769331279425 246.931269375928224
1.521380111929226 -2.200871022236925 2.504114173268010 384.387520367322850 147.371825931517492
-0.793781681869014 -1.641417650998413 0.707186212655561 171.448535981938363 316.829569213844820
0.410113173644941 0.536274192399978 2.211690102196433 639.076407079641172 297.563656272627782
1.146321621720232 -1.729544609839301 1.933211205151467 380.396936071303799 149.199862558130349
0.280800500936368 -1.171864569172195 1.125032765287567 336.859288576108440 198.315932730701491
0.912158489264184 0.142680861227956 1.207983140341669 631.293580531984162 120.017229783890969
0.046269919670005 -0.857852777220630 1.621705320978712 395.095597582613664 261.077579108487328
-0.255313631190007 -1.971208664170202 0.171534172980832 77.552960416187943 189.375751310856202
-0.155054339981346 -2.413745039848549 0.501455690159033 147.496472420593108 188.289217223352097
2.630597899395866 -2.533602612630514 1.408948156924308 352.359613194933218 6.181369225613082
-2.673456675019535 -2.626516569506575 1.270193793128689 126.242248111911948 455.011638342325512
1.564204261687449 -2.194379915728515 2.096758610292383 370.719450248909027 125.721132694967551
2.304100349350628 -2.299069981759198 1.705250789412906 370.348320661003470 49.697807756030016
1.906356670365998 -1.872075609508802 2.833616551523114 422.916807692605232 138.234722958369218
-2.249377601482980 -2.392342577632054 1.747230801799331 206.793940889991859 413.973915598945837
-0.461163206633531 -1.237434992763998 0.288399072466669 108.831795953250321 280.057750309780829
2.017628304605564 -1.308391070018593 2.485454371403504 457.070479854944551 113.512631874550536
0.106097197544578 -1.586979738801300 2.101489332490848 362.257552215919134 243.818335450010096
-0.886320980318775 -2.252044528870325 0.313201569361650 61.163105730203313 285.029138047827303
0.580251370663158 -1.412934886423969 1.321127818311631 346.808974225449504 169.646427287327242
-0.180119838378372 -0.547998574933346 1.311464993215246 400.352248936225180 304.032932454316381
0.291199084492292 0.453431892380420 1.909458418030879 631.921852153612690 307.142800759387910
-2.393341522250106 -2.814569004139154 2.156870334324788 223.770893196374232 393.326031157114471
0.425639955333826 -1.694721804660521 2.857543598629928 395.849047976317593 234.856809742235725
-1.941630898137938 -1.117064766151136 2.706488415483634 353.125039853016233 439.172787562571443
0.304249663992359 -0.729757268759560 1.238264087314165 399.979932094777439 214.993169071403713
-0.214657564098442 -0.504635799099989 1.954909472616277 439.051556553969419 315.929894074497838
-1.805553117322314 -2.343190618164351 2.235872928386049 265.454750740271209 370.292757081952686
0.776788298176784 -2.750128971869528 0.175401666096890 138.216011701079736 49.177709449787272
0.380298172856866 -1.298743151086943 2.104596717599694 393.196393035186986 227.160061792187804
1.152378882989988 -2.162866322483199 2.973607017601903 391.954897658623395 186.396679634252649
-0.940235149372314 -1.200528897008388 2.439258870325218 368.914357531974019 351.558807412189424
-0.382334628612583 -2.600421760824444 2.813822754511428 327.694432627722165 266.823077438080816
-1.587322028688587 -2.644207986075857 1.292672915320934 177.885057881858870 347.149292564376367
0.358118174141076 0.741091728677766 2.917116117947550 640.309901571858290 321.167328480111451
-0.208944366737399 -2.221377258297758 2.752022459203438 346.645678119742911 263.605408632266460
0.000197430235167 0.425602185379799 2.645721047261987 583.733680902832248 345.409432932109155
1.351811419852067 0.783096493381664 2.751030019425284 693.148138387712720 203.139749249681870
-0.115087828265375 -1.621602364932578 0.699433673458384 219.316875708895850 215.238677916159872
0.079904736471226 -1.404300557266472 2.579670587336606 394.632702865645285 260.544039343118413
1.187100558706069 -0.861906893643477 2.017600602608255 459.854335587560740 155.383041681247818
-0.359916190317959 -1.993605606062929 1.433919339499767 272.802235812031427 258.496232759350278
-0.466355308972108 -0.896711500698693 0.878429674387935 283.735698760143293 323.043045036232570
2.286322568150939 -1.140786610292051 2.454387992603414 478.296637649131981 91.006797923419583
-1.236474659704397 -0.830785729170653 2.230815506240015 374.871539313317896 406.622666709189275
2.464899791767131 0.133651585808758 2.786025348731038 621.595338219015275 89.947906630005008
0.497100103581327 -2.928230638126760 1.276408226385758 249.251478956668620 160.944356363599155
0.197838782858974 -1.704910246678057 0.934131883775398 266.391800084996703 185.406234822440467
2.378072002715271 -0.083796598433502 2.076769508457201 609.032633661438240 32.399276979861895
-1.060648147433165 -2.188510001145658 0.350403630248076 57.157498208553989 316.385427582219734
-1.209909797484534 -2.563904803847953 2.815581246720556 307.891383528901599 318.179975188776496
1.521515629150361 -2.362019130631791 2.099538518302268 359.993969999703381 128.778915264750083
0.578178692579423 0.767445955150868 2.091912091973885 716.417726062353267 283.818172244844959
0.315022632559829 -1.747112529424197 2.074569376130251 357.560551882105756 222.155308722938656
-0.681004562349794 -1.956240429477597 2.261788146036750 322.127689509303877 298.925965036676587
0.583602969381916 -0.454800371988159 2.643037342913001 491.959525031929729 245.580335957855425
2.144900729808161 0.032223101409752 2.542387948717812 604.404896060135229 100.645393664477581
0.881526355925920 -0.954421506133186 1.746665705280744 429.176137299756476 168.942108608847491
-0.746155816902931 -2.734851377467177 1.864129576325877 258.609035650234773 275.903803461787220
0.886769126975743 -0.126963633753276 2.413053404855960 540.041518302241911 217.233427467889584
0.183324193769693 -1.989900932840795 0.104475338657137 97.900054960761111 107.023925630798317
0.386353897180372 0.600404873706901 2.477720398410876 636.830647393112713 307.687600668741027
-1.416100838720206 -2.167485334628920 0.483216133616751 63.183057830299788 370.898985430831544
1.747875670791832 0.746494880401744 2.711592061931588 702.687286001377743 154.732884255082467
-1.023196965438885 -0.653288877085203 1.394130223976590 339.026027499307304 430.939430093968042
-0.069779878869687 0.333010611880953 2.165252128368183 575.979759486004014 353.817889909937719
1.327086720540587 -0.523499556777523 1.344670779553617 495.715435926794555 78.175359399110675
0.299975277917478 -2.060721930650195 2.445293241049091 355.949584790479378 227.306535115009837
-2.674875243981055 -2.493223614391089 2.637683235373650 259.562374656676980 419.383048900448557
-0.478434186750731 -2.093550077009114 0.337280236615828 100.343575058700026 232.164527255601229
1.904166133614853 -2.769480577177859 1.861369076269689 338.870709107182677 92.201391826496433
-1.301598020435731 -0.477598335284593 1.929470689273046 387.518517763717000 459.670512641880237
1.012226148928721 -2.441338738750435 0.622632403358834 229.042824724139194 67.234733314019451
-0.576605559813063 -2.977722037134996 0.726909826088295 144.411358081061536 230.891751178990830
-0.148800400356136 -2.955341477661065 1.934551525973162 273.720312407630558 229.850130430856524
-1.249689330409936 -1.217623436223179 0.920169251878598 201.730544565757413 428.123620580805436
1.164120059996385 -2.756895298247263 2.806885571236954 358.331331954270581 176.028691036096689
-1.118069105508273 -2.377573793499396 1.967446422962650 268.065627637946591 316.840790915679463
1.523576982212340 -1.185164718831194 1.367020401069782 416.470974911784367 68.907923010387691
-0.881020117602829 -1.105681435850690 1.475228597087851 311.611635801411182 363.257359666803609
0.590748596256939 -0.301206405545826 2.897612535064620 510.205600519209611 255.226596531722151
1.511664049272254 -2.825078037455202 1.532966621449099 306.700510075602551 99.723377812266335
-1.652234327487542 -1.166549869125559 1.514010499456546 268.538003911375085 458.364182306972111
0.913573896963790 -2.835395790839471 0.376782895332359 174.980075706771515 59.106839627159871
-0.873138988358957 -0.781452409495700 2.093701557856058 387.038389136724220 373.905407091007532
-1.640450080504410 -1.043767729106053 1.867006338383324 313.919229349816476 449.362691972464859
-2.573057709165699 -2.343835408398033 1.388591167805596 153.082851317615905 462.369214222247365
0.681239877289143 -2.964121807961779 2.861119167591760 340.286405787301021 201.853270291587933
-0.623494181581364 -2.330474922091730 2.540597364417167 320.363971844607022 285.663970892760005
-0.182937951695047 -2.576140804135971 2.024268462690140 293.958838230736148 241.601794985836676
-1.187320759216839 -1.952091227898764 0.602317152338420 110.412954581589645 352.942753531479354
-1.511024147274940 -1.314068298212891 1.452205263423995 259.144290751019639 428.132658096245166
0.863284382710346 -2.195382504927759 0.820935825676513 257.656118718186008 98.833879799591045
1.694751596750863 -1.670943292273279 1.944194647767804 403.661012552193426 106.000472691945902
-0.907567565523452 -0.514179279084973 2.053742821691218 410.079463863092599 399.026411652024080
0.587587992034352 -1.941097990729944 2.773384363749689 383.248849222515275 218.138648256315548
1.319246838424638 -0.536685656131526 1.133580889613922 488.556308901678904 48.480774412088152
-0.726818356871922 -2.503562802336062 0.711441944568031 146.158682749272543 261.445612828913283

gimbalangles:
1.903436846389301 -0.539298244080948 -2.683256048856595

end: