T_CW:
0.5546109089 -0.5741376212 -0.6023061777 -0.0025227603
0.2807911873 0.8105039488 -0.5140424671 -0.0069924035
0.7833026547 0.1159712932 0.6107271161 -0.0032559385
0.0000000000 0.0000000000 0.0000000000 1.0000000000

T_CW_cov:
0.0000003772 -0.0000000532 -0.0000000021 0.0000000997 0.0000006815 0.0000000243
-0.0000000532 0.0000002815 -0.0000000239 -0.0000006659 -0.0000000855 -0.0000000317
-0.0000000021 -0.0000000239 0.0000002412 0.0000000802 0.0000000217 0.0000000067
0.0000000997 -0.0000006659 0.0000000802 0.0000020377 0.0000001559 0.0000000660
0.0000006815 -0.0000000855 0.0000000217 0.0000001559 0.0000017085 0.0000001269
0.0000000243 -0.0000000317 0.0000000067 0.0000000660 0.0000001269 0.0000004393

target_points_pix:
2.8469624497 -1.2706155376 -0.4268351525 716.2190585655 237.2072685704
0.4101131736 0.5362741924 2.2116901022 177.3265954339 156.8527307020
0.3768682695 1.5477426008 2.0531356562 106.5435610247 281.3206464008
2.9185907309 1.9178459633 1.8610296438 334.8876206840 332.9940356794
0.9121584893 0.1426808612 1.2079831403 324.9726938405 197.3625688382
0.9456625691 1.7601532697 2.9743486518 175.4609417129 253.2579173885
2.6305978994 -2.5336026126 1.4089481569 565.3533861249 50.9483534878
2.5591223247 -0.0443953625 0.5219552533 493.2932447824 282.0006064286
1.8324549851 0.5136414256 0.1050882143 477.1908550404 374.6996413810
2.2959027539 -0.3651612911 1.0377432566 461.6204193060 220.0291058152
2.3041003494 -2.2990699818 1.7052507894 521.9760329081 42.6480293716
1.9063566704 -1.8720756095 2.8336165515 409.0110515284 42.8217083019
0.8211055262 1.2423480346 2.5425745515 189.8103965949 231.6459510853
0.4157939103 1.1830938811 0.6503161745 137.3427318226 446.7220339958
2.0176283046 -1.3083910700 2.4854543714 405.8046411127 93.4731589572
1.6912700364 2.9152958030 2.0943006760 210.8795006382 383.6430574075
2.8752574486 -1.5801047162 -0.1999385455 701.0620310538 192.6186906079
1.0143189639 -0.1834378360 0.2340703772 514.4246019644 241.8422517292
0.2911990845 0.4534318924 1.9094584180 165.7592449445 149.1281988432
0.8344632586 0.7250167015 1.6089183875 245.1917375152 237.8718874454
2.6388940522 0.2859068827 0.6616028722 462.1899654622 300.2800993068
1.8436071198 -0.3614789899 -0.5329186283 724.1079519612 349.9040985496
2.6356910408 1.1581813945 0.7110316627 408.9093456147 359.2572259179
1.6985656786 2.3108705817 2.0575274508 237.2779333128 348.4626259406
2.2974160006 1.1434337072 1.1115312662 369.9984791430 331.3501965608
1.8636994645 0.9851570773 0.8625067980 368.9197564160 340.0558615021
2.4952987901 1.9204534977 1.3630564139 331.8183109898 364.0055692895
0.3223913466 0.6572687096 0.3411312926 190.7660465340 439.3455482233
2.4273031833 1.9853565523 2.7413508252 282.9687964816 295.3479924367
0.3581181741 0.7410917287 2.9171161179 151.0556774128 148.7319688271
0.0001974302 0.4256021854 2.6457210473 107.0742596343 90.8741327567
2.6278435143 1.8946618219 1.8255796272 323.4034663564 334.3553321072
1.3518114199 0.7830964934 2.7510300194 259.1473234431 204.9463198023
1.1871005587 -0.8619068936 2.0176006026 367.7060949634 73.8729845060
1.5404004160 2.0873391010 1.9086104661 236.3532970987 344.8169973951
2.2863225682 -1.1407866103 2.4543879926 409.0613315546 120.4314203521
2.4841714159 1.4051269004 1.6262681959 343.0084363112 317.1764335149
1.8480999231 1.0615362460 2.2632808650 297.5879855945 256.7184283185
2.7991553079 -1.1303929253 0.2989914414 593.1030513404 208.4938757251
2.0950124471 -0.5055487376 0.8267820771 485.8972802269 210.0555495629
2.4648997918 0.1336515858 2.7860253487 349.4498346041 197.3892618358
1.0168380356 1.8187565862 1.2681363448 205.5579677675 389.1638274790
0.9146035834 1.0196575720 1.7087156997 232.1336142965 265.2891491219
2.3406080829 1.6524588336 2.3188796262 301.4849596099 295.6733459046
2.6588510636 -0.1466194073 -0.3037086062 599.4418638379 339.6295561451
2.2538497045 -0.9608366362 1.2047620648 484.2927151303 161.7042733994
0.0114893594 1.4849654352 2.7194465450 48.2919695162 213.5689369174
2.3780720027 -0.0837965984 2.0767695085 383.8088918069 202.9636945932
2.9680979097 -2.4510036395 1.5364771412 548.2312836536 81.0859004529
2.0821692119 -1.0065134618 0.4658650749 570.2480868530 175.7790032336
1.2103062974 0.1184933070 0.6222756592 416.2881332592 259.2265529491
2.6984458114 1.3496573022 0.7124865195 401.0123693107 372.0110768489
1.4393502068 -0.3605422360 0.5295601244 493.1303711714 210.4091708132
2.4003927181 0.1999549924 -0.1597382894 551.1711009748 361.6967438898
2.1326369723 1.5933316956 2.3844999725 289.6903355336 287.7527427991
2.8599623337 -1.4393414243 0.8130817700 556.1036201844 165.5598590165
0.5781786926 0.7674459552 2.0919120920 191.1469992344 199.8939931902
0.3612892001 1.9794375196 1.7997934799 71.1677715143 356.0618937414
2.8028733044 -1.8940930289 0.2984196099 651.3393492482 137.7686990871
1.1655134506 1.3593261429 2.2617282296 227.1383109484 265.5376434037
2.2679231297 1.6166728105 1.6066018340 322.7323417984 331.0328488963
1.5339740108 -0.0088084180 1.0042570867 408.5097648256 226.0699505981
0.8587961988 2.4448778198 2.1427041175 138.0749290456 358.9266300957
0.4245033914 1.0191820396 1.0525622049 156.8919613145 327.8346380796
0.5836029694 -0.4548003720 2.6430373429 254.0177663698 51.5414942116
2.2683739193 1.5151538458 1.0720505343 351.1199010972 360.8663654309
2.1449007298 0.0322231014 2.5423879487 348.3651256449 188.8468089424
1.2202986687 1.9498949965 2.2978520360 203.9438773430 308.4977444597
0.8815263559 -0.9544215061 1.7466657053 372.2036329285 29.2636293962
2.5245239422 -1.9046691708 0.2882304037 666.0880873653 115.5461637631
1.2961433232 -0.2137759639 0.8682376054 425.6896190964 197.6950273895
0.7902253300 -0.0498267092 -0.2495925517 700.3149441922 399.8177229222
0.8867691270 -0.1269636338 2.4130534049 275.2397655705 115.2930087745
2.5432224523 -0.6373923841 0.7409534547 511.3337017051 220.1054430862
0.0615378091 1.2928000387 1.6921680272 34.5880985698 276.7336673113
0.3863538972 0.6004048737 2.4777203984 166.8393627230 151.6593021306
1.9577623473 1.9570472736 1.2495788176 299.4118845237 382.1021145898
1.7478756708 0.7464948804 2.7115920619 289.8068098209 216.0284762772
1.4063415740 2.6146316096 2.3857624421 192.2177430658 347.5990659733
0.8374901713 1.4854764911 2.1589736941 184.3961929873 275.6395731657
2.5332886341 0.3624403137 -0.8886724309 657.8574559896 477.3640122629
1.5141529547 1.3550904227 1.7856819041 274.4100600153 299.1286319491
-0.0697798789 0.3330106119 2.1652521284 89.9272391058 78.0812994660
1.9507874860 -0.6407648270 1.0479185312 469.6701634922 179.8957347457
1.3270867205 -0.5234995568 1.3446707796 405.3487644768 138.7479488649
0.0760607588 1.1070308493 1.1084568367 20.5418961778 335.1802504465
1.5235769822 -1.1851647188 1.3670204011 465.0997255496 80.4760799646
2.9461481719 2.4968893176 2.7161145307 293.5267282728 321.7397422268
0.5907485963 -0.3012064055 2.8976125351 237.5132268138 65.7936113109
2.8384515790 -2.7845431762 0.8899561949 636.4504309624 48.6380401205
1.7827388544 2.9902355627 2.0898483581 215.7951954098 387.4549387699
0.4083008837 1.8891851128 1.7336414602 85.9553813974 352.6932144675
0.8063107787 0.5184446572 1.0431785338 287.4320082764 258.4116600135
1.8439066339 -0.9471699808 1.1522247373 478.7527035731 138.7718412196
1.4488983111 0.6617484764 1.0469220162 347.8769112230 291.1463158463
2.7059739807 -0.7331271193 0.7287971851 519.8970081691 218.5169703402
1.9496769023 -1.6101641628 0.3732577648 650.2091699959 91.4658990622
2.7832056284 2.7310910625 0.6875618561 338.6361824029 458.1675444072
0.7034332180 -0.0654622727 0.4930513506 412.1027996489 206.4322396076
1.6947515968 -1.6709432923 1.9441946478 450.9678801673 43.1337924552
1.3192468384 -0.5366856561 1.1335808896 427.2847126150 144.0658447651
2.3746660379 0.5242174031 1.6523616679 376.9375317279 258.8709584209
1.8809823717 2.0841163296 0.5893151287 315.7796879005 462.0445347758

gimbalangles:
-2.2705363338 2.4950686366 2.3735105391

end: