T_CW:
0.8137870745 -0.2961395716 0.5000519489 -0.4015824554
0.3245982318 -0.4821045364 -0.8137636044 0.0347550439
0.4820649182 0.8245462813 -0.2962040590 0.2399750787
0.0000000000 0.0000000000 0.0000000000 1.0000000000

T_CW_cov:
0.0000002725 -0.0000000442 -0.0000000458 0.0000000716 0.0000004352 0.0000000065
-0.0000000442 0.0000002874 0.0000000089 -0.0000005265 -0.0000000616 0.0000000554
-0.0000000458 0.0000000089 0.0000003064 -0.0000000088 -0.0000002723 0.0000000036
0.0000000716 -0.0000005265 -0.0000000088 0.0000015332 0.0000001033 0.0000001575
0.0000004352 -0.0000000616 -0.0000002723 0.0000001033 0.0000012825 0.0000000310
0.0000000065 0.0000000554 0.0000000036 0.0000001575 0.0000000310 0.0000006004

target_points_pix:
2.9185907309 1.9178459633 1.8610296438 586.4576742728 107.6945584091
0.4525511890 1.4771543701 -0.3709931605 286.5194608886 208.5655315084
0.0134727521 1.9966532696 -2.2999075116 175.0239636889 328.7776130395
0.0713589459 2.8688959608 -0.9051086491 238.5703671698 190.6473937042
2.5591223247 -0.0443953625 0.5219552533 743.9060941793 326.6862029585
1.8324549851 0.5136414256 0.1050882143 533.1622275870 286.7517004633
-0.3054732399 1.1553874900 0.2017032538 156.5801963646 47.0132719353
0.8179732118 2.2948193458 -0.2082891874 327.0932503473 180.2176719898
0.4760255981 1.6652719494 -2.0074300235 225.2769072849 340.5480346332
0.4157939103 1.1830938811 0.6503161745 357.7387722614 55.8054126608
-0.0197024909 1.9179607289 -0.7375181316 213.6848614446 204.1745031826
1.6912700364 2.9152958030 2.0943006760 474.2158657853 24.7001484230
1.0143189639 -0.1834378360 0.2340703772 658.9398354156 364.0576874194
2.1243149059 2.5165360083 -1.1599424087 375.4485522174 269.3498062580
2.2027673226 1.2739145926 -2.7746600208 347.1330576654 421.8644013458
2.6388940522 0.2859068827 0.6616028722 685.7372515417 273.0264437749
2.2838413789 1.2710353105 -2.0665887182 378.7115876174 387.9934162728
2.6356910408 1.1581813945 0.7110316627 563.4589437907 213.1034171682
1.3605142988 1.3279683397 -2.8167563008 281.0925104821 421.7275254584
1.6985656786 2.3108705817 2.0575274508 511.3877644218 13.2902894493
0.8606978522 2.4381202060 -0.8605197644 304.3359712797 226.1104212392
2.2974160006 1.1434337072 1.1115312662 582.7978898137 156.1879513736
1.8636994645 0.9851570773 0.8625067980 554.2035783968 162.7216630473
2.8400527988 2.3293742471 -2.5758741647 371.3954139988 348.1171535829
0.6837708879 1.9678359559 0.5759732938 358.4899112583 100.6173702555
2.4952987901 1.9204534977 1.3630564139 536.2847435155 129.8670678775
1.9598271384 2.0807628825 -1.8172077782 352.1162584251 320.0840255321
0.3223913466 0.6572687096 0.3411312926 327.9826038621 107.9883948925
1.2977747122 2.7046068227 -2.0603174099 298.7452924758 293.8716807745
2.8920798147 2.1378650829 -2.5311623147 378.3913293294 355.8983808934
-0.8911796826 2.9815497203 -1.4877817901 129.6794235372 196.9697511266
2.7260240624 2.2495865463 -1.9352716347 386.5049402281 325.0554985049
1.1135292309 2.9590436052 0.6041369903 369.8480001690 118.3769460305
2.6278435143 1.8946618219 1.8255796272 575.2705793004 95.0283844839
0.6336242524 1.1783842050 -1.0552852102 274.3282026501 309.6193761696
2.3667225286 2.8706255632 -2.1373102295 353.5208010185 303.4048032282
1.5404004160 2.0873391010 1.9086104661 509.7160920038 10.2679615324
0.2585293654 0.5934473492 -0.5108773483 225.6185542120 299.0978437147
2.4841714159 1.4051269004 1.6262681959 606.2107480233 106.8491367341
2.1983390802 1.3671984969 -1.0802983766 414.0723807386 324.7858351025
1.0168380356 1.8187565862 1.2681363448 443.2696018219 38.1278997277
2.3406080829 1.6524588336 2.3188796262 631.9766539517 16.0871273244
1.7824561088 1.2368809704 -0.1031601285 446.3764802284 250.8389090810
2.6588510636 -0.1466194073 -0.3037086062 643.7070425923 436.5534691587
1.2383180701 1.3099832525 -2.0678546936 297.1678139487 381.8133412314
0.7871674616 2.0424983208 0.2012990387 346.6339474982 147.1968899067
1.3716637695 0.8792669647 -1.3574988410 348.4929351612 377.9761540321
0.9719223617 1.9689701437 -1.5625638722 290.8810282285 297.5146632303
2.8361755367 1.9949440335 -2.4556373968 380.5837773958 360.9046749957
1.2103062974 0.1184933070 0.6222756592 657.1769980026 195.0389374116
0.9923400970 0.5709656991 -0.1292795507 409.1959740773 276.3046362309
2.6984458114 1.3496573022 0.7124865195 548.6289672680 207.8393554467
0.7575916053 0.2523891601 -1.0951950878 288.4600297176 462.6356890559
0.8962104592 2.8887750237 0.0742970148 336.2549309225 149.3866446165
2.4003927181 0.1999549924 -0.1597382894 587.4997909679 367.1813988258
1.4570043822 2.3114412965 -2.8657043889 288.0132059519 352.3761532700
1.6781638844 1.7635796532 -1.0815039641 366.7600692275 291.7908261558
-1.1012706995 2.9606741992 0.3197833124 138.4985432254 2.9699990538
1.4697371940 1.7050643911 -2.6910499524 294.3522371005 383.8439956475
1.4997362677 2.2552284310 -1.7042058754 324.0577884486 299.0518303558
1.9711161295 2.5320500174 -0.8647562015 377.0233200878 250.5970735349
2.2679231297 1.6166728105 1.6066018340 570.4535470783 94.4592915802
0.6325419191 2.6208530677 -2.3930825352 243.5206715703 305.3198036002
2.2683739193 1.5151538458 1.0720505343 538.6311802419 150.8073773177
2.8407462338 2.6756664027 -1.3199547291 401.7168478510 282.1675416439
0.8583509219 1.9819683117 -2.4177920373 254.4244710621 346.4076900970
0.7902253300 -0.0498267092 -0.2495925517 423.9814805925 431.6229110808
-0.7126786561 1.9834577945 -1.0618160856 100.5408274085 201.7741569372
1.9193600062 2.7960739311 -1.6739447817 344.7689572310 280.2662720039
2.8049534027 1.7549510628 -2.7261348255 375.3839175460 385.2772968447
2.9691898119 0.8306301282 -1.4718533968 464.7332316776 395.0239801932
1.9577623473 1.9570472736 1.2495788176 498.8097976371 110.7886816649
2.4239824816 0.7568461512 -2.0444246221 405.1907158213 433.9641743385
2.5332886341 0.3624403137 -0.8886724309 508.2312171177 407.6538571869
2.7230803671 2.1668952310 -1.0932890004 416.6983316652 290.1729417212
-0.0667491202 2.8893935758 -1.8135267343 203.3288323969 247.2745845871
2.8849499926 1.7528628131 -1.9172862492 406.2307377013 351.7021528227
1.1468270981 2.4561268263 -0.9711199181 322.2565577214 240.3894336930
1.8638170845 2.7136824619 0.0667283887 400.2251040994 187.1862665891
1.7836301664 2.3017608285 -2.5962998189 315.4432832203 343.6909532163
2.0330982211 1.2071025275 -0.3551796497 450.2413362917 281.2751735477
1.1730569531 1.2704948479 -1.1105960248 333.1223528195 318.2041184353
2.9461481719 2.4968893176 2.7161145307 592.7251281963 38.4560544217
0.6570472120 0.4945068807 -1.4712885553 245.5504291280 448.2531438766
0.7279847276 1.9901461379 -1.3627605785 275.8850999112 278.2150215391
1.7827388544 2.9902355627 2.0898483581 474.5886710936 32.1778653573
0.9641042651 2.6882373571 1.1690572800 391.4813818302 61.0884116998
1.5773005481 0.8563350408 -2.8473658583 299.9366751029 472.0151581475
0.7664780110 2.9653914697 -0.1033146028 319.6038111002 156.4954443109
1.7669752855 0.9690625695 -0.5529376649 431.0363872032 309.2435568132
1.4488983111 0.6617484764 1.0469220162 602.7588643643 102.5824149520
1.1060195470 2.4830620612 0.3854567192 371.2514167388 139.6246204230
2.8833560441 2.6773336796 -0.2468877160 438.9355295870 232.0041265217
2.7832056284 2.7310910625 0.6875618561 468.2268122371 177.0182476181
0.4773538111 1.3095008612 -1.5680206608 232.8226232645 339.5749517084
0.7034332180 -0.0654622727 0.4930513506 653.9568346203 171.7308852049
-0.4791536927 2.3891232452 -2.6389828612 128.0806076092 316.3500047043
1.9631750106 0.7384015444 -1.1730532119 419.3469264885 383.2455055530
2.7390766891 1.4458832406 -1.4800111153 425.2389970772 348.0575949831
1.8142779780 2.3081898863 -0.8022692629 374.5025794106 251.7301771244
0.1815827826 2.0076210646 -1.8337579884 206.3478428361 298.6668384113
1.8809823717 2.0841163296 0.5893151287 447.5814143903 164.1110957286
1.0562875771 0.1801981948 -0.5239100279 408.0467921256 404.2332267914
0.5522005358 2.0961738439 -1.3378655295 260.9893884053 265.9566608768

gimbalangles:
-2.2705363338 2.4950686366 2.3735105391

end: