T_CW:
0.6521516298 -0.7254242277 0.2201316461 -0.0253520688
-0.0611526052 -0.3397712074 -0.9385179197 -0.0574043408
0.7556180322 0.5985943673 -0.2659439280 -0.0509928427
0.0000000000 0.0000000000 0.0000000000 1.0000000000

T_CW_cov:
0.0000003104 -0.0000000255 -0.0000000537 0.0000000058 0.0000005954 -0.0000000505
-0.0000000255 0.0000003730 -0.0000000008 -0.0000008289 -0.0000000219 -0.0000000850
-0.0000000537 -0.0000000008 0.0000002950 0.0000000744 -0.0000001279 0.0000000204
0.0000000058 -0.0000008289 0.0000000744 0.0000023836 -0.0000000426 0.0000003328
0.0000005954 -0.0000000219 -0.0000001279 -0.0000000426 0.0000016358 -0.0000000555
-0.0000000505 -0.0000000850 0.0000000204 0.0000003328 -0.0000000555 0.0000005544

target_points_pix:
2.9185907309 1.9178459633 1.8610296438 452.5108191387 12.6336368384
0.4525511890 1.4771543701 -0.3709931605 207.5415139342 194.2280717827
0.0134727521 1.9966532696 -2.2999075116 105.3081733175 434.2983881502
0.0713589459 2.8688959608 -0.9051086491 96.6273400627 216.4929311175
2.5591223247 -0.0443953625 0.5219552533 627.4760066944 142.5756074055
1.8324549851 0.5136414256 0.1050882143 498.2579479367 173.2053972350
0.8179732118 2.2948193458 -0.2082891874 229.5828390087 155.7619892887
0.4760255981 1.6652719494 -2.0074300235 195.8171237708 401.5230216061
1.5905470624 0.5227412081 -2.2990225691 390.0407625808 452.3184735151
0.8980708545 -0.2130090316 -0.3464988306 636.0638677610 356.0564181828
2.2457088193 -0.2690198173 -1.2941584072 553.7278609183 386.5147040754
-0.0197024909 1.9179607289 -0.7375181316 74.0939950490 236.5977927684
1.0143189639 -0.1834378360 0.2340703772 740.5922174363 116.3695509401
2.1243149059 2.5165360083 -1.1599424087 323.5304313869 242.8886243397
2.2027673226 1.2739145926 -2.7746600208 365.6714448566 393.2889099964
1.7022931842 0.6034113149 -2.4383688156 387.1664010983 446.6287090451
2.6388940522 0.2859068827 0.6616028722 579.1663201869 122.6593409385
2.2838413789 1.2710353105 -2.0665887182 382.3388413759 345.7551175767
1.8436071198 -0.3614789899 -0.5329186283 627.5378731942 325.9811860699
2.6356910408 1.1581813945 0.7110316627 475.1892647473 112.9927751257
1.3605142988 1.3279683397 -2.8167563008 306.0640173413 436.4090778356
0.8606978522 2.4381202060 -0.8605197644 224.9250031499 225.7351413422
2.2974160006 1.1434337072 1.1115312662 478.8608461337 49.5121115969
1.8636994645 0.9851570773 0.8625067980 468.9630898143 54.3115888661
2.8400527988 2.3293742471 -2.5758741647 350.3664908509 320.3914267675
0.6837708879 1.9678359559 0.5759732938 232.4526383698 27.2442536737
2.4952987901 1.9204534977 1.3630564139 422.2297916457 41.9697902113
1.9598271384 2.0807628825 -1.8172077782 324.9972942066 302.4504806472
1.2977747122 2.7046068227 -2.0603174099 250.7355899444 308.1406844333
2.8920798147 2.1378650829 -2.5311623147 360.6461859865 323.2951851121
2.7260240624 2.2495865463 -1.9352716347 356.1902455601 291.3029209203
1.1135292309 2.9590436052 0.6041369903 243.0446617210 68.5312198297
0.6336242524 1.1783842050 -1.0552852102 255.6569724274 324.0549771548
2.3667225286 2.8706255632 -2.1373102295 313.0862977905 289.3579169294
0.2585293654 0.5934473492 -0.5108773483 223.1451591281 317.4473766090
2.4841714159 1.4051269004 1.6262681959 476.3033464499 0.0489519281
2.3235776381 -0.6902499417 -1.1799127502 636.0698239725 411.6816968748
2.1983390802 1.3671984969 -1.0802983766 391.1958862360 271.4057314938
1.6075514943 0.3175726274 -1.9505948349 422.2008258741 441.9726963810
1.7824561088 1.2368809704 -0.1031601285 400.7269584587 182.1572092093
2.6588510636 -0.1466194073 -0.3037086062 591.9863848141 253.8046074152
1.2383180701 1.3099832525 -2.0678546936 307.3404218246 388.0888960238
0.7871674616 2.0424983208 0.2012990387 241.2301723016 99.9967956553
1.3716637695 0.8792669647 -1.3574988410 366.5660650098 347.2745506635
0.9719223617 1.9689701437 -1.5625638722 251.6919017242 311.8481320019
2.8361755367 1.9949440335 -2.4556373968 365.2447056331 325.2777418707
1.2103062974 0.1184933070 0.6222756592 631.6143934028 1.8799952736
0.9923400970 0.5709656991 -0.1292795507 415.5898331138 196.6488730259
2.6984458114 1.3496573022 0.7124865195 459.9311007554 114.3229048714
0.7575916053 0.2523891601 -1.0951950878 386.4583340850 449.9560235800
0.8962104592 2.8887750237 0.0742970148 217.8685112366 119.0866146009
2.4003927181 0.1999549924 -0.1597382894 546.1422910758 224.2109834737
1.4570043822 2.3114412965 -2.8657043889 270.6272958245 372.5942182740
1.6781638844 1.7635796532 -1.0815039641 332.9283286972 263.7282908647
1.4697371940 1.7050643911 -2.6910499524 297.7592137871 395.1923917793
1.4997362677 2.2552284310 -1.7042058754 286.5604461866 296.9057991850
2.4690198210 -0.8218292901 -1.7671497527 617.0554839198 472.8880610268
1.9711161295 2.5320500174 -0.8647562015 317.0158452619 222.3488462935
0.6325419191 2.6208530677 -2.3930825352 187.7555163170 355.2857666808
2.0870307964 0.3507490887 -2.2443769366 436.1625212294 426.4134548658
2.2683739193 1.5151538458 1.0720505343 437.8240526768 57.8091885708
2.8407462338 2.6756664027 -1.3199547291 351.1259556926 245.4557755538
0.8583509219 1.9819683117 -2.4177920373 232.2178497987 387.6391877083
0.7902253300 -0.0498267092 -0.2495925517 570.8748861414 299.9422012679
1.9193600062 2.7960739311 -1.6739447817 294.8165111418 270.2433178100
2.8049534027 1.7549510628 -2.7261348255 370.9222817450 348.6271207491
2.9691898119 0.8306301282 -1.4718533968 452.5574619288 307.0861276152
1.9577623473 1.9570472736 1.2495788176 386.6726767169 24.6532786489
2.4239824816 0.7568461512 -2.0444246221 423.7334655570 366.3561378536
2.5332886341 0.3624403137 -0.8886724309 497.2517855531 291.6220231824
2.7230803671 2.1668952310 -1.0932890004 371.1049925167 244.0009354703
-0.0667491202 2.8893935758 -1.8135267343 81.4233174842 316.0043481342
2.8849499926 1.7528628131 -1.9172862492 385.9353665665 303.1802320212
1.1468270981 2.4561268263 -0.9711199181 254.2619384946 234.7523099054
1.8638170845 2.7136824619 0.0667283887 312.9599732847 145.2333101135
1.7836301664 2.3017608285 -2.5962998189 295.9720300010 346.5266294726
2.0330982211 1.2071025275 -0.3551796497 411.7031321424 212.4073248340
1.1730569531 1.2704948479 -1.1105960248 320.7432563702 301.1433645822
0.6570472120 0.4945068807 -1.4712885553 315.6126648808 477.6846272772
0.7279847276 1.9901461379 -1.3627605785 222.7872004462 298.5790704356
1.5773005481 0.8563350408 -2.8473658583 350.7297585110 463.0509787664
0.7664780110 2.9653914697 -0.1033146028 198.9308603021 134.2515793825
1.7669752855 0.9690625695 -0.5529376649 411.6324886857 242.4798743476
1.1060195470 2.4830620612 0.3854567192 261.4662077951 91.1776269606
2.8833560441 2.6773336796 -0.2468877160 366.2652026834 181.4777743150
2.7832056284 2.7310910625 0.6875618561 372.5123420873 115.2641909586
0.4773538111 1.3095008612 -1.5680206608 213.7009884390 390.0888133592
-0.4791536927 2.3891232452 -2.6389828612 2.1362854076 469.8910361821
1.9631750106 0.7384015444 -1.1730532119 426.2851655800 313.9702994962
2.7390766891 1.4458832406 -1.4800111153 403.7839355339 289.2149655193
2.9181215669 -0.3698662499 -2.9485027558 508.5525512350 476.1168071850
1.8142779780 2.3081898863 -0.8022692629 317.7652831390 223.0000290762
0.1815827826 2.0076210646 -1.8337579884 134.5981638452 371.7437730806
2.7857291322 0.2667104279 -2.9126554396 452.7183908352 435.0519733502
1.8809823717 2.0841163296 0.5893151287 357.5133400439 98.6782284579
1.0562875771 0.1801981948 -0.5239100279 476.8234930448 314.5993629554
0.5522005358 2.0961738439 -1.3378655295 194.1599929861 294.8960820843

gimbalangles:
-0.4141576771 0.0221333903 -0.6980690488

end: