T_CW:
0.595215586985676 0.781514601956431 0.186958102092899 0.011340617671438
0.265464729922289 0.028359560485260 -0.963703384084735 -0.009935020393326
-0.758450316221560 0.623242057516953 -0.190584510297799 -0.007527590825276
0.000000000000000 0.000000000000000 0.000000000000000 1.000000000000000

T_CW_cov:
0.000000479245242 -0.000000071271522 0.000000026759032 0.000000080489855 0.000001077150019 0.000000029197579
-0.000000071271522 0.000000495133525 0.000000037238292 -0.000001224481878 -0.000000055144155 -0.000000073309928
0.000000026759032 0.000000037238292 0.000000317521504 -0.000000136010283 0.000000108264095 -0.000000004369280
0.000000080489855 -0.000001224481878 -0.000000136010283 0.000003774195257 -0.000000078005394 0.000000101929314
0.000001077150019 -0.000000055144155 0.000000108264095 -0.000000078005394 0.000003173419054 -0.000000037877090
0.000000029197579 -0.000000073309928 -0.000000004369280 0.000000101929314 -0.000000037877090 0.000000786129556

target_points_pix:
-2.894844139882586 0.626952975212953 1.276598131992237 273.475676286882560 33.391162676646474
-2.824357361831075 2.662856976185086 -1.590771835887739 382.004970997397663 289.673462119067210
-1.898908933532043 2.702113433106035 -0.405415216554331 444.722503741798164 236.030889264765761
-2.450959096546251 0.887174984101025 -2.185364504945775 275.586004101542983 365.661767041054190
-1.169860562919528 -0.091558114088769 -1.370089940519724 149.290681206086674 462.119401335336590
-1.402199466133277 2.710830475051597 0.396148209289668 499.326457731741357 177.328472585367649
0.071358945903664 2.868895960760703 -0.905108649050095 646.163410651076788 362.179290579156259
-2.509589502277388 1.453728211799895 -1.900572421172508 321.650100599013797 331.040280679433863
-2.380374054855652 2.224103700322538 1.199995224442018 420.868860034367913 97.557556872400994
-1.932373118625581 -0.301247473780037 -0.748190514007685 116.090728564471476 272.018993598718168
-1.378362181910605 0.618348902777373 -2.281219500340824 277.350445055240812 479.097763440563540
-0.305473239932581 1.155387490003378 0.201703253774236 580.932533802246553 172.107207062159546
-1.679765835343294 0.449720655470374 0.924644277490595 293.372758605390686 4.121410614952026
-1.413204081926167 1.739064720682327 -0.130330008976248 431.481080374844964 216.174102937936851
-2.963043857422604 1.249868543427633 0.270322065075567 316.187957052291722 156.296433778267016
-2.631875109736306 -0.240675551070411 -1.776525725434079 144.724504561383981 350.280350956418943
-0.019702490878293 1.917960728927152 -0.737518131556238 620.263286491255030 374.598820176628010
-2.257088156451220 2.708234903726857 -2.063391959977727 400.752253248697457 332.606249887786021
-0.845404378483952 2.695515844627400 1.340110028364365 594.472007138414938 69.248313678495123
-2.434946475471317 0.763369620477728 -1.995048092810875 266.306625770666983 355.144575632559281
-2.114554369033391 2.536828030619504 1.652743675808383 463.523267367902008 62.787684594417811
-2.989156152482370 1.092838546008974 -1.123445487097596 289.124274285174806 263.349281376108706
-1.974000848471667 0.240791331263337 0.237981035730809 234.059350755422599 124.810334878051535
-2.198719778085213 2.686910366159879 1.224991392497277 455.729337308171978 107.144387046106090
-1.400378524680470 -0.373692266792882 -0.723315108802065 60.340139775501996 316.389773473495381
-2.731298943532138 2.653059403052232 -1.394243326989672 387.326998621735754 281.092295608443635
-2.633337585643500 2.526087603565185 -0.471465147788663 397.123366678404864 227.453632944881491
-1.803666274114781 2.921389074211410 0.418560952012865 476.594540357357403 176.456702824451384
-1.233322978081925 0.802640124894347 -0.683350301899418 340.634977318407380 292.952643516752346
-2.410928658285509 1.524072180481012 0.612262317919119 364.517517792809713 130.512261332840040
-0.891179682591027 2.981549720298155 -1.487781790121257 507.212296723916666 349.029834926616559
-1.574702039722106 0.364789639504317 -2.118673466932528 237.321987340559332 455.648801818251343
-0.853723967853528 1.528030534754436 1.009861785902686 528.393439898880956 38.030745858970903
-2.255264626852401 1.604364350462638 1.819463249134218 402.276695289463930 1.765232924252643
-0.719882733921688 0.779123062806577 0.485874919465445 448.660330913866687 71.517050892828848
-2.595439083965168 0.961530690973988 -1.999310842272557 280.236350194666272 342.772921794494721
-1.214682755180987 0.431323625025371 0.052831588855792 300.052543874250773 163.021927320476948
-2.479539810016107 0.063480191175837 0.411066476079776 198.850809122533690 99.468261519369946
-1.926239666853437 -0.533335699225639 0.490041307374430 31.568274671102074 2.168852062760578
-0.212116741562556 1.789778871300426 0.829726849022180 688.628951674167638 62.070373047452421
-1.804895348092697 1.933541740014618 -1.422982174446762 390.802350514072259 319.439112921993740
-2.349568547252482 0.359468555819674 -2.925548872768864 218.854157196068257 447.347109285505667
-1.330024949823912 2.574190105771045 1.125736268335892 521.139455064049798 100.490870978628010
-1.101270699458112 2.960674199173910 0.319783312406470 535.423534864596149 190.814931314341237
-1.227605326131707 2.681976980218303 0.813572596313053 526.818575433049318 136.101067732906074
-2.776403877360917 2.368040246002781 -0.828985851687926 378.810987326856946 247.284212945475559
-1.819651711045487 0.423861646527818 0.762971275614351 278.324201460491054 42.318247039780061
-1.643571119418271 1.720681526156648 -0.238507495212874 409.475735799080041 222.368253066502234
-2.807000085204526 2.102898332928304 -1.650994562944460 354.324605894469300 297.382037463308450
-1.005094788592293 1.379687496078377 -1.123734603676930 412.477075686296587 351.361239485827411
-2.946988605128144 -0.055658220898970 -2.329130664628035 171.495452112102384 372.638302496834854
-2.764203371167606 2.837739797398335 0.031222772226168 412.307066549220849 196.028196954441114
-0.712678656145664 1.983457794499143 -1.061816085565241 490.442932081445861 347.572204059042747
-1.847317464594975 1.568052479839529 0.708229112793922 404.451627631208282 116.422688809936105
-0.610004568277795 0.564580902220232 0.034429076172600 404.265995756149209 182.446560176881974
-1.040702596941218 1.851191598981524 0.761257738306126 507.794846767451475 108.894322185247205
-2.157901261647881 2.615855068441164 1.216030115121428 455.054208468158947 105.322665232737222
-1.189518955913883 -0.058473315080941 -0.846586426509932 161.626849841341198 355.447645177900654
-1.717883618897727 1.533259218394615 -0.214812038694018 390.787614683950267 216.828284818819611
-2.474755227043269 1.797130439944961 1.532062213070679 395.836351527773161 51.959955288128356
-1.696557365841088 2.250030431273891 -1.430046205317763 415.613022277118034 319.938127945123995
-0.066749120151215 2.889393575750106 -1.813526734269057 584.132639149635452 438.622647609313503
-2.945802340361511 -0.140969183485825 0.545998616725857 167.254095595554986 82.414835204467664
-1.759318631044138 0.648398231011291 -1.403433141075416 279.490123442238541 347.755280492164445
-2.522210022458577 -0.763523176943374 -2.421485733435911 50.507660293127572 448.352522752237519
-2.763583812736974 2.575899630623996 0.177181015127741 402.549433082232724 183.975807726411546
-2.915577286459229 1.801525502847701 0.920206044397381 364.222059540951591 115.255416611258980
-2.370991121603209 0.787385748788858 -1.787318215078205 272.092239299683001 341.531313881076358
-2.135111532933809 0.371175105044514 -2.854808477241397 222.990109891946702 460.937179558553453
-1.599334292554433 1.437065658575593 -2.349552550339062 350.915637147543919 417.059119944493887
-2.352497863176354 -0.419090101970517 -0.676335805967986 104.230619333755442 240.370305729926656
-1.920808214580888 1.642330667732721 1.690984194835790 427.880426860837190 3.070972201245581
-1.505721367944419 1.488196072446144 0.193568323827183 412.825504168689065 173.402474565242187
-1.602034344355351 1.010826451189645 -2.146107795380581 315.694863796528693 418.462326948712985
-1.737626814041382 2.443412014771557 -2.625146756572034 404.002741878198492 393.959961177540777
-2.719682312836279 2.126955088651576 -0.883629487670981 367.757926807284548 251.830561932591394
-1.423907139449947 1.716354722105354 -0.125139876136535 429.078495829724375 215.150524688953197
-2.845182333049369 1.049399111448471 0.707891814032055 309.170596628271142 111.123299153501875
-1.039066990360902 2.498047758366645 1.622616343361779 571.866212444613438 27.461799126337269
-0.145963956970545 2.650155075455251 1.296000655472000 734.242712001234736 43.478765303980452
-2.286262925337196 -0.222683742643781 -1.492925846979627 142.410302239321084 344.925679693711004
-2.792173882683769 1.824353030110190 -1.322370677642771 342.652649228863254 279.307191671452074

gimbalangles:
2.946349339227184 -2.953527920607326 0.650895257858923

end: