T_CW:
0.5944586259 -0.7782540098 0.2023354598 -0.0257464535
-0.8034452983 -0.5644925566 0.1892717785 -0.0021466685
-0.0330846596 -0.2750797152 -0.9608519946 -0.0688924675
0.0000000000 0.0000000000 0.0000000000 1.0000000000

T_CW_cov:
0.0000005708 -0.0000000916 0.0000000068 0.0000002362 0.0000014251 0.0000000404
-0.0000000916 0.0000003355 -0.0000000108 -0.0000010266 -0.0000001951 0.0000000333
0.0000000068 -0.0000000108 0.0000002262 0.0000000365 -0.0000000507 -0.0000000025
0.0000002362 -0.0000010266 0.0000000365 0.0000038730 0.0000004883 -0.0000000063
0.0000014251 -0.0000001951 -0.0000000507 0.0000004883 0.0000042972 0.0000001327
0.0000000404 0.0000000333 -0.0000000025 -0.0000000063 0.0000001327 0.0000008069

target_points_pix:
1.4904409015 -0.8576028127 -2.6357354281 466.0305080341 128.7406892649
2.4414387687 -2.5855806867 -2.6140916131 604.2060247043 160.9525541204
-2.4509590965 0.8871749841 -2.1853645049 36.6447046272 375.8619339393
0.7583609253 0.4677505926 -2.4511855211 325.9556440884 87.6567960955
1.6304909208 -0.4683184133 -1.9111117291 496.2344932263 54.5190952774
-1.1698605629 -0.0915581141 -1.3700899405 204.2940513734 374.2222454183
-0.4339811544 0.3604827340 -1.2275564470 183.6741516147 218.5122896885
-1.2830020915 -0.7477612956 -2.9741651212 310.9117852786 310.2754546798
1.5085798632 -1.1919996516 -1.7278603287 562.7780927465 127.2115972224
0.0134727521 1.9966532696 -2.2999075116 65.6751380525 0.1225488377
1.5390997624 -1.5424577392 -2.4175742588 522.6094640047 163.5671233920
2.6638076555 -1.1338153697 -2.9948707751 521.5735262148 74.5340804596
-1.3783621819 0.6183489028 -2.2812195003 158.9049481420 278.8344552462
0.8751195563 -2.7412553167 -2.3497777337 553.9343735302 272.5525779195
0.0469361765 -0.1783641195 -2.6535832882 337.4050109217 197.3398519943
-2.4349464755 0.7633696205 -1.9950480928 27.5374975466 400.7993407529
1.0230141211 -2.0286101404 -1.6936841533 586.4644784697 239.6234583808
-0.3342155314 -1.4791719233 -1.8288346165 439.2084909459 326.2873474050
-0.8431574331 -1.9395949874 -1.4799140705 461.5774828275 427.8085602388
2.7511059297 -2.1694872227 -1.9673213969 676.6825529437 98.2000710213
2.4920592820 -2.8352242968 -2.0271598657 680.5760183917 165.6287775794
-0.2118470871 -0.0163581002 -1.5873625828 299.4637400800 219.2751811764
-0.1823780494 -0.8635400208 -2.5844140384 376.6444327991 252.5513582646
-1.2292746160 0.8858709981 -2.9739817686 183.7406693203 232.3222398155
-0.7482836631 -2.2901477881 -2.3809329031 445.1419884172 360.8698062069
2.6442776321 -1.9549028644 -2.2435606455 624.4406976514 101.5478844396
2.1800794479 -1.0439377960 -1.9029706145 583.2186636580 52.8236831972
-0.5278049365 -2.9772354716 -1.6874461611 540.9276143774 420.1001167312
-1.8905943680 -2.4627044847 -2.4214448040 397.6340301842 437.1335901628
-1.5747020397 0.3647896395 -2.1186734669 164.1986253111 322.2789270969
2.4497479841 -1.5512437600 -2.3657692494 580.0763857742 93.2595425633
1.4521663042 -0.5399965625 -1.6630885379 512.0156486582 64.6038880414
0.8262230982 -2.7700330224 -2.2296368352 562.1911932751 280.5380116812
2.9170283047 -1.1525861895 -2.5332101054 571.0367978572 36.1508193861
0.6597325242 -2.7190445851 -1.4226758844 637.5148185764 327.1978046589
1.0749470139 -2.7742481684 -2.6710858845 542.6549205306 254.1659371408
2.8541328387 -2.2616395508 -2.4159725580 631.2398863883 111.1724179232
2.2425741823 -1.7173131963 -2.8670343424 537.1287831501 131.5655480090
-0.5276153481 -2.5064104042 -2.0030443754 489.0993747102 377.1255849361
0.2277862557 -0.3340403307 -2.6300424523 359.8220171015 192.5372124694
0.7112279187 -0.6943231092 -2.1725083750 430.3626587027 173.9754354933
1.1504892931 -0.6627365524 -2.0403880364 465.7028554422 128.0619563072
-0.1425061998 -1.1158049670 -0.6788600397 542.9742480085 405.4114608604
1.9648604716 -1.5172012612 -1.6765924910 628.5607311933 106.5721512801
0.5258951825 -1.9250366668 -0.8884842334 674.6442553102 331.6596871929
0.0588398480 0.1345663759 -1.9919443238 308.5207634581 172.2881251781
-2.3495685473 0.3594685558 -2.9255488728 171.3566548032 339.9188370570
-1.2272046121 -1.5636394124 -2.1282380772 378.3485310402 384.2542749605
2.7544963644 -1.4088225197 -2.8622308738 548.2088252935 80.2271384997
2.9010377035 -2.0761523624 -2.9764524155 576.1339207182 111.8759620883
1.1375885433 -0.0063029323 -2.6361798873 387.4355932824 98.9684315743
-2.1679331945 -2.2497089087 -2.4883330897 369.8928437427 443.3795381739
-1.2502089736 -0.4633432231 -1.6307261334 268.1506451851 378.1764519123
-1.7725763211 0.1321032521 -2.5127218453 202.5802388299 328.6265158045
0.6126184509 -1.9652231620 -0.7123293042 742.3217774941 341.8121609560
1.5108970396 -1.3615313295 -2.9687420888 478.8820722114 161.0204276074
-1.0103194588 -0.8321822294 -2.8083801352 329.5397188932 302.1097819441
-0.3638610292 -0.9546125156 -1.7797905765 393.0532100319 301.7043850704
0.3303057821 0.2394415897 -2.7978580808 319.9350278173 150.8886706164
0.9955118727 -0.6900885001 -2.2663970244 444.0871743278 149.7461516250
-2.9469886051 -0.0556582209 -2.3291306646 141.5063068571 446.9098032199
-2.2906387154 -1.9032725139 -2.9466558645 339.1349067867 408.9940762534
0.0126243685 -2.0694425955 -2.4142551407 469.9641061256 299.5201897866
2.0562877052 -2.9757796727 -2.6627237828 597.2635607804 203.8536707446
-0.3936100835 -1.1881348723 -1.5631378304 422.8471763049 333.5528521141
-2.0786952816 -1.2439389284 -2.8570242590 307.0121190494 382.8887822484
1.4706806190 -0.4806013601 -2.0637464314 472.7455280171 81.7953919117
0.0746601060 0.5852067123 -2.6719971241 274.0387356848 146.5306522808
-1.0310568987 0.1681308091 -1.9239170579 216.7195965756 289.8124282756
0.7293110861 -2.4662675618 -1.2961584207 648.0733066451 313.3826337874
0.4923176364 -2.9486591499 -2.4580393176 536.9848455050 302.3535169356
-0.7896994598 -0.6712832293 -1.4482634684 333.3593857728 355.8341021924
0.1761868050 -2.0212782925 -1.2051419420 583.0571908048 353.0578539116
0.9252734353 -2.1199048929 -1.1736164176 665.9809647836 273.9385312605
1.7040403951 -1.8849249930 -2.4309656511 549.1946577266 171.5607843906
-0.3139309819 -0.3902845608 -2.9588867546 332.8529986160 232.0698635532
-1.2283828643 -2.6822559147 -2.2808022666 447.8154615501 411.9103596513
-1.0519031372 -0.6309223896 -1.1260086692 298.4740804012 434.8238711427
0.0229598532 -2.2709885252 -1.3699846470 566.3161877288 369.0756832791
-2.5222100225 -0.7635231769 -2.4214857334 240.5851504566 428.8847485227
0.6570472120 0.4945068807 -1.4712885553 310.5479131471 17.9489651563
1.4842521203 -2.9178812129 -1.7333624324 661.0445726786 252.3678127833
-1.1789359356 0.5890362018 -2.6866246034 200.3166637459 250.0992776652
-2.1351115329 0.3711751050 -2.8548084772 177.4595028900 327.7426202229
-1.5993342926 1.4370656586 -2.3495525503 38.5739248134 243.0927545621
1.5773005481 0.8563350408 -2.8473658583 341.6671046138 6.5996255009
2.3311839498 -0.9539271198 -2.8889311096 502.2182549150 82.0636039967
-1.6020343444 1.0108264512 -2.1461077954 74.4809619361 281.7254105340
0.1346661905 -1.4032030397 -2.7868114016 422.3941054113 252.0461192314
-0.4791536927 2.3891232452 -2.6389828612 17.0254867052 45.4194192601
1.1137504699 -0.3175425869 -1.4064089642 483.9507044986 61.0345394441
2.9181215669 -0.3698662499 -2.9485027558 497.5702568641 4.1134462663
0.6772129729 -1.3872812868 -2.0826048477 484.5404268522 222.9614871114
-1.4994475505 -0.9512953885 -2.1558872977 311.2101007164 378.7478197756
0.5091662389 -1.5917825661 -1.9651756083 495.9907765464 252.0212777456
-0.2655979503 -2.6868276852 -2.0208468826 513.5783169910 363.7375213008
0.6331406616 -0.7213015916 -1.7853225676 448.3118419046 181.0130003670

gimbalangles:
-1.7652895197 -0.2037421219 -0.6522976602

end: