T_CW:
0.9649763245 0.2589107750 0.0422599530 -0.0285062030
0.2623055694 -0.9497664575 -0.1707028542 -0.0172675626
-0.0040597224 0.1758092339 -0.9844158836 -0.0716623687
0.0000000000 0.0000000000 0.0000000000 1.0000000000

T_CW_cov:
0.0000004143 -0.0000000298 -0.0000000022 0.0000000156 0.0000009296 -0.0000000019
-0.0000000298 0.0000002211 0.0000000045 -0.0000006412 -0.0000000296 0.0000000064
-0.0000000022 0.0000000045 0.0000001949 -0.0000000246 -0.0000000525 0.0000000019
0.0000000156 -0.0000006412 -0.0000000246 0.0000024761 -0.0000000800 0.0000000713
0.0000009296 -0.0000000296 -0.0000000525 -0.0000000800 0.0000026998 -0.0000000615
-0.0000000019 0.0000000064 0.0000000019 0.0000000713 -0.0000000615 0.0000005949

target_points_pix:
1.4904409015 -0.8576028127 -2.6357354281 485.3518715874 406.9143816357
-2.4509590965 0.8871749841 -2.1853645049 131.8518704408 117.7813255383
0.7583609253 0.4677505926 -2.4511855211 446.9782956651 255.2045923789
1.6304909208 -0.4683184133 -1.9111117291 564.0913882948 405.9097488128
-1.1698605629 -0.0915581141 -1.3700899405 138.6950854167 239.4432441780
-0.4339811544 0.3604827340 -1.2275564470 293.7089009351 186.2993771915
-1.2830020915 -0.7477612956 -2.9741651212 235.2516667869 316.4794416088
0.0134727521 1.9966532696 -2.2999075116 413.8362642641 94.9980367251
-2.5095895023 1.4537282118 -1.9005724212 123.2229007764 36.5443936634
2.6638076555 -1.1338153697 -2.9948707751 567.8049285235 445.4184097400
-1.3783621819 0.6183489028 -2.2812195003 237.8039834938 178.1611322973
0.4760255981 1.6652719494 -2.0074300235 460.6627162377 114.9300887847
0.0469361765 -0.1783641195 -2.6535832882 361.9270609003 299.3122995122
1.5905470624 0.5227412081 -2.2990225691 539.3803180897 271.1270469613
-2.4349464755 0.7633696205 -1.9950480928 106.0726799869 115.3960306861
2.2027673226 1.2739145926 -2.7746600208 569.6453986961 225.1418866741
1.7022931842 0.6034113149 -2.4383688156 541.4069344226 266.6102831540
2.2838413789 1.2710353105 -2.0665887182 644.1684343521 209.2114174320
1.3605142988 1.3279683397 -2.8167563008 500.0740656729 203.0261665984
2.8400527988 2.3293742471 -2.5758741647 645.9810276466 150.9626139561
-0.2118470871 -0.0163581002 -1.5873625828 326.0180661802 274.3102013434
1.9598271384 2.0807628825 -1.8172077782 646.3611225147 103.3824701948
-0.1823780494 -0.8635400208 -2.5844140384 319.2550984751 364.3255321924
-1.2292746160 0.8858709981 -2.9739817686 285.9858247845 185.6462895493
1.2977747122 2.7046068227 -2.0603174099 558.4053980161 51.0305212410
2.8920798147 2.1378650829 -2.5311623147 654.1249433283 165.4936246168
2.7260240624 2.2495865463 -1.9352716347 713.6164893979 118.8295543165
-1.5747020397 0.3647896395 -2.1186734669 196.3259907705 191.6429305994
1.4521663042 -0.5399965625 -1.6630885379 567.5032918325 431.1789539932
0.6336242524 1.1783842050 -1.0552852102 549.4997669166 76.7111430771
2.3667225286 2.8706255632 -2.1373102295 653.5681939505 71.0788524946
0.2585293654 0.5934473492 -0.5108773483 534.8036053103 46.7616150131
-2.5954390840 0.9615306910 -1.9993108423 98.9656544971 91.8020264687
1.6075514943 0.3175726274 -1.9505948349 569.4831766707 295.1802874350
0.2277862557 -0.3340403307 -2.6300424523 374.7097833268 319.4174536691
0.7112279187 -0.6943231092 -2.1725083750 423.2775158710 389.3553494697
1.1504892931 -0.6627365524 -2.0403880364 485.1319872050 407.8805125652
1.2383180701 1.3099832525 -2.0678546936 531.8361458864 175.0923371257
1.3716637695 0.8792669647 -1.3574988410 626.1545328380 194.7510069205
0.9719223617 1.9689701437 -1.5625638722 555.9539943260 56.9893256418
2.8361755367 1.9949440335 -2.4556373968 656.8403528437 172.0983701384
0.7575916053 0.2523891601 -1.0951950878 541.8715713541 269.2217009628
0.0588398480 0.1345663759 -1.9919443238 372.7242091544 265.9988059115
-2.3495685473 0.3594685558 -2.9255488728 179.9333237174 199.5532785019
-1.2272046121 -1.5636394124 -2.1282380772 140.0252240784 448.0325914883
1.4570043822 2.3114412965 -2.8657043889 517.5452242801 136.8187482114
1.6781638844 1.7635796532 -1.0815039641 748.6062409684 40.4815128785
1.4697371940 1.7050643911 -2.6910499524 519.7034636538 173.1865318536
1.4997362677 2.2552284310 -1.7042058754 609.1252413655 61.2528396479
1.1375885433 -0.0063029323 -2.6361798873 467.2478942520 310.3481123659
-2.1679331945 -2.2497089087 -2.4883330897 34.2634894150 479.5128925144
-1.2502089736 -0.4633432231 -1.6307261334 139.1450670974 301.6663156119
-1.7725763211 0.1321032521 -2.5127218453 195.3530012457 221.7465768127
1.5108970396 -1.3615313295 -2.9687420888 463.7715934770 441.7278916354
0.6325419191 2.6208530677 -2.3930825352 477.5503990454 69.0200724070
2.0870307964 0.3507490887 -2.2443769366 594.1102119610 303.6181601250
-1.0103194588 -0.8321822294 -2.8083801352 248.3403873694 333.1117017469
-0.3638610292 -0.9546125156 -1.7797905765 262.9931798857 414.4267048938
0.8583509219 1.9819683117 -2.4177920373 485.8111531955 124.3673247935
0.3303057821 0.2394415897 -2.7978580808 396.0630581748 268.4176928220
0.9955118727 -0.6900885001 -2.2663970244 453.1463758074 392.3540565718
-2.9469886051 -0.0556582209 -2.3291306646 50.6754751512 202.4070347548
-2.2906387154 -1.9032725139 -2.9466558645 99.1909652003 403.1308503387
1.9193600062 2.7960739311 -1.6739447817 665.9420919897 18.4067346724
2.8049534027 1.7549510628 -2.7261348255 626.1620430516 199.6350535938
-2.0786952816 -1.2439389284 -2.8570242590 138.5551387493 345.6590748412
1.4706806190 -0.4806013601 -2.0637464314 527.7541739391 391.5387050558
0.0746601060 0.5852067123 -2.6719971241 382.7880592502 230.2836859680
2.4239824816 0.7568461512 -2.0444246221 658.4057243240 268.4508964897
-1.0310568987 0.1681308091 -1.9239170579 236.8046221592 223.8954190075
2.8849499926 1.7528628131 -1.9172862492 733.8464302250 171.0660295047
-0.7896994598 -0.6712832293 -1.4482634684 175.2538370855 368.3350395755
1.7836301664 2.3017608285 -2.5962998189 558.0643446121 131.0681809314
-1.7593186310 0.6483982310 -1.4034331411 101.7071185866 95.1332130057
-0.3139309819 -0.3902845608 -2.9588867546 326.6321015250 307.2995295020
1.1730569531 1.2704948479 -1.1105960248 645.4058183173 97.5872493407
-1.0519031372 -0.6309223896 -1.1260086692 48.9508750757 368.7747397746
-2.5222100225 -0.7635231769 -2.4214857334 70.0689462684 290.5558402232
0.6570472120 0.4945068807 -1.4712885553 486.0520920259 228.9360158753
-1.1789359356 0.5890362018 -2.6866246034 273.7117552852 201.0541407941
0.7279847276 1.9901461379 -1.3627605785 544.7474653171 17.7289058772
-2.3709911216 0.7873857488 -1.7873182151 86.9744711401 96.9650088642
-2.1351115329 0.3711751050 -2.8548084772 193.6840286869 201.5498586106
-1.5993342926 1.4370656586 -2.3495525503 249.5930256158 104.2253397397
1.5773005481 0.8563350408 -2.8473658583 509.6026422766 245.4343255697
2.3311839498 -0.9539271198 -2.8889311096 547.8067186619 425.4196688936
-1.6020343444 1.0108264512 -2.1461077954 222.6909156816 127.4562083354
0.1346661905 -1.4032030397 -2.7868114016 337.7680011441 421.6936465532
0.4773538111 1.3095008612 -1.5680206608 475.6768022336 116.1613468338
-0.4791536927 2.3891232452 -2.6389828612 376.7120736851 78.4164940053
1.1137504699 -0.3175425869 -1.4064089642 549.7641963868 397.7245522402
2.9181215669 -0.3698662499 -2.9485027558 600.4057630755 380.0327075453
-1.7376268140 2.4434120148 -2.6251467566 278.7312510284 47.1899396817
-1.4994475505 -0.9512953885 -2.1558872977 143.3561192694 349.6407572325
0.1815827826 2.0076210646 -1.8337579884 443.6929947078 58.2966181898
2.7857291322 0.2667104279 -2.9126554396 597.9993545888 321.0044790147
0.6331406616 -0.7213015916 -1.7853225676 425.1692528132 416.6122182443

gimbalangles:
-1.6102857457 -0.0355197190 -1.9581006198

end: