T_CW:
0.1362933037 -0.7587228350 0.6369959145 -0.0149687535
0.3805995257 0.6337524278 0.6734254682 0.0116386233
-0.9146409877 0.1506569610 0.3751457633 -0.0009280860
0.0000000000 0.0000000000 0.0000000000 1.0000000000

T_CW_cov:
0.0000004337 -0.0000000117 0.0000000126 -0.0000000024 0.0000009759 0.0000000469
-0.0000000117 0.0000002513 -0.0000000073 -0.0000007356 -0.0000000094 -0.0000000117
0.0000000126 -0.0000000073 0.0000002076 0.0000000463 0.0000000551 0.0000000006
-0.0000000024 -0.0000007356 0.0000000463 0.0000028061 -0.0000000588 -0.0000000548
0.0000009759 -0.0000000094 0.0000000551 -0.0000000588 0.0000028407 0.0000001608
0.0000000469 -0.0000000117 0.0000000006 -0.0000000548 0.0000001608 0.0000006703

target_points_pix:
-2.6364039434 -2.3323645090 1.6131212919 595.2376691269 113.9598348337
-2.8948441399 0.6269529752 1.2765981320 369.8732345075 252.1018377460
-1.7842749994 0.3589897521 1.3896783254 414.1620642380 293.9257260559
-2.8243573618 2.6628569762 -1.5907718359 27.3349772608 194.2713369173
-1.8989089335 2.7021134331 -0.4054152166 61.5855486258 328.0529611092
-2.7560724588 -1.2194953932 1.9192833866 514.3483769697 198.5976781244
-1.4021994661 2.7108304751 0.3961482093 110.8044476735 431.9866108436
-2.5095895023 1.4537282118 -1.9005724212 16.5239745465 64.6507346738
-2.3803740549 2.2241037003 1.1999952244 272.1759859337 347.6404467356
-1.9323731186 -0.3012474738 -0.7481905140 286.8990789190 1.3710900427
-2.6734566750 -2.6265165695 1.2701937931 607.3219006818 65.7156516513
-1.6797658353 0.4497206555 0.9246442775 375.7621980185 274.2960618278
-1.4132040819 1.7390647207 -0.1303300090 116.4910310075 318.0276811861
-2.9630438574 1.2498685434 0.2703220651 278.9106515193 228.1189873348
-2.8002920322 -2.7177990940 0.7087254771 587.1353827332 9.4586286023
-2.2493776015 -2.3923425776 1.7472308018 643.3816077332 117.7861725438
-2.1145543690 2.5368280306 1.6527436758 278.4547854867 398.3927168939
-2.3933415223 -2.8145690041 2.1568703343 673.0718834538 123.9078582964
-2.9891561525 1.0928385460 -1.1234454871 183.1434908102 123.3361709480
-1.9740008485 0.2407913313 0.2379810357 335.7952819667 186.0847071138
-1.9416308981 -1.1170647662 2.7064884155 586.7020858229 275.2959368015
-2.1987197781 2.6869103662 1.2249913925 242.9307378585 382.8263052420
-2.7312989435 2.6530594031 -1.3942433270 40.2538291022 210.4860488451
-2.6333375856 2.5260876036 -0.4714651478 135.3202631550 266.6872209625
-1.8036662741 2.9213890742 0.4185609520 137.2117693871 396.6297647292
-1.8055531173 -2.3431906182 2.2358729284 708.2589383432 165.4246158666
-1.2333229781 0.8026401249 -0.6833503019 75.9454280374 139.7485915363
-1.4715007191 1.0947300271 1.7225109219 381.0155243724 385.9982986544
-1.6281093659 -0.3303049794 1.0078361132 462.5896934107 221.1065385156
-2.4109286583 1.5240721805 0.6122623179 274.4955370804 282.4493262199
-1.9557092750 -0.1852068968 1.1358403326 439.7327881587 230.1432560639
-0.9402351494 -1.2005288970 2.4392588703 727.7038952317 320.8745117337
-0.8537239679 1.5280305348 1.0098617859 262.5496384344 472.0618319771
-1.8400861476 0.6802285019 2.7417002054 458.2147456438 376.1620060862
-2.2600804841 2.7042386112 2.9957597684 343.9197297986 433.3740040703
-2.2552646269 1.6043643505 1.8194632491 344.4528096784 352.5838282656
-0.7198827339 0.7791230628 0.4858749195 275.5400353179 380.7250124522
-2.5954390840 0.9615306910 -1.9993108423 50.7803147915 5.1727145767
-1.2364746597 -0.8307857292 2.2308155062 620.5794743675 307.4374429204
-1.2146827552 0.4313236250 0.0528315889 279.3107198412 210.8765238746
-1.8310523068 -0.1889451984 1.5644050636 470.1261801275 266.4927743177
-2.4795398100 0.0634801912 0.4110664761 361.4283113016 178.3710367009
-1.4178930604 0.5616682054 2.3963558138 469.9358467112 392.5361849281
-2.6261878393 -0.7849814902 2.7541684472 519.4851264026 266.5069208058
-1.9262396669 -0.5333356992 0.4900413074 432.2728140743 144.9316482378
-2.3787147104 0.3569107646 2.5683948238 453.0298828185 320.0447227688
-2.8798376111 -2.4797889453 0.6139716428 556.4597783842 21.7246888168
-2.4055301863 0.9708260692 2.4281034256 409.9880703998 339.5758475130
-1.3300249498 2.5741901058 1.1257362683 204.2748060401 465.8171784121
-1.2276053261 2.6819769802 0.8135725963 150.8844709830 476.2593936830
-2.3268183976 1.7937684323 2.5591340519 370.7499842826 382.6470375848
-2.7764038774 2.3680402460 -0.8289858517 120.8894028912 229.9674937885
-0.6125680017 0.4219487398 1.6907229199 501.9450261017 467.4434085084
-1.8196517110 0.4238616465 0.7629712756 363.4428744789 251.7603249914
-0.9064956900 1.3399447130 1.3053989599 323.7779525581 461.5589557914
-1.6435711194 1.7206815262 -0.2385074952 129.9004697990 285.2701955841
-1.7250105261 1.3799615575 1.7287495262 355.8119706993 378.1127311151
-2.8070000852 2.1028983329 -1.6509945629 50.0002516615 150.2741044144
-2.7642033712 2.8377397974 0.0312227722 169.4284692261 303.0817200681
-2.0168399528 -0.7930379665 1.4646715140 507.6982692027 210.6110857068
-1.8473174646 1.5680524798 0.7082291128 264.2858412375 325.6023844751
-1.3199728770 -0.4454115690 0.6293955931 470.9444490695 178.1643978683
-2.9188407590 -1.3810012220 1.0839570419 487.0882452146 134.5903936906
-0.6100045683 0.5645809022 0.0344290762 188.9720844622 298.8202637200
-1.0407025969 1.8511915990 0.7612577383 203.4810645575 447.2724079380
-2.1579012616 2.6158550684 1.2160301151 245.1273354361 382.3906359237
-2.1605879291 -0.8868400575 2.0349525460 529.3750042851 239.3508302368
-1.0231969654 -0.6532888771 1.3941302240 593.9804926918 265.7243775472
-1.7178836189 1.5332592184 -0.2148120387 157.5198072961 265.5507119789
-2.4747552270 1.7971304399 1.5320622131 317.7071239046 336.0932250624
-2.8987142952 2.4095418038 2.8717692845 351.1048783190 379.6564485026
-2.6748752440 -2.4932236144 2.6376832354 627.6447258423 175.5165851427
-2.9458023404 -0.1409691835 0.5459986167 378.5012498909 169.6913947151
-1.3015980204 -0.4775983353 1.9294706893 559.0412240912 306.9371446081
-1.4769533415 0.8018814294 2.2416422603 438.3968326245 393.0827506346
-1.2496893304 -1.2176234362 0.9201692519 621.0130565213 125.2986782400
-0.8810201176 -1.1056814359 1.4752285971 708.8470100348 233.2858705362
-2.7635838127 2.5758996306 0.1771810151 194.1129105263 297.2985834266
-1.6522343275 -1.1665498691 1.5140104995 579.8779947957 196.7330124772
-2.5526482625 1.6899305882 2.4297630987 368.5568718725 360.3187725192
-2.9155772865 1.8015255028 0.9202060444 287.3732579248 288.4483895104
-2.3709911216 0.7873857488 -1.7873182151 64.8249538466 0.7596713988
-2.2550310878 2.7469332465 2.5621232452 320.7801472938 423.9333410597
-0.8731389884 -0.7814524095 2.0937015579 671.1539924149 337.6115272696
-2.3524978632 -0.4190901020 -0.6763358060 316.1383469233 27.9201757111
-1.6404500805 -1.0437677291 1.8670063384 581.6251285095 237.5639485383
-1.9208082146 1.6423306677 1.6909841948 334.4150702044 373.4558732584
-1.7962047277 -1.0397187367 -0.0814019688 454.6233169482 9.1808296597
-1.5057213679 1.4881960724 0.1935683238 198.0477645589 313.5915525595
-2.5730577092 -2.3438354084 1.3885911678 595.7344250360 93.8937539441
-1.5110241473 -1.3140682982 1.4522052634 613.3974593812 181.0164618350
-2.7196823128 2.1269550887 -0.8836294877 124.9448459911 213.1323783721
-1.4239071394 1.7163547221 -0.1251398761 120.9628215638 315.2034008284
-0.9075675655 -0.5141792791 2.0537428217 623.1081640208 354.5118013918
-2.8451823330 1.0493991114 0.7078918140 315.4745473762 245.2065428311
-2.7921738827 1.8243530301 -1.3223706776 103.2982446113 158.0986880515

gimbalangles:
2.7480227112 -0.4916163714 -0.2524297541

end: