T_CW:
-0.120833301469256 0.212952987696902 -0.969561931125085 -0.022350233307663
0.612931038999582 0.784298184615600 0.095874391990598 -0.021700452033234
0.780842400671821 -0.582689782508358 -0.225294834990574 -0.055917020409680
0.000000000000000 0.000000000000000 0.000000000000000 1.000000000000000

T_CW_cov:
0.000000398488705 0.000000080128886 0.000000023703540 -0.000000238098653 0.000000811047949 0.000000044553222
0.000000080128886 0.000000265398183 -0.000000042559637 -0.000000680146890 0.000000208823516 0.000000087668667
0.000000023703540 -0.000000042559637 0.000000235582301 0.000000146892978 0.000000035410861 -0.000000017834047
-0.000000238098653 -0.000000680146890 0.000000146892978 0.000002230245797 -0.000000626711888 -0.000000309745531
0.000000811047949 0.000000208823516 0.000000035410861 -0.000000626711888 0.000002160238111 0.000000235919947
0.000000044553222 0.000000087668667 -0.000000017834047 -0.000000309745531 0.000000235919947 0.000000455239345

target_points_pix:
1.490440901540471 -0.857602812689420 -2.635735428124574 613.742099544548864 235.888767257092724
2.846962449674256 -1.270615537643179 -0.426835152527950 357.317532838011800 294.792103414002952
2.441438768696500 -2.585580686672123 -2.614091613098263 477.431322858520161 190.301851893169697
1.295561638623608 -1.416405185858894 0.012519501775890 308.272431140947674 193.689952849056283
1.630490920782114 -0.468318413325145 -1.911111729057764 568.432398909372068 293.356195145194363
1.508579863193963 -1.191999651563556 -1.727860328718711 508.696572342242007 217.902784121378147
1.539099762354163 -1.542457739152680 -2.417574258766913 544.088855033975392 191.006919596328487
0.623470838340239 -1.939885472193345 -0.297269450580715 342.220809202626754 62.874122976704257
2.663807655548946 -1.133815369660820 -2.994870775135947 542.167393627320621 270.859261371244941
2.630597899395866 -2.533602612630514 1.408948156924308 203.227928882538919 219.545239250555113
2.559122324685278 -0.044395362467658 0.521955253318731 264.572148055523940 443.720739063676888
0.875119556251225 -2.741255316658835 -2.349777733663343 512.842497999435864 76.174005592838199
2.295902753926267 -0.365161291053127 1.037743256567058 180.232978961090367 408.528998740605743
1.564204261687449 -2.194379915728515 2.096758610292383 42.662423435899427 168.056140109932812
2.304100349350628 -2.299069981759198 1.705250789412906 156.270093202452131 217.240805838807546
1.590547062361791 0.522741208091565 -2.299022569101822 742.693583081491511 437.073722659752207
0.898070854459469 -0.213009031596738 -0.346498830636345 420.863958700560545 333.306168649204494
2.245708819273801 -0.269019817269763 -1.294158407152367 477.143551694805581 354.494051779890469
2.238553756143965 -1.820023448938255 -0.706450453503479 375.657953366917582 227.539629927577465
2.875257448580062 -1.580104716223466 -0.199938545484326 335.999722545045188 276.532532355434682
1.014318963918849 -0.183437836008217 0.234070377196855 249.516221370392714 386.039172625195363
1.393939781164910 -1.454825207433154 -0.263951273261676 344.773029914795984 197.965831062608117
1.023014121125718 -2.028610140369214 -1.693684153345026 486.871578462136881 119.178462580786260
1.702293184242591 0.603411314944683 -2.438368815603718 747.617359707377318 446.921753485526551
0.968177481878278 -1.826587437244287 -0.050071853227793 309.933631657483147 121.656324809991716
1.843607119811643 -0.361478989869854 -0.532918628339249 402.736699717914519 348.723013959910190
2.751105929663120 -2.169487222688916 -1.967321396887911 444.707936619976181 225.206329740014866
0.776788298176784 -2.750128971869528 0.175401666096890 275.505275708461852 46.668828173736955
2.948641527446762 -2.675864783680576 -1.635841321512470 412.224095672859676 212.340249959746302
2.492059282026440 -2.835224296773397 -2.027159865699708 438.078191753930582 184.389456354503807
2.525858413531298 -2.859276238490948 -0.611694764193029 352.958393196418285 189.202093604088731
2.644277632137510 -1.954902864395131 -2.243560645539706 469.097284506997880 229.685165381270565
2.180079447915864 -1.043937795950901 -1.902970614474200 495.786801159942343 267.808764961613008
2.449747984073098 -1.551243759956139 -2.365769249372333 496.077176403952649 242.237750074497427
2.324139553851023 -2.806924161824119 -0.589595392619374 352.703528509142757 180.929160912286306
1.452166304201032 -0.539996562458149 -1.663088537894960 553.142956963714937 278.626304480356850
0.826223098241711 -2.770033022394376 -2.229636835185319 504.874776562143325 69.579274845712860
2.691284804056324 -2.110622889317966 -0.699344101124199 366.901313621195641 232.906634082692420
2.917028304662279 -1.152586189496194 -2.533210105366660 503.458602816853102 282.812769467176054
0.659732524222695 -2.719044585050702 -1.422675884421720 446.720173902350268 46.589284586924151
1.074947013871206 -2.774248168446678 -2.671085884537973 524.083129076434602 94.955771200617619
2.854132838740622 -2.261639550812403 -2.415972557993723 464.813197393197356 222.918018842288774
1.588935379757109 -2.370422646866939 0.097837619577064 297.892706822955802 154.235656652834109
2.799155307879877 -1.130392925321729 0.298991441436553 296.068346237937590 313.882783372528877
2.242574182266596 -1.717313196300812 -2.867034342378257 528.772222061557727 220.103785283507619
2.323577638081192 -0.690249941749447 -1.179912750217281 444.447541467452652 314.126629825988232
1.607551494345595 0.317572627445490 -1.950594834934516 665.147219547225404 410.212658732633372
2.095012447085760 -0.505548737640729 0.826782077146033 205.549430457185082 374.972887451679185
0.711227918702385 -0.694323109158741 -2.172508374976872 696.426206290361620 180.794412686208034
1.150489293106945 -0.662736552373609 -2.040388036416765 615.353920389479072 234.992165526839187
2.658851063604756 -0.146619407348651 -0.303708606220830 366.339083179054683 402.421792184488254
2.253849704504971 -0.960836636159451 1.204762064846220 172.874236830239113 327.172590594180519
1.964860471576421 -1.517201261240589 -1.676592491004718 467.318602672797340 224.732975028318947
2.968097909654325 -2.451003639501020 1.536477141181445 202.211948730566178 241.196682873550458
2.082169211939505 -1.006513461776345 0.465865074907599 264.460733366791260 299.669785089450386
0.525895182455370 -1.925036666790089 -0.888484233352592 428.023460040019643 52.845425872029125
1.682011736665465 -2.690865748394387 -0.441007572472939 344.599031555971237 145.007910066701982
0.419579620992609 -1.974883451879913 -0.326438600900679 346.648832302387348 22.160430756688100
1.439350206816805 -0.360542236023234 0.529560124387007 211.121132749142191 370.755295887034777
2.481967150920621 -1.000302633967113 -0.646211942643163 383.738054719315301 300.074034756889773
2.400392718106834 0.199954992395837 -0.159738289424310 359.285598109500768 461.000162395160260
2.754496364365862 -1.408822519692525 -2.862230873769972 519.280580729970779 259.079908123273924
1.521515629150361 -2.362019130631791 2.099538518302268 49.126131685551115 151.594380336785377
2.859962333739178 -1.439341424311696 0.813081769980665 250.389230321363243 297.654955677056762
2.901037703456327 -2.076152362372328 -2.976452415458163 497.751985455799741 230.267048598148989
2.469019821030406 -0.821829290121308 -1.767149752680179 482.414841239993677 299.188799248071803
2.802873304445588 -1.894093028882541 0.298419609941055 294.863226407896263 257.833531602624817
0.612618450857146 -1.965223161977429 -0.712329304173472 399.883840201521593 63.796693591012485
1.510897039637619 -1.361531329503495 -2.968742088781331 598.204279632602379 197.657999765257387
2.087030796378828 0.350749088667996 -2.244376936628558 630.203953348292885 409.506902788148182
0.517158653962242 -2.883643548161206 -0.840293530507212 387.912004940808288 16.307168858341413
0.995511872710040 -0.690088500138888 -2.266397024430593 657.652441721508694 214.399115235601471
2.524523942213301 -1.904669170823968 0.288230403661922 292.559657971652086 244.425467369249873
1.296143323221548 -0.213775963869605 0.868237605375611 83.909784584385704 427.654819662151169
0.790225330020615 -0.049826709174231 -0.249592551683288 417.769356825758678 389.104702804211456
2.543222452303324 -0.637392384131150 0.740953454688077 241.138738179946330 365.150459616723879
2.056287705197733 -2.975779672667076 -2.662723782830376 479.733133974665009 155.458129118858096
1.470680618967437 -0.480601360141050 -2.063746431437915 598.860063674447701 279.705124377609195
2.370328147576886 -2.209422322424412 -0.876808865732352 380.506786601467923 211.120266522560229
2.533288634141132 0.362440313726649 -0.888672430890166 452.522086288085177 458.510921925903403
1.950787486001605 -0.640764826982241 1.047918531233533 162.670484864208277 355.917874684197500
0.729311086125151 -2.466267561761849 -1.296158420739365 442.258740575618560 63.425965895480346
0.492317636367380 -2.948659149863854 -2.458039317552030 530.928196367176383 28.601247887350240
1.904166133614853 -2.769480577177859 1.861369076269689 131.428896997069245 161.423002058816820
1.012226148928721 -2.441338738750435 0.622632403358834 223.185179066898513 88.898914155433431
1.679634292697983 -1.376145895919265 -0.523826814346682 374.117110483797603 226.033390635479691
0.925273435265529 -2.119904892941933 -1.173616417561602 436.947315271324669 102.265400618304511
1.704040395111110 -1.884924992965188 -2.430965651079124 518.322508393215003 182.539167024067467
1.523576982212340 -1.185164718831194 1.367020401069782 90.689111717561389 257.700434409427828
1.484252120320850 -2.917881212878771 -1.733362432371336 440.222600675446756 120.926825886440398
1.511664049272254 -2.825078037455202 1.532966621449099 146.612507951318008 123.494614725925743
2.838451579039968 -2.784543176193911 0.889956194928174 252.329352696339754 213.877449419145563
0.913573896963790 -2.835395790839471 0.376782895332359 255.490858627868619 60.247373018006471
2.560983796689796 -2.927706291115937 -1.044930153789216 378.883862935217508 186.753257854669300
1.843906633874438 -0.947169980806038 1.152224737288016 149.605949284422110 308.263830566179024
2.331183949755215 -0.953927119794023 -2.888931109551167 562.013311386233454 270.665538601043181
2.705973980689863 -0.733127119296918 0.728797185143482 248.923646231966245 357.553998914701424
1.949676902265344 -1.610164162764703 0.373257764765000 274.942812411182445 233.965358483460250
0.703433218020132 -0.065462272701852 0.493051350627481 30.487629512983005 472.783662180176009
1.113750469880303 -0.317542586872190 -1.406408964173092 584.683498962064618 290.502269446890921
2.918121566853679 -0.369866249891826 -2.948502755755053 562.774676604109004 332.659874845676541
0.863284382710346 -2.195382504927759 0.820935825676513 178.942291903042815 79.162794127822281
1.694751596750863 -1.670943292273279 1.944194647767804 44.221373480464933 225.206550427134431
0.677212972875109 -1.387281286843452 -2.082604847656232 599.069319859438565 115.994624218468616
1.319246838424638 -0.536685656131526 1.133580889613922 48.168093532773469 350.861747526211104
0.509166238868219 -1.591782566136226 -1.965175608255556 584.734333255017873 77.592739953418857
2.785729132151983 0.266710427882586 -2.912655439599869 608.075722927953279 388.713279006768460
1.056287577067055 0.180198194814150 -0.523910027856285 497.883165185098051 461.299848157472979
0.633140661551747 -0.721301591593278 -1.785322567574259 658.870946032595612 168.500889471251355

gimbalangles:
1.168459259141104 1.818157387933673 -0.516117335248209

end: