T_CW:
0.7354150415 0.4836598489 -0.4745923170 -0.0513882681
-0.6749645828 0.5847679643 -0.4499658208 -0.0307517704
0.0598959822 0.6512446380 0.7565004248 -0.0342075798
0.0000000000 0.0000000000 0.0000000000 1.0000000000

T_CW_cov:
0.0000005036 -0.0000001003 -0.0000000227 0.0000001810 0.0000011653 0.0000000131
-0.0000001003 0.0000003358 -0.0000000011 -0.0000008472 -0.0000001797 0.0000000516
-0.0000000227 -0.0000000011 0.0000002603 0.0000000160 -0.0000001006 -0.0000000026
0.0000001810 -0.0000008472 0.0000000160 0.0000027675 0.0000002847 -0.0000000551
0.0000011653 -0.0000001797 -0.0000001006 0.0000002847 0.0000033251 0.0000000625
0.0000000131 0.0000000516 -0.0000000026 -0.0000000551 0.0000000625 0.0000008254

target_points_pix:
0.1742910257 2.9893768659 1.8724033039 420.9509976838 294.4857206200
0.4101131736 0.5362741924 2.2116901022 310.2116867192 120.4479304801
0.3768682695 1.5477426008 2.0531356562 375.2740712361 210.5233109238
2.9185907309 1.9178459633 1.8610296438 560.6853151746 91.1193736881
0.9456625691 1.7601532697 2.9743486518 381.2307747436 170.0395003139
-0.3054732399 1.1553874900 0.2017032538 428.2262681738 455.1984364843
-0.1910322562 1.2311524432 2.2972743069 308.6137655551 218.9380603730
0.8179732118 2.2948193458 -0.2082891874 690.0239808742 391.9371067695
0.8211055262 1.2423480346 2.5425745515 370.6301234067 151.3543261058
0.4157939103 1.1830938811 0.6503161745 475.0647542127 256.8181371123
-0.8454043785 2.6955158446 1.3401100284 374.6590860096 375.5581989693
1.6912700364 2.9152958030 2.0943006760 484.9050970217 211.6618640203
-2.1145543690 2.5368280306 1.6527436758 272.1205355143 427.9789122015
0.2911990845 0.4534318924 1.9094584180 301.6439584377 124.2510639173
0.8344632586 0.7250167015 1.6089183875 396.4474982623 112.8217063221
-2.1987197781 2.6869103662 1.2249913925 283.6199189340 478.1770889757
-0.2146575641 -0.5046357991 1.9549094726 72.3564741346 6.8515379610
1.6985656786 2.3108705817 2.0575274508 478.9357037494 181.3794645668
2.2974160006 1.1434337072 1.1115312662 613.3634544927 37.2789522683
-0.8437154314 1.5526174756 2.5041567278 280.1299519590 266.9404445356
1.8636994645 0.9851570773 0.8625067980 619.6233481759 45.4324610863
-1.4715007191 1.0947300271 1.7225109219 193.7697267723 345.2111337901
0.6837708879 1.9678359559 0.5759732938 533.8139340803 295.2139766551
2.4952987901 1.9204534977 1.3630564139 583.7330032689 117.7600065909
-0.4403439149 0.7830369850 1.9775365700 258.8491679234 219.1775383478
0.3223913466 0.6572687096 0.3411312926 498.6377003115 233.0796225678
2.4273031833 1.9853565523 2.7413508252 472.2613970865 118.3066640010
-0.3089028941 2.6625183818 2.6735419307 357.9674872325 274.3482742870
1.1135292309 2.9590436052 0.6041369903 566.7170744549 307.6332571630
0.3581181741 0.7410917287 2.9171161179 301.6372699971 135.4230342346
-0.8537239679 1.5280305348 1.0098617859 314.6787911904 381.9124507034
0.0001974302 0.4256021854 2.6457210473 256.5120003295 134.9867965889
-1.8400861476 0.6802285019 2.7417002054 133.0788137478 277.9572455872
2.6278435143 1.8946618219 1.8255796272 545.9944050771 105.5198401126
1.3518114199 0.7830964934 2.7510300194 376.5294630251 82.1033692801
-2.2600804841 2.7042386112 2.9957597684 261.0437224987 347.9353166589
-2.2552646269 1.6043643505 1.8194632491 182.6760057977 412.5619646211
1.5404004160 2.0873391010 1.9086104661 475.2496736868 179.7566539386
2.4841714159 1.4051269004 1.6262681959 555.1167315661 66.4907582104
1.8480999231 1.0615362460 2.2632808650 448.2282436594 76.3881613719
-0.7198827339 0.7791230628 0.4858749195 243.6111251823 449.2235549680
1.0168380356 1.8187565862 1.2681363448 483.9532281387 214.6462323996
0.9146035834 1.0196575720 1.7087156997 411.9962273897 139.0991690260
2.3406080829 1.6524588336 2.3188796262 488.0280144776 100.6148565384
-1.4178930604 0.5616682054 2.3963558138 145.4618139012 260.3322197418
0.7871674616 2.0424983208 0.2012990387 605.0097169566 327.2911393432
-0.2121167416 1.7897788713 0.8297268490 412.0493409891 348.2730557638
-2.3787147104 0.3569107646 2.5683948238 30.3852219273 315.5201281788
0.0114893594 1.4849654352 2.7194465450 325.5433581296 207.8500777147
-1.0463656283 2.8561966183 2.4513405431 335.1986831922 322.5414880763
-1.3853892513 2.8067198839 2.5439830716 313.7308849293 332.7974458018
2.6984458114 1.3496573022 0.7124865195 726.9595458066 23.1541863617
-2.4055301863 0.9708260692 2.4281034256 111.1712165433 352.1281685278
0.8962104592 2.8887750237 0.0742970148 619.0264056544 365.7305650372
-1.3300249498 2.5741901058 1.1257362683 343.3977744452 426.5722073903
2.1326369723 1.5933316956 2.3844999725 470.4866787545 106.8208949910
0.5781786926 0.7674459552 2.0919120920 346.4073894722 133.5029293554
0.3612892001 1.9794375196 1.7997934799 404.0511495257 246.0195089682
-1.2276053261 2.6819769802 0.8135725963 370.6859913733 454.3980250331
1.1655134506 1.3593261429 2.2617282296 411.1329785125 143.6151111311
-2.3268183976 1.7937684323 2.5591340519 201.5597749441 358.0811812626
2.2679231297 1.6166728105 1.6066018340 542.3026215267 102.9239463282
-0.6125680017 0.4219487398 1.6907229199 195.6581861604 218.1485094974
-0.7909341437 1.6858794598 2.4060578815 293.2938134643 274.2154012277
0.8587961988 2.4448778198 2.1427041175 431.1471513199 228.6570046661
0.4245033914 1.0191820396 1.0525622049 417.5483660777 207.5742356301
2.2683739193 1.5151538458 1.0720505343 609.5162439414 92.2729060493
-0.9064956900 1.3399447130 1.3053989599 281.1988479794 345.6553976096
1.2202986687 1.9498949965 2.2978520360 430.5743963359 179.9461051857
-1.7250105261 1.3799615575 1.7287495262 203.3384899095 375.3108813607
-0.5327274467 1.8078641803 2.4510237977 315.4307537198 262.1107507593
0.0615378091 1.2928000387 1.6921680272 354.0574256550 230.4479558464
0.3863538972 0.6004048737 2.4777203984 305.2488032921 126.3264366479
1.9577623473 1.9570472736 1.2495788176 558.1579863648 158.8621443784
1.7478756708 0.7464948804 2.7115920619 403.8048239534 54.5559966611
-1.0407025969 1.8511915990 0.7612577383 334.5705876241 442.3875130913
-2.1579012616 2.6158550684 1.2160301151 281.8789867654 476.3572828109
1.4063415740 2.6146316096 2.3857624421 451.2911452577 204.0975990132
0.8374901713 1.4854764911 2.1589736941 399.2736435703 175.0328254526
-2.4747552270 1.7971304399 1.5320622131 180.2998499029 464.8047107527
-2.8987142952 2.4095418038 2.8717692845 212.5246343985 379.4246718557
1.5141529547 1.3550904227 1.7856819041 467.5724063308 126.8700744987
-0.0697798789 0.3330106119 2.1652521284 245.8349995551 137.9281435412
-0.8258884787 1.9551499206 2.9404138368 296.6645341147 264.2875237048
0.0760607588 1.1070308493 1.1084568367 377.3456668791 250.2805382048
1.8638170845 2.7136824619 0.0667283887 706.8626608671 274.0262291822
-1.4769533415 0.8018814294 2.2416422603 165.9632652622 288.6895258912
-1.2490170593 1.8097791482 2.9824056964 265.9940894303 278.1322535090
2.9461481719 2.4968893176 2.7161145307 503.9172380205 126.8886172892
0.5907485963 -0.3012064055 2.8976125351 237.5469296877 8.2828807424
-2.5526482625 1.6899305882 2.4297630987 176.4324912525 379.1692517835
1.7827388544 2.9902355627 2.0898483581 490.5753289795 211.0010306020
0.9641042651 2.6882373571 1.1690572800 503.0385836552 272.9293721454
-2.2550310878 2.7469332465 2.5621232452 266.6826803051 371.9381336316
-1.9208082146 1.6423306677 1.6909841948 213.2056627984 400.8966757953
0.7664780110 2.9653914697 -0.1033146028 634.1470044223 399.5533775165
-0.2705378639 1.4697607094 2.7967741969 305.8367639921 219.2115624482
0.4083008837 1.8891851128 1.7336414602 408.0778653051 241.1525333561
0.8063107787 0.5184446572 1.0431785338 438.3692598166 82.5734627166
1.4488983111 0.6617484764 1.0469220162 534.5152156958 32.5699076867
-0.3200082119 0.9773080063 1.1397837352 315.9195520550 280.5708393491
1.1060195470 2.4830620612 0.3854567192 596.8321645942 301.8135503432
2.7832056284 2.7310910625 0.6875618561 673.0352371015 177.4787432911
-1.0390669904 2.4980477584 1.6226163434 342.4081874303 362.5649253599
-0.1459639570 2.6501550755 1.2960006555 421.6935498469 333.3605709971
1.8809823717 2.0841163296 0.5893151287 640.0796964217 194.8460940077

gimbalangles:
1.0343397244 0.4946101058 -2.1524167076

end: