T_CW:
0.8138653208 -0.2962628262 0.4998515554 -0.4015316674
0.3244002963 -0.4820245995 -0.8138898778 0.0347291614
0.4820660612 0.8245487392 -0.2961953567 0.2397311100
0.0000000000 0.0000000000 0.0000000000 1.0000000000

T_CW_cov:
0.0000002724 -0.0000000442 -0.0000000458 0.0000000714 0.0000004349 0.0000000064
-0.0000000442 0.0000002873 0.0000000089 -0.0000005263 -0.0000000615 0.0000000554
-0.0000000458 0.0000000089 0.0000003063 -0.0000000089 -0.0000002722 0.0000000036
0.0000000714 -0.0000005263 -0.0000000089 0.0000015326 0.0000001030 0.0000001575
0.0000004349 -0.0000000615 -0.0000002722 0.0000001030 0.0000012815 0.0000000307
0.0000000064 0.0000000554 0.0000000036 0.0000001575 0.0000000307 0.0000005996

target_points_pix:
2.9185907309 1.9178459633 1.8610296438 586.4431316134 107.9383033192
0.4525511890 1.4771543701 -0.3709931605 286.2999255453 208.8881319657
0.0134727521 1.9966532696 -2.2999075116 175.2491416395 328.7274700881
0.0713589459 2.8688959608 -0.9051086491 238.3920269659 190.6041307187
2.5591223247 -0.0443953625 0.5219552533 744.1495596740 326.6969306786
1.8324549851 0.5136414256 0.1050882143 533.2912256840 286.8936739158
-0.3054732399 1.1553874900 0.2017032538 156.4674538856 46.6644533883
0.8179732118 2.2948193458 -0.2082891874 326.7800086554 180.2986231467
0.4760255981 1.6652719494 -2.0074300235 225.4360297336 340.6046137084
0.4157939103 1.1830938811 0.6503161745 357.7049832267 55.8959348522
-0.0197024909 1.9179607289 -0.7375181316 213.5189025958 204.3243797989
1.6912700364 2.9152958030 2.0943006760 474.4160420999 24.1690607595
1.0143189639 -0.1834378360 0.2340703772 658.6872599786 364.0563719750
2.1243149059 2.5165360083 -1.1599424087 375.0917128618 269.4512864720
2.2027673226 1.2739145926 -2.7746600208 346.7865546019 421.7676332914
2.6388940522 0.2859068827 0.6616028722 686.0994770214 272.8447945792
2.2838413789 1.2710353105 -2.0665887182 378.9784568194 388.2867993053
2.6356910408 1.1581813945 0.7110316627 563.8050620143 213.1059602043
1.3605142988 1.3279683397 -2.8167563008 281.2477320062 421.7354678988
1.6985656786 2.3108705817 2.0575274508 511.0699753980 13.3631317724
0.8606978522 2.4381202060 -0.8605197644 304.7047887972 225.9238815224
2.2974160006 1.1434337072 1.1115312662 583.1931834068 155.9806594543
1.8636994645 0.9851570773 0.8625067980 554.5968937118 162.9987081224
2.8400527988 2.3293742471 -2.5758741647 371.6258080309 348.1569015624
0.6837708879 1.9678359559 0.5759732938 358.7285221174 100.6337654772
2.4952987901 1.9204534977 1.3630564139 536.1756916613 129.6799797820
1.9598271384 2.0807628825 -1.8172077782 351.8155318454 320.2378303266
0.3223913466 0.6572687096 0.3411312926 328.1220685360 108.1339431028
1.2977747122 2.7046068227 -2.0603174099 298.0704016935 293.8918359146
2.8920798147 2.1378650829 -2.5311623147 378.2499788002 356.4967176121
-0.8911796826 2.9815497203 -1.4877817901 129.4513468432 196.6972363032
2.7260240624 2.2495865463 -1.9352716347 386.4048291274 325.3095434549
1.1135292309 2.9590436052 0.6041369903 369.5486541469 118.0937612806
2.6278435143 1.8946618219 1.8255796272 575.4132015833 95.0796598334
0.6336242524 1.1783842050 -1.0552852102 274.5352222049 309.8918947221
2.3667225286 2.8706255632 -2.1373102295 353.7063323006 303.2532307209
1.5404004160 2.0873391010 1.9086104661 509.5607027403 10.3615373835
0.2585293654 0.5934473492 -0.5108773483 225.4954152545 299.1700884278
2.4841714159 1.4051269004 1.6262681959 605.4737409271 106.8616790457
2.1983390802 1.3671984969 -1.0802983766 414.1285454288 324.2727707960
1.0168380356 1.8187565862 1.2681363448 443.2322706234 38.0096929352
2.3406080829 1.6524588336 2.3188796262 632.3595282250 16.0351848884
1.7824561088 1.2368809704 -0.1031601285 446.2400298666 250.6326532413
2.6588510636 -0.1466194073 -0.3037086062 643.3779277227 436.5955182110
1.2383180701 1.3099832525 -2.0678546936 297.2714673836 381.9536509120
0.7871674616 2.0424983208 0.2012990387 346.4975291428 146.9072628534
1.3716637695 0.8792669647 -1.3574988410 348.3406437073 377.7551333894
0.9719223617 1.9689701437 -1.5625638722 290.8746732680 297.8422750878
2.8361755367 1.9949440335 -2.4556373968 380.7220683021 360.5388027707
1.2103062974 0.1184933070 0.6222756592 657.2816422824 194.8673699427
0.9923400970 0.5709656991 -0.1292795507 409.5657417398 276.2596697163
2.6984458114 1.3496573022 0.7124865195 549.0456571046 207.6472342162
0.7575916053 0.2523891601 -1.0951950878 288.5393148568 462.6562017707
0.8962104592 2.8887750237 0.0742970148 336.3759482607 149.7356105350
2.4003927181 0.1999549924 -0.1597382894 587.5583571087 366.6931731241
1.4570043822 2.3114412965 -2.8657043889 288.2998886471 352.3165229188
1.6781638844 1.7635796532 -1.0815039641 366.6822094557 291.6885328213
-1.1012706995 2.9606741992 0.3197833124 137.8503770351 3.1431407158
1.4697371940 1.7050643911 -2.6910499524 294.0828220333 383.6847711560
1.4997362677 2.2552284310 -1.7042058754 324.4927551143 299.5238639018
1.9711161295 2.5320500174 -0.8647562015 376.1506204916 250.4154650167
2.2679231297 1.6166728105 1.6066018340 570.7116429706 94.3785076350
0.6325419191 2.6208530677 -2.3930825352 243.4869374393 304.8147521514
2.2683739193 1.5151538458 1.0720505343 538.8000080451 150.6657901642
2.8407462338 2.6756664027 -1.3199547291 401.6854816784 282.3802896423
0.8583509219 1.9819683117 -2.4177920373 254.4494112817 346.2085248436
0.7902253300 -0.0498267092 -0.2495925517 424.0694059792 431.4639141838
-0.7126786561 1.9834577945 -1.0618160856 100.0992352074 201.9187740577
1.9193600062 2.7960739311 -1.6739447817 344.4300028522 280.2912340069
2.8049534027 1.7549510628 -2.7261348255 375.3790340843 385.4478322288
2.9691898119 0.8306301282 -1.4718533968 464.5197611964 395.2623580155
1.9577623473 1.9570472736 1.2495788176 498.8198738347 111.1665184405
2.4239824816 0.7568461512 -2.0444246221 405.2455097219 434.0543495609
2.5332886341 0.3624403137 -0.8886724309 508.1195702531 407.6984516448
2.7230803671 2.1668952310 -1.0932890004 416.7146795092 289.8890050093
-0.0667491202 2.8893935758 -1.8135267343 203.5458495214 246.9965314072
2.8849499926 1.7528628131 -1.9172862492 406.5564077093 351.8719597986
1.1468270981 2.4561268263 -0.9711199181 321.9552449974 240.6459438319
1.8638170845 2.7136824619 0.0667283887 400.1121081474 187.0834475288
1.7836301664 2.3017608285 -2.5962998189 315.9161653441 343.3812020376
2.0330982211 1.2071025275 -0.3551796497 450.0056019604 281.5504463751
1.1730569531 1.2704948479 -1.1105960248 333.4470632886 317.7254586450
2.9461481719 2.4968893176 2.7161145307 592.4039148104 38.5319693814
0.6570472120 0.4945068807 -1.4712885553 246.0704364883 448.3822291594
0.7279847276 1.9901461379 -1.3627605785 276.5160377920 278.5190372051
1.7827388544 2.9902355627 2.0898483581 474.4517813582 31.6954629908
0.9641042651 2.6882373571 1.1690572800 391.3075982179 60.9934297409
1.5773005481 0.8563350408 -2.8473658583 300.1563960177 472.1577456871
0.7664780110 2.9653914697 -0.1033146028 319.8625705931 156.3285562829
1.7669752855 0.9690625695 -0.5529376649 430.6951955885 309.2186214290
1.4488983111 0.6617484764 1.0469220162 603.1217373882 102.1683970532
1.1060195470 2.4830620612 0.3854567192 371.6010239090 140.0856049019
2.8833560441 2.6773336796 -0.2468877160 438.6294220194 232.2981432659
2.7832056284 2.7310910625 0.6875618561 468.7954606439 177.1500191859
0.4773538111 1.3095008612 -1.5680206608 233.3518562214 339.7636481532
0.7034332180 -0.0654622727 0.4930513506 654.0359741183 171.1905075289
-0.4791536927 2.3891232452 -2.6389828612 128.0497641177 316.1532546645
1.9631750106 0.7384015444 -1.1730532119 419.4691815774 382.7897448363
2.7390766891 1.4458832406 -1.4800111153 425.6444310796 348.4522315466
1.8142779780 2.3081898863 -0.8022692629 374.0881226012 251.9893222502
0.1815827826 2.0076210646 -1.8337579884 206.3459833251 298.8724055360
1.8809823717 2.0841163296 0.5893151287 447.6156226245 164.4023346926
1.0562875771 0.1801981948 -0.5239100279 408.2594594951 404.5583057894
0.5522005358 2.0961738439 -1.3378655295 260.6124430675 266.5927493764

gimbalangles:
1.0343397244 0.4946101058 -2.1524167076

end: