T_CW:
0.148240652183103 0.462206358906242 0.874293995648467 0.003304842588206
-0.019241087362259 0.885242349909195 -0.464731925398250 0.024082576382746
-0.988764122325161 0.052069796560775 0.140122256221749 -0.018178552788220
0.000000000000000 0.000000000000000 0.000000000000000 1.000000000000000

T_CW_cov:
0.000000318405824 0.000000026418921 0.000000014939020 -0.000000033341497 0.000000724230097 0.000000015882499
0.000000026418921 0.000000235212397 -0.000000016706133 -0.000000657290262 0.000000020001726 -0.000000054916332
0.000000014939020 -0.000000016706133 0.000000183976705 0.000000071470837 0.000000051218889 0.000000005486041
-0.000000033341497 -0.000000657290262 0.000000071470837 0.000002420595096 0.000000032520027 0.000000121634004
0.000000724230097 0.000000020001726 0.000000051218889 0.000000032520027 0.000002243790950 0.000000132892674
0.000000015882499 -0.000000054916332 0.000000005486041 0.000000121634004 0.000000132892674 0.000000517178019

target_points_pix:
-2.894844139882586 0.626952975212953 1.276598131992237 452.857548807265403 242.852780937732945
-1.784274999354633 0.358989752143200 1.389678325383619 513.492801208165474 206.286702249858479
-2.450959096546251 0.887174984101025 -2.185364504945775 165.505244760418179 450.651056211094556
-2.756072458789342 -1.219495393230536 1.919283386623296 434.171069051054928 82.243017948062430
-1.169860562919528 -0.091558114088769 -1.370089940519724 13.099510890686076 394.236618218875662
-2.509589502277388 1.453728211799895 -1.900572421172508 230.706675561080857 478.230965866670772
-2.380374054855652 2.224103700322538 1.199995224442018 534.798954778075540 376.323083704534724
-1.932373118625581 -0.301247473780037 -0.748190514007685 228.340949963345025 258.989533075336055
-2.117320053338740 -2.144778239556308 -1.406029482561590 28.750942806319131 77.964540561269018
-1.759048822907458 -1.615888020375582 -0.800308399887226 104.992099156534437 80.855154116862280
-1.679765835343294 0.449720655470374 0.924644277490595 479.070928401721176 242.907764304453764
-2.752637489574927 -2.428256160831602 -2.050260806049639 24.640746271565433 121.294158070665560
-2.963043857422604 1.249868543427633 0.270322065075567 405.617938962796188 324.766428891512703
-2.800292032162577 -2.717799094036851 0.708725477149321 281.663259486663264 2.268708028231742
-2.631875109736306 -0.240675551070411 -1.776525725434079 161.676239008549317 311.134447073522438
-2.128984519802631 -2.006397730996573 0.090773271844217 234.621663310188637 27.021125364590915
-2.434946475471317 0.763369620477728 -1.995048092810875 178.483760702313731 427.902475919166136
-2.114554369033391 2.536828030619504 1.652743675808383 604.346294304617118 392.688640878250908
-2.989156152482370 1.092838546008974 -1.123445487097596 297.108484268426821 373.516673588418143
-1.974000848471667 0.240791331263337 0.237981035730809 378.952166629395720 259.681427768366973
-1.941630898137938 -1.117064766151136 2.706488415483634 545.623925931074837 1.782187757643612
-2.198719778085213 2.686910366159879 1.224991392497277 570.376990151828409 423.427218411217439
-2.592708470432378 -2.649318893019637 -0.851042690634956 126.924340943979360 41.292400762958010
-1.400378524680470 -0.373692266792882 -0.723315108802065 179.290466281480690 250.511521151407663
-2.633337585643500 2.526087603565185 -0.471465147788663 408.884402902879572 470.393032266861042
-1.233322978081925 0.802640124894347 -0.683350301899418 289.697252293712211 466.377548465335963
-1.471500719061330 1.094730027126477 1.722510921937721 625.786502069595144 270.371122730989725
-2.774150966978171 -2.040244489095533 -0.175702412079464 234.993689197400755 85.998333545234857
-1.628109365896271 -0.330304979444732 1.007836113164901 444.419915963137441 140.128671873824885
-2.410928658285509 1.524072180481012 0.612262317919119 459.920686821756590 348.046651250336595
-1.964605240322167 -2.002986343418303 -1.324291796429495 24.353467006532981 77.415655940156597
-1.955709274983680 -0.185206896822774 1.135840332582000 447.996148275553310 165.768552452541144
-0.853723967853528 1.528030534754436 1.009861785902686 713.914647351438362 452.983121572221080
-1.840086147600242 0.680228501872818 2.741700205366840 641.232154035683266 172.861222927701192
-2.260080484105838 2.704238611220442 2.995759768399392 683.359934191321258 332.690804381359840
-2.255264626852401 1.604364350462638 1.819463249134218 565.082995999101627 300.469911155784473
-0.719882733921688 0.779123062806577 0.485874919465445 580.738492690820067 390.861208681350490
-2.595439083965168 0.961530690973988 -1.999310842272557 199.467107910625231 433.051846364241953
-1.214682755180987 0.431323625025371 0.052831588855792 389.001518790789135 320.285754923539855
-1.831052306790053 -0.188945198352711 1.564405063598759 497.597731849024456 138.675769911218083
-2.479539810016107 0.063480191175837 0.411066476079776 377.654687487538922 233.453633291436461
-1.417893060359139 0.561668205419461 2.396355813765268 672.332547642234431 161.414512201648279
-2.626187839327878 -0.784981490205779 2.754168447227376 512.540889125907597 82.361254954024616
-1.926239666853437 -0.533335699225639 0.490041307374430 362.693416485467708 159.411752742156921
-2.378714710387544 0.356910764592629 2.568394823819310 559.084936151967213 167.531598001710677
-0.985676356892964 -0.584818256916840 -0.830581488334668 34.919451156595414 213.079860663662686
-2.879837611066490 -2.479788945339600 0.613971642821233 285.610999831060553 31.137598996752530
-2.405530186309526 0.970826069224190 2.428103425594758 570.304802255157938 222.104118197827859
-2.349568547252482 0.359468555819674 -2.925548872768864 29.423832532922802 460.367144630281302
-2.326818397556014 1.793768432294453 2.559134051889133 616.298095789149102 280.913714507475390
-2.776403877360917 2.368040246002781 -0.828985851687926 371.874077850519825 465.939536251127151
-1.819651711045487 0.423861646527818 0.762971275614351 450.820676026077422 249.664190647118659
-0.906495690038693 1.339944712993076 1.305398959885680 723.818737731096689 372.397543274300006
-1.725010526060548 1.379961557513223 1.728749526176968 604.495364696035040 297.022156792458361
-2.946988605128144 -0.055658220898970 -2.329130664628035 140.090998543857069 344.545644587779748
-2.271497481476198 -1.575480529171234 -0.370820220879510 215.199242259809637 106.198655157422877
-2.764203371167606 2.837739797398335 0.031222772226168 453.942515582417059 456.776764334801214
-2.016839952752334 -0.793037966466019 1.464671513975834 445.168351393399519 90.395849146455447
-1.847317464594975 1.568052479839529 0.708229112793922 505.793243679874877 375.570836548595878
-1.319972876987399 -0.445411568997927 0.629395593086583 402.480980558393981 125.552004593490807
-2.918840758978614 -1.381001221954439 1.083957041944150 365.436563475187882 104.514279041716833
-0.610004568277795 0.564580902220232 0.034429076172600 454.939850116992375 442.532542698873556
-2.157901261647881 2.615855068441164 1.216030115121428 570.569392926624232 420.923366657909924
-2.160587929070460 -0.886840057529803 2.034952546012701 483.255536567857462 68.707370532993878
-1.189518955913883 -0.058473315080941 -0.846586426509932 155.842753974352178 330.272673166760285
-1.717883618897727 1.533259218394615 -0.214812038694018 412.959123719017157 451.253960792455700
-2.474755227043269 1.797130439944961 1.532062213070679 534.923580974909214 323.568953814987424
-2.898714295171244 2.409541803822898 2.871769284488597 604.410560517370413 302.492260068838050
-2.945802340361511 -0.140969183485825 0.545998616725857 373.553817817398055 215.266125399153140
-1.301598020435731 -0.477598335284593 1.929470689273046 579.171082882732776 36.665088740326127
-2.080998288541923 -2.300722040213718 -1.121136592764370 52.969988242914781 40.379544690403236
-1.759318631044138 0.648398231011291 -1.403433141075416 191.407860268814972 438.855811947823668
-1.476953341479463 0.801881429363502 2.241642260267484 659.762092797259584 201.983015813440204
-2.400546200419020 -1.423105247647779 -1.772244626728804 70.741490961536329 196.035142336154564
-2.522210022458577 -0.763523176943374 -2.421485733435911 47.596772278867320 299.789985408030475
-2.763583812736974 2.575899630623996 0.177181015127741 454.334767926147606 431.085503615350888
-1.652234327487542 -1.166549869125559 1.514010499456546 449.594887335798376 9.541074305847445
-2.552648262493129 1.689930588152716 2.429763098690281 583.851352570891549 275.835962028148685
-2.915577286459229 1.801525502847701 0.920206044397381 469.939893587241272 337.281232747454453
-2.370991121603209 0.787385748788858 -1.787318215078205 198.530733622555601 422.085670065104011
-2.255031087818837 2.746933246465083 2.562123245223610 658.606362817007948 356.193403605435151
-2.352497863176354 -0.419090101970517 -0.676335805967986 250.508316512891668 240.964978456829556
-1.640450080504410 -1.043767729106053 1.867006338383324 496.808250595272057 7.732492929444618
-1.920808214580888 1.642330667732721 1.690984194835790 589.987076540968019 319.589537329517157
-1.796204727683419 -1.039718736694517 -0.081401968752361 258.844907422168944 121.810771272854922
-1.505721367944419 1.488196072446144 0.193568323827183 473.116181581670276 436.178264339493467
-2.432360816910140 -2.813992034274774 -0.851971447985204 101.278151493865607 8.730904553486170
-2.579420744306482 -2.558601798734101 0.537724911964138 268.586713205262072 0.949608836390695
-2.258388008239526 -1.957938364818705 0.267446429815599 262.510731705617843 38.234392054730364
-2.719682312836279 2.126955088651576 -0.883629487670981 358.053876742461512 455.228251286872705
-2.845182333049369 1.049399111448471 0.707891814032055 431.504357217591235 295.243266966945498
-1.985881528151988 -1.479176692346613 -1.175208923824978 91.034570806148849 140.052948072598383
-2.286262925337196 -0.222683742643781 -1.492925846979627 166.655579247959707 307.133804471626263
-2.792173882683769 1.824353030110190 -1.322370677642771 309.304390550257835 449.973042827139693

gimbalangles:
-2.848749273303718 -2.077613237081331 0.310359515992792

end: