T_CW:
0.0743936616 0.0462294028 -0.9961568277 -0.0327060697
-0.2854761794 -0.9561317796 -0.0656914831 0.0158760570
-0.9554940785 0.2892660752 -0.0579327508 -0.0307679601
0.0000000000 0.0000000000 0.0000000000 1.0000000000

T_CW_cov:
0.0000005085 -0.0000000059 0.0000000080 0.0000000523 0.0000011388 -0.0000000082
-0.0000000059 0.0000002980 -0.0000000083 -0.0000008308 -0.0000000332 -0.0000000236
0.0000000080 -0.0000000083 0.0000002448 -0.0000000090 0.0000000358 0.0000000015
0.0000000523 -0.0000008308 -0.0000000090 0.0000030089 0.0000001729 0.0000000117
0.0000011388 -0.0000000332 0.0000000358 0.0000001729 0.0000032367 -0.0000000521
-0.0000000082 -0.0000000236 0.0000000015 0.0000000117 -0.0000000521 0.0000007681

target_points_pix:
-2.8948441399 0.6269529752 1.2765981320 248.3631935997 253.0489408612
-1.7842749994 0.3589897521 1.3896783254 156.6793030845 252.6376533571
-2.8243573618 2.6628569762 -1.5907718359 475.4161915030 128.7372530166
-1.8989089335 2.7021134331 -0.4054152166 408.5159691412 52.5459435801
-2.4509590965 0.8871749841 -2.1853645049 555.5153944383 240.6067718994
-2.7560724588 -1.2194953932 1.9192833866 126.0297673616 448.2704809110
-1.1698605629 -0.0915581141 -1.3700899405 638.4168698465 351.4748772264
-2.5095895023 1.4537282118 -1.9005724212 520.6097063784 194.9060224056
-2.3803740549 2.2241037003 1.1999952244 263.4944400672 110.1923891101
-1.9323731186 -0.3012474738 -0.7481905140 451.0540217837 363.2363142733
-1.3783621819 0.6183489028 -2.2812195003 703.0021155020 234.9979243112
-1.6797658353 0.4497206555 0.9246442775 220.1725737214 240.0931134575
-1.4132040819 1.7390647207 -0.1303300090 385.1865075994 76.3556154053
-2.9630438574 1.2498685434 0.2703220651 339.6178864746 212.4630423250
-2.6318751097 -0.2406755511 -1.7765257254 522.4030037654 346.6914221869
-2.2570881565 2.7082349037 -2.0633919600 533.7998742984 96.3228693149
-2.4349464755 0.7633696205 -1.9950480928 541.5805059049 249.5669968617
-2.1145543690 2.5368280306 1.6527436758 216.9627549728 63.4849093830
-2.9891561525 1.0928385460 -1.1234454871 444.4107089173 231.8395160746
-1.9740008485 0.2407913313 0.2379810357 323.5723608630 281.5325436595
-2.1987197781 2.6869103662 1.2249913925 262.7844366471 64.5422631923
-1.4003785247 -0.3736922668 -0.7233151088 485.6581013298 399.6043709221
-2.7312989435 2.6530594031 -1.3942433270 465.1890791192 122.9888658705
-2.6333375856 2.5260876036 -0.4714651478 401.6975039250 119.2579616859
-1.8036662741 2.9213890742 0.4185609520 332.2108012624 19.1377331519
-1.2333229781 0.8026401249 -0.6833503019 476.1044806958 179.1699064847
-1.4715007191 1.0947300271 1.7225109219 100.8384614280 129.6400774660
-1.6281093659 -0.3303049794 1.0078361132 168.2178966035 368.2588451085
-2.4109286583 1.5240721805 0.6122623179 307.3396425689 167.7120179226
-1.9557092750 -0.1852068968 1.1358403326 189.7284231933 334.5224026940
-1.5747020397 0.3647896395 -2.1186734669 656.1149064572 275.9789729218
-2.2600804841 2.7042386112 2.9957597684 104.7003228820 52.1204828665
-2.2552646269 1.6043643505 1.8194632491 186.5636075537 142.8160558777
-0.7198827339 0.7791230628 0.4858749195 224.2240144909 82.2101068678
-2.5954390840 0.9615306910 -1.9993108423 529.4091440529 236.8196999876
-1.2146827552 0.4313236250 0.0528315889 345.3944217001 229.1498441683
-1.8310523068 -0.1889451984 1.5644050636 108.5174500318 333.9021197086
-2.4795398100 0.0634801912 0.4110664761 310.9881023222 305.4569263540
-2.6261878393 -0.7849814902 2.7541684472 27.6897462062 393.9005671835
-1.9262396669 -0.5333356992 0.4900413074 272.9652832776 394.8574628271
-1.8048953481 1.9335417400 -1.4229821744 514.2542927646 112.7532386867
-2.3787147104 0.3569107646 2.5683948238 72.2116562204 259.9495332866
-2.4055301863 0.9708260692 2.4281034256 115.7393001156 201.1100195585
-2.3495685473 0.3594685558 -2.9255488728 640.0171916992 291.6966421877
-2.3268183976 1.7937684323 2.5591340519 123.1778610845 126.1694876539
-2.7764038774 2.3680402460 -0.8289858517 425.0899932743 138.4889583538
-1.2502089736 -0.4633432231 -1.6307261334 693.0233381836 438.0936080886
-1.7725763211 0.1321032521 -2.5127218453 682.2936243308 313.1495621533
-1.8196517110 0.4238616465 0.7629712756 252.4847572279 250.4706388801
-0.9064956900 1.3399447130 1.3053989599 92.8859524110 9.3616412959
-1.6435711194 1.7206815262 -0.2385074952 394.1767047219 104.7455452703
-1.7250105261 1.3799615575 1.7287495262 145.6722487315 122.5492500176
-2.8070000852 2.1028983329 -1.6509945629 483.3710463139 161.0725514015
-1.0050947886 1.3796874961 -1.1237346037 562.1797251242 76.2593010925
-2.9469886051 -0.0556582209 -2.3291306646 547.1084765314 328.1032515749
-2.7642033712 2.8377397974 0.0312227722 365.7808100715 104.9465871817
-2.0168399528 -0.7930379665 1.4646715140 118.7432322916 431.3573906317
-1.8473174646 1.5680524798 0.7082291128 284.4526391292 126.5834199534
-1.3199728770 -0.4454115690 0.6293955931 198.4593954270 416.3368867416
-2.9188407590 -1.3810012220 1.0839570419 228.1635763058 460.8219400224
-0.6100045683 0.5645809022 0.0344290762 346.0531240883 120.1177486133
-2.1579012616 2.6158550684 1.2160301151 260.8062597919 66.4124807764
-2.1605879291 -0.8868400575 2.0349525460 45.5002926608 435.6849294751
-1.1895189559 -0.0584733151 -0.8465864265 528.2141227667 339.1525238585
-1.7178836189 1.5332592184 -0.2148120387 389.7181383541 128.4805177047
-2.4747552270 1.7971304399 1.5320622131 229.7010344065 143.7498060559
-2.8987142952 2.4095418038 2.8717692845 153.9572211099 117.5552317071
-1.6965573658 2.2500304313 -1.4300462053 517.5313870769 77.2424511747
-2.9458023404 -0.1409691835 0.5459986167 303.8820578213 324.5473264975
-1.7593186310 0.6483982310 -1.4034331411 534.6942202757 238.2636043842
-2.5222100225 -0.7635231769 -2.4214857334 602.4203334056 410.7923189568
-2.7635838127 2.5758996306 0.1771810151 353.6935337886 118.7139566334
-2.5526482625 1.6899305882 2.4297630987 150.3406646736 149.1947009418
-2.9155772865 1.8015255028 0.9202060444 294.2619823724 169.4910482807
-2.3709911216 0.7873857488 -1.7873182151 526.7193469579 244.6484420224
-2.1351115329 0.3711751050 -2.8548084772 658.1831093897 288.1079261637
-2.2550310878 2.7469332465 2.5621232452 145.8561201407 53.4272764256
-1.5993342926 1.4370656586 -2.3495525503 641.5415631994 151.2979455395
-2.3524978632 -0.4190901020 -0.6763358060 425.8066911829 367.8185378247
-1.9208082146 1.6423306677 1.6909841948 177.4680666909 115.7809274235
-1.5057213679 1.4881960724 0.1935683238 340.0186094292 108.4269329941
-1.6020343444 1.0108264512 -2.1461077954 631.5529897222 195.0142612799
-1.7376268140 2.4434120148 -2.6251467566 624.4962749631 79.2822992467
-2.7196823128 2.1269550887 -0.8836294877 431.1092086618 150.7848504910
-1.4239071394 1.7163547221 -0.1251398761 384.1654265635 79.9727823878
-2.8451823330 1.0493991114 0.7078918140 301.4152916749 221.6875817059
-2.2862629253 -0.2226837426 -1.4929258470 517.0387915597 348.2957875837
-2.7921738827 1.8243530301 -1.3223706776 461.7415463478 176.6593958613

gimbalangles:
-0.7231063529 1.4832158011 -2.1263523606

end: