T_CW:
0.8254233162 -0.5225771811 0.2135168351 -0.0254990571
-0.5632055739 -0.7880717639 0.2484801330 0.0002707173
0.0384165414 -0.3253551671 -0.9448111899 -0.0677599872
0.0000000000 0.0000000000 0.0000000000 1.0000000000

T_CW_cov:
0.0000006375 -0.0000000765 0.0000000448 0.0000001305 0.0000015428 -0.0000000454
-0.0000000765 0.0000003104 -0.0000000141 -0.0000008722 -0.0000001387 0.0000000645
0.0000000448 -0.0000000141 0.0000002312 0.0000000496 0.0000000732 -0.0000000065
0.0000001305 -0.0000008722 0.0000000496 0.0000031050 0.0000001815 -0.0000001795
0.0000015428 -0.0000001387 0.0000000732 0.0000001815 0.0000043895 -0.0000000644
-0.0000000454 0.0000000645 -0.0000000065 -0.0000001795 -0.0000000644 0.0000007315

target_points_pix:
1.4904409015 -0.8576028127 -2.6357354281 470.8543293570 167.8327229820
2.4414387687 -2.5855806867 -2.6140916131 576.9678768196 240.5318285534
0.7583609253 0.4677505926 -2.4511855211 356.2370180281 79.7124425133
1.6304909208 -0.4683184133 -1.9111117291 518.5787873092 112.7655353188
-1.1698605629 -0.0915581141 -1.3700899405 128.5755623542 317.5936525809
-0.4339811544 0.3604827340 -1.2275564470 164.6934276920 152.6208757604
-1.2830020915 -0.7477612956 -2.9741651212 265.8277680742 286.7767549890
1.5085798632 -1.1919996516 -1.7278603287 552.5673166963 198.7461452121
1.5390997624 -1.5424577392 -2.4175742588 508.9359111362 217.6470340729
2.6638076555 -1.1338153697 -2.9948707751 534.3515183182 138.5260594474
-1.3783621819 0.6183489028 -2.2812195003 114.9469090288 202.9503422688
0.8751195563 -2.7412553167 -2.3497777337 503.1863797652 324.7371325928
0.0469361765 -0.1783641195 -2.6535832882 330.7521311116 186.8275620303
1.5905470624 0.5227412081 -2.2990225691 438.7140953694 11.8428713288
-2.6318751097 -0.2406755511 -1.7765257254 1.8881603393 427.0357517921
1.0230141211 -2.0286101404 -1.6936841533 539.7269261601 304.8018687654
-0.3342155314 -1.4791719233 -1.8288346165 384.5002022636 341.8057431677
1.7022931842 0.6034113149 -2.4383688156 437.7441405714 5.1967638543
-0.8431574331 -1.9395949874 -1.4799140705 372.2906663823 444.6723287788
2.7511059297 -2.1694872227 -1.9673213969 650.2739866579 209.0570565066
2.9486415274 -2.6758647837 -1.6358413215 714.9808828432 243.6816504936
2.4920592820 -2.8352242968 -2.0271598657 635.2564664068 267.1976338991
-0.2118470871 -0.0163581002 -1.5873625828 285.4630583663 195.2361168894
-0.1823780494 -0.8635400208 -2.5844140384 350.0186801048 252.4771661900
-1.2292746160 0.8858709981 -2.9739817686 160.4060496997 164.7458765057
-0.7482836631 -2.2901477881 -2.3809329031 379.0591627110 376.0071094232
2.6442776321 -1.9549028644 -2.2435606455 609.3511527239 195.7064214435
2.1800794479 -1.0439377960 -1.9029706145 590.1497264174 140.9931677650
-0.5278049365 -2.9772354716 -1.6874461611 447.0489848693 456.9578042858
-1.8905943680 -2.4627044847 -2.4214448040 308.3411424802 436.7684730154
-1.5747020397 0.3647896395 -2.1186734669 103.9924441247 249.6592908158
2.4497479841 -1.5512437600 -2.3657692494 576.5621327991 174.4468315667
1.4521663042 -0.5399965625 -1.6630885379 528.6573788577 127.3092899473
0.8262230982 -2.7700330224 -2.2296368352 507.7765410026 334.2923701645
2.9170283047 -1.1525861895 -2.5332101054 585.4165624077 122.2986796097
0.6597325242 -2.7190445851 -1.4226758844 556.2823123472 396.4291760515
1.0749470139 -2.7742481684 -2.6710858845 499.1529758640 304.8345018630
2.8541328387 -2.2616395508 -2.4159725580 612.0910992054 205.9645253526
2.2425741823 -1.7173131963 -2.8670343424 530.6523444573 193.7992847865
2.3235776381 -0.6902499417 -1.1799127502 730.9513777909 51.6031825362
1.6075514943 0.3175726274 -1.9505948349 475.5885277953 10.7547120123
-0.5276153481 -2.5064104042 -2.0030443754 414.1568611601 403.4233663426
0.2277862557 -0.3340403307 -2.6300424523 353.8611608398 190.1090032133
0.7112279187 -0.6943231092 -2.1725083750 425.0510800500 197.1022072662
1.1504892931 -0.6627365524 -2.0403880364 470.5304220618 167.4128402485
-0.1425061998 -1.1158049670 -0.6788600397 451.9089987983 445.0652201115
1.9648604716 -1.5172012612 -1.6765924910 610.8600483724 201.6087534205
-0.9856763569 -0.5848182569 -0.8305814883 177.5294189006 464.8822472282
0.5258951825 -1.9250366668 -0.8884842334 584.1713979343 410.1731135884
0.7575916053 0.2523891601 -1.0951950878 437.2310187213 2.0789871289
0.0588398480 0.1345663759 -1.9919443238 310.8069980361 153.0837236536
-2.3495685473 0.3594685558 -2.9255488728 105.4064335604 270.0131656008
-1.2272046121 -1.5636394124 -2.1282380772 307.3124284141 379.8679238873
2.7544963644 -1.4088225197 -2.8622308738 554.6163066326 152.5124693977
2.9010377035 -2.0761523624 -2.9764524155 568.3228088765 189.0867482766
2.4690198210 -0.8218292901 -1.7671497527 629.5267346210 94.0452020121
1.1375885433 -0.0063029323 -2.6361798873 409.9563407734 113.1334286706
-2.1679331945 -2.2497089087 -2.4883330897 278.7137465024 435.5628355259
-1.2502089736 -0.4633432231 -1.6307261334 196.6872347305 341.5412888506
-1.7725763211 0.1321032521 -2.5127218453 144.5507791640 269.3290886602
0.6126184509 -1.9652231620 -0.7123293042 633.7135452344 435.4284749657
1.5108970396 -1.3615313295 -2.9687420888 472.3258585521 201.0736035713
-1.0103194588 -0.8321822294 -2.8083801352 287.3635514531 284.8294904495
-0.3638610292 -0.9546125156 -1.7797905765 349.0758576445 304.8003388547
0.3303057821 0.2394415897 -2.7978580808 329.4835717272 136.5129906987
0.9955118727 -0.6900885001 -2.2663970244 444.9459296834 179.5522397757
-2.9469886051 -0.0556582209 -2.3291306646 27.9578242012 373.1147742633
-2.2906387154 -1.9032725139 -2.9466558645 259.7836506892 392.8474708583
0.0126243685 -2.0694425955 -2.4142551407 421.4323936597 325.3646132794
2.0562877052 -2.9757796727 -2.6627237828 559.2371102970 275.9416239342
-0.3936100835 -1.1881348723 -1.5631378304 366.6892573405 344.1447907801
-2.0786952816 -1.2439389284 -2.8570242590 236.1030192620 357.4864539606
1.4706806190 -0.4806013601 -2.0637464314 490.6104916730 128.4946299850
0.0746601060 0.5852067123 -2.6719971241 285.7298879076 115.1943855102
-1.0310568987 0.1681308091 -1.9239170579 174.3881745714 235.2449137503
0.7293110861 -2.4662675618 -1.2961584207 568.6172260523 386.9573374167
0.4923176364 -2.9486591499 -2.4580393176 479.7918470090 346.9971985537
-0.7896994598 -0.6712832293 -1.4482634684 271.9872302416 339.3558962858
0.1761868050 -2.0212782925 -1.2051419420 503.3570968966 406.0574826081
0.9252734353 -2.1199048929 -1.1736164176 593.7471975107 357.0746273031
1.7040403951 -1.8849249930 -2.4309656511 528.9142101090 233.0753617917
-0.3139309819 -0.3902845608 -2.9588867546 314.6666175262 218.2479221935
-1.2283828643 -2.6822559147 -2.2808022666 364.9238368081 425.5056897885
-1.0519031372 -0.6309223896 -1.1260086692 207.6850203085 408.3408674816
0.0229598532 -2.2709885252 -1.3699846470 484.4695057429 416.2719440672
-2.5222100225 -0.7635231769 -2.4214857334 148.3269366498 384.4659677407
0.6570472120 0.4945068807 -1.4712885553 363.9254289365 10.2592983350
1.4842521203 -2.9178812129 -1.7333624324 596.3088951399 336.5568945104
-1.1789359356 0.5890362018 -2.6866246034 171.7041892318 188.9429863322
-2.1351115329 0.3711751050 -2.8548084772 117.0047940660 259.5903719569
1.5773005481 0.8563350408 -2.8473658583 397.5104524050 11.1824617932
2.3311839498 -0.9539271198 -2.8889311096 515.9280425518 138.5490579343
-1.6020343444 1.0108264512 -2.1461077954 15.5536160136 173.7146863395
0.1346661905 -1.4032030397 -2.7868114016 393.1729848183 266.5569674376
1.1137504699 -0.3175425869 -1.4064089642 505.8222223943 114.7414146608
2.9181215669 -0.3698662499 -2.9485027558 534.8803776609 68.6987306923
0.6772129729 -1.3872812868 -2.0826048477 458.0755532801 259.3708129829
-1.4994475505 -0.9512953885 -2.1558872977 241.7349106547 354.8620926713
0.5091662389 -1.5917825661 -1.9651756083 459.1821714320 289.4321289104
2.7857291322 0.2667104279 -2.9126554396 510.5621302968 15.7507821843
-0.2655979503 -2.6868276852 -2.0208468826 440.3499414991 397.3628984671
0.6331406616 -0.7213015916 -1.7853225676 438.7539320963 209.7534516265

gimbalangles:
-1.8703376072 -0.2810737010 -0.7541996598

end: