T_CW:
0.8137932316 -0.2961491010 0.5000362849 -0.4017269460
0.3246054245 -0.4820595857 -0.8137873643 0.0344846019
0.4820496806 0.8245691395 -0.2961652234 0.2398450716
0.0000000000 0.0000000000 0.0000000000 1.0000000000

T_CW_cov:
0.0000002725 -0.0000000442 -0.0000000458 0.0000000714 0.0000004350 0.0000000064
-0.0000000442 0.0000002873 0.0000000089 -0.0000005263 -0.0000000615 0.0000000554
-0.0000000458 0.0000000089 0.0000003064 -0.0000000088 -0.0000002722 0.0000000036
0.0000000714 -0.0000005263 -0.0000000088 0.0000015326 0.0000001029 0.0000001574
0.0000004350 -0.0000000615 -0.0000002722 0.0000001029 0.0000012819 0.0000000306
0.0000000064 0.0000000554 0.0000000036 0.0000001574 0.0000000306 0.0000006001

target_points_pix:
2.9185907309 1.9178459633 1.8610296438 586.2118541667 107.9441391961
0.4525511890 1.4771543701 -0.3709931605 286.4474974679 208.4250659947
0.0134727521 1.9966532696 -2.2999075116 174.7552705301 328.7664624309
0.0713589459 2.8688959608 -0.9051086491 238.2992166854 190.6392325869
2.5591223247 -0.0443953625 0.5219552533 744.0689134296 326.5502799216
1.8324549851 0.5136414256 0.1050882143 533.3091233927 286.7897302332
-0.3054732399 1.1553874900 0.2017032538 156.3486444631 46.6861985282
0.8179732118 2.2948193458 -0.2082891874 327.0471346976 180.2871730448
0.4760255981 1.6652719494 -2.0074300235 224.9892912301 340.5428603456
0.4157939103 1.1830938811 0.6503161745 357.5616832998 55.4847959287
-0.0197024909 1.9179607289 -0.7375181316 214.0774223317 204.4480709567
1.6912700364 2.9152958030 2.0943006760 474.0615148113 24.3843382143
1.0143189639 -0.1834378360 0.2340703772 658.3354832163 363.9565179080
2.1243149059 2.5165360083 -1.1599424087 375.1933239699 269.3953852561
2.2027673226 1.2739145926 -2.7746600208 347.2150876751 421.9281895013
2.6388940522 0.2859068827 0.6616028722 685.6783332904 273.0010838857
2.2838413789 1.2710353105 -2.0665887182 378.7149939060 388.5964972471
2.6356910408 1.1581813945 0.7110316627 563.9234267827 213.3620805999
1.3605142988 1.3279683397 -2.8167563008 281.1445478754 422.1254244022
1.6985656786 2.3108705817 2.0575274508 511.4990262072 13.4681030784
0.8606978522 2.4381202060 -0.8605197644 304.5097489443 226.4832702948
2.2974160006 1.1434337072 1.1115312662 583.4993793157 156.5830458125
1.8636994645 0.9851570773 0.8625067980 554.2609813191 162.8534781640
2.8400527988 2.3293742471 -2.5758741647 371.7769413259 348.1288012776
0.6837708879 1.9678359559 0.5759732938 358.3257177386 100.4492163958
2.4952987901 1.9204534977 1.3630564139 536.0542005362 129.8411179434
1.9598271384 2.0807628825 -1.8172077782 352.0386985268 319.8850518523
0.3223913466 0.6572687096 0.3411312926 328.0038763805 107.6687392692
1.2977747122 2.7046068227 -2.0603174099 298.7346764865 293.7693380288
2.8920798147 2.1378650829 -2.5311623147 378.3503988210 356.4866982952
-0.8911796826 2.9815497203 -1.4877817901 129.6013959592 196.4660685758
2.7260240624 2.2495865463 -1.9352716347 385.8128213749 325.0569945854
1.1135292309 2.9590436052 0.6041369903 369.7689402224 118.2088383810
2.6278435143 1.8946618219 1.8255796272 575.3094149420 95.1086505077
0.6336242524 1.1783842050 -1.0552852102 274.3487813704 309.6900783330
2.3667225286 2.8706255632 -2.1373102295 353.3599299512 303.3676202961
1.5404004160 2.0873391010 1.9086104661 509.2246021270 10.7170197861
0.2585293654 0.5934473492 -0.5108773483 225.4655956574 299.5937707356
2.4841714159 1.4051269004 1.6262681959 605.7158581683 106.7211518413
2.1983390802 1.3671984969 -1.0802983766 414.5031921292 325.1087257518
1.0168380356 1.8187565862 1.2681363448 443.4662811615 37.9753590702
2.3406080829 1.6524588336 2.3188796262 632.4646957796 16.0856477875
1.7824561088 1.2368809704 -0.1031601285 446.0373300504 250.5652350441
2.6588510636 -0.1466194073 -0.3037086062 643.4489286259 436.6418042378
1.2383180701 1.3099832525 -2.0678546936 297.4021227181 381.8343475158
0.7871674616 2.0424983208 0.2012990387 346.8512561257 146.8390726486
1.3716637695 0.8792669647 -1.3574988410 348.6606185438 377.9537025697
0.9719223617 1.9689701437 -1.5625638722 290.7595213448 297.7253336457
2.8361755367 1.9949440335 -2.4556373968 380.9198196317 360.8374941121
1.2103062974 0.1184933070 0.6222756592 657.2008315977 194.6339569939
0.9923400970 0.5709656991 -0.1292795507 409.4882020539 276.3263300924
2.6984458114 1.3496573022 0.7124865195 548.8843740909 208.0226355922
0.7575916053 0.2523891601 -1.0951950878 288.7611566135 462.8812103010
0.8962104592 2.8887750237 0.0742970148 336.1046759707 149.6447125705
2.4003927181 0.1999549924 -0.1597382894 587.4638052707 367.0484974707
1.4570043822 2.3114412965 -2.8657043889 288.1395888033 352.5625119232
1.6781638844 1.7635796532 -1.0815039641 366.8759844956 291.9351759195
-1.1012706995 2.9606741992 0.3197833124 138.3294875455 3.0059850364
1.4697371940 1.7050643911 -2.6910499524 293.9510275942 383.9088425476
1.4997362677 2.2552284310 -1.7042058754 324.1706025384 299.4140358739
1.9711161295 2.5320500174 -0.8647562015 376.5828125746 250.5755462932
2.2679231297 1.6166728105 1.6066018340 570.5482158291 93.9816549335
0.6325419191 2.6208530677 -2.3930825352 243.5635193831 305.0366779964
2.2683739193 1.5151538458 1.0720505343 538.9082322969 151.1406894613
2.8407462338 2.6756664027 -1.3199547291 401.6402704194 282.1015214684
0.8583509219 1.9819683117 -2.4177920373 254.9406501602 346.2765937807
0.7902253300 -0.0498267092 -0.2495925517 423.7622946277 431.2392799502
-0.7126786561 1.9834577945 -1.0618160856 99.9102044126 201.6844625715
1.9193600062 2.7960739311 -1.6739447817 344.4252050154 280.6104046861
2.8049534027 1.7549510628 -2.7261348255 374.8326392426 385.4417958245
2.9691898119 0.8306301282 -1.4718533968 464.9078050239 395.2152979902
1.9577623473 1.9570472736 1.2495788176 498.3475135166 110.7186892941
2.4239824816 0.7568461512 -2.0444246221 404.9372510849 433.9327547564
2.5332886341 0.3624403137 -0.8886724309 507.7594857386 407.4223850881
2.7230803671 2.1668952310 -1.0932890004 416.5388113044 290.1014760118
-0.0667491202 2.8893935758 -1.8135267343 203.4905340190 246.7804996478
2.8849499926 1.7528628131 -1.9172862492 406.7585926882 351.3101143749
1.1468270981 2.4561268263 -0.9711199181 322.1649087437 240.6163532204
1.8638170845 2.7136824619 0.0667283887 400.2783471419 187.4589279007
1.7836301664 2.3017608285 -2.5962998189 315.6693186893 343.5447265707
2.0330982211 1.2071025275 -0.3551796497 449.7613165140 281.2734958951
1.1730569531 1.2704948479 -1.1105960248 333.3761381834 317.8193047146
2.9461481719 2.4968893176 2.7161145307 592.4735657024 38.2699003856
0.6570472120 0.4945068807 -1.4712885553 245.8604749747 448.2090686714
0.7279847276 1.9901461379 -1.3627605785 276.3809028540 278.3564945195
1.7827388544 2.9902355627 2.0898483581 474.7649798667 31.3618285008
0.9641042651 2.6882373571 1.1690572800 391.3234541047 61.1299603839
1.5773005481 0.8563350408 -2.8473658583 299.8346485570 472.2238023981
0.7664780110 2.9653914697 -0.1033146028 319.7820210223 156.1352624091
1.7669752855 0.9690625695 -0.5529376649 430.8760816760 308.9449220160
1.4488983111 0.6617484764 1.0469220162 602.8175139124 102.9874462323
1.1060195470 2.4830620612 0.3854567192 371.5182021973 139.6580869350
2.8833560441 2.6773336796 -0.2468877160 438.7958740330 231.9271516061
2.7832056284 2.7310910625 0.6875618561 468.7671212804 176.9494122571
0.4773538111 1.3095008612 -1.5680206608 232.9276742444 339.8874871576
0.7034332180 -0.0654622727 0.4930513506 654.0024228169 171.4244940430
-0.4791536927 2.3891232452 -2.6389828612 128.1114731219 316.0674339695
1.9631750106 0.7384015444 -1.1730532119 419.5781828593 383.3211698479
2.7390766891 1.4458832406 -1.4800111153 425.3647364272 347.4644972110
1.8142779780 2.3081898863 -0.8022692629 374.4419202288 251.7836990644
0.1815827826 2.0076210646 -1.8337579884 206.5290097387 298.5658837929
1.8809823717 2.0841163296 0.5893151287 447.9964195147 164.1501521832
1.0562875771 0.1801981948 -0.5239100279 408.1668014686 404.3468002218
0.5522005358 2.0961738439 -1.3378655295 261.1817295033 266.4265038400

gimbalangles:
-0.7231063529 1.4832158011 -2.1263523606

end: