T_CW:
-0.2303102727 -0.9489521096 -0.2155158275 -0.0340753200
0.3707918557 -0.2903390780 0.8821658685 0.0094761779
-0.8997058286 0.1232603481 0.4187317859 -0.0049393885
0.0000000000 0.0000000000 0.0000000000 1.0000000000

T_CW_cov:
0.0000005182 0.0000000268 0.0000000390 0.0000000027 0.0000011573 -0.0000001021
0.0000000268 0.0000002666 0.0000000034 -0.0000007689 0.0000000361 -0.0000000059
0.0000000390 0.0000000034 0.0000002270 0.0000000165 0.0000001579 -0.0000000140
0.0000000027 -0.0000007689 0.0000000165 0.0000029344 0.0000000811 -0.0000002022
0.0000011573 0.0000000361 0.0000001579 0.0000000811 0.0000032548 -0.0000002288
-0.0000001021 -0.0000000059 -0.0000000140 -0.0000002022 -0.0000002288 0.0000007456

target_points_pix:
-2.6364039434 -2.3323645090 1.6131212919 589.3814076985 338.9573552880
-2.8948441399 0.6269529752 1.2765981320 357.3995131033 230.5469110372
-1.7842749994 0.3589897521 1.3896783254 346.6802283536 290.5764824764
-1.8989089335 2.7021134331 -0.4054152166 106.6359662627 1.5932555896
-2.7560724588 -1.2194953932 1.9192833866 479.2228604187 319.5738057932
-1.4021994661 2.7108304751 0.3961482093 49.1115206197 109.0360236104
-2.3803740549 2.2241037003 1.1999952244 221.2765916506 201.3531153463
-1.9323731186 -0.3012474738 -0.7481905140 525.3249888863 15.8197750772
-2.6734566750 -2.6265165695 1.2701937931 634.9327347323 323.1348975560
-1.6797658353 0.4497206555 0.9246442775 341.3724506830 248.4711772845
-1.4132040819 1.7390647207 -0.1303300090 149.6142634279 47.2002130042
-2.9630438574 1.2498685434 0.2703220651 326.0548041149 139.3240792681
-2.8002920322 -2.7177990940 0.7087254771 671.9317875152 277.2147124614
-2.2493776015 -2.3923425776 1.7472308018 609.4695636260 378.5802307711
-2.1289845198 -2.0063977310 0.0907732718 708.0561830048 222.8873463465
-2.1145543690 2.5368280306 1.6527436758 182.7270634362 235.1394043826
-2.3933415223 -2.8145690041 2.1568703343 618.8091660341 404.2867623681
-1.9740008485 0.2407913313 0.2379810357 393.1976039610 165.4403043218
-1.9416308981 -1.1170647662 2.7064884155 453.9006141266 416.3941469322
-2.1987197781 2.6869103662 1.2249913925 174.2769207482 196.1920322185
-2.6333375856 2.5260876036 -0.4714651478 207.1140429912 33.0287642398
-1.8036662741 2.9213890742 0.4185609520 96.5797321635 111.7078322071
-1.8055531173 -2.3431906182 2.2358729284 601.8395272718 452.1746063112
-0.8437154314 1.5526174756 2.5041567278 150.5560418375 416.0348868779
-1.4715007191 1.0947300271 1.7225109219 252.3868218511 313.5714287021
-2.7741509670 -2.0402444891 -0.1757024121 663.2506889187 174.5996061648
-1.6281093659 -0.3303049794 1.0078361132 432.7054957742 290.8993731100
-2.4109286583 1.5240721805 0.6122623179 277.2688578094 166.6061398716
-1.9557092750 -0.1852068968 1.1358403326 413.3360093363 276.8301337055
-0.8537239679 1.5280305348 1.0098617859 110.4074611438 264.2292767567
-1.8400861476 0.6802285019 2.7417002054 304.2394499723 369.4843327961
-2.2600804841 2.7042386112 2.9957597684 192.9996648512 308.3943561322
-2.2552646269 1.6043643505 1.8194632491 259.4264532304 264.8984111641
-0.7198827339 0.7791230628 0.4858749195 192.4282990962 225.4390948802
-1.2364746597 -0.8307857292 2.2308155062 444.9136111724 459.0966204418
-1.2146827552 0.4313236250 0.0528315889 338.8917524651 131.5391509557
-1.8310523068 -0.1889451984 1.5644050636 399.7189751748 320.9729679880
-2.4795398100 0.0634801912 0.4110664761 414.3037745812 182.6947872542
-1.4178930604 0.5616682054 2.3963558138 297.1550048171 387.6368683489
-2.6261878393 -0.7849814902 2.7541684472 426.4340379889 359.5124037653
-1.9262396669 -0.5333356992 0.4900413074 480.1903698988 224.3353687554
-2.3787147104 0.3569107646 2.5683948238 347.1579552766 335.4005568040
-1.0463656283 2.8561966183 2.4513405431 58.5296214227 339.3130873270
-1.3853892513 2.8067198839 2.5439830716 108.4347784364 323.9141568145
-2.8798376111 -2.4797889453 0.6139716428 646.9383527731 258.9409538438
-2.4055301863 0.9708260692 2.4281034256 307.4266641157 311.3138625606
-1.3300249498 2.5741901058 1.1257362683 80.5616202626 210.5013268098
-1.2276053261 2.6819769802 0.8135725963 37.6778671575 170.3611937252
-2.3268183976 1.7937684323 2.5591340519 249.9638501894 302.7647689920
-0.6125680017 0.4219487398 1.6907229199 253.4795044725 452.7609013364
-0.7909341437 1.6858794598 2.4060578815 127.3380868553 409.3619702284
-1.8196517110 0.4238616465 0.7629712756 353.3581518893 225.6591162316
-0.9064956900 1.3399447130 1.3053989599 156.3326862797 308.8170925048
-1.6435711194 1.7206815262 -0.2385074952 186.6438380786 39.8049131451
-1.7250105261 1.3799615575 1.7287495262 244.6044344253 288.5378090834
-0.5327274467 1.8078641803 2.4510237977 72.8402974151 442.9440795657
-2.2714974815 -1.5754805292 -0.3708202209 670.8050354083 138.9886640373
-2.7642033712 2.8377397974 0.0312227722 196.9960427067 85.5303144788
-2.0168399528 -0.7930379665 1.4646715140 465.5001358620 321.1164231486
-1.8473174646 1.5680524798 0.7082291128 234.5462672905 182.5650873005
-1.3199728770 -0.4454115690 0.6293955931 472.1040597836 275.1335982047
-2.9188407590 -1.3810012220 1.0839570419 518.0826836656 263.2454963207
-0.6100045683 0.5645809022 0.0344290762 207.0400951283 104.6483327000
-1.0407025969 1.8511915990 0.7612577383 94.6730590742 199.9209820981
-2.1579012616 2.6158550684 1.2160301151 175.9405677442 197.8547775988
-2.1605879291 -0.8868400575 2.0349525460 453.4340245761 353.2953338702
-1.0231969654 -0.6532888771 1.3941302240 464.1026166703 418.4853473817
-1.7178836189 1.5332592184 -0.2148120387 220.8252939454 53.3902517662
-2.4747552270 1.7971304399 1.5320622131 257.6931232146 233.4207542422
-2.8987142952 2.4095418038 2.8717692845 241.3418783580 284.8705493334
-0.8258884787 1.9551499206 2.9404138368 120.0071402375 428.8165385004
-2.6748752440 -2.4932236144 2.6376832354 555.1936928593 395.9597876985
-2.9458023404 -0.1409691835 0.5459986167 431.2020931260 192.1357177284
-1.3015980204 -0.4775983353 1.9294706893 413.5576951061 412.2826479427
-1.4769533415 0.8018814294 2.2416422603 279.2097663451 363.1447552469
-1.2490170593 1.8097791482 2.9824056964 178.6171129479 393.7832805673
-1.2496893304 -1.2176234362 0.9201692519 591.4824425256 366.5786129401
-2.7635838127 2.5758996306 0.1771810151 217.0077654306 104.3046617739
-1.6522343275 -1.1665498691 1.5140104995 513.5436898657 370.9578620863
-2.5526482625 1.6899305882 2.4297630987 267.0858705021 288.7851212302
-2.9155772865 1.8015255028 0.9202060444 280.0188939602 180.8649406102
-2.2550310878 2.7469332465 2.5621232452 187.0485822754 284.3444962872
-2.3524978632 -0.4190901020 -0.6763358060 518.3765925631 57.4603404628
-1.6404500805 -1.0437677291 1.8670063384 481.3888121596 393.4308853227
-1.9208082146 1.6423306677 1.6909841948 236.1892625815 268.2329687116
-1.7962047277 -1.0397187367 -0.0814019688 606.2822116834 168.3735518267
-1.5057213679 1.4881960724 0.1935683238 204.2905502641 118.1814179847
-2.5730577092 -2.3438354084 1.3885911678 606.0731531431 328.8633579347
-0.3200082119 0.9773080063 1.1397837352 64.0107071972 407.7888737598
-2.5794207443 -2.5586017987 0.5377249120 687.4072218695 268.9389144970
-2.2583880082 -1.9579383648 0.2674464298 666.7026674154 236.5694974149
-1.5110241473 -1.3140682982 1.4522052634 542.9062968302 388.9060325592
-1.4239071394 1.7163547221 -0.1251398761 154.8882432518 49.6207800243
-2.8451823330 1.0493991114 0.7078918140 332.5032103133 180.6805308394
-1.0390669904 2.4980477584 1.6226163434 58.0143293624 281.2388366505

gimbalangles:
2.4026120339 -0.0116262554 0.4320659969

end: