T_CW:
0.322891671594828 -0.321134839611789 0.890288370811507 -0.024759032523439
0.610873343949694 0.789208108547576 0.063121462708635 -0.025817705962019
-0.722893301993051 0.523472039549649 0.451001438737521 0.015366547748925
0.000000000000000 0.000000000000000 0.000000000000000 1.000000000000000

T_CW_cov:
0.000000604146472 -0.000000050079719 -0.000000039425912 0.000000099952681 0.000001341092418 0.000000034176340
-0.000000050079719 0.000000359483377 -0.000000001706130 -0.000000959495784 -0.000000083517917 0.000000109628408
-0.000000039425912 -0.000000001706130 0.000000292001023 0.000000039587941 -0.000000133973965 -0.000000003489119
0.000000099952681 -0.000000959495784 0.000000039587941 0.000003261248601 0.000000146925778 -0.000000218162640
0.000001341092418 -0.000000083517917 -0.000000133973965 0.000000146925778 0.000003676157227 0.000000129165420
0.000000034176340 0.000000109628408 -0.000000003489119 -0.000000218162640 0.000000129165420 0.000000840516686

target_points_pix:
-2.894844139882586 0.626952975212953 1.276598131992237 373.332609065856843 141.694317015353363
-1.784274999354633 0.358989752143200 1.389678325383619 434.729716741148422 154.596126878448729
-2.824357361831075 2.662856976185086 -1.590771835887739 91.431396605816929 261.686303118066860
-1.898908933532043 2.702113433106035 -0.405415216554331 202.950709375462424 324.609868104067118
-1.402199466133277 2.710830475051597 0.396148209289668 283.629473179387446 357.614511606457029
-2.380374054855652 2.224103700322538 1.199995224442018 344.412286636629574 264.241368389218508
-0.305473239932581 1.155387490003378 0.201703253774236 293.571370568959424 424.382949336188403
-1.679765835343294 0.449720655470374 0.924644277490595 389.628352211719630 157.494754851566483
-0.191032256193631 1.231152443164277 2.297274306901333 581.462494320303904 368.032268488169166
-1.413204081926167 1.739064720682327 -0.130330008976248 227.287745845391498 300.419410044020140
-2.963043857422604 1.249868543427633 0.270322065075567 281.108316021111477 170.937514932168057
-0.845404378483952 2.695515844627400 1.340110028364365 378.003485649660661 392.421841967835917
-2.114554369033391 2.536828030619504 1.652743675808383 371.886941237462338 292.312890502734660
-2.989156152482370 1.092838546008974 -1.123445487097596 122.685486144529165 125.168342067710981
-1.974000848471667 0.240791331263337 0.237981035730809 299.131586044356197 91.390976165098976
-1.941630898137938 -1.117064766151136 2.706488415483634 624.414453835034919 13.259940013494145
-2.198719778085213 2.686910366159879 1.224991392497277 340.875387764172274 295.821676415958336
-2.731298943532138 2.653059403052232 -1.394243326989672 111.416439427318551 266.966800009872202
-2.633337585643500 2.526087603565185 -0.471465147788663 207.102305747129634 265.871738204662620
-1.803666274114781 2.921389074211410 0.418560952012865 281.899831130916823 335.474073118503270
-0.843715431402718 1.552617475551560 2.504156727760964 510.338006404758744 318.905168264715257
-1.233322978081925 0.802640124894347 -0.683350301899418 69.271601682361165 194.724785212842420
-1.471500719061330 1.094730027126477 1.722510921937721 443.198636749857314 244.344392184564839
-1.628109365896271 -0.330304979444732 1.007836113164901 449.595584719409999 39.792228375284225
-2.410928658285509 1.524072180481012 0.612262317919119 311.439931234382129 217.608018459654602
-0.440343914850063 0.783036985018339 1.977536569991633 573.773062138648584 305.819483041507851
-1.955709274983680 -0.185206896822774 1.135840332582000 429.630478629121058 69.755540142705257
-0.308902894081003 2.662518381846243 2.673541930749186 494.645732441983000 414.733387500370554
-0.853723967853528 1.528030534754436 1.009861785902686 389.111502696029959 332.110876370589267
0.000197430235167 0.425602185379799 2.645721047261987 746.058637789594741 320.207567781172884
-1.840086147600242 0.680228501872818 2.741700205366840 507.284152447921485 203.348831775466692
-2.260080484105838 2.704238611220442 2.995759768399392 432.471684342531944 289.785246996764045
-2.255264626852401 1.604364350462638 1.819463249134218 401.008660012396774 237.922857683598181
-0.719882733921688 0.779123062806577 0.485874919465445 359.714860649950424 277.005813488443096
-1.236474659704397 -0.830785729170653 2.230815506240015 674.073246960105848 27.832154229259544
-1.214682755180987 0.431323625025371 0.052831588855792 267.698329875128877 149.831479795082998
-1.831052306790053 -0.188945198352711 1.564405063598759 479.385787474228493 91.051195655510668
-2.479539810016107 0.063480191175837 0.411066476079776 318.015654322667444 64.777301384502181
-1.417893060359139 0.561668205419461 2.396355813765268 522.544903885624649 209.780146375097047
-2.626187839327878 -0.784981490205779 2.754168447227376 536.641883414922177 56.673446048394169
-0.212116741562556 1.789778871300426 0.829726849022180 386.835100573534362 453.592811280936985
-1.804895348092697 1.933541740014618 -1.422982174446762 18.268297238733226 283.599796566611587
-2.378714710387544 0.356910764592629 2.568394823819310 483.580679736298350 158.285165690532523
0.011489359382638 1.484965435225342 2.719446545046375 606.597024618656519 398.911791251360853
-1.046365628292480 2.856196618331841 2.451340543139825 440.010529276460488 364.630903135155563
-1.385389251304131 2.806719883853976 2.543983071641538 434.622676730630246 339.652701577932476
-2.405530186309526 0.970826069224190 2.428103425594758 450.807998998051062 198.086126845087449
-1.330024949823912 2.574190105771045 1.125736268335892 351.485081847709637 347.544029886827047
-1.101270699458112 2.960674199173910 0.319783312406470 274.267911855342277 399.638877976590834
-1.227605326131707 2.681976980218303 0.813572596313053 324.794809427792416 365.513709243268295
-2.326818397556014 1.793768432294453 2.559134051889133 434.383443958931025 247.860850452249224
-2.776403877360917 2.368040246002781 -0.828985851687926 172.644132354821011 247.497624061923574
-0.612568001743769 0.421948739754678 1.690722919949404 567.751210136620443 246.228917495477418
-0.790934143675526 1.685879459816040 2.406057881537154 500.299894913432695 331.720639286524658
-1.819651711045487 0.423861646527818 0.762971275614351 366.462901417983801 143.329551424759984
-0.906495690038693 1.339944712993076 1.305398959885680 426.399825319442130 308.681606720790683
-1.643571119418271 1.720681526156648 -0.238507495212874 215.339996574863676 277.492964571660991
-1.725010526060548 1.379961557513223 1.728749526176968 420.268877787007682 249.945102519349007
-2.807000085204526 2.102898332928304 -1.650994562944460 65.358630916375319 220.916133192407244
-0.532727446652133 1.807864180253997 2.451023797656803 513.834210793544116 360.905347252086813
-2.764203371167606 2.837739797398335 0.031222772226168 251.305499013286976 275.858288681871159
0.061537809105531 1.292800038686337 1.692168027219357 561.543398409403380 434.813306812517965
-1.847317464594975 1.568052479839529 0.708229112793922 327.291187490379343 251.988212293359879
-0.610004568277795 0.564580902220232 0.034429076172600 257.918718348477455 255.102366887117739
-1.040702596941218 1.851191598981524 0.761257738306126 343.010762586240787 338.108900570088906
-2.157901261647881 2.615855068441164 1.216030115121428 342.118709416134891 294.765481988623492
-2.160587929070460 -0.886840057529803 2.034952546012701 538.936097323019567 11.239400540183482
-1.717883618897727 1.533259218394615 -0.214812038694018 219.652612924619945 254.509756413496149
-2.474755227043269 1.797130439944961 1.532062213070679 372.678916930827256 237.978737138635722
-2.898714295171244 2.409541803822898 2.871769284488597 417.888182944041546 254.405079792805054
-0.069779878869687 0.333010611880953 2.165252128368183 727.834566622609827 305.376213983042476
-0.825888478669362 1.955149920554193 2.940413836798625 513.975895017903667 337.414564764201771
-1.696557365841088 2.250030431273891 -1.430046205317763 25.259803741646294 324.511217731321835
0.076060758835924 1.107030849292172 1.108456836711084 522.089490913850796 463.867534013038380
-2.945802340361511 -0.140969183485825 0.545998616725857 328.881447328063473 41.038420489244317
-1.301598020435731 -0.477598335284593 1.929470689273046 594.080135124950630 74.475874227491630
-1.476953341479463 0.801881429363502 2.241642260267484 494.255519036088003 224.778589561155343
-1.249017059294648 1.809779148238554 2.982405696357302 499.272895273180666 301.920748080894384
-2.763583812736974 2.575899630623996 0.177181015127741 263.779065573323237 262.765348720589657
-2.552648262493129 1.689930588152716 2.429763098690281 423.861518249096150 233.390849060118200
-2.915577286459229 1.801525502847701 0.920206044397381 324.877446441147413 216.846978044855206
-2.255031087818837 2.746933246465083 2.562123245223610 412.141081438885692 292.417382296209837
-0.873138988358957 -0.781452409495700 2.093701557856058 745.372560095740027 25.943026935264612
-1.920808214580888 1.642330667732721 1.690984194835790 401.902525123795215 255.846267411451777
-1.505721367944419 1.488196072446144 0.193568323827183 275.043122081844672 269.164160014790923
-0.270537863900404 1.469760709370638 2.796774196941943 580.911283682888211 363.149898526887171
-0.320008211904443 0.977308006341261 1.139783735220228 484.168399391740934 357.794734629344021
-2.719682312836279 2.126955088651576 -0.883629487670981 162.449661867367695 233.793304874032827
-1.423907139449947 1.716354722105354 -0.125139876136535 228.229981482063465 297.384055526536827
-0.907567565523452 -0.514179279084973 2.053742821691218 680.358249847018328 83.657922378331534
-2.845182333049369 1.049399111448471 0.707891814032055 321.804057040700684 166.286501412239431
-1.039066990360902 2.498047758366645 1.622616343361779 399.599851957175758 361.392395670858264
-0.145963956970545 2.650155075455251 1.296000655472000 401.965015398432513 477.464737090803055
-2.792173882683769 1.824353030110190 -1.322370677642771 103.385769112730941 201.639987789241900

gimbalangles:
1.709851517628842 -1.097978007302454 -0.788126044307226

end: