T_CW:
0.8138034992 -0.2962660775 0.4999502736 -0.4016165837
0.3244940515 -0.4820310977 -0.8138486539 0.0346357357
0.4821073275 0.8245437721 -0.2961420142 0.2400086259
0.0000000000 0.0000000000 0.0000000000 1.0000000000

T_CW_cov:
0.0000002726 -0.0000000442 -0.0000000458 0.0000000715 0.0000004353 0.0000000064
-0.0000000442 0.0000002874 0.0000000089 -0.0000005267 -0.0000000616 0.0000000554
-0.0000000458 0.0000000089 0.0000003064 -0.0000000088 -0.0000002722 0.0000000036
0.0000000715 -0.0000005267 -0.0000000088 0.0000015335 0.0000001031 0.0000001575
0.0000004353 -0.0000000616 -0.0000002722 0.0000001031 0.0000012828 0.0000000308
0.0000000064 0.0000000554 0.0000000036 0.0000001575 0.0000000308 0.0000006006

target_points_pix:
2.9185907309 1.9178459633 1.8610296438 586.5550975818 107.9974245763
0.4525511890 1.4771543701 -0.3709931605 286.2998936353 208.4429545258
0.0134727521 1.9966532696 -2.2999075116 175.0536833971 328.9988972710
0.0713589459 2.8688959608 -0.9051086491 238.1675460707 190.7752437537
2.5591223247 -0.0443953625 0.5219552533 743.7066035328 326.4990679724
1.8324549851 0.5136414256 0.1050882143 533.2339460821 286.7705578836
-0.3054732399 1.1553874900 0.2017032538 156.5204289423 46.6639301960
0.8179732118 2.2948193458 -0.2082891874 326.7612771753 180.0660173651
0.4760255981 1.6652719494 -2.0074300235 225.2869908631 340.8010812537
0.4157939103 1.1830938811 0.6503161745 357.9920943939 55.4823514691
-0.0197024909 1.9179607289 -0.7375181316 214.1073464931 204.0982082852
1.6912700364 2.9152958030 2.0943006760 473.6165844475 24.6213486295
1.0143189639 -0.1834378360 0.2340703772 658.3007576372 364.0777827215
2.1243149059 2.5165360083 -1.1599424087 375.5493251580 269.4738442746
2.2027673226 1.2739145926 -2.7746600208 346.5528848735 422.0748767245
2.6388940522 0.2859068827 0.6616028722 685.9652309272 272.8122265247
2.2838413789 1.2710353105 -2.0665887182 379.1273225232 388.0296969243
2.6356910408 1.1581813945 0.7110316627 563.3758780643 212.9240074801
1.3605142988 1.3279683397 -2.8167563008 281.5510463105 421.3407035215
1.6985656786 2.3108705817 2.0575274508 511.2803416977 13.1789821494
0.8606978522 2.4381202060 -0.8605197644 304.5224390636 226.0705065870
2.2974160006 1.1434337072 1.1115312662 583.3277173685 156.0339308454
1.8636994645 0.9851570773 0.8625067980 553.9976853118 162.6748748629
2.8400527988 2.3293742471 -2.5758741647 371.4393611876 348.3394036182
0.6837708879 1.9678359559 0.5759732938 358.2865698651 100.8268035570
2.4952987901 1.9204534977 1.3630564139 535.7753035328 129.8371316612
1.9598271384 2.0807628825 -1.8172077782 351.8382320359 319.9130329126
0.3223913466 0.6572687096 0.3411312926 327.9985219197 107.8501182530
1.2977747122 2.7046068227 -2.0603174099 298.5279200303 293.8791497746
2.8920798147 2.1378650829 -2.5311623147 378.2398995154 356.2722014744
-0.8911796826 2.9815497203 -1.4877817901 129.3056536101 196.7486032087
2.7260240624 2.2495865463 -1.9352716347 386.1421187849 325.1597988066
1.1135292309 2.9590436052 0.6041369903 369.6887011084 118.2328155621
2.6278435143 1.8946618219 1.8255796272 575.0853297781 95.1691687212
0.6336242524 1.1783842050 -1.0552852102 274.4908487336 309.5557486036
2.3667225286 2.8706255632 -2.1373102295 353.4905183151 303.1788302315
1.5404004160 2.0873391010 1.9086104661 509.4758781572 10.5312906850
0.2585293654 0.5934473492 -0.5108773483 225.4680241727 299.1430853320
2.4841714159 1.4051269004 1.6262681959 605.8963279630 106.7877950588
2.1983390802 1.3671984969 -1.0802983766 414.1044867196 324.9061722148
1.0168380356 1.8187565862 1.2681363448 443.2689705090 38.1840869290
2.3406080829 1.6524588336 2.3188796262 632.5711324137 15.9487973182
1.7824561088 1.2368809704 -0.1031601285 446.4416620578 250.9099288823
2.6588510636 -0.1466194073 -0.3037086062 643.3618986873 436.8279755487
1.2383180701 1.3099832525 -2.0678546936 297.1139703258 382.0578905205
0.7871674616 2.0424983208 0.2012990387 346.5100237974 147.2396300861
1.3716637695 0.8792669647 -1.3574988410 348.7208853216 377.9405691046
0.9719223617 1.9689701437 -1.5625638722 290.9069023617 297.8383619320
2.8361755367 1.9949440335 -2.4556373968 380.4244759048 361.1665275752
1.2103062974 0.1184933070 0.6222756592 657.4186054670 195.0576326207
0.9923400970 0.5709656991 -0.1292795507 409.2874240148 276.4719776091
2.6984458114 1.3496573022 0.7124865195 548.9857631478 207.7720720798
0.7575916053 0.2523891601 -1.0951950878 288.5123560182 462.8316818161
0.8962104592 2.8887750237 0.0742970148 335.8133809352 149.7670087188
2.4003927181 0.1999549924 -0.1597382894 587.8238266705 367.1890523194
1.4570043822 2.3114412965 -2.8657043889 288.1611043671 352.5908791235
1.6781638844 1.7635796532 -1.0815039641 367.0551287973 291.6871711936
-1.1012706995 2.9606741992 0.3197833124 137.9789519731 2.8678579626
1.4697371940 1.7050643911 -2.6910499524 294.3972870415 383.7374410752
1.4997362677 2.2552284310 -1.7042058754 324.5980654638 299.5051762122
1.9711161295 2.5320500174 -0.8647562015 376.4662961748 250.3191790772
2.2679231297 1.6166728105 1.6066018340 570.6825314217 94.2152763117
0.6325419191 2.6208530677 -2.3930825352 243.4772214367 304.7450954759
2.2683739193 1.5151538458 1.0720505343 538.8805541273 150.7489615619
2.8407462338 2.6756664027 -1.3199547291 401.6777546371 282.4180687597
0.8583509219 1.9819683117 -2.4177920373 254.5568231136 346.3569031613
0.7902253300 -0.0498267092 -0.2495925517 424.0477164137 431.2523373829
-0.7126786561 1.9834577945 -1.0618160856 100.1877411859 201.9352912429
1.9193600062 2.7960739311 -1.6739447817 344.4174072696 280.3818024020
2.8049534027 1.7549510628 -2.7261348255 375.2694979470 384.9677522610
2.9691898119 0.8306301282 -1.4718533968 464.9159535819 395.0924536034
1.9577623473 1.9570472736 1.2495788176 498.6721785189 111.2078606686
2.4239824816 0.7568461512 -2.0444246221 405.1079382670 434.3712788031
2.5332886341 0.3624403137 -0.8886724309 507.6070846579 407.4587142848
2.7230803671 2.1668952310 -1.0932890004 416.7431875576 290.2152578408
-0.0667491202 2.8893935758 -1.8135267343 203.6716025480 247.2761273048
2.8849499926 1.7528628131 -1.9172862492 406.3080626676 351.6446037836
1.1468270981 2.4561268263 -0.9711199181 322.2543048335 240.6408675117
1.8638170845 2.7136824619 0.0667283887 399.8994577921 187.4731485324
1.7836301664 2.3017608285 -2.5962998189 315.5902947226 343.3518743534
2.0330982211 1.2071025275 -0.3551796497 450.1290995924 281.3916279621
1.1730569531 1.2704948479 -1.1105960248 332.9486195909 317.6252396423
2.9461481719 2.4968893176 2.7161145307 592.0804188830 38.6793173846
0.6570472120 0.4945068807 -1.4712885553 246.1033547580 447.9222113019
0.7279847276 1.9901461379 -1.3627605785 276.0567739674 278.4873982554
1.7827388544 2.9902355627 2.0898483581 474.3342727296 31.7346591883
0.9641042651 2.6882373571 1.1690572800 391.5996286469 61.0606366689
1.5773005481 0.8563350408 -2.8473658583 299.7354488993 471.9897445892
0.7664780110 2.9653914697 -0.1033146028 320.1124731145 156.5113172252
1.7669752855 0.9690625695 -0.5529376649 430.8977092213 309.2794077859
1.4488983111 0.6617484764 1.0469220162 603.3141855960 102.1127895616
1.1060195470 2.4830620612 0.3854567192 371.0816413701 140.0546061389
2.8833560441 2.6773336796 -0.2468877160 438.9019667007 232.5303150582
2.7832056284 2.7310910625 0.6875618561 468.3123930951 176.8902309479
0.4773538111 1.3095008612 -1.5680206608 233.0523907641 339.9123165171
0.7034332180 -0.0654622727 0.4930513506 653.7024007896 171.4802871341
-0.4791536927 2.3891232452 -2.6389828612 128.2723226424 316.2686745439
1.9631750106 0.7384015444 -1.1730532119 419.3265743716 382.5827730078
2.7390766891 1.4458832406 -1.4800111153 425.2070458948 348.0162661688
1.8142779780 2.3081898863 -0.8022692629 374.3625720295 251.8229638799
0.1815827826 2.0076210646 -1.8337579884 206.2584475277 298.6857905004
1.8809823717 2.0841163296 0.5893151287 447.8106447861 164.6549980075
1.0562875771 0.1801981948 -0.5239100279 408.1512824520 404.1144992936
0.5522005358 2.0961738439 -1.3378655295 261.2254614465 266.6067888997

gimbalangles:
-1.8818769843 1.3907786795 -1.8932419126

end: