T_CW:
0.6742388953 -0.7204876896 0.1621709009 -0.0266242088
-0.0249405246 0.1972516463 0.9800355903 0.0199093338
-0.7380920554 -0.6648227411 0.1150253912 -0.0152472566
0.0000000000 0.0000000000 0.0000000000 1.0000000000

T_CW_cov:
0.0000005051 0.0000000337 0.0000000114 -0.0000000150 0.0000011862 -0.0000000674
0.0000000337 0.0000005300 -0.0000000136 -0.0000013648 0.0000000079 0.0000000607
0.0000000114 -0.0000000136 0.0000002848 0.0000000701 -0.0000000129 -0.0000000042
-0.0000000150 -0.0000013648 0.0000000701 0.0000041895 0.0000001447 -0.0000001471
0.0000011862 0.0000000079 -0.0000000129 0.0000001447 0.0000034641 -0.0000001281
-0.0000000674 0.0000000607 -0.0000000042 -0.0000001471 -0.0000001281 0.0000007251

target_points_pix:
-0.6320758571 -2.9734307655 -0.9551538105 535.3924093894 84.4334831785
-2.6364039434 -2.3323645090 1.6131212919 384.3746689485 319.1489792614
-2.8948441399 0.6269529752 1.2765981320 84.8630700704 431.1944413431
-0.3745088197 -2.7924729661 1.8430836583 586.2109872673 372.9447527040
-0.7937816819 -1.6414176510 0.7071862127 477.3263090792 296.3137834651
-2.7560724588 -1.2194953932 1.9192833866 320.1784313186 376.6587619991
-0.2553136312 -1.9712086642 0.1715341730 576.2597467268 208.2869539603
-0.1550543400 -2.4137450398 0.5014556902 607.2107064393 244.9361633503
-1.9323731186 -0.3012474738 -0.7481905140 179.6333669809 124.6683648867
-2.1173200533 -2.1447782396 -1.4060294826 363.5028108102 90.8972647620
-1.7590488229 -1.6158880204 -0.8003083999 356.2556011317 128.6041355766
-2.6734566750 -2.6265165695 1.2701937931 392.1916798035 290.6585716419
-2.7526374896 -2.4282561608 -2.0502608060 342.1173434591 68.6052476888
-0.4132450863 -1.6619243622 -0.3975132155 523.6860662343 116.3551501596
-2.8002920322 -2.7177990940 0.7087254771 385.0047694520 254.8054018287
-2.2493776015 -2.3923425776 1.7472308018 407.9223207323 332.2220699360
-2.6318751097 -0.2406755511 -1.7765257254 129.1979976807 20.8232182013
-0.4611632066 -1.2374349928 0.2883990725 498.3187910162 253.8960250466
-0.8863209803 -2.2520445289 0.3132015694 492.1006815557 228.9605671850
-2.1289845198 -2.0063977310 0.0907732718 375.1350101228 220.0712392433
-1.5006224968 -2.7756126823 -1.2469839680 440.9949122820 91.3563919611
-2.3933415223 -2.8145690041 2.1568703343 421.3569198984 341.9374587813
-1.9740008485 0.2407913313 0.2379810357 99.5268642129 304.2103417867
-2.5927084704 -2.6493188930 -0.8510426906 375.0143345238 153.1887744685
-1.4003785247 -0.3736922668 -0.7233151088 207.9484236889 90.8541250908
-0.3665870185 -2.4417945195 -0.7850897223 558.9636257806 74.3000359038
-1.8055531173 -2.3431906182 2.2358729284 437.5805653050 378.0862851759
-2.6437567343 -2.7994983705 -2.3091975591 363.8704814968 52.6406542118
-2.7741509670 -2.0402444891 -0.1757024121 342.5702644021 204.7047737779
-1.6281093659 -0.3303049794 1.0078361132 260.3963541135 395.7929877865
-1.9646052403 -2.0029863434 -1.3242917964 363.9135947431 89.3072976295
-1.9557092750 -0.1852068968 1.1358403326 227.5200973442 404.2558671724
-0.3823346286 -2.6004217608 2.8138227545 588.5793931125 476.7095802978
-1.5873220287 -2.6442079861 1.2926729153 455.6591235151 303.1164272906
-0.4042982512 -2.7503468765 -0.9514857109 559.8705667872 65.0122459265
-2.9933007186 -2.9934415882 -2.4369486571 357.7309419350 60.8774818989
-0.1150878283 -1.6216023649 0.6994336735 607.1665417180 316.0483073069
-0.3599161903 -1.9936056061 1.4339193395 569.7494430981 384.1983375541
-0.4663553090 -0.8967115007 0.8784296744 480.7487714165 408.2216843691
-0.9505699837 -1.1068315995 -0.2186933854 391.6348855009 172.2155785224
0.4971001036 -2.9282306381 1.2764082264 746.2972686473 335.7854999666
-1.8310523068 -0.1889451984 1.5644050636 246.9167683774 469.5985969075
-2.4795398100 0.0634801912 0.4110664761 152.3504151106 305.6333813616
-2.6261878393 -0.7849814902 2.7541684472 306.5280611426 469.8674332971
0.1978387829 -1.7049102467 0.9341318838 708.3188495007 372.6724999447
-1.9262396669 -0.5333356992 0.4900413074 260.6154301282 298.5223287427
-0.9856763569 -0.5848182569 -0.8305814883 277.9751697411 26.7285479775
-1.0606481474 -2.1885100011 0.3504036302 470.6072576630 235.0868148671
-2.8798376111 -2.4797889453 0.6139716428 370.0970173938 252.4702857967
-1.2099097975 -2.5639048038 2.8155812467 496.9116819496 431.2916903101
-1.7586502624 -2.0947587884 0.1629999156 404.3060598478 222.5391581062
-2.4637418305 -2.7427375996 0.0218696577 394.7342086993 210.3620733450
-0.6810045623 -1.9562404295 2.2617881460 527.6738224570 460.1205311985
-2.0098147786 -2.3425078733 -0.2469870441 396.7457944677 188.3972070588
-1.8196517110 0.4238616465 0.7629712756 69.1291952900 430.8408496704
-0.7461558169 -2.7348513775 1.8641295763 539.4402480934 364.4479026185
-2.2714974815 -1.5754805292 -0.3708202209 331.4487278440 185.3515763889
-2.0168399528 -0.7930379665 1.4646715140 310.8812529717 390.0120694196
0.1833241938 -1.9899009328 0.1044753387 691.3211835684 183.4533745717
-1.3199728770 -0.4454115690 0.6293955931 285.3492692977 345.5660561708
-2.9188407590 -1.3810012220 1.0839570419 312.6605253380 306.6563657290
-1.4161008387 -2.1674853346 0.4832161336 438.3288928922 249.2602216841
-1.5563505293 -2.3259772891 0.0237559221 429.7135031142 205.5947117782
-2.1605879291 -0.8868400575 2.0349525460 323.5090372692 430.1081042066
-1.0231969654 -0.6532888771 1.3941302240 371.7066420228 472.0466230846
-1.9296688539 -1.8920561824 -1.4908164832 355.2920477205 68.3790103147
-1.8553364985 -2.2370036957 -1.3848175939 385.1647732336 83.3575947623
-1.1895189559 -0.0584733151 -0.8465864265 97.4540465173 1.4864810781
-2.1610756819 -2.5467967732 -1.5818627512 382.6918267273 84.7295461615
-2.6748752440 -2.4932236144 2.6376832354 399.5894753791 374.0636207414
-0.4784341868 -2.0935500770 0.3372802366 541.2921273173 232.6512962390
-2.9458023404 -0.1409691835 0.5459986167 184.8984947075 302.3083371541
-2.0809982885 -2.3007220402 -1.1211365928 379.0997172099 116.9710942702
-0.5766055598 -2.9777220371 0.7269098261 555.9655610957 255.1456374055
-0.1488004004 -2.9553414777 1.9345515260 620.7690585770 381.2379416124
-1.2496893304 -1.2176234362 0.9201692519 396.1566610826 334.1498860998
-2.4005462004 -1.4231052476 -1.7722446267 287.4694070662 52.0068107781
-1.1180691055 -2.3775737935 1.9674464230 490.9574507995 378.8447648692
-0.8810201176 -1.1056814359 1.4752285971 440.5038241866 438.9836104126
-1.6522343275 -1.1665498691 1.5140104995 369.1497483520 387.2035623381
-2.3524978632 -0.4190901020 -0.6763358060 196.5205136843 155.6395409700
-1.6404500805 -1.0437677291 1.8670063384 366.3299210755 433.2061436506
-1.7962047277 -1.0397187367 -0.0814019688 314.3673091074 212.8413721248
-2.5730577092 -2.3438354084 1.3885911678 385.5165386491 305.5500155476
-2.4323608169 -2.8139920343 -0.8519714480 390.4400947877 150.4250090840
-0.6234941816 -2.3304749221 2.5405973644 549.1888497457 458.0658704149
-2.5794207443 -2.5586017987 0.5377249120 386.2028548976 246.6241040043
-0.1829379517 -2.5761408041 2.0242684627 613.5261774094 415.2508315026
-2.2583880082 -1.9579383648 0.2674464298 367.5598871320 235.6875071418
-1.1873207592 -1.9520912279 0.6023171523 448.7659850508 267.2207027843
-1.5110241473 -1.3140682982 1.4522052634 390.7450044994 377.5890268603
-0.7268183569 -2.5035628023 0.7114419446 524.8809799912 265.3209771405
-1.9858815282 -1.4791766923 -1.1752089238 323.6797532978 94.9913262697
-2.2862629253 -0.2226837426 -1.4929258470 133.2369920935 29.7497537503

gimbalangles:
2.8468841864 0.1299154205 -0.3913261403

end: