T_CW:
0.1322922870 -0.4414616130 -0.8874741659 -0.0155089881
-0.8972024880 -0.4339198951 0.0821049339 -0.0278856858
-0.4213388736 0.7853821802 -0.4534847128 -0.0524663375
0.0000000000 0.0000000000 0.0000000000 1.0000000000

T_CW_cov:
0.0000005338 -0.0000000563 0.0000000466 0.0000001576 0.0000010866 -0.0000001370
-0.0000000563 0.0000004089 -0.0000000387 -0.0000011057 -0.0000000926 0.0000000151
0.0000000466 -0.0000000387 0.0000003390 0.0000002172 0.0000001643 -0.0000000223
0.0000001576 -0.0000011057 0.0000002172 0.0000038280 0.0000002405 -0.0000002556
0.0000010866 -0.0000000926 0.0000001643 0.0000002405 0.0000030095 -0.0000001104
-0.0000001370 0.0000000151 -0.0000000223 -0.0000002556 -0.0000001104 0.0000008279

target_points_pix:
-2.8243573618 2.6628569762 -1.5907718359 366.1169221296 314.0007444830
-1.8989089335 2.7021134331 -0.4054152166 288.5909959724 276.6226368780
-2.4509590965 0.8871749841 -2.1853645049 484.5101654628 385.2750789011
-1.1698605629 -0.0915581141 -1.3700899405 640.6729200899 471.4376955477
-1.4021994661 2.7108304751 0.3961482093 205.0235345588 247.8502662865
-0.4339811544 0.3604827340 -1.2275564470 589.0445780519 265.8736436200
0.0134727521 1.9966532696 -2.2999075116 483.7330355208 135.9139315213
0.0713589459 2.8688959608 -0.9051086491 331.3780912874 107.3317164909
-2.5095895023 1.4537282118 -1.9005724212 431.0134602356 354.7111774238
-2.3803740549 2.2241037003 1.1999952244 108.2162790882 378.9919984448
-1.3783621819 0.6183489028 -2.2812195003 558.6795460743 328.6075301989
-0.3054732399 1.1553874900 0.2017032538 173.3334502539 174.6540425558
-1.4132040819 1.7390647207 -0.1303300090 270.3899823417 298.4104017889
0.4760255981 1.6652719494 -2.0074300235 510.1700789859 73.7608352203
-0.0197024909 1.9179607289 -0.7375181316 346.6021555884 117.8585377145
-2.2570881565 2.7082349037 -2.0633919600 394.6871268428 279.6362823790
-0.8454043785 2.6955158446 1.3401100284 40.8102998610 195.7637104434
-2.4349464755 0.7633696205 -1.9950480928 482.2655223462 402.0329586770
-2.1145543690 2.5368280306 1.6527436758 40.3385433553 344.3885522103
-2.9891561525 1.0928385460 -1.1234454871 384.8685973956 435.5256763251
-2.1987197781 2.6869103662 1.2249913925 118.7472010621 327.4426382614
-2.7312989435 2.6530594031 -1.3942433270 355.5070672720 313.1432117176
-2.6333375856 2.5260876036 -0.4714651478 296.5046964764 328.5997028723
-1.8036662741 2.9213890742 0.4185609520 210.3280897116 270.0751603755
-1.2333229781 0.8026401249 -0.6833503019 388.1121125446 356.0128050188
-2.4109286583 1.5240721805 0.6122623179 176.2317366735 435.2551715207
-1.2292746160 0.8858709981 -2.9739817686 574.9094907626 282.8973557980
-0.8911796826 2.9815497203 -1.4877817901 366.0919175047 192.9538246415
-1.5747020397 0.3647896395 -2.1186734669 569.8329390603 376.7291336824
-0.7198827339 0.7791230628 0.4858749195 41.6628576725 360.0125790855
-2.5954390840 0.9615306910 -1.9993108423 464.2321929990 393.0715213080
-0.2121167416 1.7897788713 0.8297268490 19.3081173598 115.6993500434
-1.8048953481 1.9335417400 -1.4229821744 388.5279597102 292.9189812193
-2.3495685473 0.3594685558 -2.9255488728 575.8565737611 399.5865100324
-1.3300249498 2.5741901058 1.1257362683 96.4683438286 256.4910665767
-1.1012706995 2.9606741992 0.3197833124 211.9342582305 211.7684709447
-1.2276053261 2.6819769802 0.8135725963 146.7867499617 236.9134800653
-2.7764038774 2.3680402460 -0.8289858517 325.1469265943 338.4328177062
-1.7725763211 0.1321032521 -2.5127218453 614.9844508384 401.3554635807
0.6325419191 2.6208530677 -2.3930825352 463.9594457896 74.1825429359
-1.6435711194 1.7206815262 -0.2385074952 285.2842966298 317.8398275377
0.8583509219 1.9819683117 -2.4177920373 523.2753436201 38.7939820595
-2.8070000852 2.1028983329 -1.6509945629 385.6937466495 338.3438388212
-1.0050947886 1.3796874961 -1.1237346037 404.8418234946 262.0762561374
-2.7642033712 2.8377397974 0.0312227722 254.4811538694 328.5074014193
-0.7126786561 1.9834577945 -1.0618160856 370.7054442021 203.9706412082
-1.8473174646 1.5680524798 0.7082291128 141.8659081491 388.4333832962
-0.6100045683 0.5645809022 0.0344290762 231.5937448397 345.3930791819
-1.0407025969 1.8511915990 0.7612577383 108.7436846659 266.2654553588
-2.1579012616 2.6158550684 1.2160301151 115.2462397319 329.0503008900
0.0746601060 0.5852067123 -2.6719971241 696.0095960717 152.8481240584
-1.7178836189 1.5332592184 -0.2148120387 285.9001845110 341.2812226714
-2.4747552270 1.7971304399 1.5320622131 21.5414097345 457.6298560092
-1.0310568987 0.1681308091 -1.9239170579 633.6697850929 355.5038713118
-1.6965573658 2.2500304313 -1.4300462053 378.1521236354 270.8401668577
-0.0667491202 2.8893935758 -1.8135267343 399.4911705026 131.4242146600
-1.7593186310 0.6483982310 -1.4034331411 469.0791300791 392.1301464141
-2.7635838127 2.5758996306 0.1771810151 242.5670901288 346.3431067919
-1.1789359356 0.5890362018 -2.6866246034 597.7119066135 302.2281067571
0.7279847276 1.9901461379 -1.3627605785 429.9650877255 19.8357259437
-2.9155772865 1.8015255028 0.9202060444 151.2382085983 449.0582381685
-2.3709911216 0.7873857488 -1.7873182151 467.5261071679 403.6924822268
-2.1351115329 0.3711751050 -2.8548084772 581.5209006045 388.0577855397
-1.5993342926 1.4370656586 -2.3495525503 480.4558842591 290.5243146755
-1.5057213679 1.4881960724 0.1935683238 223.3147918302 340.4056893374
-1.6020343444 1.0108264512 -2.1461077954 499.6854237168 320.3130523924
0.4773538111 1.3095008612 -1.5680206608 515.2254502037 51.9940557907
-0.4791536927 2.3891232452 -2.6389828612 465.8927094319 175.5250794627
-1.7376268140 2.4434120148 -2.6251467566 439.8209346893 255.8515185977
-2.7196823128 2.1269550887 -0.8836294877 334.8629008725 347.9258381930
-1.4239071394 1.7163547221 -0.1251398761 269.8574216216 301.1270546926
0.1815827826 2.0076210646 -1.8337579884 454.7942586289 110.9377053790
0.5522005358 2.0961738439 -1.3378655295 414.6191222415 50.2190398354
-2.7921738827 1.8243530301 -1.3223706776 373.8206851609 360.1970354371

gimbalangles:
1.3916509127 2.0498453493 2.8502665450

end: