T_CW:
-0.2216160835 -0.8915885061 -0.3949129617 -0.0370854446
-0.8308623542 0.3846429519 -0.4021412041 -0.0260774914
0.5104449627 0.2389973544 -0.8260303897 -0.0653293267
0.0000000000 0.0000000000 0.0000000000 1.0000000000

T_CW_cov:
0.0000005313 -0.0000001135 0.0000000286 0.0000002627 0.0000011968 0.0000001151
-0.0000001135 0.0000003632 0.0000000096 -0.0000009988 -0.0000002539 0.0000000746
0.0000000286 0.0000000096 0.0000002745 -0.0000000864 0.0000000877 0.0000000185
0.0000002627 -0.0000009988 -0.0000000864 0.0000034314 0.0000006013 -0.0000003651
0.0000011968 -0.0000002539 0.0000000877 0.0000006013 0.0000033588 0.0000001409
0.0000001151 0.0000000746 0.0000000185 -0.0000003651 0.0000001409 0.0000009300

target_points_pix:
1.4904409015 -0.8576028127 -2.6357354281 505.6682800117 191.1195389996
2.4414387687 -2.5855806867 -2.6140916131 620.4512894360 62.0630367548
0.7583609253 0.4677505926 -2.4511855211 409.3052053001 289.6915840885
1.6304909208 -0.4683184133 -1.9111117291 459.0748635629 153.7657312879
1.5085798632 -1.1919996516 -1.7278603287 555.1601600066 102.9741069805
0.0134727521 1.9966532696 -2.2999075116 280.1442886679 412.2766627936
1.5390997624 -1.5424577392 -2.4175742588 576.2784048578 144.2126986522
2.6638076555 -1.1338153697 -2.9948707751 483.5958227093 137.8296650163
0.4760255981 1.6652719494 -2.0074300235 284.9225348255 350.6777862141
0.0469361765 -0.1783641195 -2.6535832882 508.3194871130 346.6686769162
1.5905470624 0.5227412081 -2.2990225691 379.8448524078 220.1865881889
2.2457088193 -0.2690198173 -1.2941584072 400.3490471368 68.5222732013
2.1243149059 2.5165360083 -1.1599424087 160.1596543928 206.1134020087
2.2027673226 1.2739145926 -2.7746600208 337.8782047914 222.9949286451
1.7022931842 0.6034113149 -2.4383688156 376.1481983724 220.9671507573
2.2838413789 1.2710353105 -2.0665887182 308.4012493129 192.6383296568
2.7511059297 -2.1694872227 -1.9673213969 579.4560856911 6.6356665205
1.3605142988 1.3279683397 -2.8167563008 344.9699856470 275.5556898546
0.8606978522 2.4381202060 -0.8605197644 76.2317435652 318.2758164126
2.8400527988 2.3293742471 -2.5758741647 272.6780561268 212.5840756023
-0.2118470871 -0.0163581002 -1.5873625828 514.2179489905 406.3772810330
1.9598271384 2.0807628825 -1.8172077782 242.6213255360 229.4008354175
-0.1823780494 -0.8635400208 -2.5844140384 620.4085658648 353.3386701293
1.2977747122 2.7046068227 -2.0603174099 217.4185001858 302.3444733030
2.8920798147 2.1378650829 -2.5311623147 279.7749149587 204.0772164654
2.6442776321 -1.9549028644 -2.2435606455 556.9547949219 51.8314913858
2.1800794479 -1.0439377960 -1.9029706145 493.8766294947 89.1654022425
2.7260240624 2.2495865463 -1.9352716347 243.7697804653 194.3370038330
2.4497479841 -1.5512437600 -2.3657692494 527.0575241192 90.4622924339
1.4521663042 -0.5399965625 -1.6630885379 473.4217520224 142.4074660111
0.6336242524 1.1783842050 -1.0552852102 236.2405474804 295.2762709941
2.3667225286 2.8706255632 -2.1373102295 222.0637978593 237.6268874490
2.9170283047 -1.1525861895 -2.5332101054 475.6253484007 99.6778181303
0.2585293654 0.5934473492 -0.5108773483 213.4921698474 313.5417374514
2.8541328387 -2.2616395508 -2.4159725580 570.7776608760 44.5057477931
2.2425741823 -1.7173131963 -2.8670343424 544.8452824831 128.3228447969
2.3235776381 -0.6902499417 -1.1799127502 441.6057530046 20.5995992899
2.1983390802 1.3671984969 -1.0802983766 235.3627330465 144.7436546841
1.6075514943 0.3175726274 -1.9505948349 384.5734112053 194.4930599984
0.2277862557 -0.3340403307 -2.6300424523 516.1958674110 320.1083640750
0.7112279187 -0.6943231092 -2.1725083750 536.2832550703 238.2585275849
1.7824561088 1.2368809704 -0.1031601285 80.3579653822 44.1931795011
1.1504892931 -0.6627365524 -2.0403880364 505.6727687643 190.4179427688
1.2383180701 1.3099832525 -2.0678546936 313.3327618965 265.7814574169
1.3716637695 0.8792669647 -1.3574988410 302.8425524498 204.9251852416
0.9719223617 1.9689701437 -1.5625638722 221.8155395779 300.4841323671
1.9648604716 -1.5172012612 -1.6765924910 565.6079724256 46.0741358410
2.8361755367 1.9949440335 -2.4556373968 283.5450288665 200.5154523159
0.9923400970 0.5709656991 -0.1292795507 122.6182118900 34.9779599206
0.7575916053 0.2523891601 -1.0951950878 375.7519655847 217.3750129905
0.0588398480 0.1345663759 -1.9919443238 466.0825046018 354.1222182083
1.4570043822 2.3114412965 -2.8657043889 288.6237393237 293.6707699274
2.7544963644 -1.4088225197 -2.8622308738 500.1460342384 117.0968788547
1.6781638844 1.7635796532 -1.0815039641 196.7910475979 204.2961567839
1.4697371940 1.7050643911 -2.6910499524 315.4385351952 275.3726487555
1.4997362677 2.2552284310 -1.7042058754 219.2880748332 265.2103764266
2.9010377035 -2.0761523624 -2.9764524155 543.2948276587 93.6393546284
2.4690198210 -0.8218292901 -1.7671497527 458.5518675303 73.9843475375
1.9711161295 2.5320500174 -0.8647562015 119.5420426202 202.9587186940
1.1375885433 -0.0063029323 -2.6361798873 443.3538891846 247.3345258750
1.5108970396 -1.3615313295 -2.9687420888 547.2726574321 187.3758849301
0.6325419191 2.6208530677 -2.3930825352 242.6327265277 359.5245731762
2.0870307964 0.3507490887 -2.2443769366 381.3748064345 180.0717510269
2.8407462338 2.6756664027 -1.3199547291 178.7346443037 175.3941666863
0.8583509219 1.9819683117 -2.4177920373 286.8609351570 324.2289024530
0.3303057821 0.2394415897 -2.7978580808 451.7217977968 329.2738967223
0.9955118727 -0.6900885001 -2.2663970244 516.1922904437 216.2540001512
1.9193600062 2.7960739311 -1.6739447817 188.1505638502 249.9948356385
2.8049534027 1.7549510628 -2.7261348255 306.5868023565 204.5078544939
2.9691898119 0.8306301282 -1.4718533968 303.1403896758 106.0224888946
2.0562877052 -2.9757796727 -2.6627237828 689.4674664384 62.6729042511
1.4706806190 -0.4806013601 -2.0637464314 468.8806137698 175.4711320596
0.0746601060 0.5852067123 -2.6719971241 425.3076021395 365.8797940773
2.4239824816 0.7568461512 -2.0444246221 340.1584913559 165.8687872229
2.5332886341 0.3624403137 -0.8886724309 307.8987869445 46.6265417419
2.7230803671 2.1668952310 -1.0932890004 186.6984778070 150.1157725340
-0.0667491202 2.8893935758 -1.8135267343 157.3738366774 456.0631084687
2.8849499926 1.7528628131 -1.9172862492 270.1575678410 170.2106584172
1.1468270981 2.4561268263 -0.9711199181 109.5587273648 284.7065630410
1.7836301664 2.3017608285 -2.5962998189 275.5753956339 268.3600253326
1.7040403951 -1.8849249930 -2.4309656511 603.2017513907 117.7843258492
-0.3139309819 -0.3902845608 -2.9588867546 551.5591871065 384.6123687529
2.0330982211 1.2071025275 -0.3551796497 153.7576124362 67.1299856406
1.1730569531 1.2704948479 -1.1105960248 238.6369917644 230.5481143007
0.6570472120 0.4945068807 -1.4712885553 368.8622351158 271.2229971581
0.7279847276 1.9901461379 -1.3627605785 193.3835476465 326.1123089355
1.5773005481 0.8563350408 -2.8473658583 373.3980319217 249.6796195144
1.7669752855 0.9690625695 -0.5529376649 204.8914524658 96.9684869946
2.3311839498 -0.9539271198 -2.8889311096 481.1987149161 153.5079105960
2.8833560441 2.6773336796 -0.2468877160 56.5269234698 100.6307805864
0.1346661905 -1.4032030397 -2.7868114016 655.7769922229 293.9537549718
0.4773538111 1.3095008612 -1.5680206608 281.7089940572 335.8996584272
-0.4791536927 2.3891232452 -2.6389828612 274.3294029219 472.6394606335
1.9631750106 0.7384015444 -1.1730532119 297.7759205596 134.8571113502
2.7390766891 1.4458832406 -1.4800111153 262.8285196616 143.6397306572
1.1137504699 -0.3175425869 -1.4064089642 459.6996469261 162.2422456164
2.9181215669 -0.3698662499 -2.9485027558 427.2531594453 149.3217804048
1.8142779780 2.3081898863 -0.8022692629 121.1590147562 201.9153408034
0.6772129729 -1.3872812868 -2.0826048477 646.5732962493 198.2892895573
0.5091662389 -1.5917825661 -1.9651756083 719.4365573316 193.9490642896
0.1815827826 2.0076210646 -1.8337579884 238.5400324153 398.9861666733
2.7857291322 0.2667104279 -2.9126554396 391.5904501737 172.1371685483
1.0562875771 0.1801981948 -0.5239100279 317.9945076866 80.7210192390
0.5522005358 2.0961738439 -1.3378655295 176.2257511792 353.6106840907
0.6331406616 -0.7213015916 -1.7853225676 556.7737708385 222.2631749710

gimbalangles:
-1.1177353929 0.4059731104 0.2436259152

end: