T_CW:
0.8138221598 -0.2962870839 0.4999074476 -0.4014505211
0.3244996126 -0.4819354274 -0.8139030933 0.0343727938
0.4820720835 0.8245921463 -0.2960646864 0.2398401166
0.0000000000 0.0000000000 0.0000000000 1.0000000000

T_CW_cov:
0.0000002725 -0.0000000442 -0.0000000458 0.0000000713 0.0000004351 0.0000000063
-0.0000000442 0.0000002874 0.0000000089 -0.0000005265 -0.0000000614 0.0000000554
-0.0000000458 0.0000000089 0.0000003064 -0.0000000088 -0.0000002722 0.0000000036
0.0000000713 -0.0000005265 -0.0000000088 0.0000015332 0.0000001027 0.0000001575
0.0000004351 -0.0000000614 -0.0000002722 0.0000001027 0.0000012821 0.0000000304
0.0000000063 0.0000000554 0.0000000036 0.0000001575 0.0000000304 0.0000006000

target_points_pix:
2.9185907309 1.9178459633 1.8610296438 586.3848997419 107.3384069847
0.4525511890 1.4771543701 -0.3709931605 286.3042230726 208.7758428165
0.0134727521 1.9966532696 -2.2999075116 174.7599923172 329.2618003325
0.0713589459 2.8688959608 -0.9051086491 238.4103517583 190.0721865577
2.5591223247 -0.0443953625 0.5219552533 743.7438789272 326.4814428698
1.8324549851 0.5136414256 0.1050882143 533.3304835624 286.7487043512
-0.3054732399 1.1553874900 0.2017032538 156.3275062751 46.5546885294
0.8179732118 2.2948193458 -0.2082891874 326.5886988890 179.6935671179
0.4760255981 1.6652719494 -2.0074300235 225.3225410857 340.9619993937
0.4157939103 1.1830938811 0.6503161745 357.6749722478 55.7641452465
-0.0197024909 1.9179607289 -0.7375181316 214.0323952988 204.6682669409
1.6912700364 2.9152958030 2.0943006760 473.9790958249 24.1874369803
1.0143189639 -0.1834378360 0.2340703772 658.4822620312 363.9496265052
2.1243149059 2.5165360083 -1.1599424087 375.5306121236 269.4125261226
2.2027673226 1.2739145926 -2.7746600208 346.5080422182 422.1650557293
2.6388940522 0.2859068827 0.6616028722 686.1249161853 272.9145411520
2.2838413789 1.2710353105 -2.0665887182 379.2208721909 388.3444781993
2.6356910408 1.1581813945 0.7110316627 563.4532525050 213.1600770746
1.3605142988 1.3279683397 -2.8167563008 281.3555040963 421.4678552147
1.6985656786 2.3108705817 2.0575274508 511.3103877451 13.3233860439
0.8606978522 2.4381202060 -0.8605197644 304.6790206292 226.1970434474
2.2974160006 1.1434337072 1.1115312662 583.0384119466 156.2922896415
1.8636994645 0.9851570773 0.8625067980 554.6603344158 162.4717469830
2.8400527988 2.3293742471 -2.5758741647 371.4638167418 348.2050603727
0.6837708879 1.9678359559 0.5759732938 358.6141313974 100.6450723321
2.4952987901 1.9204534977 1.3630564139 535.7345933984 129.7365838357
1.9598271384 2.0807628825 -1.8172077782 351.7014938332 319.8995360552
0.3223913466 0.6572687096 0.3411312926 328.2626510316 108.0895812461
1.2977747122 2.7046068227 -2.0603174099 298.2415081104 293.3062358372
2.8920798147 2.1378650829 -2.5311623147 378.0473387961 356.2938007339
-0.8911796826 2.9815497203 -1.4877817901 129.4947098435 196.7044151162
2.7260240624 2.2495865463 -1.9352716347 386.4594387395 325.1454889935
1.1135292309 2.9590436052 0.6041369903 369.7628216051 118.4251914096
2.6278435143 1.8946618219 1.8255796272 574.8766906022 94.8888709369
0.6336242524 1.1783842050 -1.0552852102 274.4442777301 309.7933384663
2.3667225286 2.8706255632 -2.1373102295 353.3939248107 303.2807143883
1.5404004160 2.0873391010 1.9086104661 509.7281323129 10.9483269293
0.2585293654 0.5934473492 -0.5108773483 225.6136099887 299.6178849973
2.4841714159 1.4051269004 1.6262681959 606.0687288407 106.5027393289
2.1983390802 1.3671984969 -1.0802983766 413.9432410346 324.6349082514
1.0168380356 1.8187565862 1.2681363448 443.6877857660 38.1432894896
2.3406080829 1.6524588336 2.3188796262 632.1659014932 15.8394832722
1.7824561088 1.2368809704 -0.1031601285 446.5101556130 251.0456101025
2.6588510636 -0.1466194073 -0.3037086062 643.7738465449 436.7602757195
1.2383180701 1.3099832525 -2.0678546936 297.2978415408 381.7155550666
0.7871674616 2.0424983208 0.2012990387 346.7638192976 147.6095025311
1.3716637695 0.8792669647 -1.3574988410 348.9267547608 377.8892823702
0.9719223617 1.9689701437 -1.5625638722 290.6594361695 297.7600510018
2.8361755367 1.9949440335 -2.4556373968 380.3112305409 360.8197860967
1.2103062974 0.1184933070 0.6222756592 657.5100167664 194.5869740154
0.9923400970 0.5709656991 -0.1292795507 409.7862591571 276.0835382664
2.6984458114 1.3496573022 0.7124865195 548.4115118951 207.5916379592
0.7575916053 0.2523891601 -1.0951950878 288.3330207816 463.0454962449
0.8962104592 2.8887750237 0.0742970148 336.2417814253 149.4186090821
2.4003927181 0.1999549924 -0.1597382894 587.8063085317 366.9266613560
1.4570043822 2.3114412965 -2.8657043889 287.9747334754 352.5566327800
1.6781638844 1.7635796532 -1.0815039641 367.1766630877 291.7323100574
-1.1012706995 2.9606741992 0.3197833124 138.5629112129 3.0814389036
1.4697371940 1.7050643911 -2.6910499524 294.4223203032 383.7544063582
1.4997362677 2.2552284310 -1.7042058754 324.4812435863 299.2072089923
1.9711161295 2.5320500174 -0.8647562015 376.5546869533 249.9891476758
2.2679231297 1.6166728105 1.6066018340 570.7644589328 94.1876537117
0.6325419191 2.6208530677 -2.3930825352 243.3068255055 305.1216367964
2.2683739193 1.5151538458 1.0720505343 538.7635094023 150.9199280041
2.8407462338 2.6756664027 -1.3199547291 401.9929627031 282.2304361662
0.8583509219 1.9819683117 -2.4177920373 254.4459026469 346.5804567494
0.7902253300 -0.0498267092 -0.2495925517 423.7429723642 431.1665864483
-0.7126786561 1.9834577945 -1.0618160856 100.1883551370 201.8435503128
1.9193600062 2.7960739311 -1.6739447817 344.7690049644 280.5599628512
2.8049534027 1.7549510628 -2.7261348255 375.2655089626 385.3800696177
2.9691898119 0.8306301282 -1.4718533968 464.6429318311 395.2789305820
1.9577623473 1.9570472736 1.2495788176 498.8644614048 111.2534194802
2.4239824816 0.7568461512 -2.0444246221 405.0678677283 434.1088839069
2.5332886341 0.3624403137 -0.8886724309 507.6981186582 407.3496520110
2.7230803671 2.1668952310 -1.0932890004 416.8052367230 289.9046948168
-0.0667491202 2.8893935758 -1.8135267343 203.6291952276 247.2117330767
2.8849499926 1.7528628131 -1.9172862492 406.4045148516 351.5787885513
1.1468270981 2.4561268263 -0.9711199181 322.2874867695 240.5759682165
1.8638170845 2.7136824619 0.0667283887 400.4295633005 187.4768727586
1.7836301664 2.3017608285 -2.5962998189 315.4806656801 343.1669973962
2.0330982211 1.2071025275 -0.3551796497 449.7372772167 280.9467588749
1.1730569531 1.2704948479 -1.1105960248 333.2383492696 318.0077726348
2.9461481719 2.4968893176 2.7161145307 592.3457634912 38.3625804938
0.6570472120 0.4945068807 -1.4712885553 246.0207284936 448.1835530534
0.7279847276 1.9901461379 -1.3627605785 276.2689361209 278.0592466819
1.7827388544 2.9902355627 2.0898483581 474.5905823632 32.3806588236
0.9641042651 2.6882373571 1.1690572800 391.5583867632 61.3166002353
1.5773005481 0.8563350408 -2.8473658583 300.1021830802 472.2773674449
0.7664780110 2.9653914697 -0.1033146028 319.7069743437 156.5382182705
1.7669752855 0.9690625695 -0.5529376649 430.7956607336 309.3112074761
1.4488983111 0.6617484764 1.0469220162 602.7032241652 102.0256997101
1.1060195470 2.4830620612 0.3854567192 371.3409126080 139.5896199870
2.8833560441 2.6773336796 -0.2468877160 439.0992063171 232.2106619577
2.7832056284 2.7310910625 0.6875618561 468.3245412684 177.1603946652
0.4773538111 1.3095008612 -1.5680206608 232.5807513488 339.8881668583
0.7034332180 -0.0654622727 0.4930513506 654.0873283734 171.3197242673
-0.4791536927 2.3891232452 -2.6389828612 128.4052721920 316.1535003448
1.9631750106 0.7384015444 -1.1730532119 419.3932037282 383.0328400137
2.7390766891 1.4458832406 -1.4800111153 424.8706573045 347.8228807287
1.8142779780 2.3081898863 -0.8022692629 374.3864174378 251.8150220145
0.1815827826 2.0076210646 -1.8337579884 206.1308233263 298.9529122666
1.8809823717 2.0841163296 0.5893151287 447.8960528428 164.1565413414
1.0562875771 0.1801981948 -0.5239100279 408.2098324994 403.9634073003
0.5522005358 2.0961738439 -1.3378655295 260.9424977916 266.4331109260

gimbalangles:
1.3916509127 2.0498453493 2.8502665450

end: