T_CW:
0.3082391923 -0.8397632153 -0.4469746554 -0.0381671290
-0.8736343070 -0.4358331878 0.2163620347 -0.0027718049
-0.3764992668 0.3238011345 -0.8679868244 -0.0600720684
0.0000000000 0.0000000000 0.0000000000 1.0000000000

T_CW_cov:
0.0000006743 -0.0000000463 -0.0000000719 0.0000000901 0.0000016107 0.0000000167
-0.0000000463 0.0000004583 0.0000000068 -0.0000013373 -0.0000000847 -0.0000000180
-0.0000000719 0.0000000068 0.0000002896 0.0000000134 -0.0000002105 0.0000000008
0.0000000901 -0.0000013373 0.0000000134 0.0000046957 0.0000001387 0.0000001534
0.0000016107 -0.0000000847 -0.0000002105 0.0000001387 0.0000046285 0.0000000633
0.0000000167 -0.0000000180 0.0000000008 0.0000001534 0.0000000633 0.0000007259

target_points_pix:
-2.8243573618 2.6628569762 -1.5907718359 194.0733594154 311.1396007324
-1.8989089335 2.7021134331 -0.4054152166 26.7255952691 289.5642748165
-2.4509590965 0.8871749841 -2.1853645049 330.7418080184 341.1536925510
0.7583609253 0.4677505926 -2.4511855211 487.6396109346 64.4193346786
-1.1698605629 -0.0915581141 -1.3700899405 420.8588964382 359.4459027633
-0.4339811544 0.3604827340 -1.2275564470 389.1823781828 231.5053954976
-1.2830020915 -0.7477612956 -2.9741651212 508.7462260111 309.5277151137
0.0134727521 1.9966532696 -2.2999075116 311.4122894687 110.0027131833
0.0713589459 2.8688959608 -0.9051086491 75.2238778604 15.0626008764
-2.5095895023 1.4537282118 -1.9005724212 279.9728171184 331.7425957522
-1.3783621819 0.6183489028 -2.2812195003 378.6946832903 279.7181092004
0.4760255981 1.6652719494 -2.0074300235 328.8848159851 52.9380009276
0.0469361765 -0.1783641195 -2.6535832882 521.9892656664 179.3241632586
-2.6318751097 -0.2406755511 -1.7765257254 389.9982230375 443.3911679236
-0.0197024909 1.9179607289 -0.7375181316 109.5546978118 43.3965497798
-2.2570881565 2.7082349037 -2.0633919600 229.1798438047 263.3522011848
-2.4349464755 0.7633696205 -1.9950480928 329.1773149529 355.7068362836
-2.9891561525 1.0928385460 -1.1234454871 236.2628452021 430.5305416687
-2.7312989435 2.6530594031 -1.3942433270 177.3368276742 313.2180482697
-2.6333375856 2.5260876036 -0.4714651478 65.9831102387 362.1183608312
-1.2333229781 0.8026401249 -0.6833503019 224.0217185848 350.5489904630
-0.2118470871 -0.0163581002 -1.5873625828 482.6136473423 212.7555068117
-0.1823780494 -0.8635400208 -2.5844140384 594.3529385912 236.0633729197
-1.2292746160 0.8858709981 -2.9739817686 387.9159150413 242.6334741049
-0.8911796826 2.9815497203 -1.4877817901 169.7232149431 158.9240751826
-1.5747020397 0.3647896395 -2.1186734669 386.5597127461 312.7588482215
-2.5954390840 0.9615306910 -1.9993108423 313.7953131188 354.7019564161
0.2277862557 -0.3340403307 -2.6300424523 552.8050932826 164.9970701120
0.7112279187 -0.6943231092 -2.1725083750 689.9921122071 95.7139906229
-1.8048953481 1.9335417400 -1.4229821744 220.7950796358 280.7498162287
0.0588398480 0.1345663759 -1.9919443238 483.5973707325 161.2716210389
-2.3495685473 0.3594685558 -2.9255488728 392.2195460456 327.1008144433
-1.2272046121 -1.5636394124 -2.1282380772 631.5806893779 418.5490803379
-2.7764038774 2.3680402460 -0.8289858517 129.6233876111 358.2199882831
1.1375885433 -0.0063029323 -2.6361798873 576.6373084885 29.3874565955
-1.2502089736 -0.4633432231 -1.6307261334 475.1794447135 375.0577082191
-1.7725763211 0.1321032521 -2.5127218453 412.2183933372 320.0792040225
0.6325419191 2.6208530677 -2.3930825352 285.8759701189 35.5474973431
-1.0103194588 -0.8321822294 -2.8083801352 531.2060491755 301.1117091427
-0.3638610292 -0.9546125156 -1.7797905765 641.5989384901 303.1293247343
-1.6435711194 1.7206815262 -0.2385074952 30.9677674587 355.5637397462
0.8583509219 1.9819683117 -2.4177920373 339.0730225522 20.0906487252
0.3303057821 0.2394415897 -2.7978580808 490.8516825443 135.5406750528
0.9955118727 -0.6900885001 -2.2663970244 719.3446427855 43.4815785279
-2.8070000852 2.1028983329 -1.6509945629 224.5601206248 330.9688383804
-1.0050947886 1.3796874961 -1.1237346037 235.8403990585 243.7843701201
-2.9469886051 -0.0556582209 -2.3291306646 386.4246451565 405.1539293031
-0.7126786561 1.9834577945 -1.0618160856 177.4616481419 174.8186058215
-2.2906387154 -1.9032725139 -2.9466558645 566.6624975547 432.6335567147
-0.3936100835 -1.1881348723 -1.5631378304 726.3467902047 358.3751438687
-2.0786952816 -1.2439389284 -2.8570242590 517.0381675415 389.8933416313
0.0746601060 0.5852067123 -2.6719971241 444.1076193009 149.5711304640
-1.1895189559 -0.0584733151 -0.8465864265 380.1838284086 432.0332456011
-1.7178836189 1.5332592184 -0.2148120387 40.3194071026 388.7415252384
-1.0310568987 0.1681308091 -1.9239170579 417.9717301605 287.7394591780
-1.6965573658 2.2500304313 -1.4300462053 203.2575967695 257.1248287955
-0.0667491202 2.8893935758 -1.8135267343 211.8279305454 84.1245388428
-0.7896994598 -0.6712832293 -1.4482634684 551.5182907593 365.4747708991
-1.7593186310 0.6483982310 -1.4034331411 315.9204405876 352.7942093808
-0.3139309819 -0.3902845608 -2.9588867546 521.7209466431 220.4682554668
-1.0519031372 -0.6309223896 -1.1260086692 521.7581653773 446.1167836833
-2.5222100225 -0.7635231769 -2.4214857334 455.4255973903 416.2605495739
0.6570472120 0.4945068807 -1.4712885553 462.3028356124 1.9025528367
-1.1789359356 0.5890362018 -2.6866246034 400.3550704938 255.3027562108
-2.3709911216 0.7873857488 -1.7873182151 317.1303549937 362.2054067962
-2.1351115329 0.3711751050 -2.8548084772 394.8107878773 318.1103664977
-1.5993342926 1.4370656586 -2.3495525503 320.7210997104 259.9319603667
-1.6020343444 1.0108264512 -2.1461077954 338.2119579388 282.9773996390
0.1346661905 -1.4032030397 -2.7868114016 691.9032197996 225.0778636022
0.4773538111 1.3095008612 -1.5680206608 330.0237348548 31.3293027914
-0.4791536927 2.3891232452 -2.6389828612 298.2436228538 148.9332911010
-1.7376268140 2.4434120148 -2.6251467566 279.0789200458 231.6399362759
-2.7196823128 2.1269550887 -0.8836294877 148.7042370503 364.9246307016
-1.4994475505 -0.9512953885 -2.1558872977 522.5456239793 386.2582937312
0.1815827826 2.0076210646 -1.8337579884 278.4660131551 75.3438991387
-2.2862629253 -0.2226837426 -1.4929258470 388.4428707386 450.7992919474
-2.7921738827 1.8243530301 -1.3223706776 212.4547724186 360.0099609308
0.6331406616 -0.7213015916 -1.7853225676 746.5238626590 90.2498727703

gimbalangles:
-1.8153047740 0.4632188727 -0.3516875971

end: