T_CW:
0.8999259958 -0.4184463513 -0.1226207696 -0.0323769514
0.1816179550 0.6153645234 -0.7670341725 -0.0561960053
0.3964191223 0.6680038581 0.6297799021 -0.0132198080
0.0000000000 0.0000000000 0.0000000000 1.0000000000

T_CW_cov:
0.0000004415 0.0000000499 -0.0000000379 -0.0000001269 0.0000008544 -0.0000000479
0.0000000499 0.0000003414 -0.0000000024 -0.0000008205 0.0000001063 -0.0000001047
-0.0000000379 -0.0000000024 0.0000002771 0.0000000016 -0.0000000831 0.0000000008
-0.0000001269 -0.0000008205 0.0000000016 0.0000024866 -0.0000002716 0.0000003235
0.0000008544 0.0000001063 -0.0000000831 -0.0000002716 0.0000021601 -0.0000001188
-0.0000000479 -0.0000001047 0.0000000008 0.0000003235 -0.0000001188 0.0000005785

target_points_pix:
0.1742910257 2.9893768659 1.8724033039 273.8052640892 267.9155807759
0.4101131736 0.5362741924 2.2116901022 355.0586782614 67.9940499740
0.3768682695 1.5477426008 2.0531356562 317.0889365845 179.6534069693
2.9185907309 1.9178459633 1.8610296438 480.4092153407 254.8021951376
0.9121584893 0.1426808612 1.2079831403 491.8853785304 93.1184504548
0.9456625691 1.7601532697 2.9743486518 355.2417022220 162.7849751358
1.8324549851 0.5136414256 0.1050882143 674.5432690427 349.9049082867
-0.3054732399 1.1553874900 0.2017032538 117.2948554198 380.2201802693
-0.1910322562 1.2311524432 2.2972743069 264.2192721293 118.0526284607
0.8179732118 2.2948193458 -0.2082891874 342.6656420444 474.5775353208
0.8211055262 1.2423480346 2.5425745515 364.2556083508 143.2235850870
0.4157939103 1.1830938811 0.6503161745 333.5842354379 284.0462258977
-0.8454043785 2.6955158446 1.3401100284 155.6219867844 283.9194334662
1.6912700364 2.9152958030 2.0943006760 376.0797417131 266.5999306657
0.2911990845 0.4534318924 1.9094584180 346.0661221600 60.7016659489
0.8344632586 0.7250167015 1.6089183875 404.3179556310 147.2817088023
2.6388940522 0.2859068827 0.6616028722 691.0273936889 253.0626251188
2.6356910408 1.1581813945 0.7110316627 565.0439935229 302.8820791261
1.6985656786 2.3108705817 2.0575274508 394.4216253172 246.2106139791
2.2974160006 1.1434337072 1.1115312662 520.7640264566 261.2917251028
-0.8437154314 1.5526174756 2.5041567278 188.7080818236 114.2055100726
1.8636994645 0.9851570773 0.8625067980 516.7225194249 268.0534544510
0.6837708879 1.9678359559 0.5759732938 336.3990197407 344.1987045953
2.4952987901 1.9204534977 1.3630564139 471.6829062427 280.9421665485
-0.4403439149 0.7830369850 1.9775365700 222.4553173799 60.3681646311
0.3223913466 0.6572687096 0.3411312926 356.6782149420 285.2522940115
2.4273031833 1.9853565523 2.7413508252 434.8222777167 209.5675693748
-0.3089028941 2.6625183818 2.6735419307 247.8792963496 201.4275376865
1.1135292309 2.9590436052 0.6041369903 345.5354929231 370.1266038443
0.3581181741 0.7410917287 2.9171161179 338.1412106840 65.3496451865
-0.8537239679 1.5280305348 1.0098617859 85.4507294614 231.1253109897
0.0001974302 0.4256021854 2.6457210473 308.5283793866 11.9056259100
2.6278435143 1.8946618219 1.8255796272 467.6925893151 252.6785521383
1.3518114199 0.7830964934 2.7510300194 420.4749061367 114.3025342306
-2.2600804841 2.7042386112 2.9957597684 65.5445233961 143.9643716013
1.5404004160 2.0873391010 1.9086104661 393.9414006791 242.9046621040
2.4841714159 1.4051269004 1.6262681959 491.9791812815 240.5755523611
1.8480999231 1.0615362460 2.2632808650 452.3236300513 171.4854817966
2.4648997918 0.1336515858 2.7860253487 529.3275269736 96.2926620585
1.0168380356 1.8187565862 1.2681363448 371.8756289653 267.2381412213
0.9146035834 1.0196575720 1.7087156997 393.0208538925 173.7483552679
2.3406080829 1.6524588336 2.3188796262 451.6320829499 212.2515179975
1.7824561088 1.2368809704 -0.1031601285 552.6551479028 423.7583757237
0.7871674616 2.0424983208 0.2012990387 347.8062516126 400.2573861427
-0.2121167416 1.7897788713 0.8297268490 215.0257787591 294.8121151039
0.0114893594 1.4849654352 2.7194465450 287.6426858924 129.5578725367
2.3780720027 -0.0837965984 2.0767695085 584.6261721483 98.8880887544
-1.0463656283 2.8561966183 2.4513405431 177.7281920626 210.0596826514
1.2103062974 0.1184933070 0.6222756592 615.4183937907 177.4583637225
0.9923400970 0.5709656991 -0.1292795507 602.0105319091 443.8765980318
-1.3853892513 2.8067198839 2.5439830716 145.7909498359 195.4224323586
2.6984458114 1.3496573022 0.7124865195 550.5312029510 311.7127140265
0.8962104592 2.8887750237 0.0742970148 328.9903324042 430.1776238024
-1.3300249498 2.5741901058 1.1257362683 62.1382945362 293.7326816902
-1.1012706995 2.9606741992 0.3197833124 53.3932952799 424.2362664716
2.1326369723 1.5933316956 2.3844999725 441.3109021034 202.7432845892
0.5781786926 0.7674459552 2.0919120920 364.6780324836 111.4885665954
0.3612892001 1.9794375196 1.7997934799 304.5468216267 225.2551420949
-1.2276053261 2.6819769802 0.8135725963 59.0012335148 339.7411429294
1.1655134506 1.3593261429 2.2617282296 390.0968784466 174.9659173312
2.2679231297 1.6166728105 1.6066018340 467.4837970751 249.1701634853
1.5339740108 -0.0088084180 1.0042570867 618.5668470898 130.0025783396
-0.7909341437 1.6858794598 2.4060578815 192.9835863843 134.2466849936
0.8587961988 2.4448778198 2.1427041175 335.4336282626 236.6981524004
0.4245033914 1.0191820396 1.0525622049 342.0556191171 213.8628392214
2.2683739193 1.5151538458 1.0720505343 492.1611178044 283.3526737451
2.1449007298 0.0322231014 2.5423879487 529.9190749046 82.5433466124
-0.9064956900 1.3399447130 1.3053989599 93.0741075442 168.0557458444
1.2202986687 1.9498949965 2.2978520360 372.8868534341 209.7338275247
1.2961433232 -0.2137759639 0.8682376054 673.9506937743 74.2468616748
-0.5327274467 1.8078641803 2.4510237977 225.1178481849 151.4620369077
0.0615378091 1.2928000387 1.6921680272 284.8589627987 171.3343956150
0.3863538972 0.6004048737 2.4777203984 347.6886397786 64.9615149855
1.9577623473 1.9570472736 1.2495788176 439.3908660708 285.7190950810
1.7478756708 0.7464948804 2.7115920619 450.3473400683 125.6538114130
-1.0407025969 1.8511915990 0.7612577383 30.9461452228 297.6855472617
1.4063415740 2.6146316096 2.3857624421 365.5012234880 238.1777464007
0.8374901713 1.4854764911 2.1589736941 360.3373344452 181.0661587971
1.5141529547 1.3550904227 1.7856819041 425.5857850114 210.2673587480
-0.0697798789 0.3330106119 2.1652521284 297.0151190635 0.9014497844
-0.8258884787 1.9551499206 2.9404138368 207.5031023037 131.5265628571
0.0760607588 1.1070308493 1.1084568367 281.6502472355 204.4179302164
1.8638170845 2.7136824619 0.0667283887 422.2606637070 417.7520905990
-1.2490170593 1.8097791482 2.9824056964 161.5022066410 102.9207848360
2.0330982211 1.2071025275 -0.3551796497 610.1651964065 473.1468689001
2.9461481719 2.4968893176 2.7161145307 441.4984189645 235.9400793370
1.7827388544 2.9902355627 2.0898483581 379.1717487513 270.0287880273
0.9641042651 2.6882373571 1.1690572800 339.1822708975 312.6389698774
-2.2550310878 2.7469332465 2.5621232452 39.7728712570 169.0818093695
0.7664780110 2.9653914697 -0.1033146028 312.7137033051 457.3809531886
-0.2705378639 1.4697607094 2.7967741969 261.5012998082 115.4287574317
0.4083008837 1.8891851128 1.7336414602 310.7149850870 225.1402189055
0.8063107787 0.5184446572 1.0431785338 439.6183340860 167.3840285767
1.4488983111 0.6617484764 1.0469220162 501.3025165308 212.0920018362
-0.3200082119 0.9773080063 1.1397837352 204.4705033465 163.4713206837
1.1060195470 2.4830620612 0.3854567192 362.4610591918 382.7104641314
2.8833560441 2.6773336796 -0.2468877160 504.1797865495 441.3008827605
2.7832056284 2.7310910625 0.6875618561 465.2490575233 355.3526906234
0.7034332180 -0.0654622727 0.4930513506 633.1253652171 81.9748463342
2.3746660379 0.5242174031 1.6523616679 550.7835612152 180.1429030686
-1.0390669904 2.4980477584 1.6226163434 139.1558808349 244.6593469935
-0.1459639570 2.6501550755 1.2960006555 237.6305688098 292.8381525518
1.8809823717 2.0841163296 0.5893151287 444.6705751351 347.7072973857

gimbalangles:
0.6874502247 0.1229301522 -1.1355562297

end: