T_CW:
0.5511993126 -0.7615824759 -0.3408393321 -0.0362180023
-0.2903673992 0.2078765956 -0.9340632176 -0.0540325096
0.7822186979 0.6138236338 -0.1065572862 -0.0439472653
0.0000000000 0.0000000000 0.0000000000 1.0000000000

T_CW_cov:
0.0000002920 0.0000000853 -0.0000000247 -0.0000001575 0.0000005468 -0.0000000424
0.0000000853 0.0000003436 0.0000000023 -0.0000006902 0.0000001330 -0.0000000203
-0.0000000247 0.0000000023 0.0000002702 0.0000000327 -0.0000000805 0.0000000072
-0.0000001575 -0.0000006902 0.0000000327 0.0000018583 -0.0000002441 0.0000001230
0.0000005468 0.0000001330 -0.0000000805 -0.0000002441 0.0000014818 -0.0000000693
-0.0000000424 -0.0000000203 0.0000000072 0.0000001230 -0.0000000693 0.0000004865

target_points_pix:
2.9185907309 1.9178459633 1.8610296438 336.0176411736 71.1204766810
0.4525511890 1.4771543701 -0.3709931605 224.0946617785 329.6978920835
0.0713589459 2.8688959608 -0.9051086491 132.9035383046 416.4451876879
2.5591223247 -0.0443953625 0.5219552533 533.9823728390 72.6612291531
1.8324549851 0.5136414256 0.1050882143 453.3789733957 157.0896376915
0.8179732118 2.2948193458 -0.2082891874 224.6697864382 284.9217251143
1.5905470624 0.5227412081 -2.2990225691 543.1813207378 477.8929500459
0.4157939103 1.1830938811 0.6503161745 135.6092371335 101.3217115155
0.8980708545 -0.2130090316 -0.3464988306 691.8450088801 224.3921432148
2.2457088193 -0.2690198173 -1.2941584072 640.4126527765 303.6814732642
-0.0197024909 1.9179607289 -0.7375181316 121.3160007696 449.6460423273
1.6912700364 2.9152958030 2.0943006760 202.0387584864 78.4572671427
1.0143189639 -0.1834378360 0.2340703772 605.6304664392 0.3135966905
2.1243149059 2.5165360083 -1.1599424087 346.8347915492 308.4395368369
2.2027673226 1.2739145926 -2.7746600208 476.4829342443 429.3299762435
1.7022931842 0.6034113149 -2.4383688156 535.9034865019 473.4695202558
2.6388940522 0.2859068827 0.6616028722 486.2532132882 82.6491257982
2.2838413789 1.2710353105 -2.0665887182 459.8452593416 369.8368817330
1.8436071198 -0.3614789899 -0.5329186283 657.1318766383 206.8650826807
2.6356910408 1.1581813945 0.7110316627 401.9195548785 126.2664266711
1.6985656786 2.3108705817 2.0575274508 223.2677765023 45.9214263098
0.8606978522 2.4381202060 -0.8605197644 252.5455983845 349.3598253489
2.2974160006 1.1434337072 1.1115312662 373.2576471640 82.0540744175
1.8636994645 0.9851570773 0.8625067980 368.6032409873 89.4238361478
2.8400527988 2.3293742471 -2.5758741647 414.7317732383 364.8984802274
0.6837708879 1.9678359559 0.5759732938 175.2392256534 183.2153586958
2.4952987901 1.9204534977 1.3630564139 326.9356483998 103.6865111377
1.9598271384 2.0807628825 -1.8172077782 381.7161314868 362.6941569881
0.3223913466 0.6572687096 0.3411312926 175.4482884017 100.9841467917
1.2977747122 2.7046068227 -2.0603174099 317.7253543356 413.9794194298
2.8920798147 2.1378650829 -2.5311623147 425.7167299818 361.4371573419
2.7260240624 2.2495865463 -1.9352716347 402.4420577597 333.6497916990
1.1135292309 2.9590436052 0.6041369903 198.7946513630 208.9427132415
2.6278435143 1.8946618219 1.8255796272 322.2902632237 66.8225087638
0.6336242524 1.1783842050 -1.0552852102 333.0658166825 426.0475860170
2.3667225286 2.8706255632 -2.1373102295 363.2166131275 357.5238532128
1.5404004160 2.0873391010 1.9086104661 221.0845548645 39.6937376213
0.2585293654 0.5934473492 -0.5108773483 303.3716468020 437.1927639719
2.4841714159 1.4051269004 1.6262681959 348.0571133075 52.4711251804
2.3235776381 -0.6902499417 -1.1799127502 731.3458564749 277.2491858782
2.1983390802 1.3671984969 -1.0802983766 421.4922818353 294.8301243993
1.6075514943 0.3175726274 -1.9505948349 565.7520004600 444.1536657217
1.0168380356 1.8187565862 1.2681363448 194.7815926411 78.2416511221
1.7824561088 1.2368809704 -0.1031601285 379.7809723375 214.6884162463
2.6588510636 -0.1466194073 -0.3037086062 576.3464143720 169.5256956796
1.2383180701 1.3099832525 -2.0678546936 419.1456385980 461.7121929421
0.7871674616 2.0424983208 0.2012990387 210.8542601785 233.3947986249
1.3716637695 0.8792669647 -1.3574988410 447.6843398091 380.5117294713
0.9719223617 1.9689701437 -1.5625638722 321.2237176437 416.8052612041
2.8361755367 1.9949440335 -2.4556373968 431.0934546134 360.5301355335
0.9923400970 0.5709656991 -0.1292795507 401.7474665986 216.9075624982
2.6984458114 1.3496573022 0.7124865195 390.7617897684 134.6909370607
0.7575916053 0.2523891601 -1.0951950878 541.1197125313 475.8748322351
0.8962104592 2.8887750237 0.0742970148 198.7948243190 261.2184178935
2.4003927181 0.1999549924 -0.1597382894 521.0099834325 170.9022812919
1.4570043822 2.3114412965 -2.8657043889 373.8473663350 469.4418498366
1.6781638844 1.7635796532 -1.0815039641 366.8776016342 321.4937397639
1.4697371940 1.7050643911 -2.6910499524 414.2100673000 476.2932976185
1.4997362677 2.2552284310 -1.7042058754 344.2089056434 380.5651933257
1.9711161295 2.5320500174 -0.8647562015 330.4086005455 294.0055292815
2.2679231297 1.6166728105 1.6066018340 321.7216800682 61.6059395057
0.8587961988 2.4448778198 2.1427041175 100.9710498425 10.8938753087
2.0870307964 0.3507490887 -2.2443769366 566.1194086035 418.2420410083
2.2683739193 1.5151538458 1.0720505343 346.2908917024 106.6679959905
2.8407462338 2.6756664027 -1.3199547291 371.7254082753 295.1448328455
0.7902253300 -0.0498267092 -0.2495925517 596.8612827775 213.8147495500
1.9193600062 2.7960739311 -1.6739447817 336.5238665206 350.2111374022
2.8049534027 1.7549510628 -2.7261348255 451.0826693704 380.0088208267
2.9691898119 0.8306301282 -1.4718533968 495.9525959478 291.4070984334
1.9577623473 1.9570472736 1.2495788176 292.6165181782 108.6906820184
1.4063415740 2.6146316096 2.3857624421 167.7215113217 23.7805470244
2.4239824816 0.7568461512 -2.0444246221 510.8162972144 364.4875136765
2.5332886341 0.3624403137 -0.8886724309 524.0593289295 251.9886242011
2.7230803671 2.1668952310 -1.0932890004 388.0923089560 282.4889399431
2.8849499926 1.7528628131 -1.9172862492 435.6967886559 327.0570126181
1.1468270981 2.4561268263 -0.9711199181 282.6643285954 340.7227293140
1.8638170845 2.7136824619 0.0667283887 288.8255718440 232.2115525777
1.7836301664 2.3017608285 -2.5962998189 381.5544005854 425.0272215229
2.0330982211 1.2071025275 -0.3551796497 405.0498760248 233.1500939096
1.1730569531 1.2704948479 -1.1105960248 378.1920503610 363.3522392586
2.9461481719 2.4968893176 2.7161145307 289.7105170337 37.4868583904
0.7279847276 1.9901461379 -1.3627605785 287.5845559407 421.2159878349
1.7827388544 2.9902355627 2.0898483581 208.5193080871 84.3170500619
0.9641042651 2.6882373571 1.1690572800 164.2654668466 145.7597527968
0.7664780110 2.9653914697 -0.1033146028 189.1436286370 283.7828112094
1.7669752855 0.9690625695 -0.5529376649 422.4146213121 257.8794731294
1.4488983111 0.6617484764 1.0469220162 358.0874449007 9.7561315493
1.1060195470 2.4830620612 0.3854567192 223.1897235988 216.5744535106
2.8833560441 2.6773336796 -0.2468877160 350.2445431987 233.0797121952
2.7832056284 2.7310910625 0.6875618561 322.4320737773 178.9318445164
1.9631750106 0.7384015444 -1.1730532119 478.4984923798 312.6109419352
2.7390766891 1.4458832406 -1.4800111153 442.7402407906 303.6996109609
2.9181215669 -0.3698662499 -2.9485027558 672.5820242032 424.2387665040
1.8142779780 2.3081898863 -0.8022692629 331.5223152592 294.0625745521
2.7857291322 0.2667104279 -2.9126554396 587.4568599403 416.9090059472
1.8809823717 2.0841163296 0.5893151287 303.2399269591 173.9361791973
1.0562875771 0.1801981948 -0.5239100279 525.0142110920 281.9062315952
0.5522005358 2.0961738439 -1.3378655295 259.1892937066 435.3521072447

gimbalangles:
-0.3627528819 0.1875902997 -0.3695451540

end: