T_CW:
0.020092728563395 0.007219875773215 -0.999772051846168 -0.029357205169252
0.193365474066974 -0.981121582384582 -0.003199065180279 -0.034531961850790
-0.980921034384385 -0.193257118815822 -0.021109484344134 -0.045251775190339
0.000000000000000 0.000000000000000 0.000000000000000 1.000000000000000

T_CW_cov:
0.000000417807373 -0.000000021854061 -0.000000003501552 0.000000016153560 0.000000967692636 -0.000000101554859
-0.000000021854061 0.000000310605812 -0.000000017210560 -0.000000972899112 -0.000000009032316 0.000000048185246
-0.000000003501552 -0.000000017210560 0.000000198509822 0.000000111245626 -0.000000038487377 -0.000000001906509
0.000000016153560 -0.000000972899112 0.000000111245626 0.000003718574446 -0.000000097593344 -0.000000109732174
0.000000967692636 -0.000000009032316 -0.000000038487377 -0.000000097593344 0.000002907316734 -0.000000154100516
-0.000000101554859 0.000000048185246 -0.000000001906509 -0.000000109732174 -0.000000154100516 0.000000624893825

target_points_pix:
-2.636403943417887 -2.332364509038969 1.613121291927358 235.283349257853700 381.767825687443519
-2.894844139882586 0.626952975212953 1.276598131992237 251.043376090466893 128.654977973921859
-1.784274999354633 0.358989752143200 1.389678325383619 156.650310859694002 128.712506277978235
-2.450959096546251 0.887174984101025 -2.185364504945775 604.048432623930807 91.013480970957119
-2.756072458789342 -1.219495393230536 1.919283386623296 204.705274274532087 292.363806484437418
-1.169860562919528 -0.091558114088769 -1.370089940519724 652.375690587043664 204.509624631165252
-2.509589502277388 1.453728211799895 -1.900572421172508 578.816903473699085 23.897867557134589
-1.932373118625581 -0.301247473780037 -0.748190514007685 460.458296693405600 225.711728830684280
-2.117320053338740 -2.144778239556308 -1.406029482561590 504.068317399104160 402.204036167749450
-1.759048822907458 -1.615888020375582 -0.800308399887226 462.397548900230902 385.603099799842880
-2.673456675019535 -2.626516569506575 1.270193793128689 266.771314656323852 399.443772252663393
-1.679765835343294 0.449720655470374 0.924644277490595 216.151076043926594 109.660436987447525
-2.752637489574927 -2.428256160831602 -2.050260806049639 524.000073784947972 378.708019670959118
-2.963043857422604 1.249868543427633 0.270322065075567 342.885887309768407 69.816725530711665
-2.800292032162577 -2.717799094036851 0.708725477149321 313.999935084214655 396.815191657438390
-2.249377601482980 -2.392342577632054 1.747230801799331 203.359699638175357 414.616756745229452
-2.631875109736306 -0.240675551070411 -1.776525725434079 531.466210559175693 211.726628390136057
-2.128984519802631 -2.006397730996573 0.090773271844217 357.619992956208250 391.123622942163252
-2.434946475471317 0.763369620477728 -1.995048092810875 582.992386585295208 104.689503438397310
-2.393341522250106 -2.814569004139154 2.156870334324788 180.626777213162512 434.487102722191878
-2.989156152482370 1.092838546008974 -1.123445487097596 468.614370060797000 88.937289062731821
-1.974000848471667 0.240791331263337 0.237981035730809 335.152721764919647 153.677707408289962
-1.941630898137938 -1.117064766151136 2.706488415483634 41.827046680940271 320.745323724449520
-2.592708470432378 -2.649318893019637 -0.851042690634956 435.211252412740805 404.605210193922744
-1.400378524680470 -0.373692266792882 -0.723315108802065 488.528679277274364 250.437098167826917
-1.805553117322314 -2.343190618164351 2.235872928386049 112.264269072780053 456.086568611829648
-2.643756734310544 -2.799498370532331 -2.309197559134637 545.318906521678173 409.782011168014265
-2.774150966978171 -2.040244489095533 -0.175702412079464 381.248760646861513 352.186088271899564
-1.628109365896271 -0.330304979444732 1.007836113164901 212.649918063886417 235.242495353527318
-1.964605240322167 -2.002986343418303 -1.324291796429495 505.926655040280366 403.306592258237856
-1.955709274983680 -0.185206896822774 1.135840332582000 220.592095033960021 209.462089346347284
-1.890594367962302 -2.462704484665416 -2.421444803966614 617.088584157293553 449.082907689945159
-1.574702039722106 0.364789639504317 -2.118673466932528 713.356790659972603 126.294196238568873
-2.993300718625375 -2.993441588152542 -2.436948657120517 535.014938763980012 399.719867789638556
-0.950569983694684 -1.106831599491194 -0.218693385412917 410.761070723527382 429.500371108684817
-2.595439083965168 0.961530690973988 -1.999310842272557 572.739186306038391 88.378797458117589
-1.214682755180987 0.431323625025371 0.052831588855792 351.712799348466206 81.763217405534306
-1.831052306790053 -0.188945198352711 1.564405063598759 150.347308551815331 210.860709343066645
-2.479539810016107 0.063480191175837 0.411066476079776 325.224021596010573 180.524227429753353
-2.626187839327878 -0.784981490205779 2.754168447227376 113.425081667213306 259.750524173660779
-1.926239666853437 -0.533335699225639 0.490041307374430 305.126283152136068 253.889224170340242
-2.378714710387544 0.356910764592629 2.568394823819310 80.071276220325956 144.281823141616144
-0.985676356892964 -0.584818256916840 -0.830581488334668 553.893608402428754 320.322359330934148
-2.879837611066490 -2.479788945339600 0.613971642821233 321.710191397601193 376.642923075968497
-2.405530186309526 0.970826069224190 2.428103425594758 84.157038544847126 69.436137722598573
-2.349568547252482 0.359468555819674 -2.925548872768864 681.499218060803287 150.182209962074012
-1.227204612053876 -1.563639412415003 -2.128238077156917 706.588895864187862 443.431887970254763
-1.758650262354513 -2.094758788426888 0.162999915595146 347.068065195046813 434.814422629180854
-2.463741830511737 -2.742737599633919 0.021869657707573 365.233578149849450 421.310760837205976
-2.167933194451803 -2.249708908730160 -2.488333089730405 601.137405910136522 405.428279891765783
-1.250208973576321 -0.463343223077262 -1.630726133430340 666.713155231417886 273.580566594623747
-1.772576321051908 0.132103252139055 -2.512721845275342 719.330961279213398 169.459775607816312
-2.009814778619000 -2.342507873330543 -0.246987044123800 391.541772961401762 429.873173690580074
-1.819651711045487 0.423861646527818 0.762971275614351 253.639172089499425 121.013024134551273
-2.946988605128144 -0.055658220898970 -2.329130664628035 561.720660079080290 194.421423525578348
-2.271497481476198 -1.575480529171234 -0.370820220879510 402.845710029240706 343.590175286857914
-2.290638715420272 -1.903272513875875 -2.946655864466461 637.838436926573422 368.168581752469095
-2.016839952752334 -0.793037966466019 1.464671513975834 194.077418631692353 280.617430282772887
-1.319972876987399 -0.445411568997927 0.629395593086583 249.378221448722343 266.128868208865356
-2.918840758978614 -1.381001221954439 1.083957041944150 281.939150000886798 299.010118034040488
-2.078695281559237 -1.243938928372355 -2.857024258985406 667.930029155250395 323.169742173721716
-2.160587929070460 -0.886840057529803 2.034952546012701 143.178545190204659 284.729335739770590
-1.023196965438885 -0.653288877085203 1.394130223976590 43.296475187989017 332.190224742929445
-1.929668853918614 -1.892056182417536 -1.490816483216828 527.064803628907384 396.172199394608015
-1.855336498531666 -2.237003695717938 -1.384817593866376 516.071228657626989 434.888595290355738
-1.189518955913883 -0.058473315080941 -0.846586426509932 541.894964328182482 196.592186675542308
-2.161075681935003 -2.546796773237552 -1.581862751178117 513.910730154841758 430.382150783028237
-2.674875243981055 -2.493223614391089 2.637683235373650 154.874276904416803 391.375365934238175
-2.945802340361511 -0.140969183485825 0.545998616725857 321.545582348537380 200.025065922119325
-1.301598020435731 -0.477598335284593 1.929470689273046 0.541444140956742 272.779877111698511
-2.080998288541923 -2.300722040213718 -1.121136592764370 476.676131636323760 418.579464760852488
-1.759318631044138 0.648398231011291 -1.403433141075416 580.254677405546772 85.978603174233683
-1.249689330409936 -1.217623436223179 0.920169251878598 204.993790461454296 398.129355574798865
-2.400546200419020 -1.423105247647779 -1.772244626728804 530.622859509599152 322.883511324881567
-1.051903137170449 -0.630922389568663 -1.126008669157361 603.992506443668731 321.737577184330974
-2.522210022458577 -0.763523176943374 -2.421485733435911 590.255815042184508 261.163489373178436
-0.881020117602829 -1.105681435850690 1.475228597087851 5.799731209425545 450.929017439019276
-1.652234327487542 -1.166549869125559 1.514010499456546 158.617077378914018 346.989589560404283
-2.915577286459229 1.801525502847701 0.920206044397381 276.946918326611467 5.447153012145066
-2.370991121603209 0.787385748788858 -1.787318215078205 566.846713448424794 98.896672420132376
-2.135111532933809 0.371175105044514 -2.854808477241397 705.803888814025868 144.321511110250782
-2.352497863176354 -0.419090101970517 -0.676335805967986 436.478683274700984 231.761940802894287
-1.640450080504410 -1.043767729106053 1.867006338383324 103.961898332369287 332.931712527300988
-1.796204727683419 -1.039718736694517 -0.081401968752361 376.344165413264534 320.026625652552013
-2.573057709165699 -2.343835408398033 1.388591167805596 251.427392706963218 386.489882822786171
-2.432360816910140 -2.813992034274774 -0.851971447985204 438.048128749585942 427.785012586371977
-2.579420744306482 -2.558601798734101 0.537724911964138 323.352608286451357 400.529417833741149
-2.258388008239526 -1.957938364818705 0.267446429815599 341.395782036303387 377.382338964831206
-1.602034344355351 1.010826451189645 -2.146107795380581 742.843207159911117 5.960332840386400
-1.511024147274940 -1.314068298212891 1.452205263423995 153.691108207655816 379.114362825597709
-1.499447550469543 -0.951295388520147 -2.155887297687875 680.588237966197084 329.558155407760182
-2.845182333049369 1.049399111448471 0.707891814032055 300.014304453036118 84.899523145811656
-1.985881528151988 -1.479176692346613 -1.175208923824978 494.935215839531224 352.825206951972291
-2.286262925337196 -0.222683742643781 -1.492925846979627 525.991336600180148 212.595014295430644

gimbalangles:
1.721198247329662 1.592148460853040 1.225835959378609

end: