T_CW:
0.8139177981 -0.2962457629 0.4997762159 -0.4016209710
0.3243523480 -0.4819882271 -0.8139305273 0.0346634419
0.4820097222 0.8245761317 -0.2962107877 0.2400766414
0.0000000000 0.0000000000 0.0000000000 1.0000000000

T_CW_cov:
0.0000002725 -0.0000000442 -0.0000000458 0.0000000715 0.0000004352 0.0000000064
-0.0000000442 0.0000002874 0.0000000089 -0.0000005266 -0.0000000615 0.0000000555
-0.0000000458 0.0000000089 0.0000003064 -0.0000000089 -0.0000002723 0.0000000036
0.0000000715 -0.0000005266 -0.0000000089 0.0000015333 0.0000001030 0.0000001575
0.0000004352 -0.0000000615 -0.0000002723 0.0000001030 0.0000012826 0.0000000307
0.0000000064 0.0000000555 0.0000000036 0.0000001575 0.0000000307 0.0000006006

target_points_pix:
2.9185907309 1.9178459633 1.8610296438 586.0257232726 107.7364424610
0.4525511890 1.4771543701 -0.3709931605 286.5919061076 208.7218714177
0.0134727521 1.9966532696 -2.2999075116 175.2590914417 328.6543782541
0.0713589459 2.8688959608 -0.9051086491 238.4801990489 190.6595777899
2.5591223247 -0.0443953625 0.5219552533 744.0977900400 326.4656171746
1.8324549851 0.5136414256 0.1050882143 533.0470988265 286.8092613573
-0.3054732399 1.1553874900 0.2017032538 156.2730896461 46.8316119399
0.8179732118 2.2948193458 -0.2082891874 326.3812121709 179.7565375178
0.4760255981 1.6652719494 -2.0074300235 225.3687710174 340.7467723618
0.4157939103 1.1830938811 0.6503161745 358.1009161594 55.8435331744
-0.0197024909 1.9179607289 -0.7375181316 213.8919933262 204.1030218977
1.6912700364 2.9152958030 2.0943006760 474.2624377468 24.7252404486
1.0143189639 -0.1834378360 0.2340703772 658.2007959818 363.7865921593
2.1243149059 2.5165360083 -1.1599424087 375.3567228232 269.5647195130
2.2027673226 1.2739145926 -2.7746600208 346.5917198324 422.1938378549
2.6388940522 0.2859068827 0.6616028722 685.7737168868 272.7334423627
2.2838413789 1.2710353105 -2.0665887182 379.2673667257 388.1681971126
2.6356910408 1.1581813945 0.7110316627 564.0464244105 213.0148965150
1.3605142988 1.3279683397 -2.8167563008 281.3531369793 421.9805035138
1.6985656786 2.3108705817 2.0575274508 511.4500215339 13.3751628801
0.8606978522 2.4381202060 -0.8605197644 304.6932887451 226.1373567600
2.2974160006 1.1434337072 1.1115312662 582.9753993609 156.0862558369
1.8636994645 0.9851570773 0.8625067980 554.5446293664 162.6940023183
2.8400527988 2.3293742471 -2.5758741647 371.3544640689 348.2515447006
0.6837708879 1.9678359559 0.5759732938 358.4728725032 100.5728776269
2.4952987901 1.9204534977 1.3630564139 535.7683098158 129.6739815390
1.9598271384 2.0807628825 -1.8172077782 351.9070842304 320.1886663157
0.3223913466 0.6572687096 0.3411312926 328.1024197342 107.8062070644
1.2977747122 2.7046068227 -2.0603174099 298.5371025763 293.8852203775
2.8920798147 2.1378650829 -2.5311623147 378.3290638503 356.4661532994
-0.8911796826 2.9815497203 -1.4877817901 129.6990371032 196.9289339821
2.7260240624 2.2495865463 -1.9352716347 386.2266324090 325.1274265965
1.1135292309 2.9590436052 0.6041369903 369.5646541136 118.4700475690
2.6278435143 1.8946618219 1.8255796272 575.0736869265 95.0924581907
0.6336242524 1.1783842050 -1.0552852102 274.8408943526 309.8366159484
2.3667225286 2.8706255632 -2.1373102295 353.6223534575 303.6173515457
1.5404004160 2.0873391010 1.9086104661 509.4035068563 10.6723644595
0.2585293654 0.5934473492 -0.5108773483 225.6788496081 299.2349519149
2.4841714159 1.4051269004 1.6262681959 605.9983316037 106.7409194560
2.1983390802 1.3671984969 -1.0802983766 414.3443494737 324.7296066922
1.0168380356 1.8187565862 1.2681363448 443.1332491371 37.9332606482
2.3406080829 1.6524588336 2.3188796262 632.6402978196 15.6839383681
1.7824561088 1.2368809704 -0.1031601285 446.3995851213 250.9711368163
2.6588510636 -0.1466194073 -0.3037086062 643.6056296648 436.5698139898
1.2383180701 1.3099832525 -2.0678546936 297.2481989214 381.4207977246
0.7871674616 2.0424983208 0.2012990387 346.5925385027 147.0610638304
1.3716637695 0.8792669647 -1.3574988410 348.8336250113 378.1996000856
0.9719223617 1.9689701437 -1.5625638722 290.7071512041 297.6866085129
2.8361755367 1.9949440335 -2.4556373968 380.6111464298 360.8912384923
1.2103062974 0.1184933070 0.6222756592 657.2542801556 194.9038669062
0.9923400970 0.5709656991 -0.1292795507 409.0940948953 276.2030138203
2.6984458114 1.3496573022 0.7124865195 548.7674876419 207.8331631949
0.7575916053 0.2523891601 -1.0951950878 289.0799050435 462.9893804416
0.8962104592 2.8887750237 0.0742970148 336.1853631403 149.4465408270
2.4003927181 0.1999549924 -0.1597382894 587.6034918993 366.9338788597
1.4570043822 2.3114412965 -2.8657043889 288.0171181862 352.6154905957
1.6781638844 1.7635796532 -1.0815039641 366.7572459343 291.7412158976
-1.1012706995 2.9606741992 0.3197833124 138.0892249500 3.1391078961
1.4697371940 1.7050643911 -2.6910499524 294.1658780584 383.9090703258
1.4997362677 2.2552284310 -1.7042058754 324.6692083917 299.1131442372
1.9711161295 2.5320500174 -0.8647562015 376.6191973284 250.3709197285
2.2679231297 1.6166728105 1.6066018340 570.6509270567 94.2315348403
0.6325419191 2.6208530677 -2.3930825352 243.7399350103 305.0626315936
2.2683739193 1.5151538458 1.0720505343 538.6783633418 150.8985774274
2.8407462338 2.6756664027 -1.3199547291 401.5028136614 282.0492507774
0.8583509219 1.9819683117 -2.4177920373 254.5641566107 346.3925750128
0.7902253300 -0.0498267092 -0.2495925517 423.9622975847 431.1510609895
-0.7126786561 1.9834577945 -1.0618160856 99.9038853694 201.6570388749
1.9193600062 2.7960739311 -1.6739447817 344.4851796686 280.3920238537
2.8049534027 1.7549510628 -2.7261348255 375.3766626880 385.4818616374
2.9691898119 0.8306301282 -1.4718533968 464.6765432393 395.2312126756
1.9577623473 1.9570472736 1.2495788176 498.6630259352 110.8131547195
2.4239824816 0.7568461512 -2.0444246221 405.0718876900 434.1016038638
2.5332886341 0.3624403137 -0.8886724309 507.7575659016 407.3114686039
2.7230803671 2.1668952310 -1.0932890004 416.8042745691 290.1813127143
-0.0667491202 2.8893935758 -1.8135267343 203.7243787226 247.2478065290
2.8849499926 1.7528628131 -1.9172862492 406.7552346799 351.5214455784
1.1468270981 2.4561268263 -0.9711199181 322.0208885800 240.5369126512
1.8638170845 2.7136824619 0.0667283887 400.1999888696 187.4994803854
1.7836301664 2.3017608285 -2.5962998189 315.2247263533 343.2997303261
2.0330982211 1.2071025275 -0.3551796497 449.9632876677 281.4373777791
1.1730569531 1.2704948479 -1.1105960248 333.4303968520 318.3426767931
2.9461481719 2.4968893176 2.7161145307 592.6065306052 38.2971091987
0.6570472120 0.4945068807 -1.4712885553 246.2697931819 448.3069825663
0.7279847276 1.9901461379 -1.3627605785 276.0998959732 278.3976664081
1.7827388544 2.9902355627 2.0898483581 474.3076693455 32.0292685865
0.9641042651 2.6882373571 1.1690572800 391.6335484522 61.2301052708
1.5773005481 0.8563350408 -2.8473658583 300.0563356837 471.9417661313
0.7664780110 2.9653914697 -0.1033146028 319.7681995806 156.4051564873
1.7669752855 0.9690625695 -0.5529376649 430.9937663255 309.2464258531
1.4488983111 0.6617484764 1.0469220162 603.0344579218 102.2372445112
1.1060195470 2.4830620612 0.3854567192 371.6677936609 139.1091052116
2.8833560441 2.6773336796 -0.2468877160 439.0737957208 232.2272289211
2.7832056284 2.7310910625 0.6875618561 468.3211956233 176.9607250898
0.4773538111 1.3095008612 -1.5680206608 232.9076081732 339.9154540520
0.7034332180 -0.0654622727 0.4930513506 654.0255380656 171.4582449408
-0.4791536927 2.3891232452 -2.6389828612 128.4031247042 316.3152397935
1.9631750106 0.7384015444 -1.1730532119 419.0091692712 383.0368786359
2.7390766891 1.4458832406 -1.4800111153 425.1953996442 347.9754971640
1.8142779780 2.3081898863 -0.8022692629 374.5690929905 251.6996442370
0.1815827826 2.0076210646 -1.8337579884 206.5799175442 298.9096930965
1.8809823717 2.0841163296 0.5893151287 447.5610431853 163.8711544305
1.0562875771 0.1801981948 -0.5239100279 407.5631588712 404.3262956412
0.5522005358 2.0961738439 -1.3378655295 261.1413890771 266.2171539778

gimbalangles:
0.9197605715 2.1942555744 0.1831390973

end: