T_CW:
0.813797681349374 -0.296198132726024 0.500000000000000 -0.401618976087682
0.324533332339233 -0.482090707264904 -0.813797681349374 0.034605425757494
0.482090707264904 0.824533332339233 -0.296198132726024 0.239801298066596
0.000000000000000 0.000000000000000 0.000000000000000 1.000000000000000

T_CW_cov:
0.000000272440801 -0.000000044203523 -0.000000045787799 0.000000071467253 0.000000435015164 0.000000006422787
-0.000000044203523 0.000000287287169 0.000000008891188 -0.000000526382820 -0.000000061505538 0.000000055404898
-0.000000045787799 0.000000008891188 0.000000306346501 -0.000000008855182 -0.000000272189676 0.000000003593012
0.000000071467253 -0.000000526382820 -0.000000008855182 0.000001532731437 0.000000103051280 0.000000157481878
0.000000435015164 -0.000000061505538 -0.000000272189676 0.000000103051280 0.000001281855453 0.000000030735535
0.000000006422787 0.000000055404898 0.000000003593012 0.000000157481878 0.000000030735535 0.000000599928646

target_points_pix:
2.918590730881187 1.917845963257823 1.861029643800673 586.341055221501847 107.898404014583093
0.452551189003542 1.477154370083086 -0.370993160474207 286.387358781112709 208.588042839483023
0.013472752120028 1.996653269589261 -2.299907511588580 174.935837140540599 328.657437751732573
0.071358945903664 2.868895960760703 -0.905108649050095 238.382698426074342 190.597810389051290
2.559122324685278 -0.044395362467658 0.521955253318731 744.044264799956750 326.661870264540767
1.832454985117484 0.513641425586870 0.105088214289554 533.274629287878724 286.828490356426016
-0.305473239932581 1.155387490003378 0.201703253774236 156.455218101859288 46.733433401583738
0.817973211799167 2.294819345762404 -0.208289187390903 326.701505077585011 180.059516292008055
0.476025598100615 1.665271949399485 -2.007430023494885 225.298342036369007 340.792484497689998
0.415793910281768 1.183093881075663 0.650316174466143 357.778088894942925 55.659108142722346
-0.019702490878293 1.917960728927152 -0.737518131556238 213.913412208660247 204.275900770832123
1.691270036428666 2.915295802974492 2.094300675971820 473.982809035718162 24.311348874866752
1.014318963918849 -0.183437836008217 0.234070377196855 658.544192428895485 364.128708346834799
2.124314905889378 2.516536008253327 -1.159942408705877 375.398851338296765 269.436752452707594
2.202767322607175 1.273914592564771 -2.774660020847438 346.807215153033724 421.945687520945114
2.638894052185566 0.285906882712748 0.661602872195694 685.766961402004881 273.042027500650988
2.283841378883928 1.271035310454307 -2.066588718161386 379.085573186762247 388.251639088918068
2.635691040770782 1.158181394465124 0.711031662702086 563.616671244658278 213.071180505886389
1.360514298822771 1.327968339682256 -2.816756300763727 281.432845253063135 421.776875116463032
1.698565678553845 2.310870581687825 2.057527450817250 511.380354692730009 13.316735402664960
0.860697852236524 2.438120206036826 -0.860519764356981 304.575575056013690 226.216494765607649
2.297416000643904 1.143433707157860 1.111531266204481 583.124179214027208 156.236652577182554
1.863699464516614 0.985157077332460 0.862506798001731 554.280824544313418 162.887860847499496
2.840052798843084 2.329374247149249 -2.575874164725013 371.434562003651195 348.287864085444085
0.683770887933879 1.967835955911635 0.575973293792091 358.524591433370119 100.663562517524042
2.495298790138770 1.920453497665155 1.363056413934268 535.916555547795269 129.755700024095717
1.959827138418633 2.080762882451776 -1.817207778188205 351.954767791653069 320.201121047148774
0.322391346551007 0.657268709577686 0.341131292632411 328.022994105158546 107.879249247307058
1.297774712209653 2.704606822667046 -2.060317409890036 298.478665263422613 293.646958064181945
2.892079814720038 2.137865082943373 -2.531162314746993 378.381400163606372 356.365452266034936
-0.891179682591027 2.981549720298155 -1.487781790121257 129.432626510601693 196.605203841002833
2.726024062390456 2.249586546271820 -1.935271634696742 386.388215382548083 325.189972629546958
1.113529230923907 2.959043605161732 0.604136990276577 369.722038086178941 118.361460458246711
2.627843514345666 1.894661821860889 1.825579627154451 575.087099069632359 94.951835497748419
0.633624252448053 1.178384204980633 -1.055285210204363 274.454909227808514 309.759899153697233
2.366722528632731 2.870625563219331 -2.137310229465841 353.500690458738916 303.507360658619632
1.540400416017462 2.087339101036768 1.908610466144914 509.664868127233035 10.505060570130638
0.258529365432542 0.593447349207453 -0.510877348310836 225.494961124415653 299.285487425904705
2.484171415875626 1.405126900350028 1.626268195947127 606.010540012937099 106.862157820163731
2.198339080206081 1.367198496929817 -1.080298376555421 414.224326328596590 324.805923084393385
1.016838035575660 1.818756586201003 1.268136344806029 443.279576110819733 38.118542265668367
2.340608082860999 1.652458833610059 2.318879626214586 632.447151378721173 15.965239523263335
1.782456108783678 1.236880970419606 -0.103160128504141 446.282128368163058 250.901687036792538
2.658851063604756 -0.146619407348651 -0.303708606220830 643.600759862221821 436.756432321744455
1.238318070079971 1.309983252536109 -2.067854693572801 297.272422435419571 381.828629351708287
0.787167461629051 2.042498320760199 0.201299038701095 346.678059967436354 147.035021153980637
1.371663769460994 0.879266964748105 -1.357498840974314 348.503647787981720 377.973103482795409
0.971922361675591 1.968970143655820 -1.562563872244343 290.887078799454571 297.761090172062666
2.836175536677109 1.994944033462968 -2.455637396822729 380.614619522050930 360.621340479532819
1.210306297439354 0.118493307029870 0.622275659202526 657.432060168916564 194.868749167725753
0.992340097043075 0.570965699142008 -0.129279550676452 409.215539745872945 276.341696050670691
2.698445811444329 1.349657302205972 0.712486519507039 548.656577423912267 207.866086008864897
0.757591605268053 0.252389160113320 -1.095195087837854 288.649464541070870 462.833904309112086
0.896210459174977 2.888775023719487 0.074297014830876 336.128412699525086 149.605462633894547
2.400392718106834 0.199954992395837 -0.159738289424310 587.615893920339886 366.904106317271157
1.457004382153908 2.311441296474558 -2.865704388874944 288.045442811250041 352.438014542207497
1.678163884393774 1.763579653176779 -1.081503964129788 366.796316026460829 291.750787233712288
-1.101270699458112 2.960674199173910 0.319783312406470 138.179067899297735 2.998194212124474
1.469737194049639 1.705064391090432 -2.691049952446784 294.225185412805615 383.823498840513878
1.499736267738784 2.255228431018857 -1.704205875398000 324.305720983773142 299.247747860219533
1.971116129500769 2.532050017386672 -0.864756201505920 376.657929475202081 250.336520884385550
2.267923129683981 1.616672810512931 1.606601834033495 570.566276909868634 94.222751876464457
0.632541919085941 2.620853067715426 -2.393082535195631 243.553918387722462 305.008663927127259
2.268373919334812 1.515153845840254 1.072050534322178 538.824529439533990 150.716756601124473
2.840746233810969 2.675666402683015 -1.319954729083223 401.597261792844961 282.160967224253852
0.858350921909025 1.981968311704984 -2.417792037315026 254.585752543691456 346.271904227226344
0.790225330020615 -0.049826709174231 -0.249592551683288 423.915880686923117 431.323945272663138
-0.712678656145664 1.983457794499143 -1.061816085565241 100.162731143341205 201.733424806917128
1.919360006235380 2.796073931111244 -1.673944781698095 344.499295878856003 280.531911873296792
2.804953402716851 1.754951062803924 -2.726134825525947 375.166615524731696 385.280350806731349
2.969189811888704 0.830630128229349 -1.471853396751549 464.743948223009113 395.108254216134810
1.957762347262904 1.957047273602196 1.249578817618344 498.520394550654885 110.977933583531211
2.423982481611550 0.756846151188032 -2.044424622084699 405.045211355599349 433.953394060578489
2.533288634141132 0.362440313726649 -0.888672430890166 507.774752940680060 407.558208805618563
2.723080367051685 2.166895230984133 -1.093289000372446 416.611422399498394 289.973160129315545
-0.066749120151215 2.889393575750106 -1.813526734269057 203.695221024165818 246.979272907548818
2.884949992613337 1.752862813125280 -1.917286249155953 406.366874734231033 351.485846465828502
1.146827098132877 2.456126826250834 -0.971119918071874 322.212993447316478 240.580122785454023
1.863817084506842 2.713682461887588 0.066728388683226 400.125571317435288 187.457447093580043
1.783630166408887 2.301760828481576 -2.596299818856131 315.561553682170540 343.377987166929472
2.033098221115875 1.207102527469390 -0.355179649729624 450.097681177970912 281.418759603478009
1.173056953141853 1.270494847899332 -1.110596024848202 333.312564971674931 317.896692869475999
2.946148171883929 2.496889317624800 2.716114530653610 592.253997813717206 38.451647470671787
0.657047212042162 0.494506880683674 -1.471288555299500 245.887403020265992 448.036035191564679
0.727984727606241 1.990146137895145 -1.362760578457041 276.158772552180267 278.153821402579638
1.782738854381385 2.990235562690588 2.089848358145721 474.497210286417783 31.913590734948087
0.964104265095303 2.688237357101499 1.169057279954943 391.367523554419336 61.107303982644623
1.577300548123927 0.856335040752280 -2.847365858336513 299.834860203781432 472.056457752172719
0.766478011014490 2.965391469717980 -0.103314602836315 319.785266343333831 156.293291185026533
1.766975285516706 0.969062569477666 -0.552937664872517 430.947829004219443 309.126160025251863
1.448898311056045 0.661748476375488 1.046922016218677 602.950389595220372 102.302870383297090
1.106019546979264 2.483062061216136 0.385456719173439 371.323370629220221 139.718356835098803
2.883356044107945 2.677333679565766 -0.246887715954717 438.887153976264699 232.179037587656353
2.783205628436592 2.731091062502096 0.687561856108538 468.447541795207542 177.043601608870233
0.477353811056686 1.309500861198641 -1.568020660815786 232.977082856886796 339.751317633875601
0.703433218020132 -0.065462272701852 0.493051350627481 654.070401490519657 171.398606027250906
-0.479153692679909 2.389123245166346 -2.638982861176753 128.308088505893778 316.228062397618828
1.963175010556395 0.738401544449355 -1.173053211860219 419.394879214393654 382.976177758229028
2.739076689140502 1.445883240616402 -1.480011115263047 425.246117027622233 348.029211080139987
1.814277977984292 2.308189886267098 -0.802269262856072 374.540496320940861 251.716977773922196
0.181582782636632 2.007621064638244 -1.833757988421209 206.236971626827909 298.742781212638306
1.880982371694132 2.084116329559794 0.589315128723995 447.780419908117949 164.119692069646163
1.056287577067055 0.180198194814150 -0.523910027856285 408.055308484473642 404.263059849468050
0.552200535814588 2.096173843931648 -1.337865529537719 261.086522889117475 266.415433234302327

gimbalangles:
1.721198247329662 1.592148460853040 1.225835959378609

end: