T_CW:
0.3865409208 0.2377571204 0.8910991349 -0.0245723574
0.4129386867 -0.9085570644 0.0632906137 0.0136794524
0.8246622081 0.3435048944 -0.4493735974 -0.0661081582
0.0000000000 0.0000000000 0.0000000000 1.0000000000

T_CW_cov:
0.0000004061 -0.0000000941 -0.0000000029 0.0000001971 0.0000008320 -0.0000000427
-0.0000000941 0.0000002801 -0.0000000180 -0.0000006819 -0.0000001743 -0.0000000217
-0.0000000029 -0.0000000180 0.0000002549 0.0000000623 0.0000000343 0.0000000054
0.0000001971 -0.0000006819 0.0000000623 0.0000022034 0.0000003566 0.0000000051
0.0000008320 -0.0000001743 0.0000000343 0.0000003566 0.0000022529 -0.0000000347
-0.0000000427 -0.0000000217 0.0000000054 0.0000000051 -0.0000000347 0.0000006045

target_points_pix:
1.4904409015 -0.8576028127 -2.6357354281 139.7977358065 386.1203979519
2.9185907309 1.9178459633 1.8610296438 734.9844896708 194.0931667160
0.7583609253 0.4677505926 -2.4511855211 135.4788078533 205.9655361154
1.6304909208 -0.4683184133 -1.9111117291 227.4974257717 360.9115404381
2.6638076555 -1.1338153697 -2.9948707751 223.9283273263 392.5172115451
2.5591223247 -0.0443953625 0.5219552533 566.5373846468 393.8546735072
1.8324549851 0.5136414256 0.1050882143 513.6031144551 286.9556235297
0.4760255981 1.6652719494 -2.0074300235 209.6519888457 47.5456955142
1.5905470624 0.5227412081 -2.2990225691 244.2013104513 244.4964969891
0.8980708545 -0.2130090316 -0.3464988306 363.4944438892 417.1459729381
2.2457088193 -0.2690198173 -1.2941584072 335.6579996600 356.5426589705
2.1243149059 2.5165360083 -1.1599424087 403.8049031504 123.9270738316
2.2027673226 1.2739145926 -2.7746600208 280.4821989057 211.0431542398
1.7022931842 0.6034113149 -2.4383688156 247.5072800769 241.0764570625
2.6388940522 0.2859068827 0.6616028722 584.6388484539 352.2112962699
2.2838413789 1.2710353105 -2.0665887182 323.8028073097 214.6355904667
1.8436071198 -0.3614789899 -0.5329186283 395.0821223109 404.4536325701
2.6356910408 1.1581813945 0.7110316627 585.3643954579 249.8668715993
1.3605142988 1.3279683397 -2.8167563008 227.8372226291 169.3432129509
2.2974160006 1.1434337072 1.1115312662 673.9481380063 238.7772092159
1.8636994645 0.9851570773 0.8625067980 664.3082472567 229.6451605385
2.8400527988 2.3293742471 -2.5758741647 337.0058821558 177.0611582048
2.4952987901 1.9204534977 1.3630564139 684.9848737094 166.8524022969
1.9598271384 2.0807628825 -1.8172077782 344.4246953465 146.5644959249
1.2977747122 2.7046068227 -2.0603174099 314.8474128441 66.8310942945
2.8920798147 2.1378650829 -2.5311623147 337.6242800832 187.8952503348
2.1800794479 -1.0439377960 -1.9029706145 252.9008642238 428.3655464675
2.7260240624 2.2495865463 -1.9352716347 365.3620169567 174.7386814760
2.4497479841 -1.5512437600 -2.3657692494 224.0531802503 462.0493332091
1.4521663042 -0.5399965625 -1.6630885379 221.8087844506 382.2345464167
0.6336242524 1.1783842050 -1.0552852102 295.6939438356 83.2602991120
2.3667225286 2.8706255632 -2.1373102295 354.0170664111 129.1916389184
2.9170283047 -1.1525861895 -2.5332101054 263.0792534938 404.8103008036
0.2585293654 0.5934473492 -0.5108773483 275.6507084570 51.5519145789
2.2425741823 -1.7173131963 -2.8670343424 168.7544558283 465.7704965355
2.3235776381 -0.6902499417 -1.1799127502 336.4700795829 411.4908101858
2.1983390802 1.3671984969 -1.0802983766 391.9490545643 204.5602738675
1.6075514943 0.3175726274 -1.9505948349 260.7843540933 268.2558480471
0.7112279187 -0.6943231092 -2.1725083750 20.1574398989 393.6079772987
1.7824561088 1.2368809704 -0.1031601285 486.9651463064 190.9639554962
1.1504892931 -0.6627365524 -2.0403880364 136.1283771616 387.4684307587
2.6588510636 -0.1466194073 -0.3037086062 451.5215726181 373.5630097337
1.2383180701 1.3099832525 -2.0678546936 263.4329400095 157.0656779453
1.3716637695 0.8792669647 -1.3574988410 315.0493400960 202.1976128192
0.9719223617 1.9689701437 -1.5625638722 309.7808138454 71.2289374028
2.8361755367 1.9949440335 -2.4556373968 337.4394228448 192.6364963339
1.2103062974 0.1184933070 0.6222756592 733.0210615418 395.1547634828
0.9923400970 0.5709656991 -0.1292795507 466.5443228428 214.4975501851
2.6984458114 1.3496573022 0.7124865195 582.5955668663 233.7700022264
0.7575916053 0.2523891601 -1.0951950878 237.8168861804 245.6100495805
2.4819671509 -1.0003026340 -0.6462119426 390.3821746481 478.8024931562
2.4003927181 0.1999549924 -0.1597382894 470.8012525202 335.4329574038
1.4570043822 2.3114412965 -2.8657043889 264.9716404892 114.2790524231
2.7544963644 -1.4088225197 -2.8622308738 226.3990817015 420.4063452816
1.6781638844 1.7635796532 -1.0815039641 382.9580763909 142.9219608492
1.4697371940 1.7050643911 -2.6910499524 255.9174868614 149.1354636488
1.4997362677 2.2552284310 -1.7042058754 337.3481870610 103.6040315743
2.9010377035 -2.0761523624 -2.9764524155 206.8981830385 478.0540996505
2.4690198210 -0.8218292901 -1.7671497527 293.2504900463 401.8510808885
1.9711161295 2.5320500174 -0.8647562015 424.1147276101 108.3929839774
1.1375885433 -0.0063029323 -2.6361798873 147.3923986096 277.6875254401
1.5108970396 -1.3615313295 -2.9687420888 90.2157898831 438.9816940732
0.6325419191 2.6208530677 -2.3930825352 247.3781956538 15.2657846098
2.0870307964 0.3507490887 -2.2443769366 276.8970985031 275.7008300926
2.2683739193 1.5151538458 1.0720505343 659.8184605470 192.7193204385
2.8407462338 2.6756664027 -1.3199547291 409.5612222156 154.6022688537
0.8583509219 1.9819683117 -2.4177920373 237.0847724838 80.3511273496
0.3303057821 0.2394415897 -2.7978580808 9.7587107727 201.2600290784
0.9955118727 -0.6900885001 -2.2663970244 88.2320155595 382.5980435418
0.7902253300 -0.0498267092 -0.2495925517 392.0697709392 370.5788791985
1.9193600062 2.7960739311 -1.6739447817 366.8302776726 102.1311814163
2.8049534027 1.7549510628 -2.7261348255 318.7054149884 204.4654269899
2.9691898119 0.8306301282 -1.4718533968 375.7263483602 268.2964386514
1.9577623473 1.9570472736 1.2495788176 712.3676287708 111.4825085076
1.4706806190 -0.4806013601 -2.0637464314 196.6111966327 357.0657500731
2.4239824816 0.7568461512 -2.0444246221 318.5555223808 255.0658775800
2.5332886341 0.3624403137 -0.8886724309 398.9227785225 303.6253660402
2.7230803671 2.1668952310 -1.0932890004 415.6793489515 175.8154551124
2.8849499926 1.7528628131 -1.9172862492 362.0350723228 206.8956375156
1.1468270981 2.4561268263 -0.9711199181 391.0832229156 37.0522177469
1.8638170845 2.7136824619 0.0667283887 518.0307404664 68.5708563628
1.7836301664 2.3017608285 -2.5962998189 295.8784503898 131.6872964385
2.0330982211 1.2071025275 -0.3551796497 455.9438851820 210.1405791068
1.1730569531 1.2704948479 -1.1105960248 341.4120045930 143.9479364281
0.6570472120 0.4945068807 -1.4712885553 196.5811993202 191.9178937970
0.7279847276 1.9901461379 -1.3627605785 310.8311306159 31.0416728912
1.5773005481 0.8563350408 -2.8473658583 224.2443243277 214.7531220312
1.7669752855 0.9690625695 -0.5529376649 424.1801377177 218.1765976730
2.3311839498 -0.9539271198 -2.8889311096 210.5964587653 381.4403024822
2.8833560441 2.6773336796 -0.2468877160 484.6101038996 149.3264329291
2.7832056284 2.7310910625 0.6875618561 571.1297171162 131.8063084433
0.4773538111 1.3095008612 -1.5680206608 223.9938860391 63.3434572111
1.9631750106 0.7384015444 -1.1730532119 361.2108606541 247.6705573339
2.7390766891 1.4458832406 -1.4800111153 379.1223361557 220.6083386862
1.1137504699 -0.3175425869 -1.4064089642 213.0220916126 358.0325020347
2.9181215669 -0.3698662499 -2.9485027558 265.1303678018 333.3036997868
1.8142779780 2.3081898863 -0.8022692629 423.6729454057 109.6191196618
2.7857291322 0.2667104279 -2.9126554396 276.8402088543 288.7768702772
1.8809823717 2.0841163296 0.5893151287 590.9653737362 106.5117442277
1.0562875771 0.1801981948 -0.5239100279 366.2365576354 295.2297726755
0.6331406616 -0.7213015916 -1.7853225676 6.1062849431 435.0560613617

gimbalangles:
-1.7108376471 -1.0997160777 -2.1222955359

end: