T_CW:
0.9290058938 -0.3347732731 0.1577178017 -0.0270220381
0.2958239676 0.4157470335 -0.8600247580 -0.0612212830
0.2223425950 0.8456247748 0.4852654023 -0.0185695098
0.0000000000 0.0000000000 0.0000000000 1.0000000000

T_CW_cov:
0.0000004562 0.0000000188 -0.0000000158 0.0000000265 0.0000009598 0.0000001561
0.0000000188 0.0000002719 0.0000000116 -0.0000007088 0.0000000068 -0.0000000152
-0.0000000158 0.0000000116 0.0000002510 -0.0000000907 -0.0000000546 -0.0000000098
0.0000000265 -0.0000007088 -0.0000000907 0.0000024601 0.0000001409 0.0000001083
0.0000009598 0.0000000068 -0.0000000546 0.0000001409 0.0000026180 0.0000002553
0.0000001561 -0.0000000152 -0.0000000098 0.0000001083 0.0000002553 0.0000006787

target_points_pix:
0.1742910257 2.9893768659 1.8724033039 335.0885867987 213.2266068360
0.3768682695 1.5477426008 2.0531356562 388.3959264540 130.2685917109
2.9185907309 1.9178459633 1.8610296438 554.2437483895 239.4579061311
0.4525511890 1.4771543701 -0.3709931605 341.8905960249 450.7902041524
-1.4021994661 2.7108304751 0.3961482093 131.4122551273 274.3177919830
0.9121584893 0.1426808612 1.2079831403 636.8693927766 30.1442911289
0.9456625691 1.7601532697 2.9743486518 431.5020020401 115.1257749016
0.0713589459 2.8688959608 -0.9051086491 245.4431617721 474.7456349484
-2.3803740549 2.2241037003 1.1999952244 22.6787181335 129.3254031558
-0.3054732399 1.1553874900 0.2017032538 212.0730859226 277.7987375906
-0.1910322562 1.2311524432 2.2972743069 346.1790792425 56.7727321831
0.8179732118 2.2948193458 -0.2082891874 366.6836025857 397.8996771095
0.8211055262 1.2423480346 2.5425745515 446.3306783977 92.1130592039
0.4157939103 1.1830938811 0.6503161745 386.5541910301 238.8964645974
-0.8454043785 2.6955158446 1.3401100284 242.0625084636 209.0818844315
1.6912700364 2.9152958030 2.0943006760 432.2358080909 229.9338418402
-2.1145543690 2.5368280306 1.6527436758 121.2607427545 136.0410667954
0.8344632586 0.7250167015 1.6089183875 493.0289237938 100.3764041957
-2.1987197781 2.6869103662 1.2249913925 90.6014724869 173.0947027627
-1.8036662741 2.9213890742 0.4185609520 94.4479542288 267.4645663212
2.6356910408 1.1581813945 0.7110316627 649.5858263394 314.6814010148
1.6985656786 2.3108705817 2.0575274508 455.8208125496 212.4642662026
2.2974160006 1.1434337072 1.1115312662 605.1029682305 256.0728669218
-0.8437154314 1.5526174756 2.5041567278 277.5848718992 49.8692097848
1.8636994645 0.9851570773 0.8625067980 597.4536739273 262.8837018777
0.6837708879 1.9678359559 0.5759732938 379.9991584535 293.6136376341
2.4952987901 1.9204534977 1.3630564139 534.5555052751 265.7058554254
0.3223913466 0.6572687096 0.3411312926 408.6012679177 244.2319630111
2.4273031833 1.9853565523 2.7413508252 511.8972372454 179.6565095725
-0.3089028941 2.6625183818 2.6735419307 320.5503642669 145.7007087857
1.1135292309 2.9590436052 0.6041369903 384.5740801752 317.5536458981
-0.8537239679 1.5280305348 1.0098617859 195.0129733179 155.3839211073
2.6278435143 1.8946618219 1.8255796272 539.3983117875 234.2866500379
1.3518114199 0.7830964934 2.7510300194 523.9334296485 58.6560807966
-2.2600804841 2.7042386112 2.9957597684 182.8601451190 75.6010293518
-2.2552646269 1.6043643505 1.8194632491 41.4094237503 10.9502066810
1.5404004160 2.0873391010 1.9086104661 455.9706562172 208.7968998819
2.4841714159 1.4051269004 1.6262681959 574.1727088930 226.0989914495
1.8480999231 1.0615362460 2.2632808650 546.4816365910 136.4565562660
-0.7198827339 0.7791230628 0.4858749195 78.0383545741 114.9656964863
2.4648997918 0.1336515858 2.7860253487 697.4659063996 36.8453902338
1.0168380356 1.8187565862 1.2681363448 427.4964761810 229.8258801738
0.9146035834 1.0196575720 1.7087156997 472.0876943206 131.9930961376
2.3406080829 1.6524588336 2.3188796262 532.2091717519 185.2820078717
1.7824561088 1.2368809704 -0.1031601285 586.4361002257 427.5646506246
0.7871674616 2.0424983208 0.2012990387 381.7250603911 343.2277214640
-0.2121167416 1.7897788713 0.8297268490 284.8503231282 227.1565809535
0.0114893594 1.4849654352 2.7194465450 366.9998077000 71.7033604688
-1.0463656283 2.8561966183 2.4513405431 261.9455105760 146.1825041818
0.9923400970 0.5709656991 -0.1292795507 640.9695298725 465.3784333096
-1.3853892513 2.8067198839 2.5439830716 238.3706162261 129.5903630051
2.6984458114 1.3496573022 0.7124865195 625.2615245284 319.5628428926
0.8962104592 2.8887750237 0.0742970148 361.6923174738 361.2959375621
-1.3300249498 2.5741901058 1.1257362683 180.1575342034 204.2560364681
-1.1012706995 2.9606741992 0.3197833124 174.3850026921 296.8612267468
2.1326369723 1.5933316956 2.3844999725 522.5065728017 172.7224848575
0.5781786926 0.7674459552 2.0919120920 454.6389407905 52.9959605199
0.3612892001 1.9794375196 1.7997934799 368.7584024609 176.5490946242
-1.2276053261 2.6819769802 0.8135725963 177.8858665209 238.4983289944
1.1655134506 1.3593261429 2.2617282296 467.9800702547 132.6752485168
2.2679231297 1.6166728105 1.6066018340 539.9127091627 230.3888163850
-0.7909341437 1.6858794598 2.4060578815 279.9669429211 71.9230817541
0.8587961988 2.4448778198 2.1427041175 396.7023015611 193.1571784196
0.4245033914 1.0191820396 1.0525622049 407.4274066939 169.7488214220
2.2683739193 1.5151538458 1.0720505343 559.0524254608 273.4790129303
2.1449007298 0.0322231014 2.5423879487 706.6885380676 14.6721535805
-0.9064956900 1.3399447130 1.3053989599 201.6665031254 99.4556509304
1.2202986687 1.9498949965 2.2978520360 440.8483109709 170.3734752953
-1.7250105261 1.3799615575 1.7287495262 101.0250062051 15.9520883010
-0.5327274467 1.8078641803 2.4510237977 306.2420348865 91.8984024161
0.0615378091 1.2928000387 1.6921680272 358.1145060209 117.8130071052
1.9577623473 1.9570472736 1.2495788176 495.6527454585 263.0649320969
1.7478756708 0.7464948804 2.7115920619 560.3217974453 76.5063422215
-1.0407025969 1.8511915990 0.7612577383 160.4697159128 202.8738938620
-2.1579012616 2.6158550684 1.2160301151 90.1101582044 170.3313237098
1.4063415740 2.6146316096 2.3857624421 426.7364985249 199.4481236036
0.8374901713 1.4854764911 2.1589736941 433.4420769138 136.7213340345
-2.8987142952 2.4095418038 2.8717692845 106.8035230433 31.0868124853
1.5141529547 1.3550904227 1.7856819041 500.8277953179 178.9175989617
-0.8258884787 1.9551499206 2.9404138368 292.5311356304 69.7452793293
0.0760607588 1.1070308493 1.1084568367 350.5069671887 152.3036583576
1.8638170845 2.7136824619 0.0667283887 447.0144869949 378.2258692454
-1.2490170593 1.8097791482 2.9824056964 255.6763196910 37.4807845683
2.9461481719 2.4968893176 2.7161145307 512.2834564934 210.5355264931
1.7827388544 2.9902355627 2.0898483581 434.8087623866 233.9335700980
0.9641042651 2.6882373571 1.1690572800 387.7630469109 266.3296109016
-2.2550310878 2.7469332465 2.5621232452 166.0902205608 97.7010790302
-1.9208082146 1.6423306677 1.6909841948 88.0888766511 47.7791358053
0.7664780110 2.9653914697 -0.1033146028 345.1501026718 377.4420714031
-0.2705378639 1.4697607094 2.7967741969 343.3946462899 53.7290001190
0.4083008837 1.8891851128 1.7336414602 374.6092998756 177.2646781548
0.8063107787 0.5184446572 1.0431785338 531.2716924627 129.2393234221
1.4488983111 0.6617484764 1.0469220162 598.0145199248 194.1829192092
-0.3200082119 0.9773080063 1.1397837352 286.6511726080 102.7489685054
1.1060195470 2.4830620612 0.3854567192 397.0608559222 332.5471933956
2.8833560441 2.6773336796 -0.2468877160 525.3486962803 424.8836472586
2.7832056284 2.7310910625 0.6875618561 506.0040180632 337.1697283505
2.3746660379 0.5242174031 1.6523616679 687.5712521827 162.1617349689
-1.0390669904 2.4980477584 1.6226163434 231.9248239874 173.2969002875
-0.1459639570 2.6501550755 1.2960006555 302.6299693017 229.5625591603
1.8809823717 2.0841163296 0.5893151287 485.7327999261 324.0807238114

gimbalangles:
0.5135331769 -0.1580874624 -1.2250174217

end: