T_CW:
0.957947910982192 0.040516397201370 0.284067283231763 0.011604803285672
0.157393337364445 0.753566305329613 -0.638251643809210 0.009141896945055
-0.239923190204982 0.656122126611881 0.715500257003565 -0.021623351707944
0.000000000000000 0.000000000000000 0.000000000000000 1.000000000000000

T_CW_cov:
0.000000441358504 -0.000000020162434 0.000000008214897 0.000000002928884 0.000000846127785 -0.000000047399359
-0.000000020162434 0.000000248530903 -0.000000030834171 -0.000000640970512 -0.000000006320297 0.000000012396963
0.000000008214897 -0.000000030834171 0.000000244899347 0.000000125597957 0.000000007638683 -0.000000005212640
0.000000002928884 -0.000000640970512 0.000000125597957 0.000002182844089 -0.000000082372500 -0.000000043457622
0.000000846127785 -0.000000006320297 0.000000007638683 -0.000000082372500 0.000002168958091 0.000000037805373
-0.000000047399359 0.000000012396963 -0.000000005212640 -0.000000043457622 0.000000037805373 0.000000588965146

target_points_pix:
-2.894844139882586 0.626952975212953 1.276598131992237 87.921108287413915 144.061769400823493
-1.784274999354633 0.358989752143200 1.389678325383619 184.854440543726014 108.292465127170658
0.174291025719860 2.989376865873170 1.872403303874899 437.403308742391800 321.307599646248207
0.410113173644941 0.536274192399978 2.211690102196433 515.852453067499368 115.082026215110943
0.376868269491302 1.547742600806341 2.053135656158933 479.119823724500179 231.856653198258414
-1.402199466133277 2.710830475051597 0.396148209289668 262.406614648973118 400.179663957982768
0.945662569122669 1.760153269745571 2.974348651753882 521.438366032909926 206.568759066783457
-2.380374054855652 2.224103700322538 1.199995224442018 220.272726437121520 285.504153205906675
-0.305473239932581 1.155387490003378 0.201703253774236 330.432721734148743 417.781040741814081
-1.679765835343294 0.449720655470374 0.924644277490595 137.287183246364719 148.011910224349066
-0.191032256193631 1.231152443164277 2.297274306901333 427.164885893153553 184.915308350202650
-1.413204081926167 1.739064720682327 -0.130330008976248 143.426122861898392 448.686790869547167
0.821105526166656 1.242348034614174 2.542574551529467 532.549805641072567 184.677480343399964
0.415793910281768 1.183093881075663 0.650316174466143 514.026080410216537 358.549845854792125
-0.845404378483952 2.695515844627400 1.340110028364365 349.641244967200805 327.044745024145072
1.691270036428666 2.915295802974492 2.094300675971820 565.344588715400732 331.608729022294028
-2.114554369033391 2.536828030619504 1.652743675808383 270.650024347931947 278.257439693803803
0.291199084492292 0.453431892380420 1.909458418030879 506.248079093381989 113.107525499138731
0.834463258621495 0.725016701496996 1.608918387480616 598.613979784034882 181.028414692069646
-2.198719778085213 2.686910366159879 1.224991392497277 249.340311810211631 309.234384437886092
-2.633337585643500 2.526087603565185 -0.471465147788663 56.694775854465661 465.003547226765477
-1.803666274114781 2.921389074211410 0.418560952012865 239.137302576706560 392.338675833027992
1.698565678553845 2.310870581687825 2.057527450817250 594.239518090835304 306.161969309281005
-0.843715431402718 1.552617475551560 2.504156727760964 373.472798331235026 194.938857913429473
-1.471500719061330 1.094730027126477 1.722510921937721 283.677535241207352 186.904663844473902
-2.410928658285509 1.524072180481012 0.612262317919119 125.246205820113829 286.535399001645601
0.683770887933879 1.967835955911635 0.575973293792091 520.308304029917394 435.924204165556716
-0.440343914850063 0.783036985018339 1.977536569991633 397.303631261721762 151.572909524721183
0.322391346551007 0.657268709577686 0.341131292632411 561.592622608492093 381.176656474896731
2.427303183292759 1.985356552318837 2.741350825150290 665.873556314554662 252.078919009794987
-0.308902894081003 2.662518381846243 2.673541930749186 413.267347431405142 256.539826540169486
1.113529230923907 2.959043605161732 0.604136990276577 534.185290964422848 474.897535559200207
0.358118174141076 0.741091728677766 2.917116117947550 494.291277084600324 118.150939780843132
-0.853723967853528 1.528030534754436 1.009861785902686 317.305779453436116 287.943683918227748
0.000197430235167 0.425602185379799 2.645721047261987 463.071465832670356 86.757283459428720
-1.840086147600242 0.680228501872818 2.741700205366840 294.481447194409554 109.753255395869047
1.351811419852067 0.783096493381664 2.751030019425284 615.284677187275520 132.706237477430989
-2.260080484105838 2.704238611220442 2.995759768399392 310.278258852272472 227.534548887764856
-2.255264626852401 1.604364350462638 1.819463249134218 243.410224121478336 214.479528664563475
1.540400416017462 2.087339101036768 1.908610466144914 593.414635158716806 302.135460534691674
1.848099923092915 1.061536246002513 2.263280864998368 697.783253697623650 194.537674392734488
-0.719882733921688 0.779123062806577 0.485874919465445 253.524121712620968 280.961281903916870
1.016838035575660 1.818756586201003 1.268136344806029 562.385493981431864 335.826553657768386
0.914603583400992 1.019657572042683 1.708715699678023 582.549255972864785 214.785407536111450
2.340608082860999 1.652458833610059 2.318879626214586 708.875250473148753 255.549552623992184
-1.417893060359139 0.561668205419461 2.396355813765268 310.509772575097998 106.609695168384491
-0.212116741562556 1.789778871300426 0.829726849022180 390.976285361499549 346.539981784822430
-2.378714710387544 0.356910764592629 2.568394823819310 234.735895528521382 79.406009625878852
0.011489359382638 1.484965435225342 2.719446545046375 446.719558837009004 188.974071020945530
-1.046365628292480 2.856196618331841 2.451340543139825 364.077792345239345 266.667467356459326
-1.385389251304131 2.806719883853976 2.543983071641538 346.109691559111639 256.763028765859474
-2.405530186309526 0.970826069224190 2.428103425594758 246.195051342309199 141.524624441471531
-1.330024949823912 2.574190105771045 1.125736268335892 302.650930165535556 328.026766622447440
-1.101270699458112 2.960674199173910 0.319783312406470 291.864861025474170 426.204813826712780
2.132636972288164 1.593331695606723 2.384499972466795 680.193582043472588 242.137461327180944
0.578178692579423 0.767445955150868 2.091912091973885 531.814492890160636 153.243136505074688
0.361289200112146 1.979437519624452 1.799793479901044 467.917121132118382 279.476473676757678
-1.227605326131707 2.681976980218303 0.813572596313053 299.005497395478017 361.456077670554521
1.165513450568036 1.359326142866921 2.261728229570661 575.184025181369407 214.752749485502108
-2.326818397556014 1.793768432294453 2.559134051889133 278.545127165330541 195.983777728492612
-0.612568001743769 0.421948739754678 1.690722919949404 363.603968457015640 112.264207355613735
-0.790934143675526 1.685879459816040 2.406057881537154 375.743731593217205 208.840145438674739
0.858796198767202 2.444877819750769 2.142704117515820 503.465073211764206 291.031186318917264
0.424503391425445 1.019182039581089 1.052562204921530 516.589370764044702 271.641344650821395
-1.819651711045487 0.423861646527818 0.762971275614351 82.924993473732229 152.731823018057241
-0.906495690038693 1.339944712993076 1.305398959885680 323.315556343746039 244.747232140341964
1.220298668676579 1.949894996526472 2.297852036002098 552.556984226091231 258.475751473168032
-1.643571119418271 1.720681526156648 -0.238507495212874 91.650769654362307 457.499160471581604
-1.725010526060548 1.379961557513223 1.728749526176968 270.898858550167006 208.472870801009520
-0.532727446652133 1.807864180253997 2.451023797656803 396.782687251899517 217.594124899356302
-2.764203371167606 2.837739797398335 0.031222772226168 134.691874056102108 401.642163435060468
0.061537809105531 1.292800038686337 1.692168027219357 447.464028275389808 229.164526883558324
-1.847317464594975 1.568052479839529 0.708229112793922 190.740115728357637 294.929045095226797
0.386353897180372 0.600404873706901 2.477720398410876 506.072997377039997 114.770009472011324
-0.610004568277795 0.564580902220232 0.034429076172600 123.975180466156985 386.884709062852892
1.957762347262904 1.957047273602196 1.249578817618344 708.124037963944829 382.164635871641735
1.747875670791832 0.746494880401744 2.711592061931588 677.648701793050805 132.081888596701560
-1.040702596941218 1.851191598981524 0.761257738306126 290.811127659380077 331.386433131322860
-2.157901261647881 2.615855068441164 1.216030115121428 249.415885458310044 307.405858144229285
1.406341574035144 2.614631609635819 2.385762442061608 544.429964746620954 293.101052534468863
0.837490171283028 1.485476491060759 2.158973694053571 531.904788527012897 227.182739967820595
-1.717883618897727 1.533259218394615 -0.214812038694018 57.503813237447844 440.258572814548870
-2.474755227043269 1.797130439944961 1.532062213070679 218.052261453095383 239.231284369482012
-2.898714295171244 2.409541803822898 2.871769284488597 271.353214454002398 213.511526354703022
1.514152954714303 1.355090422704734 1.785681904146204 650.046589469122409 257.062902520717159
-0.069779878869687 0.333010611880953 2.165252128368183 453.942943147071674 84.136673504350284
-0.825888478669362 1.955149920554193 2.940413836798625 384.441313829919352 203.982828519114065
0.076060758835924 1.107030849292172 1.108456836711084 447.894053192985723 263.737454145909851
-1.476953341479463 0.801881429363502 2.241642260267484 303.199596379544914 136.469484561178149
-1.249017059294648 1.809779148238554 2.982405696357302 357.518201306953358 190.703454464745789
2.946148171883929 2.496889317624800 2.716114530653610 689.490007878225242 292.196842047239784
-2.763583812736974 2.575899630623996 0.177181015127741 131.178255044010143 377.524423148419146
-2.552648262493129 1.689930588152716 2.429763098690281 257.448360335620976 192.437187588197020
-2.915577286459229 1.801525502847701 0.920206044397381 140.270107761321924 270.347956700298596
1.782738854381385 2.990235562690588 2.089848358145721 571.013768701714525 336.800165179228600
0.964104265095303 2.688237357101499 1.169057279954943 517.079706333596732 387.992365706080705
-2.255031087818837 2.746933246465083 2.562123245223610 299.055143137530251 244.743844038058995
-1.920808214580888 1.642330667732721 1.690984194835790 261.606853880072606 227.605585342507311
-1.505721367944419 1.488196072446144 0.193568323827183 156.539975283144287 367.611594562940411
-0.270537863900404 1.469760709370638 2.796774196941943 424.034314322307807 182.417593652666028
0.408300883713200 1.889185112811873 1.733641460218463 474.855776352534065 279.584298420355083
0.806310778729913 0.518444657202965 1.043178533836483 680.941006925474539 200.968364690556854
-0.320008211904443 0.977308006341261 1.139783735220228 386.228307727290485 234.411427264518693
-1.423907139449947 1.716354722105354 -0.125139876136535 140.223893047928925 446.073385975630799
-2.845182333049369 1.049399111448471 0.707891814032055 53.368121460314057 226.575880372347854
-1.039066990360902 2.498047758366645 1.622616343361779 341.600941369341569 294.879410881323622
-0.145963956970545 2.650155075455251 1.296000655472000 406.631224192348782 343.917972961120427

gimbalangles:
-2.299193696735772 -2.853559157344963 1.528526529904945

end: