T_CW:
-0.3951030729 -0.8779278694 -0.2704370868 -0.0350361182
-0.7758781997 0.1612983589 0.6099146323 0.0108926929
-0.4918399953 0.4508053855 -0.7448945720 -0.0519447478
0.0000000000 0.0000000000 0.0000000000 1.0000000000

T_CW_cov:
0.0000004346 -0.0000000568 -0.0000000156 0.0000002039 0.0000008987 -0.0000000057
-0.0000000568 0.0000003693 0.0000000424 -0.0000009435 -0.0000001777 0.0000000510
-0.0000000156 0.0000000424 0.0000002725 -0.0000001374 -0.0000000693 0.0000000087
0.0000002039 -0.0000009435 -0.0000001374 0.0000030113 0.0000005771 -0.0000001301
0.0000008987 -0.0000001777 -0.0000000693 0.0000005771 0.0000024768 -0.0000001038
-0.0000000057 0.0000000510 0.0000000087 -0.0000001301 -0.0000001038 0.0000004827

target_points_pix:
-2.8243573618 2.6628569762 -1.5907718359 321.5683816476 347.5202809427
-1.8989089335 2.7021134331 -0.4054152166 219.4794190767 407.9957291285
-2.4509590965 0.8871749841 -2.1853645049 431.9571464978 294.5147802139
-1.1698605629 -0.0915581141 -1.3700899405 516.6087087506 250.5366261357
-0.4339811544 0.3604827340 -1.2275564470 404.9542089890 172.5882555530
-1.2830020915 -0.7477612956 -2.9741651212 565.4998675320 148.2069435787
0.0134727521 1.9966532696 -2.2999075116 264.3913677948 137.2959685573
0.0713589459 2.8688959608 -0.9051086491 74.6836998879 222.3625387595
-2.5095895023 1.4537282118 -1.9005724212 389.7210144529 316.3853086986
-1.9323731186 -0.3012474738 -0.7481905140 594.2915118025 423.7613432638
-1.3783621819 0.6183489028 -2.2812195003 429.4893473767 219.9433532604
-1.4132040819 1.7390647207 -0.1303300090 221.6439058245 447.1866397629
0.4760255981 1.6652719494 -2.0074300235 234.3294193347 77.3916887306
0.0469361765 -0.1783641195 -2.6535832882 484.2663962050 17.4177404702
-2.6318751097 -0.2406755511 -1.7765257254 542.2659169403 331.1571298845
-0.0197024909 1.9179607289 -0.7375181316 108.7537912511 219.4173813255
-2.2570881565 2.7082349037 -2.0633919600 314.2549971029 299.1735400796
-2.4349464755 0.7633696205 -1.9950480928 440.0065805461 305.1096551543
-2.9891561525 1.0928385460 -1.1234454871 418.4462384832 399.8721532624
-1.4003785247 -0.3736922668 -0.7233151088 625.5020210431 382.6898681653
-2.7312989435 2.6530594031 -1.3942433270 312.9960201159 356.6999045286
-2.6333375856 2.5260876036 -0.4714651478 279.2853263395 431.9415160640
-1.2333229781 0.8026401249 -0.6833503019 363.8118680610 355.0229013354
-0.2118470871 -0.0163581002 -1.5873625828 472.3016926297 82.7903066375
-1.2292746160 0.8858709981 -2.9739817686 411.7219756564 185.6303324650
1.2977747122 2.7046068227 -2.0603174099 98.1033119869 26.6902800568
-0.8911796826 2.9815497203 -1.4877817901 213.5547356858 263.0690184728
-1.5747020397 0.3647896395 -2.1186734669 457.6802302043 239.4982923207
0.6336242524 1.1783842050 -1.0552852102 112.9219670989 2.6296588333
0.2585293654 0.5934473492 -0.5108773483 107.0920991445 30.4077139671
-2.5954390840 0.9615306910 -1.9993108423 428.0732123551 313.3650681449
0.9719223617 1.9689701437 -1.5625638722 101.0721074832 20.4260318746
-1.8048953481 1.9335417400 -1.4229821744 319.8195124319 314.3139196759
-0.9856763569 -0.5848182569 -0.8305814883 710.6335709536 293.2080607223
0.0588398480 0.1345663759 -1.9919443238 435.1498242761 36.6368876549
-2.3495685473 0.3594685558 -2.9255488728 471.3885585405 247.1156922409
-1.1012706995 2.9606741992 0.3197833124 26.7613866921 474.0737410447
-2.7764038774 2.3680402460 -0.8289858517 311.3322249304 404.2219020152
-1.2502089736 -0.4633432231 -1.6307261334 576.7402350435 225.9324440032
-1.7725763211 0.1321032521 -2.5127218453 483.3168336661 228.5740852487
0.6325419191 2.6208530677 -2.3930825352 195.0071950002 98.5308746522
-1.0103194588 -0.8321822294 -2.8083801352 582.7381412660 121.8302108739
-0.3638610292 -0.9546125156 -1.7797905765 713.1177828951 15.7134455820
-1.6435711194 1.7206815262 -0.2385074952 257.6181551022 440.1806235808
0.8583509219 1.9819683117 -2.4177920373 216.2077195227 42.3995606714
0.3303057821 0.2394415897 -2.7978580808 421.8645285203 5.5828453999
-2.8070000852 2.1028983329 -1.6509945629 352.8173828006 344.4811664139
-1.0050947886 1.3796874961 -1.1237346037 305.9211302191 281.2739587148
-2.9469886051 -0.0556582209 -2.3291306646 516.0147209903 307.1165489139
-0.7126786561 1.9834577945 -1.0618160856 228.0385471128 268.3608484480
-2.2906387154 -1.9032725139 -2.9466558645 710.0351817989 207.8696787236
-2.0786952816 -1.2439389284 -2.8570242590 627.9293690458 209.1197465526
0.0746601060 0.5852067123 -2.6719971241 391.3991505014 62.8372797343
-1.1895189559 -0.0584733151 -0.8465864265 527.3776902809 326.3372921395
-1.7178836189 1.5332592184 -0.2148120387 280.5052574071 454.3441422524
-1.0310568987 0.1681308091 -1.9239170579 467.0276549252 198.2598517628
-1.6965573658 2.2500304313 -1.4300462053 294.7171615718 308.6884293233
-0.0667491202 2.8893935758 -1.8135267343 186.6167255442 186.5581225392
-0.7896994598 -0.6712832293 -1.4482634684 648.7379607273 159.5742132094
-1.7593186310 0.6483982310 -1.4034331411 428.1698576478 309.7874619524
-0.3139309819 -0.3902845608 -2.9588867546 515.1203528158 56.4407451913
-2.4005462004 -1.4231052476 -1.7722446267 728.8567145014 314.9046701814
-1.0519031372 -0.6309223896 -1.1260086692 669.1437109958 248.6996519542
-2.5222100225 -0.7635231769 -2.4214857334 584.1328587591 273.1564805770
-1.1789359356 0.5890362018 -2.6866246034 430.6871488882 186.0830423436
0.7279847276 1.9901461379 -1.3627605785 101.3724141079 68.2504184284
-2.3709911216 0.7873857488 -1.7873182151 435.2045795932 316.2049940799
-2.1351115329 0.3711751050 -2.8548084772 467.4662738909 238.5501615714
-1.5993342926 1.4370656586 -2.3495525503 373.0145855327 243.4698927429
-2.3524978632 -0.4190901020 -0.6763358060 621.4556038493 470.5401876189
-1.6020343444 1.0108264512 -2.1461077954 400.4960790770 248.9265581841
0.4773538111 1.3095008612 -1.5680206608 219.2722227827 58.0204461916
-0.4791536927 2.3891232452 -2.6389828612 283.1155095557 176.4843954668
-1.7376268140 2.4434120148 -2.6251467566 326.1718370775 249.0972034493
-2.7196823128 2.1269550887 -0.8836294877 326.2195622975 399.9763715343
-1.4239071394 1.7163547221 -0.1251398761 224.3808505171 449.6438052996
-1.4994475505 -0.9512953885 -2.1558872977 631.8190454782 201.3814541875
0.1815827826 2.0076210646 -1.8337579884 219.3112146736 134.5648066440
-2.2862629253 -0.2226837426 -1.4929258470 545.5807161753 336.8454768623
0.5522005358 2.0961738439 -1.3378655295 116.4221473426 105.7160325518
-2.7921738827 1.8243530301 -1.3223706776 361.6867197337 368.2759827553

gimbalangles:
-2.3076649825 -0.1094162103 0.3056205719

end: