T_CW:
0.8137783320 -0.2962421441 0.5000054184 -0.4013702968
0.3245121235 -0.4821092061 -0.8137951801 0.0345359085
0.4821376443 0.8245067043 -0.2961958584 0.2398689785
0.0000000000 0.0000000000 0.0000000000 1.0000000000

T_CW_cov:
0.0000002725 -0.0000000442 -0.0000000458 0.0000000715 0.0000004352 0.0000000064
-0.0000000442 0.0000002874 0.0000000089 -0.0000005266 -0.0000000615 0.0000000554
-0.0000000458 0.0000000089 0.0000003064 -0.0000000089 -0.0000002722 0.0000000036
0.0000000715 -0.0000005266 -0.0000000089 0.0000015335 0.0000001031 0.0000001576
0.0000004352 -0.0000000615 -0.0000002722 0.0000001031 0.0000012823 0.0000000307
0.0000000064 0.0000000554 0.0000000036 0.0000001576 0.0000000307 0.0000006001

target_points_pix:
2.9185907309 1.9178459633 1.8610296438 586.4872168023 107.9916191746
0.4525511890 1.4771543701 -0.3709931605 286.1913177403 208.7248809000
0.0134727521 1.9966532696 -2.2999075116 174.6695575494 328.6745908126
0.0713589459 2.8688959608 -0.9051086491 238.5769520163 190.6564608768
2.5591223247 -0.0443953625 0.5219552533 743.8389977371 326.9842944859
1.8324549851 0.5136414256 0.1050882143 533.6592351630 286.7194952577
-0.3054732399 1.1553874900 0.2017032538 156.8580088771 46.5784646355
0.8179732118 2.2948193458 -0.2082891874 326.9283227629 180.2524618142
0.4760255981 1.6652719494 -2.0074300235 225.7430207914 340.9005856619
0.4157939103 1.1830938811 0.6503161745 357.7742574349 55.4663652849
-0.0197024909 1.9179607289 -0.7375181316 213.8392729226 204.4072529540
1.6912700364 2.9152958030 2.0943006760 474.3549445524 24.2720017767
1.0143189639 -0.1834378360 0.2340703772 658.4886859439 364.0219724786
2.1243149059 2.5165360083 -1.1599424087 375.4425729476 269.1647963060
2.2027673226 1.2739145926 -2.7746600208 346.5301452701 422.0897474511
2.6388940522 0.2859068827 0.6616028722 686.2633792435 272.5734827210
2.2838413789 1.2710353105 -2.0665887182 378.9392206462 388.2961996511
2.6356910408 1.1581813945 0.7110316627 563.5144799411 213.2948414847
1.3605142988 1.3279683397 -2.8167563008 281.6744618291 421.8720028551
1.6985656786 2.3108705817 2.0575274508 511.4401112516 13.4164492923
0.8606978522 2.4381202060 -0.8605197644 304.5273250750 226.1706409936
2.2974160006 1.1434337072 1.1115312662 582.8359662821 156.1945586559
1.8636994645 0.9851570773 0.8625067980 554.0703355675 162.9107904100
2.8400527988 2.3293742471 -2.5758741647 371.6211042868 348.0999308291
0.6837708879 1.9678359559 0.5759732938 358.4457114300 100.2377994175
2.4952987901 1.9204534977 1.3630564139 535.8421673785 130.0342193177
1.9598271384 2.0807628825 -1.8172077782 351.6767031929 320.1173066292
0.3223913466 0.6572687096 0.3411312926 328.0348177147 107.9096224533
1.2977747122 2.7046068227 -2.0603174099 298.2700119161 293.5353476859
2.8920798147 2.1378650829 -2.5311623147 378.3117485282 356.1153087413
-0.8911796826 2.9815497203 -1.4877817901 129.6880668622 196.3875953093
2.7260240624 2.2495865463 -1.9352716347 386.1025298949 324.9623941479
1.1135292309 2.9590436052 0.6041369903 369.7310153132 118.4500629438
2.6278435143 1.8946618219 1.8255796272 575.2220464486 95.1059771735
0.6336242524 1.1783842050 -1.0552852102 274.5140840578 309.8364052691
2.3667225286 2.8706255632 -2.1373102295 353.1385731209 303.4738950815
1.5404004160 2.0873391010 1.9086104661 509.3803448489 10.3012887969
0.2585293654 0.5934473492 -0.5108773483 225.6537835721 299.3856747941
2.4841714159 1.4051269004 1.6262681959 606.3256689207 107.0540853992
2.1983390802 1.3671984969 -1.0802983766 413.9731824162 324.7176494513
1.0168380356 1.8187565862 1.2681363448 443.1748095210 38.3026820167
2.3406080829 1.6524588336 2.3188796262 632.2429456740 16.2935125356
1.7824561088 1.2368809704 -0.1031601285 446.1626130221 250.6496468679
2.6588510636 -0.1466194073 -0.3037086062 643.6522224361 436.5486448171
1.2383180701 1.3099832525 -2.0678546936 297.4965323706 381.6544843908
0.7871674616 2.0424983208 0.2012990387 346.7200683080 147.4053620718
1.3716637695 0.8792669647 -1.3574988410 347.9537475106 378.2519242161
0.9719223617 1.9689701437 -1.5625638722 290.9304189055 297.8436752907
2.8361755367 1.9949440335 -2.4556373968 380.7974416677 360.5504273199
1.2103062974 0.1184933070 0.6222756592 657.2270843972 194.7200348680
0.9923400970 0.5709656991 -0.1292795507 409.0819755025 276.2918224057
2.6984458114 1.3496573022 0.7124865195 548.7009344728 207.2968270916
0.7575916053 0.2523891601 -1.0951950878 288.7016958519 462.6031755627
0.8962104592 2.8887750237 0.0742970148 336.0267450926 149.5874934049
2.4003927181 0.1999549924 -0.1597382894 587.6437743619 366.8911825864
1.4570043822 2.3114412965 -2.8657043889 287.8145887338 352.4032177427
1.6781638844 1.7635796532 -1.0815039641 367.2321901805 291.7858944907
-1.1012706995 2.9606741992 0.3197833124 138.0774880385 3.3730334147
1.4697371940 1.7050643911 -2.6910499524 294.2117166792 383.6587887735
1.4997362677 2.2552284310 -1.7042058754 324.3667528196 299.1683090004
1.9711161295 2.5320500174 -0.8647562015 376.5020796033 250.3346596332
2.2679231297 1.6166728105 1.6066018340 570.4033679170 94.1438644680
0.6325419191 2.6208530677 -2.3930825352 243.6511041480 304.6100505345
2.2683739193 1.5151538458 1.0720505343 538.9046939354 150.9231663318
2.8407462338 2.6756664027 -1.3199547291 401.4928440905 282.2274003552
0.8583509219 1.9819683117 -2.4177920373 254.5928481994 346.3744712749
0.7902253300 -0.0498267092 -0.2495925517 423.5772177896 431.2728745470
-0.7126786561 1.9834577945 -1.0618160856 100.0728795940 201.6516425077
1.9193600062 2.7960739311 -1.6739447817 344.4952971953 280.9848948346
2.8049534027 1.7549510628 -2.7261348255 375.2412337795 385.3427966607
2.9691898119 0.8306301282 -1.4718533968 465.2151343238 395.0365159858
1.9577623473 1.9570472736 1.2495788176 498.4172332926 110.9283788631
2.4239824816 0.7568461512 -2.0444246221 405.0318131339 433.8301492618
2.5332886341 0.3624403137 -0.8886724309 507.6891212721 407.5160767277
2.7230803671 2.1668952310 -1.0932890004 416.4818547922 289.9812618289
-0.0667491202 2.8893935758 -1.8135267343 204.1415422136 247.2717782027
2.8849499926 1.7528628131 -1.9172862492 406.0350602315 351.3993030331
1.1468270981 2.4561268263 -0.9711199181 322.1158118601 240.5864861571
1.8638170845 2.7136824619 0.0667283887 400.0232470357 187.6937704897
1.7836301664 2.3017608285 -2.5962998189 315.7473024309 343.1726154608
2.0330982211 1.2071025275 -0.3551796497 450.2760877652 281.1024207102
1.1730569531 1.2704948479 -1.1105960248 333.3215818663 318.1855634511
2.9461481719 2.4968893176 2.7161145307 592.4505865590 38.3501027263
0.6570472120 0.4945068807 -1.4712885553 246.0972537594 448.0471633260
0.7279847276 1.9901461379 -1.3627605785 276.4217744047 278.3436549688
1.7827388544 2.9902355627 2.0898483581 474.5332271609 31.6082181387
0.9641042651 2.6882373571 1.1690572800 391.5337000378 60.9035952095
1.5773005481 0.8563350408 -2.8473658583 299.9246021055 471.9479932684
0.7664780110 2.9653914697 -0.1033146028 319.5119666741 156.5347211250
1.7669752855 0.9690625695 -0.5529376649 431.0117508610 309.4731048189
1.4488983111 0.6617484764 1.0469220162 603.0550435263 102.3839759272
1.1060195470 2.4830620612 0.3854567192 371.1318181689 139.8464430583
2.8833560441 2.6773336796 -0.2468877160 438.7482616415 232.3922397808
2.7832056284 2.7310910625 0.6875618561 468.6501284699 177.0911265146
0.4773538111 1.3095008612 -1.5680206608 232.9915136664 339.5741578851
0.7034332180 -0.0654622727 0.4930513506 654.5496212145 171.3169015529
-0.4791536927 2.3891232452 -2.6389828612 128.3443719207 316.2369699507
1.9631750106 0.7384015444 -1.1730532119 419.3998062923 382.3845972612
2.7390766891 1.4458832406 -1.4800111153 425.2403938111 347.9561315064
1.8142779780 2.3081898863 -0.8022692629 374.2331445192 251.5884862222
0.1815827826 2.0076210646 -1.8337579884 206.3088551820 298.6715343929
1.8809823717 2.0841163296 0.5893151287 447.6757610441 163.8553662442
1.0562875771 0.1801981948 -0.5239100279 408.1957723098 404.4577876083
0.5522005358 2.0961738439 -1.3378655295 260.8156286875 266.4406934170

gimbalangles:
-1.7108376471 -1.0997160777 -2.1222955359

end: