T_CW:
0.8337215951 -0.4725645815 0.2856414153 -0.0237423881
0.1025915750 -0.3757226852 -0.9210360647 -0.0573672354
0.5425709821 0.7971920597 -0.2647669717 -0.0514657563
0.0000000000 0.0000000000 0.0000000000 1.0000000000

T_CW_cov:
0.0000004277 -0.0000001459 -0.0000000504 0.0000003949 0.0000008880 0.0000001249
-0.0000001459 0.0000005058 -0.0000000021 -0.0000012265 -0.0000003318 -0.0000001581
-0.0000000504 -0.0000000021 0.0000003957 0.0000000660 -0.0000002109 -0.0000000111
0.0000003949 -0.0000012265 0.0000000660 0.0000037740 0.0000009342 0.0000007070
0.0000008880 -0.0000003318 -0.0000002109 0.0000009342 0.0000025574 0.0000004189
0.0000001249 -0.0000001581 -0.0000000111 0.0000007070 0.0000004189 0.0000008183

target_points_pix:
2.9185907309 1.9178459633 1.8610296438 566.7299455175 33.0229929401
0.4525511890 1.4771543701 -0.3709931605 300.9520791984 202.6924877375
0.0134727521 1.9966532696 -2.2999075116 194.0281311984 386.9187371710
0.0713589459 2.8688959608 -0.9051086491 223.3626803431 211.2232474372
1.8324549851 0.5136414256 0.1050882143 611.2358742017 210.6923873031
0.8179732118 2.2948193458 -0.2082891874 323.6604396632 170.9530351863
0.4760255981 1.6652719494 -2.0074300235 259.4956950314 381.9071559784
-0.0197024909 1.9179607289 -0.7375181316 206.7396905621 224.5622856381
2.1243149059 2.5165360083 -1.1599424087 391.5343238656 259.3713229588
2.2027673226 1.2739145926 -2.7746600208 410.2890861888 427.1032375738
2.2838413789 1.2710353105 -2.0665887182 436.2974909009 380.6886006447
2.6356910408 1.1581813945 0.7110316627 584.5751286745 139.3518434164
1.3605142988 1.3279683397 -2.8167563008 343.9065774872 450.9945943651
0.8606978522 2.4381202060 -0.8605197644 309.6628769158 230.8729299870
2.2974160006 1.1434337072 1.1115312662 598.5292417357 69.2264891990
1.8636994645 0.9851570773 0.8625067980 584.2443638837 74.8365002787
2.8400527988 2.3293742471 -2.5758741647 405.7222348661 343.5565803882
0.6837708879 1.9678359559 0.5759732938 344.5432722547 64.4127029306
2.4952987901 1.9204534977 1.3630564139 526.0710286274 65.7625006828
1.9598271384 2.0807628825 -1.8172077782 383.8661970539 319.3157099195
1.2977747122 2.7046068227 -2.0603174099 316.8873778695 308.5817071151
2.8920798147 2.1378650829 -2.5311623147 415.7639642354 349.2994540881
-0.8911796826 2.9815497203 -1.4877817901 93.9418132296 250.4091927629
2.7260240624 2.2495865463 -1.9352716347 416.3289988494 314.9206739583
1.1135292309 2.9590436052 0.6041369903 347.2307481297 98.4799206077
2.6278435143 1.8946618219 1.8255796272 555.8962069773 20.1480461749
0.6336242524 1.1783842050 -1.0552852102 318.3420783932 325.4751484904
2.3667225286 2.8706255632 -2.1373102295 374.2245870523 303.2919218430
0.2585293654 0.5934473492 -0.5108773483 294.2563768725 314.8221168152
2.4841714159 1.4051269004 1.6262681959 600.2129020714 16.8452383897
2.1983390802 1.3671984969 -1.0802983766 457.3309400034 302.0888427243
1.7824561088 1.2368809704 -0.1031601285 482.0601420789 208.7858325112
1.2383180701 1.3099832525 -2.0678546936 353.2543304106 401.3960439672
0.7871674616 2.0424983208 0.2012990387 341.2002157465 124.3242704579
1.3716637695 0.8792669647 -1.3574988410 419.3468203547 377.9646762904
0.9719223617 1.9689701437 -1.5625638722 317.0086823993 312.3472174060
2.8361755367 1.9949440335 -2.4556373968 420.5613590866 352.8428483083
0.9923400970 0.5709656991 -0.1292795507 498.3955949848 226.9259426985
2.6984458114 1.3496573022 0.7124865195 563.8972958765 140.1854436039
0.8962104592 2.8887750237 0.0742970148 320.1661240694 139.5251781938
2.4003927181 0.1999549924 -0.1597382894 680.8412433048 283.3723704533
1.4570043822 2.3114412965 -2.8657043889 323.1410060461 374.6827502769
1.6781638844 1.7635796532 -1.0815039641 397.3868201887 282.4867597762
-1.1012706995 2.9606741992 0.3197833124 40.6689721759 4.9670994533
1.4697371940 1.7050643911 -2.6910499524 343.2084507636 405.4145299251
1.4997362677 2.2552284310 -1.7042058754 349.0763576543 305.3470077146
1.9711161295 2.5320500174 -0.8647562015 388.3431810928 239.1094159265
2.2679231297 1.6166728105 1.6066018340 560.0273932143 13.1115631265
0.6325419191 2.6208530677 -2.3930825352 261.2008169673 337.8990270941
2.2683739193 1.5151538458 1.0720505343 543.1945970523 80.6714014688
2.8407462338 2.6756664027 -1.3199547291 418.1517424976 266.8264578693
0.8583509219 1.9819683117 -2.4177920373 289.5144766882 378.5216854727
0.7902253300 -0.0498267092 -0.2495925517 727.1055781772 402.6368817460
-0.7126786561 1.9834577945 -1.0618160856 59.6666744796 257.0908165311
1.9193600062 2.7960739311 -1.6739447817 360.5083285101 281.4731487084
2.8049534027 1.7549510628 -2.7261348255 423.0769386964 379.5538576021
2.9691898119 0.8306301282 -1.4718533968 527.0997697623 358.7685932597
1.9577623473 1.9570472736 1.2495788176 487.8860186508 51.2473249709
2.4239824816 0.7568461512 -2.0444246221 481.3179410552 419.4900339073
2.5332886341 0.3624403137 -0.8886724309 592.7952738726 355.2771299449
2.7230803671 2.1668952310 -1.0932890004 439.1163624111 268.4128562993
-0.0667491202 2.8893935758 -1.8135267343 199.6278447086 286.2805952702
2.8849499926 1.7528628131 -1.9172862492 446.7610934047 334.8963931454
1.1468270981 2.4561268263 -0.9711199181 331.5773058328 242.6146588278
1.8638170845 2.7136824619 0.0667283887 395.8952516819 165.7912501050
1.7836301664 2.3017608285 -2.5962998189 349.5024664999 355.7904983564
2.0330982211 1.2071025275 -0.3551796497 489.7248051634 242.3732746926
1.1730569531 1.2704948479 -1.1105960248 379.6276053631 317.4467328458
0.7279847276 1.9901461379 -1.3627605785 296.2641542370 295.2649890152
0.9641042651 2.6882373571 1.1690572800 358.8676888670 24.6319733665
0.7664780110 2.9653914697 -0.1033146028 303.6589319006 152.4317507914
1.7669752855 0.9690625695 -0.5529376649 485.5689143959 274.9200779401
1.1060195470 2.4830620612 0.3854567192 358.8439892750 116.7240246227
2.8833560441 2.6773336796 -0.2468877160 443.5158795132 204.3073626849
2.7832056284 2.7310910625 0.6875618561 459.5399945905 139.1789477719
0.4773538111 1.3095008612 -1.5680206608 274.8916170051 376.4704619758
-0.4791536927 2.3891232452 -2.6389828612 132.3584094625 390.0848681315
1.9631750106 0.7384015444 -1.1730532119 492.8044802439 359.4239442629
2.7390766891 1.4458832406 -1.4800111153 468.7713804229 324.8539135847
1.8142779780 2.3081898863 -0.8022692629 388.4607922750 239.6903375828
0.1815827826 2.0076210646 -1.8337579884 222.8364207570 341.0584045669
1.8809823717 2.0841163296 0.5893151287 446.2025818057 123.2391945554
1.0562875771 0.1801981948 -0.5239100279 562.4280535026 379.5924528864
0.5522005358 2.0961738439 -1.3378655295 275.5988960186 286.9228614289

gimbalangles:
-0.3382636361 -0.4248251476 -1.1368688719

end: