T_CW:
-0.3442713977 -0.9336458795 -0.0989069075 -0.0319291051
-0.9113977959 0.3576357074 -0.2035945932 -0.0181730252
0.2254578949 0.0200517423 -0.9740465416 -0.0701356849
0.0000000000 0.0000000000 0.0000000000 1.0000000000

T_CW_cov:
0.0000003578 0.0000000169 0.0000000280 -0.0000000489 0.0000008107 0.0000000604
0.0000000169 0.0000002447 -0.0000000046 -0.0000007363 0.0000000170 0.0000000094
0.0000000280 -0.0000000046 0.0000002033 -0.0000000201 0.0000001268 0.0000000144
-0.0000000489 -0.0000007363 -0.0000000201 0.0000028825 -0.0000000512 -0.0000002383
0.0000008107 0.0000000170 0.0000001268 -0.0000000512 0.0000024504 0.0000001192
0.0000000604 0.0000000094 0.0000000144 -0.0000002383 0.0000001192 0.0000006357

target_points_pix:
1.4904409015 -0.8576028127 -2.6357354281 419.6299686428 141.0835292829
2.4414387687 -2.5855806867 -2.6140916131 521.6441792499 25.2604388242
0.7583609253 0.4677505926 -2.4511855211 328.0975933329 235.4023816781
1.6304909208 -0.4683184133 -1.9111117291 378.9956215903 95.2543615180
-0.4339811544 0.3604827340 -1.2275564470 352.4564927507 416.2893821144
-1.2830020915 -0.7477612956 -2.9741651212 509.7128954265 382.3555692947
1.5085798632 -1.1919996516 -1.7278603287 467.1219624091 55.5633225262
0.0134727521 1.9966532696 -2.2999075116 192.4205297115 365.4488956155
1.5390997624 -1.5424577392 -2.4175742588 479.1995433552 101.8997524911
2.6638076555 -1.1338153697 -2.9948707751 403.9392766845 81.2563532724
0.8751195563 -2.7412553167 -2.3497777337 627.1412710237 104.5772016481
0.4760255981 1.6652719494 -2.0074300235 189.9915283252 305.4964832483
0.0469361765 -0.1783641195 -2.6535832882 411.8168575781 279.4221882436
1.5905470624 0.5227412081 -2.2990225691 295.2253228563 162.1211805023
1.0230141211 -2.0286101404 -1.6936841533 604.5490038012 57.6149510141
-0.3342155314 -1.4791719233 -1.8288346165 622.9908952686 259.1071432365
2.2027673226 1.2739145926 -2.7746600208 244.5451391192 162.4950495732
1.7022931842 0.6034113149 -2.4383688156 291.0876047563 162.7858187558
2.2838413789 1.2710353105 -2.0665887182 199.9153206645 120.3161264987
1.3605142988 1.3279683397 -2.8167563008 257.7179391100 222.6963881859
2.8400527988 2.3293742471 -2.5758741647 148.5979374014 142.9198943002
-0.2118470871 -0.0163581002 -1.5873625828 411.4069178445 322.9411890737
1.9598271384 2.0807628825 -1.8172077782 101.7255244909 163.1110238137
-0.1823780494 -0.8635400208 -2.5844140384 485.9199196343 276.5624844579
-1.2292746160 0.8858709981 -2.9739817686 361.9354477989 430.2951226129
1.2977747122 2.7046068227 -2.0603174099 78.7072406469 259.2432559953
-0.7482836631 -2.2901477881 -2.3809329031 684.3163021033 278.7428580664
2.8920798147 2.1378650829 -2.5311623147 158.2282635782 132.0203577229
2.1800794479 -1.0439377960 -1.9029706145 416.1018678883 25.9260418964
2.7260240624 2.2495865463 -1.9352716347 93.8629274225 112.1049746808
2.4497479841 -1.5512437600 -2.3657692494 446.1175210769 35.5745858463
1.4521663042 -0.5399965625 -1.6630885379 393.0085017639 84.5502142259
0.8262230982 -2.7700330224 -2.2296368352 645.1002319631 97.8624886176
0.6336242524 1.1783842050 -1.0552852102 107.2488440393 248.3070244395
2.3667225286 2.8706255632 -2.1373102295 67.2000721254 173.2747319445
2.9170283047 -1.1525861895 -2.5332101054 398.4546666220 34.2935239003
1.0749470139 -2.7742481684 -2.6710858845 593.4786629226 110.8895601023
0.2585293654 0.5934473492 -0.5108773483 71.7921616974 269.9190625693
2.2425741823 -1.7173131963 -2.8670343424 457.2964530688 81.0958970581
2.1983390802 1.3671984969 -1.0802983766 60.5920617806 28.6098819272
1.6075514943 0.3175726274 -1.9505948349 299.4946738279 132.5763991811
0.2277862557 -0.3340403307 -2.6300424523 419.3057890645 257.7065894877
0.7112279187 -0.6943231092 -2.1725083750 439.9664558068 187.4538852753
1.1504892931 -0.6627365524 -2.0403880364 419.1695665943 140.2528691749
1.2383180701 1.3099832525 -2.0678546936 216.5003735108 211.9053970802
1.3716637695 0.8792669647 -1.3574988410 192.8806023774 135.7965606767
0.9719223617 1.9689701437 -1.5625638722 85.3666110863 256.2979413705
2.8361755367 1.9949440335 -2.4556373968 163.4917153110 127.5775732739
0.7575916053 0.2523891601 -1.0951950878 288.6306270140 158.0034908002
0.0588398480 0.1345663759 -1.9919443238 377.7433401137 288.5374218839
-1.2272046121 -1.5636394124 -2.1282380772 669.3930885397 378.6181705420
1.4570043822 2.3114412965 -2.8657043889 187.1549120906 244.5676729116
2.7544963644 -1.4088225197 -2.8622308738 420.4472354811 60.5954363534
1.6781638844 1.7635796532 -1.0815039641 3.1825571807 118.9411527042
1.4697371940 1.7050643911 -2.6910499524 220.7344904150 222.9807171935
1.4997362677 2.2552284310 -1.7042058754 70.6492520335 211.1893671117
2.9010377035 -2.0761523624 -2.9764524155 459.7646618755 42.8788304405
1.1375885433 -0.0063029323 -2.6361798873 361.4983479597 193.8539111654
1.5108970396 -1.3615313295 -2.9687420888 453.4161706923 140.9887536611
0.6325419191 2.6208530677 -2.3930825352 133.0290929075 321.2904609841
2.0870307964 0.3507490887 -2.2443769366 295.4622626626 114.7999995565
-1.0103194588 -0.8321822294 -2.8083801352 512.2175038679 357.1361027514
-0.3638610292 -0.9546125156 -1.7797905765 554.9657158797 291.3370561362
0.8583509219 1.9819683117 -2.4177920373 189.0693930788 278.0436228820
0.3303057821 0.2394415897 -2.7978580808 367.1027446837 269.2915021654
0.9955118727 -0.6900885001 -2.2663970244 426.1470833469 166.3444646895
-2.2906387154 -1.9032725139 -2.9466558645 679.5833998236 453.7828017731
1.9193600062 2.7960739311 -1.6739447817 4.9391461238 189.2043916387
0.0126243685 -2.0694425955 -2.4142551407 605.4805788206 209.5599585425
2.8049534027 1.7549510628 -2.7261348255 199.3240092135 136.0694012872
2.0562877052 -2.9757796727 -2.6627237828 565.4602690941 40.0888342730
-0.3936100835 -1.1881348723 -1.5631378304 622.1309354913 281.7871719506
-2.0786952816 -1.2439389284 -2.8570242590 607.1784861382 458.9796381255
1.4706806190 -0.4806013601 -2.0637464314 387.5343506182 120.8519726745
0.0746601060 0.5852067123 -2.6719971241 343.1985597467 302.5645733625
2.4239824816 0.7568461512 -2.0444246221 241.7449612445 89.5069519739
-1.0310568987 0.1681308091 -1.9239170579 430.0127590787 450.4981373392
-0.0667491202 2.8893935758 -1.8135267343 23.8293668030 440.5492173597
2.8849499926 1.7528628131 -1.9172862492 134.4815021284 80.7635266245
0.4923176364 -2.9486591499 -2.4580393176 659.7698360795 135.6366296391
-0.7896994598 -0.6712832293 -1.4482634684 587.8643118781 398.7714855888
1.7836301664 2.3017608285 -2.5962998189 164.1057539107 215.2742505367
1.7040403951 -1.8849249930 -2.4309656511 501.6698121051 79.4528705285
-0.3139309819 -0.3902845608 -2.9588867546 440.1592001086 304.2306269186
1.1730569531 1.2704948479 -1.1105960248 94.2952180556 163.9728113033
0.6570472120 0.4945068807 -1.4712885553 283.9592091876 217.2088374742
-1.1789359356 0.5890362018 -2.6866246034 384.7464692928 430.9200498392
0.7279847276 1.9901461379 -1.3627605785 43.2847663271 290.4693199255
1.5773005481 0.8563350408 -2.8473658583 289.3560779136 194.7690611023
2.3311839498 -0.9539271198 -2.8889311096 400.7221877952 98.4942774553
0.1346661905 -1.4032030397 -2.7868114016 513.0432298060 232.6797306559
0.4773538111 1.3095008612 -1.5680206608 183.1689417281 290.3900253420
-0.4791536927 2.3891232452 -2.6389828612 193.2519950784 418.9896220460
1.9631750106 0.7384015444 -1.1730532119 172.7380027944 33.3357005757
2.7390766891 1.4458832406 -1.4800111153 114.1849854169 36.2793188482
1.1137504699 -0.3175425869 -1.4064089642 378.4474884528 104.8207630404
2.9181215669 -0.3698662499 -2.9485027558 347.2865842342 84.7584205888
0.6772129729 -1.3872812868 -2.0826048477 518.7946465034 157.4259874485
-1.4994475505 -0.9512953885 -2.1558872977 604.5705030885 448.8195293734
0.5091662389 -1.5917825661 -1.9651756083 560.2101453517 157.8033973035
0.1815827826 2.0076210646 -1.8337579884 134.7296949243 361.7182966431
2.7857291322 0.2667104279 -2.9126554396 307.5734222637 106.6479289417
0.5522005358 2.0961738439 -1.3378655295 21.5606923997 326.0794816569
0.6331406616 -0.7213015916 -1.7853225676 456.0479746339 173.6620234979

gimbalangles:
-1.4356729953 -0.1388200170 0.1549557053

end: