T_CW:
0.6596686565 -0.1121640371 0.7431396184 0.0075658406
0.6886051914 0.4863501561 -0.5378535265 0.0212338984
-0.3010982465 0.8665349124 0.3980666923 -0.0274972735
0.0000000000 0.0000000000 0.0000000000 1.0000000000

T_CW_cov:
0.0000003971 -0.0000000401 -0.0000000266 0.0000001029 0.0000008166 0.0000000583
-0.0000000401 0.0000002284 0.0000000053 -0.0000006031 -0.0000000761 0.0000000372
-0.0000000266 0.0000000053 0.0000002126 -0.0000000407 -0.0000001063 -0.0000000044
0.0000001029 -0.0000006031 -0.0000000407 0.0000021238 0.0000001957 -0.0000000025
0.0000008166 -0.0000000761 -0.0000001063 0.0000001957 0.0000022040 0.0000000907
0.0000000583 0.0000000372 -0.0000000044 -0.0000000025 0.0000000907 0.0000005364

target_points_pix:
-2.8243573618 2.6628569762 -1.5907718359 52.2741533515 261.6718233926
0.1742910257 2.9893768659 1.8724033039 462.5684487889 283.4049713032
-1.8989089335 2.7021134331 -0.4054152166 211.2407436538 261.5264510371
0.3768682695 1.5477426008 2.0531356562 567.8281512182 230.9377234813
-1.4021994661 2.7108304751 0.3961482093 298.1673198519 253.1516351293
0.9456625691 1.7601532697 2.9743486518 641.8661477229 232.2840167630
0.0713589459 2.8688959608 -0.9051086491 265.8803751399 466.6996306212
-2.3803740549 2.2241037003 1.1999952244 303.4366291555 147.1072521699
-0.3054732399 1.1553874900 0.2017032538 338.9199712287 295.4272307469
-0.1910322562 1.2311524432 2.2972743069 549.9853527980 149.7419419447
-1.4132040819 1.7390647207 -0.1303300090 216.3057338164 234.9085027012
-2.9630438574 1.2498685434 0.2703220651 153.0177458921 56.2335234410
0.8211055262 1.2423480346 2.5425745515 681.8264442395 215.9390874412
0.4157939103 1.1830938811 0.6503161745 510.6673135126 353.1194353478
-0.0197024909 1.9179607289 -0.7375181316 237.1425311330 479.8786304426
-2.2570881565 2.7082349037 -2.0633919600 6.6052240159 338.6731794966
-0.8454043785 2.6955158446 1.3401100284 386.4309108888 241.9566015269
1.6912700364 2.9152958030 2.0943006760 576.5563492741 365.9520327786
-2.1145543690 2.5368280306 1.6527436758 344.4115553886 163.5757253249
0.2911990845 0.4534318924 1.9094584180 740.5468346485 103.1788305757
-2.1987197781 2.6869103662 1.2249913925 316.9568093447 180.8469671293
-2.7312989435 2.6530594031 -1.3942433270 77.1577383172 256.9272802551
-2.6333375856 2.5260876036 -0.4714651478 168.8143916191 212.5367615719
-1.8036662741 2.9213890742 0.4185609520 285.1010748985 237.9249858103
1.6985656786 2.3108705817 2.0575274508 629.7243654266 367.9541993546
-0.8437154314 1.5526174756 2.5041567278 482.2357309636 131.2565566671
-1.4715007191 1.0947300271 1.7225109219 398.1437375392 75.9670377903
-2.4109286583 1.5240721805 0.6122623179 236.3443094709 108.4955367656
0.6837708879 1.9678359559 0.5759732938 470.2969169243 401.1387629716
-0.4403439149 0.7830369850 1.9775365700 544.6094145043 91.4232277369
0.3223913466 0.6572687096 0.3411312926 541.9772557782 397.4318827263
-0.8911796826 2.9815497203 -1.4877817901 156.6348681155 418.9505914274
-0.3089028941 2.6625183818 2.6735419307 480.2320956212 215.8564513693
1.1135292309 2.9590436052 0.6041369903 460.5335433483 428.2617613180
0.3581181741 0.7410917287 2.9171161179 713.2025871772 103.6500980070
-0.8537239679 1.5280305348 1.0098617859 378.2116304443 193.8485537305
0.0001974302 0.4256021854 2.6457210473 709.2278356160 32.2459816689
-2.2600804841 2.7042386112 2.9957597684 400.7377738036 133.7031174658
-2.2552646269 1.6043643505 1.8194632491 348.6585390457 88.1321685292
1.5404004160 2.0873391010 1.9086104661 632.4144502440 364.2020476488
-0.7198827339 0.7791230628 0.4858749195 330.9460536739 158.0175853115
1.0168380356 1.8187565862 1.2681363448 571.3401796945 367.3500154584
0.9146035834 1.0196575720 1.7087156997 713.7489739440 283.7216966049
-1.2146827552 0.4313236250 0.0528315889 110.5520229953 30.4313607282
0.7871674616 2.0424983208 0.2012990387 443.7735888504 460.5335099041
-0.2121167416 1.7897788713 0.8297268490 410.8004710969 277.2539464457
-1.8048953481 1.9335417400 -1.4229821744 9.3072534362 311.2204104066
0.0114893594 1.4849654352 2.7194465450 568.7254508183 166.4040122656
-1.0463656283 2.8561966183 2.4513405431 427.9738304680 198.9020913361
-1.3853892513 2.8067198839 2.5439830716 417.6414838055 180.4407930777
-2.4055301863 0.9708260692 2.4281034256 386.3382766379 1.0723181436
0.8962104592 2.8887750237 0.0742970148 411.4169935477 456.1947951752
-1.3300249498 2.5741901058 1.1257362683 349.6052910158 220.0395225052
-1.1012706995 2.9606741992 0.3197833124 309.6146713111 282.4603151382
0.5781786926 0.7674459552 2.0919120920 721.9365283797 177.5776556230
0.3612892001 1.9794375196 1.7997934799 518.6383200477 267.2931078753
-1.2276053261 2.6819769802 0.8135725963 334.9477620473 242.7884733359
1.1655134506 1.3593261429 2.2617282296 703.5594023149 277.9431948299
-2.3268183976 1.7937684323 2.5591340519 388.0564758915 84.2325998534
-2.7764038774 2.3680402460 -0.8289858517 116.9569706097 211.6832540338
-0.6125680017 0.4219487398 1.6907229199 539.3645848842 16.0373116542
-0.7909341437 1.6858794598 2.4060578815 474.9380852757 147.9187908129
0.8587961988 2.4448778198 2.1427041175 545.1444985756 297.7889176833
0.4245033914 1.0191820396 1.0525622049 576.9048152055 290.8552854573
-0.9064956900 1.3399447130 1.3053989599 404.2920715973 157.4926867711
1.2202986687 1.9498949965 2.2978520360 627.2591411723 302.0949338607
-1.6435711194 1.7206815262 -0.2385074952 187.5727483714 220.8343631500
-1.7250105261 1.3799615575 1.7287495262 375.1129106193 94.3974654126
-0.5327274467 1.8078641803 2.4510237977 490.1571002942 168.8936339775
-2.7642033712 2.8377397974 0.0312227722 219.3770886918 201.4326432149
-0.7126786561 1.9834577945 -1.0618160856 135.1367711670 413.3263570856
0.0615378091 1.2928000387 1.6921680272 536.2068159332 209.2806650558
-1.8473174646 1.5680524798 0.7082291128 279.5448874619 143.0163273917
0.3863538972 0.6004048737 2.4777203984 736.7146557583 105.6055923582
-0.6100045683 0.5645809022 0.0344290762 216.1521630463 187.5222884288
-1.0407025969 1.8511915990 0.7612577383 339.8510652330 216.7530898240
-2.1579012616 2.6158550684 1.2160301151 317.1597484979 178.9851132712
1.4063415740 2.6146316096 2.3857624421 586.3045082718 325.4536066812
0.8374901713 1.4854764911 2.1589736941 633.9205786289 260.2513338755
-1.7178836189 1.5332592184 -0.2148120387 171.7340765376 197.1804406284
-2.4747552270 1.7971304399 1.5320622131 317.7756108468 102.4327479712
-2.8987142952 2.4095418038 2.8717692845 373.0061260924 100.1894010655
-0.0697798789 0.3330106119 2.1652521284 699.5264877096 21.7352517815
-0.8258884787 1.9551499206 2.9404138368 487.4648262100 147.1695005850
-1.6965573658 2.2500304313 -1.4300462053 60.2834446464 332.0606385108
0.0760607588 1.1070308493 1.1084568367 510.6731162005 242.5544153259
-1.4769533415 0.8018814294 2.2416422603 448.6741475732 20.9885846101
-1.2490170593 1.8097791482 2.9824056964 468.7487741129 117.7358967539
-2.7635838127 2.5758996306 0.1771810151 221.6784355784 182.9228253244
-2.5526482625 1.6899305882 2.4297630987 370.6606074071 70.0079235626
-2.9155772865 1.8015255028 0.9202060444 250.6593542176 99.5159695314
1.7827388544 2.9902355627 2.0898483581 578.4861391522 373.3495828379
0.9641042651 2.6882373571 1.1690572800 493.8126229091 372.5008233643
-2.2550310878 2.7469332465 2.5621232452 382.2735607743 145.8741399157
-1.9208082146 1.6423306677 1.6909841948 358.4006637250 110.5590863771
-1.5057213679 1.4881960724 0.1935683238 239.1063961025 186.3128212911
0.7664780110 2.9653914697 -0.1033146028 386.3350931675 457.7774104299
-0.2705378639 1.4697607094 2.7967741969 547.8374951184 144.9498657011
0.4083008837 1.8891851128 1.7336414602 526.0422278236 271.8002927797
-0.3200082119 0.9773080063 1.1397837352 469.6671444522 180.3009951164
1.1060195470 2.4830620612 0.3854567192 468.2867124027 461.6305087714
-2.7196823128 2.1269550887 -0.8836294877 90.8614939296 203.4292472262
-1.4239071394 1.7163547221 -0.1251398761 214.7855089196 232.0014677991
-2.8451823330 1.0493991114 0.7078918140 200.3093278795 23.3010250491
-1.0390669904 2.4980477584 1.6226163434 394.2013683518 212.0509622080
-0.1459639570 2.6501550755 1.2960006555 424.6789884307 283.4699081312

gimbalangles:
-2.5042278220 -2.3037673765 1.7393541414

end: