T_CW:
0.438791774207167 0.854615033734474 -0.277659725209023 0.006043787361880
0.349355489901977 -0.446932764784775 -0.823530112040348 -0.028832040522198
-0.827896443139766 0.264356289648765 -0.494674874599127 -0.015211913129985
0.000000000000000 0.000000000000000 0.000000000000000 1.000000000000000

T_CW_cov:
0.000000585124812 -0.000000122995713 0.000000052550156 0.000000204442133 0.000001351387519 -0.000000190982778
-0.000000122995713 0.000000363627202 0.000000003690532 -0.000000897959244 -0.000000182822270 -0.000000182096983
0.000000052550156 0.000000003690532 0.000000283744125 0.000000024222286 0.000000217641708 -0.000000034360033
0.000000204442133 -0.000000897959244 0.000000024222286 0.000003011289222 0.000000229709116 0.000000324871114
0.000001351387519 -0.000000182822270 0.000000217641708 0.000000229709116 0.000003915909265 -0.000000508082319
-0.000000190982778 -0.000000182096983 -0.000000034360033 0.000000324871114 -0.000000508082319 0.000001035410991

target_points_pix:
-2.824357361831075 2.662856976185086 -1.590771835887739 469.400990634920220 182.771144667857158
-1.898908933532043 2.702113433106035 -0.405415216554331 531.320373128676238 86.330563366614058
-2.450959096546251 0.887174984101025 -2.185364504945775 396.752546865758120 277.204459128353278
-1.169860562919528 -0.091558114088769 -1.370089940519724 344.408917610717310 349.702668929944707
-0.433981154400584 0.360482734040993 -1.227556446982552 482.631610516614558 394.253125043010698
-1.283002091526680 -0.747761295642913 -2.974165121150432 336.700379439423841 479.962168717393752
0.013472752120028 1.996653269589261 -2.299907511588580 723.051891093431550 383.807025426121982
-2.509589502277388 1.453728211799895 -1.900572421172508 423.480541233875272 240.273177649409092
-1.932373118625581 -0.301247473780037 -0.748190514007685 260.278326896113185 245.613716547785913
-2.117320053338740 -2.144778239556308 -1.406029482561590 68.705537107080602 414.259701217454563
-1.759048822907458 -1.615888020375582 -0.800308399887226 45.110882529846663 366.159618904497336
-1.378362181910605 0.618348902777373 -2.281219500340824 431.608551706200217 348.794635920267467
-1.413204081926167 1.739064720682327 -0.130330008976248 506.135090962084064 67.788488131492329
-2.752637489574927 -2.428256160831602 -2.050260806049639 126.833136154728379 403.188076768737005
-2.963043857422604 1.249868543427633 0.270322065075567 347.647487264308040 70.169129228815905
-2.631875109736306 -0.240675551070411 -1.776525725434079 305.357451233258757 290.092936365764103
-2.257088156451220 2.708234903726857 -2.063391959977727 503.492411516040363 217.436428116520204
-2.434946475471317 0.763369620477728 -1.995048092810875 386.197666888181345 271.592849341849387
-2.989156152482370 1.092838546008974 -1.123445487097596 370.913293405555748 192.986396146793112
-1.974000848471667 0.240791331263337 0.237981035730809 263.942495322449076 81.610473541223428
-1.400378524680470 -0.373692266792882 -0.723315108802065 249.976796588965584 281.732828622251191
-2.731298943532138 2.653059403052232 -1.394243326989672 472.507302542166940 171.699825191494170
-2.633337585643500 2.526087603565185 -0.471465147788663 465.237344278197838 106.283983613037691
-2.643756734310544 -2.799498370532331 -2.309197559134637 102.473006660265014 446.186516397516414
-1.233322978081925 0.802640124894347 -0.683350301899418 428.215933594301134 199.828068584425068
-2.410928658285509 1.524072180481012 0.612262317919119 384.655504869511958 0.531837809483022
-1.964605240322167 -2.002986343418303 -1.324291796429495 68.913451626540166 416.503968321856405
-1.229274616003010 0.885870998101303 -2.973981768562813 469.021619985339498 382.028044311191991
-0.891179682591027 2.981549720298155 -1.487781790121257 652.608604059152412 191.394509909143949
-1.574702039722106 0.364789639504317 -2.118673466932528 396.665579143566333 339.255686440415673
-2.993300718625375 -2.993441588152542 -2.436948657120517 107.198306467885345 430.413085040539386
-2.595439083965168 0.961530690973988 -1.999310842272557 392.762676338936046 259.707672246214884
-1.214682755180987 0.431323625025371 0.052831588855792 336.477612440675898 84.919408644984543
-2.479539810016107 0.063480191175837 0.411066476079776 226.083342833307938 74.672043307462957
-1.926239666853437 -0.533335699225639 0.490041307374430 85.914729793151821 64.257884943886665
-1.804895348092697 1.933541740014618 -1.422982174446762 488.543014643292338 207.995218248689753
-0.985676356892964 -0.584818256916840 -0.830581488334668 216.119277629797125 370.486870603521083
-2.349568547252482 0.359468555819674 -2.925548872768864 381.870635951400402 337.013926363077758
-2.776403877360917 2.368040246002781 -0.828985851687926 451.184509368072497 139.421273818892189
-2.167933194451803 -2.249708908730160 -2.488333089730405 157.331124069886215 466.680803039332488
-1.250208973576321 -0.463343223077262 -1.630726133430340 306.338819045442960 393.488620811348198
-1.772576321051908 0.132103252139055 -2.512721845275342 378.721971476402757 360.239375637721821
-1.643571119418271 1.720681526156648 -0.238507495212874 478.868898246906724 91.344201265301820
-2.807000085204526 2.102898332928304 -1.650994562944460 442.949435490647147 200.824529485406373
-1.005094788592293 1.379687496078377 -1.123734603676930 522.297026564324142 229.660657237398198
-2.946988605128144 -0.055658220898970 -2.329130664628035 328.571166341868604 299.632146908454445
-2.271497481476198 -1.575480529171234 -0.370820220879510 44.241398608498628 267.293763717346337
-2.764203371167606 2.837739797398335 0.031222772226168 472.545686108837003 55.554171909760186
-0.712678656145664 1.983457794499143 -1.061816085565241 625.906493841596443 196.410860245552840
-2.290638715420272 -1.903272513875875 -2.946655864466461 221.118249503279685 448.381884720727157
-0.610004568277795 0.564580902220232 0.034429076172600 457.449283515885099 36.354565043337033
-2.078695281559237 -1.243938928372355 -2.857024258985406 273.352370230962606 426.263655005812325
-1.929668853918614 -1.892056182417536 -1.490816483216828 103.634714885822632 421.715560538700515
-1.855336498531666 -2.237003695717938 -1.384817593866376 25.428451318435123 458.771222071508760
-1.189518955913883 -0.058473315080941 -0.846586426509932 317.002583533635800 288.704946441608740
-1.717883618897727 1.533259218394615 -0.214812038694018 453.723219569258617 96.190816952495283
-2.161075681935003 -2.546796773237552 -1.581862751178117 31.139946430690770 452.400074319657847
-1.031056898747028 0.168130809075145 -1.923917057900469 405.803245529078424 387.254822466630230
-1.696557365841088 2.250030431273891 -1.430046205317763 517.402392978000989 199.178758210610084
-2.945802340361511 -0.140969183485825 0.545998616725857 197.148190707435191 74.464356740467764
-2.080998288541923 -2.300722040213718 -1.121136592764370 0.644812803542152 414.413632682893706
-1.759318631044138 0.648398231011291 -1.403433141075416 393.930696008591212 262.896023107717099
-2.400546200419020 -1.423105247647779 -1.772244626728804 202.010467249077095 359.688920103403234
-1.051903137170449 -0.630922389568663 -1.126008669157361 242.870258280318723 397.388776995286037
-2.522210022458577 -0.763523176943374 -2.421485733435911 290.099395488385369 351.906156433526974
-2.763583812736974 2.575899630623996 0.177181015127741 455.081378333051475 46.191665573011448
-1.178935935554503 0.589036201832247 -2.686624603397514 448.280237809765481 388.762965246338126
-2.370991121603209 0.787385748788858 -1.787318215078205 386.010713437982702 260.479466728725072
-2.135111532933809 0.371175105044514 -2.854808477241397 388.554836053382246 344.116849460785886
-1.599334292554433 1.437065658575593 -2.349552550339062 475.791659044202675 299.382238752082856
-2.352497863176354 -0.419090101970517 -0.676335805967986 241.059033422204578 227.631672166096706
-1.796204727683419 -1.039718736694517 -0.081401968752361 53.113594361986713 215.205137497218374
-1.505721367944419 1.488196072446144 0.193568323827183 464.406775404317671 21.372155988027288
-1.602034344355351 1.010826451189645 -2.146107795380581 445.170963219500834 306.181752414761831
-0.479153692679909 2.389123245166346 -2.638982861176753 643.415593850184450 334.422227091137643
-1.737626814041382 2.443412014771557 -2.625146756572034 523.267849249670007 270.732078310841302
-2.719682312836279 2.126955088651576 -0.883629487670981 440.740997837041618 149.730693938556897
-1.423907139449947 1.716354722105354 -0.125139876136535 502.433141059583022 68.125869952442997
-1.499447550469543 -0.951295388520147 -2.155887297687875 272.632265957550715 434.836162328533760
-2.845182333049369 1.049399111448471 0.707891814032055 317.457652533884414 18.262401535380604
-1.985881528151988 -1.479176692346613 -1.175208923824978 135.551298748783267 360.059906808016763
-2.286262925337196 -0.222683742643781 -1.492925846979627 302.177405264216077 286.993906190767348
-2.792173882683769 1.824353030110190 -1.322370677642771 425.104862260222717 188.088781250589676

gimbalangles:
2.600676152591050 2.860235466989838 0.474340069806970

end: