T_CW:
0.8137656365 -0.2962653026 0.5000123591 -0.4013466410
0.3245565728 -0.4820308352 -0.8138238784 0.0343999418
0.4821291526 0.8245442040 -0.2961052782 0.2397659356
0.0000000000 0.0000000000 0.0000000000 1.0000000000

T_CW_cov:
0.0000002725 -0.0000000442 -0.0000000458 0.0000000714 0.0000004351 0.0000000063
-0.0000000442 0.0000002873 0.0000000089 -0.0000005266 -0.0000000615 0.0000000554
-0.0000000458 0.0000000089 0.0000003064 -0.0000000088 -0.0000002722 0.0000000036
0.0000000714 -0.0000005266 -0.0000000088 0.0000015333 0.0000001029 0.0000001576
0.0000004351 -0.0000000615 -0.0000002722 0.0000001029 0.0000012819 0.0000000305
0.0000000063 0.0000000554 0.0000000036 0.0000001576 0.0000000305 0.0000005998

target_points_pix:
2.9185907309 1.9178459633 1.8610296438 586.5043817512 107.6313686995
0.4525511890 1.4771543701 -0.3709931605 286.2981150767 208.6193529365
0.0134727521 1.9966532696 -2.2999075116 174.7522151877 328.6695092299
0.0713589459 2.8688959608 -0.9051086491 238.3571797735 190.5603557004
2.5591223247 -0.0443953625 0.5219552533 744.1049498913 326.6256876986
1.8324549851 0.5136414256 0.1050882143 533.4863396772 286.9256035406
-0.3054732399 1.1553874900 0.2017032538 156.3666097034 46.8161133559
0.8179732118 2.2948193458 -0.2082891874 326.6359948431 180.0142430995
0.4760255981 1.6652719494 -2.0074300235 225.5437625226 340.6213604832
0.4157939103 1.1830938811 0.6503161745 357.6950645826 55.5325549801
-0.0197024909 1.9179607289 -0.7375181316 213.4553051760 204.1819216647
1.6912700364 2.9152958030 2.0943006760 474.0963948165 24.3120014823
1.0143189639 -0.1834378360 0.2340703772 658.6077866171 363.7126661808
2.1243149059 2.5165360083 -1.1599424087 375.3674929681 269.5602567855
2.2027673226 1.2739145926 -2.7746600208 346.3495892814 421.9821434026
2.6388940522 0.2859068827 0.6616028722 685.8929373026 272.9588203927
2.2838413789 1.2710353105 -2.0665887182 379.1757779616 388.1187179883
2.6356910408 1.1581813945 0.7110316627 563.6526592500 213.2424957644
1.3605142988 1.3279683397 -2.8167563008 281.3718457219 421.5320303150
1.6985656786 2.3108705817 2.0575274508 511.4186060129 13.6770061407
0.8606978522 2.4381202060 -0.8605197644 304.7172829364 226.4460331372
2.2974160006 1.1434337072 1.1115312662 582.9967891974 156.3967846955
1.8636994645 0.9851570773 0.8625067980 554.0492175686 162.6002734337
2.8400527988 2.3293742471 -2.5758741647 371.5181594649 348.1641797670
0.6837708879 1.9678359559 0.5759732938 358.6212183174 100.6419786501
2.4952987901 1.9204534977 1.3630564139 535.8911008842 129.5423271953
1.9598271384 2.0807628825 -1.8172077782 351.8955261047 320.1895052512
0.3223913466 0.6572687096 0.3411312926 327.9514787844 107.5947890102
1.2977747122 2.7046068227 -2.0603174099 298.6625060328 293.8272813789
2.8920798147 2.1378650829 -2.5311623147 378.3380863459 356.2565268408
-0.8911796826 2.9815497203 -1.4877817901 129.2743776426 196.6416386161
2.7260240624 2.2495865463 -1.9352716347 386.4471141220 325.0073554868
1.1135292309 2.9590436052 0.6041369903 369.3073311464 118.0276735415
2.6278435143 1.8946618219 1.8255796272 575.3073469217 95.1114098075
0.6336242524 1.1783842050 -1.0552852102 274.3594595348 309.2679089244
2.3667225286 2.8706255632 -2.1373102295 353.3432145354 303.6096476399
1.5404004160 2.0873391010 1.9086104661 509.7927440685 10.6426388862
0.2585293654 0.5934473492 -0.5108773483 225.4031125345 299.6908960447
2.4841714159 1.4051269004 1.6262681959 605.9072264851 107.2303020642
2.1983390802 1.3671984969 -1.0802983766 414.0167627750 324.4600286450
1.0168380356 1.8187565862 1.2681363448 443.4019477702 38.2066971999
2.3406080829 1.6524588336 2.3188796262 632.4971376447 15.7661711018
1.7824561088 1.2368809704 -0.1031601285 446.2736006859 251.6400895163
2.6588510636 -0.1466194073 -0.3037086062 643.3682365805 436.9335826009
1.2383180701 1.3099832525 -2.0678546936 297.5634553430 381.5230975745
0.7871674616 2.0424983208 0.2012990387 346.5215072410 146.9242536596
1.3716637695 0.8792669647 -1.3574988410 348.5197098686 377.9594753573
0.9719223617 1.9689701437 -1.5625638722 290.7966749672 297.8250127098
2.8361755367 1.9949440335 -2.4556373968 380.5780078345 360.5890229592
1.2103062974 0.1184933070 0.6222756592 657.4134235446 194.6082208768
0.9923400970 0.5709656991 -0.1292795507 409.1652471996 276.3746896611
2.6984458114 1.3496573022 0.7124865195 548.4681108042 207.7801729255
0.7575916053 0.2523891601 -1.0951950878 288.6453684339 462.9960929068
0.8962104592 2.8887750237 0.0742970148 336.4772290103 149.9643375275
2.4003927181 0.1999549924 -0.1597382894 587.5758561058 366.7616394631
1.4570043822 2.3114412965 -2.8657043889 288.1822244186 352.5108860677
1.6781638844 1.7635796532 -1.0815039641 367.0062927560 291.9551691937
-1.1012706995 2.9606741992 0.3197833124 138.4555619493 3.1595330378
1.4697371940 1.7050643911 -2.6910499524 294.0810866282 383.9074842915
1.4997362677 2.2552284310 -1.7042058754 324.2402061237 299.5564540005
1.9711161295 2.5320500174 -0.8647562015 376.6833086907 250.3506454408
2.2679231297 1.6166728105 1.6066018340 570.4436213726 94.1572402436
0.6325419191 2.6208530677 -2.3930825352 243.7921779196 305.4872026862
2.2683739193 1.5151538458 1.0720505343 538.8084178743 150.6717457675
2.8407462338 2.6756664027 -1.3199547291 402.0409279686 282.3425113981
0.8583509219 1.9819683117 -2.4177920373 254.4743633690 346.4872228338
0.7902253300 -0.0498267092 -0.2495925517 424.1736291723 431.2482070820
-0.7126786561 1.9834577945 -1.0618160856 100.3961379081 201.6256292529
1.9193600062 2.7960739311 -1.6739447817 344.7772317107 280.3883557127
2.8049534027 1.7549510628 -2.7261348255 374.8715215614 385.2782373180
2.9691898119 0.8306301282 -1.4718533968 464.7630797943 395.4921276841
1.9577623473 1.9570472736 1.2495788176 498.3957634028 111.0020719502
2.4239824816 0.7568461512 -2.0444246221 405.0230962148 433.9772038971
2.5332886341 0.3624403137 -0.8886724309 507.8387334478 407.9076015069
2.7230803671 2.1668952310 -1.0932890004 416.3252506338 290.2100855383
-0.0667491202 2.8893935758 -1.8135267343 203.5883135061 246.8196622871
2.8849499926 1.7528628131 -1.9172862492 406.4783593977 351.4934763448
1.1468270981 2.4561268263 -0.9711199181 322.1215218377 240.6683443238
1.8638170845 2.7136824619 0.0667283887 400.1710140975 187.4670222249
1.7836301664 2.3017608285 -2.5962998189 315.6058460284 343.0431817353
2.0330982211 1.2071025275 -0.3551796497 450.0631083212 281.5460172865
1.1730569531 1.2704948479 -1.1105960248 333.4443884325 317.9688034775
2.9461481719 2.4968893176 2.7161145307 592.2933892479 38.4302773849
0.6570472120 0.4945068807 -1.4712885553 246.2882206203 447.9241133218
0.7279847276 1.9901461379 -1.3627605785 276.1718821045 278.0581586113
1.7827388544 2.9902355627 2.0898483581 474.3915888318 32.0799329472
0.9641042651 2.6882373571 1.1690572800 391.3858650816 60.4967974101
1.5773005481 0.8563350408 -2.8473658583 300.1480848461 472.1935668236
0.7664780110 2.9653914697 -0.1033146028 319.7440441428 156.4726915321
1.7669752855 0.9690625695 -0.5529376649 431.0702590424 309.4074657939
1.4488983111 0.6617484764 1.0469220162 602.8575976867 102.4719959315
1.1060195470 2.4830620612 0.3854567192 371.4171441995 139.7786207987
2.8833560441 2.6773336796 -0.2468877160 438.6662804497 231.9499821839
2.7832056284 2.7310910625 0.6875618561 468.5395111374 176.6217065115
0.4773538111 1.3095008612 -1.5680206608 233.0211383750 339.5451565255
0.7034332180 -0.0654622727 0.4930513506 654.4214315954 171.4741842477
-0.4791536927 2.3891232452 -2.6389828612 128.3725117484 316.3455245903
1.9631750106 0.7384015444 -1.1730532119 419.1889998193 382.9659002400
2.7390766891 1.4458832406 -1.4800111153 425.3335157022 347.9499662118
1.8142779780 2.3081898863 -0.8022692629 374.5616725663 251.9389892580
0.1815827826 2.0076210646 -1.8337579884 206.2232101089 298.5348136097
1.8809823717 2.0841163296 0.5893151287 447.6146899050 163.8971005523
1.0562875771 0.1801981948 -0.5239100279 408.1826636359 403.8196061384
0.5522005358 2.0961738439 -1.3378655295 260.8243284023 266.3031372257

gimbalangles:
-2.5042278220 -2.3037673765 1.7393541414

end: