T_CW:
0.8137119608 -0.2964648711 0.4999814247 -0.4010772083
0.3244518902 -0.4820343760 -0.8138635213 0.0348857606
0.4822901780 0.8244704001 -0.2960485495 0.2399044938
0.0000000000 0.0000000000 0.0000000000 1.0000000000

T_CW_cov:
0.0000002727 -0.0000000443 -0.0000000458 0.0000000716 0.0000004355 0.0000000065
-0.0000000443 0.0000002876 0.0000000089 -0.0000005271 -0.0000000617 0.0000000553
-0.0000000458 0.0000000089 0.0000003064 -0.0000000088 -0.0000002721 0.0000000036
0.0000000716 -0.0000005271 -0.0000000088 0.0000015348 0.0000001034 0.0000001578
0.0000004355 -0.0000000617 -0.0000002721 0.0000001034 0.0000012831 0.0000000310
0.0000000065 0.0000000553 0.0000000036 0.0000001578 0.0000000310 0.0000006004

target_points_pix:
2.9185907309 1.9178459633 1.8610296438 586.3200347153 107.6815241846
0.4525511890 1.4771543701 -0.3709931605 286.0220554533 208.4912862139
0.0134727521 1.9966532696 -2.2999075116 174.8740734065 328.3215762765
0.0713589459 2.8688959608 -0.9051086491 238.3137878395 190.6105173953
2.5591223247 -0.0443953625 0.5219552533 744.3718249665 326.5918432099
1.8324549851 0.5136414256 0.1050882143 532.8940704148 286.6214876250
-0.3054732399 1.1553874900 0.2017032538 156.3235990889 46.7414843347
0.8179732118 2.2948193458 -0.2082891874 326.7622145193 180.2003652351
0.4760255981 1.6652719494 -2.0074300235 225.6756354412 340.6501341813
0.4157939103 1.1830938811 0.6503161745 357.8237242858 55.8076127224
-0.0197024909 1.9179607289 -0.7375181316 213.9605094754 204.0850309241
1.6912700364 2.9152958030 2.0943006760 474.1835884545 24.2649061385
1.0143189639 -0.1834378360 0.2340703772 658.6377960529 364.0098584835
2.1243149059 2.5165360083 -1.1599424087 375.3084874542 269.4962700979
2.2027673226 1.2739145926 -2.7746600208 346.8510519957 422.4647019569
2.6388940522 0.2859068827 0.6616028722 685.5119312980 273.1988803129
2.2838413789 1.2710353105 -2.0665887182 379.1105304364 388.3274094142
2.6356910408 1.1581813945 0.7110316627 563.3730726448 212.9510173484
1.3605142988 1.3279683397 -2.8167563008 281.3722462244 421.7151937033
1.6985656786 2.3108705817 2.0575274508 511.5523451084 13.4078799266
0.8606978522 2.4381202060 -0.8605197644 304.3323510760 226.3389193678
2.2974160006 1.1434337072 1.1115312662 582.8574605866 156.2635129743
1.8636994645 0.9851570773 0.8625067980 554.3862133294 162.7525763776
2.8400527988 2.3293742471 -2.5758741647 371.1392643139 348.3271373411
0.6837708879 1.9678359559 0.5759732938 358.5181706245 100.4882514956
2.4952987901 1.9204534977 1.3630564139 535.8042586673 129.9020604787
1.9598271384 2.0807628825 -1.8172077782 351.9071338829 320.3637981731
0.3223913466 0.6572687096 0.3411312926 328.1467762812 107.9384784268
1.2977747122 2.7046068227 -2.0603174099 298.4759331232 293.4462148634
2.8920798147 2.1378650829 -2.5311623147 378.6829704933 356.4592863834
-0.8911796826 2.9815497203 -1.4877817901 129.2200566436 196.6609861040
2.7260240624 2.2495865463 -1.9352716347 386.2661054065 324.9489821148
1.1135292309 2.9590436052 0.6041369903 369.7971978372 118.5697769865
2.6278435143 1.8946618219 1.8255796272 574.9260284622 95.1711119559
0.6336242524 1.1783842050 -1.0552852102 274.4827071611 310.1627886157
2.3667225286 2.8706255632 -2.1373102295 353.3652772645 303.4412782057
1.5404004160 2.0873391010 1.9086104661 509.8652930915 10.6111433588
0.2585293654 0.5934473492 -0.5108773483 225.3431152134 299.1739363995
2.4841714159 1.4051269004 1.6262681959 605.5673801881 106.8393279252
2.1983390802 1.3671984969 -1.0802983766 413.9268248907 325.0242671994
1.0168380356 1.8187565862 1.2681363448 443.4803448596 38.3462748934
2.3406080829 1.6524588336 2.3188796262 632.3947294413 16.3295874770
1.7824561088 1.2368809704 -0.1031601285 446.4650582996 250.6769463293
2.6588510636 -0.1466194073 -0.3037086062 643.3328622085 436.6751034089
1.2383180701 1.3099832525 -2.0678546936 297.4567882619 381.9966794294
0.7871674616 2.0424983208 0.2012990387 346.3890842132 147.1263778363
1.3716637695 0.8792669647 -1.3574988410 348.7709059641 377.7637915270
0.9719223617 1.9689701437 -1.5625638722 291.0079078387 298.0245045079
2.8361755367 1.9949440335 -2.4556373968 381.0223321620 360.2894302875
1.2103062974 0.1184933070 0.6222756592 657.4601384924 194.9612234994
0.9923400970 0.5709656991 -0.1292795507 409.4906173428 276.2485612813
2.6984458114 1.3496573022 0.7124865195 548.6502547045 207.8930109555
0.7575916053 0.2523891601 -1.0951950878 288.9118868253 463.1467408853
0.8962104592 2.8887750237 0.0742970148 335.9489167555 149.5153986861
2.4003927181 0.1999549924 -0.1597382894 587.3095231933 366.4922167765
1.4570043822 2.3114412965 -2.8657043889 287.6577465837 352.4133978971
1.6781638844 1.7635796532 -1.0815039641 366.8063408671 291.6786106842
-1.1012706995 2.9606741992 0.3197833124 138.2675064452 3.1521628687
1.4697371940 1.7050643911 -2.6910499524 294.1681419662 383.8807244939
1.4997362677 2.2552284310 -1.7042058754 323.7130716578 299.2120804773
1.9711161295 2.5320500174 -0.8647562015 376.5627980936 250.3913696257
2.2679231297 1.6166728105 1.6066018340 570.3612641288 93.9611464173
0.6325419191 2.6208530677 -2.3930825352 243.3205555205 305.4140933232
2.2683739193 1.5151538458 1.0720505343 538.9993956733 150.8111188674
2.8407462338 2.6756664027 -1.3199547291 401.6421526392 281.9971362268
0.8583509219 1.9819683117 -2.4177920373 254.6700291995 345.9679275302
0.7902253300 -0.0498267092 -0.2495925517 424.3708549013 431.3707687286
-0.7126786561 1.9834577945 -1.0618160856 100.1393779426 201.8039850204
1.9193600062 2.7960739311 -1.6739447817 344.7339782299 280.6256467683
2.8049534027 1.7549510628 -2.7261348255 374.8949229520 385.5050258332
2.9691898119 0.8306301282 -1.4718533968 464.6171163415 395.2176931160
1.9577623473 1.9570472736 1.2495788176 498.4989562995 111.1417522199
2.4239824816 0.7568461512 -2.0444246221 405.1359696350 434.1480025825
2.5332886341 0.3624403137 -0.8886724309 507.7164989904 407.6945694062
2.7230803671 2.1668952310 -1.0932890004 416.3922404526 290.0884676720
-0.0667491202 2.8893935758 -1.8135267343 204.0520476949 247.0343736007
2.8849499926 1.7528628131 -1.9172862492 406.5034922486 351.5251086219
1.1468270981 2.4561268263 -0.9711199181 322.3245449983 240.4872550749
1.8638170845 2.7136824619 0.0667283887 400.3103496935 187.7120148005
1.7836301664 2.3017608285 -2.5962998189 315.0014604128 343.5726461286
2.0330982211 1.2071025275 -0.3551796497 450.4478882983 281.4667207105
1.1730569531 1.2704948479 -1.1105960248 333.7134290072 318.1913658232
2.9461481719 2.4968893176 2.7161145307 592.2813936135 38.2563359829
0.6570472120 0.4945068807 -1.4712885553 245.7086028076 448.1781035906
0.7279847276 1.9901461379 -1.3627605785 276.1036110461 278.1379864259
1.7827388544 2.9902355627 2.0898483581 474.0662534179 32.1735159345
0.9641042651 2.6882373571 1.1690572800 391.2264111491 61.2226725403
1.5773005481 0.8563350408 -2.8473658583 300.0934473756 472.1354036874
0.7664780110 2.9653914697 -0.1033146028 319.7977816635 156.4866148235
1.7669752855 0.9690625695 -0.5529376649 430.9979404447 308.8184509545
1.4488983111 0.6617484764 1.0469220162 602.6560429473 102.7019054552
1.1060195470 2.4830620612 0.3854567192 371.3159280126 139.4495894835
2.8833560441 2.6773336796 -0.2468877160 438.7837661675 231.8573501143
2.7832056284 2.7310910625 0.6875618561 468.7248916388 176.9279529700
0.4773538111 1.3095008612 -1.5680206608 232.6806876743 339.9145346566
0.7034332180 -0.0654622727 0.4930513506 654.1265715431 171.8323243519
-0.4791536927 2.3891232452 -2.6389828612 128.5971175877 316.4566394029
1.9631750106 0.7384015444 -1.1730532119 419.7389057404 383.0849901367
2.7390766891 1.4458832406 -1.4800111153 425.4288243043 348.3483283485
1.8142779780 2.3081898863 -0.8022692629 374.5038415765 251.9560280937
0.1815827826 2.0076210646 -1.8337579884 206.4950859614 298.6375311746
1.8809823717 2.0841163296 0.5893151287 447.4839685189 163.8093000080
1.0562875771 0.1801981948 -0.5239100279 407.7136203145 404.0820145099
0.5522005358 2.0961738439 -1.3378655295 261.2815896344 266.1951830407

gimbalangles:
2.4300463851 -2.8461468622 -2.8976439674

end: